#!ascii label  , from subject sub-v1s6x0051606_ses-1 vox2ras=TkReg
980
109749  -14.939  -41.144  76.255 0.0000000000
45118  -38.133  -33.127  63.306 0.0000000000
50314  -34.401  -26.169  63.057 0.0000000000
45035  -31.387  -30.530  69.161 0.0000000000
59811  -40.012  -13.948  54.649 0.0000000000
55724  -36.457  -19.981  57.172 0.0000000000
44235  -39.009  -32.265  69.702 0.0000000000
43360  -34.394  -33.204  65.649 0.0000000000
121519  -44.113  -11.389  58.401 0.0000000000
63980  -47.599  -9.912  55.651 0.0000000000
64783  -50.165  -9.487  53.115 0.0000000000
53933  -37.479  -22.277  64.116 0.0000000000
53977  -34.260  -22.302  60.147 0.0000000000
111496  -39.956  -19.624  61.113 0.0000000000
55707  -42.284  -19.439  59.435 0.0000000000
44252  -23.799  -32.717  69.120 0.0000000000
35292  -12.226  -42.504  80.571 0.0000000000
111846  -37.440  -28.716  63.835 0.0000000000
51168  -36.283  -25.063  67.508 0.0000000000
45862  -25.957  -30.763  66.704 0.0000000000
45902  -30.160  -31.034  63.339 0.0000000000
65665  -48.467  -8.700  47.514 0.0000000000
67354  -51.359  -6.562  51.517 0.0000000000
57341  -38.926  -17.808  56.534 0.0000000000
131168  -44.038  -15.145  59.317 0.0000000000
38036  -15.679  -39.519  72.721 0.0000000000
32684  -8.639  -46.583  77.496 0.0000000000
63974  -46.372  -10.228  56.714 0.0000000000
116955  -38.260  -21.136  62.779 0.0000000000
42417  -22.256  -35.295  67.727 0.0000000000
35319  -14.010  -41.942  78.441 0.0000000000
46791  -38.360  -30.211  61.657 0.0000000000
46772  -39.150  -30.140  63.607 0.0000000000
45851  -28.134  -29.714  68.169 0.0000000000
46760  -28.233  -30.035  64.274 0.0000000000
110599  -30.572  -30.586  65.793 0.0000000000
44313  -36.734  -34.086  64.869 0.0000000000
44327  -34.073  -33.489  62.894 0.0000000000
45134  -35.512  -33.368  61.762 0.0000000000
45020  -29.926  -30.650  71.397 0.0000000000
45045  -26.532  -30.476  69.259 0.0000000000
63249  -45.364  -11.207  52.166 0.0000000000
129822  -47.356  -9.636  48.450 0.0000000000
65640  -50.755  -8.089  52.305 0.0000000000
54899  -35.196  -21.085  58.056 0.0000000000
56562  -37.342  -19.147  56.159 0.0000000000
58132  -43.585  -17.390  58.733 0.0000000000
124702  -19.750  -36.497  70.645 0.0000000000
118134  -18.376  -37.481  72.061 0.0000000000
39626  -17.497  -37.907  74.003 0.0000000000
38850  -17.062  -38.695  70.873 0.0000000000
33577  -10.298  -45.502  76.805 0.0000000000
44282  -37.868  -32.284  65.806 0.0000000000
46754  -38.876  -30.368  66.086 0.0000000000
46717  -39.258  -29.810  69.327 0.0000000000
44220  -34.076  -31.945  70.451 0.0000000000
44277  -33.105  -31.663  66.640 0.0000000000
43333  -35.214  -32.493  68.459 0.0000000000
43348  -36.055  -32.523  67.389 0.0000000000
61483  -42.804  -13.031  56.211 0.0000000000
62407  -44.102  -11.898  55.320 0.0000000000
63215  -46.199  -10.791  54.279 0.0000000000
111040  -46.890  -10.787  53.023 0.0000000000
128200  -48.155  -9.805  51.500 0.0000000000
63995  -48.813  -10.176  54.527 0.0000000000
53096  -34.307  -23.934  64.162 0.0000000000
52200  -32.963  -24.479  61.649 0.0000000000
53121  -35.730  -21.957  62.356 0.0000000000
53980  -36.780  -21.115  61.218 0.0000000000
54888  -37.909  -19.849  59.140 0.0000000000
112877  -39.568  -19.580  58.499 0.0000000000
54874  -41.118  -19.626  60.023 0.0000000000
43301  -22.472  -33.697  70.116 0.0000000000
117781  -21.134  -35.959  69.231 0.0000000000
68187  -51.428  -5.652  46.526 0.0000000000
35279  -10.714  -42.186  81.577 0.0000000000
48511  -37.692  -28.778  61.002 0.0000000000
50324  -36.643  -27.266  63.414 0.0000000000
49374  -38.417  -28.068  66.146 0.0000000000
50299  -37.248  -27.223  65.719 0.0000000000
51188  -34.628  -25.348  65.951 0.0000000000
53078  -35.835  -23.581  65.957 0.0000000000
45086  -32.023  -31.866  64.896 0.0000000000
44229  -25.647  -31.396  70.752 0.0000000000
44264  -24.299  -32.402  68.053 0.0000000000
64805  -48.665  -8.735  50.367 0.0000000000
66521  -49.364  -7.440  49.340 0.0000000000
67369  -50.216  -6.378  48.316 0.0000000000
68172  -52.050  -4.869  49.936 0.0000000000
119530  -13.521  -41.764  73.424 0.0000000000
35346  -12.789  -42.500  75.416 0.0000000000
59799  -39.536  -15.345  55.990 0.0000000000
57333  -40.117  -18.507  57.402 0.0000000000
58951  -41.368  -16.360  57.299 0.0000000000
59792  -42.100  -14.781  57.147 0.0000000000
61460  -43.594  -13.743  59.117 0.0000000000
38006  -15.495  -40.247  74.770 0.0000000000
35337  -11.495  -43.187  77.106 0.0000000000
34444  -10.686  -43.546  79.015 0.0000000000
34441  -8.453  -43.757  79.197 0.0000000000
36181  -14.654  -41.520  77.679 0.0000000000
45137  -38.073  -32.337  62.269 0.0000000000
45919  -38.542  -31.384  62.286 0.0000000000
45905  -39.227  -31.891  63.677 0.0000000000
45046  -30.361  -30.066  68.264 0.0000000000
45865  -29.961  -29.907  66.481 0.0000000000
45059  -31.139  -30.541  67.323 0.0000000000
129136  -37.444  -33.496  63.911 0.0000000000
44329  -35.879  -34.002  63.050 0.0000000000
45116  -37.102  -33.237  62.508 0.0000000000
45153  -36.443  -32.549  60.971 0.0000000000
45022  -31.803  -31.069  70.133 0.0000000000
109686  -30.989  -31.085  72.035 0.0000000000
112456  -30.437  -30.378  70.302 0.0000000000
45839  -29.346  -29.765  69.223 0.0000000000
64028  -46.900  -10.086  48.621 0.0000000000
50338  -35.571  -27.150  62.239 0.0000000000
50336  -34.072  -26.856  61.218 0.0000000000
119977  -35.918  -20.452  57.695 0.0000000000
54912  -35.584  -20.815  56.545 0.0000000000
55725  -37.122  -19.429  56.770 0.0000000000
39688  -18.676  -37.565  70.015 0.0000000000
116472  -19.304  -36.932  71.056 0.0000000000
39687  -18.307  -37.821  70.933 0.0000000000
39671  -17.592  -38.291  71.338 0.0000000000
38857  -17.334  -38.862  69.869 0.0000000000
111861  -38.451  -32.151  67.761 0.0000000000
45062  -39.390  -31.179  68.001 0.0000000000
45832  -39.511  -30.666  69.313 0.0000000000
43288  -35.091  -32.312  70.605 0.0000000000
43318  -34.739  -32.399  69.526 0.0000000000
43289  -35.502  -32.415  70.429 0.0000000000
43309  -37.430  -32.567  69.623 0.0000000000
43321  -36.598  -32.584  69.254 0.0000000000
111999  -37.037  -32.431  68.435 0.0000000000
43350  -37.247  -32.585  66.949 0.0000000000
62396  -43.243  -12.365  57.192 0.0000000000
62397  -43.474  -12.292  56.299 0.0000000000
63196  -44.324  -11.372  56.748 0.0000000000
64763  -47.019  -10.144  56.393 0.0000000000
63982  -46.365  -10.541  55.450 0.0000000000
63993  -47.169  -10.418  54.785 0.0000000000
63242  -46.508  -10.829  53.456 0.0000000000
63218  -47.687  -10.451  54.168 0.0000000000
63233  -47.975  -10.530  53.796 0.0000000000
118437  -48.053  -10.011  54.716 0.0000000000
53097  -36.057  -23.101  64.123 0.0000000000
118655  -35.171  -23.325  63.717 0.0000000000
53108  -36.101  -22.724  63.370 0.0000000000
54821  -38.617  -20.519  62.153 0.0000000000
53965  -36.996  -21.387  62.038 0.0000000000
54853  -38.114  -20.230  60.794 0.0000000000
54870  -37.163  -20.261  59.755 0.0000000000
113640  -38.856  -19.839  60.144 0.0000000000
54872  -39.539  -19.733  59.611 0.0000000000
54854  -40.601  -19.545  60.565 0.0000000000
44227  -23.878  -32.400  70.520 0.0000000000
43286  -23.132  -32.854  70.650 0.0000000000
43302  -23.130  -33.034  69.933 0.0000000000
41464  -21.521  -35.771  68.462 0.0000000000
68181  -51.742  -4.604  47.973 0.0000000000
68998  -52.318  -4.033  47.395 0.0000000000
128841  -11.683  -42.525  80.936 0.0000000000
129374  -37.958  -29.745  62.507 0.0000000000
48512  -37.942  -29.250  61.767 0.0000000000
49395  -36.882  -28.342  63.065 0.0000000000
117106  -36.714  -28.152  62.358 0.0000000000
49389  -37.128  -27.843  63.913 0.0000000000
48466  -38.600  -29.019  67.853 0.0000000000
48481  -38.451  -29.120  66.220 0.0000000000
48473  -38.195  -28.582  67.336 0.0000000000
50272  -36.388  -26.413  68.332 0.0000000000
50282  -36.875  -26.999  67.163 0.0000000000
50280  -35.980  -26.124  66.910 0.0000000000
50298  -36.115  -26.830  65.500 0.0000000000
51178  -35.511  -25.564  66.750 0.0000000000
52164  -34.519  -24.148  66.112 0.0000000000
52156  -35.687  -23.848  66.845 0.0000000000
129572  -28.893  -30.272  63.885 0.0000000000
44267  -33.882  -32.358  66.489 0.0000000000
45073  -33.215  -31.634  65.888 0.0000000000
44294  -33.558  -32.324  65.622 0.0000000000
45115  -33.088  -32.995  62.784 0.0000000000
44217  -26.734  -31.014  71.368 0.0000000000
45849  -26.208  -30.713  67.717 0.0000000000
45044  -25.755  -31.113  68.932 0.0000000000
45069  -25.072  -31.724  66.669 0.0000000000
45068  -24.431  -32.533  66.412 0.0000000000
64782  -49.547  -9.882  52.795 0.0000000000
64796  -48.442  -9.408  50.920 0.0000000000
64790  -49.858  -9.144  52.400 0.0000000000
66511  -50.986  -7.305  51.924 0.0000000000
66514  -50.090  -7.289  50.711 0.0000000000
67357  -50.416  -6.603  50.257 0.0000000000
66531  -49.803  -6.931  48.804 0.0000000000
67362  -50.889  -6.019  49.811 0.0000000000
68175  -51.377  -5.389  49.397 0.0000000000
67359  -51.793  -5.828  51.131 0.0000000000
53118  -33.370  -23.655  61.193 0.0000000000
51257  -32.802  -25.461  60.396 0.0000000000
58964  -38.319  -16.664  55.332 0.0000000000
58151  -38.935  -16.988  56.313 0.0000000000
55717  -41.081  -19.477  58.695 0.0000000000
56549  -39.832  -19.095  57.711 0.0000000000
109080  -41.404  -19.335  58.346 0.0000000000
58945  -43.664  -16.420  58.744 0.0000000000
116996  -42.367  -17.133  57.956 0.0000000000
59783  -42.818  -15.705  58.334 0.0000000000
59791  -41.401  -15.448  56.909 0.0000000000
59782  -42.427  -15.016  57.976 0.0000000000
60578  -42.532  -14.352  58.016 0.0000000000
60571  -43.934  -14.560  59.365 0.0000000000
38826  -16.626  -38.673  73.374 0.0000000000
38825  -16.255  -39.229  73.859 0.0000000000
121951  -15.991  -39.909  74.867 0.0000000000
38026  -15.712  -39.615  73.551 0.0000000000
37125  -14.704  -40.488  73.551 0.0000000000
38035  -15.176  -40.043  72.211 0.0000000000
34483  -11.694  -43.802  74.779 0.0000000000
123046  -12.193  -42.799  76.974 0.0000000000
34474  -11.365  -43.735  75.564 0.0000000000
33566  -9.801  -45.464  77.462 0.0000000000
34464  -10.268  -44.463  77.854 0.0000000000
33555  -9.531  -44.923  78.124 0.0000000000
34442  -9.122  -43.911  79.320 0.0000000000
33554  -8.871  -45.150  78.268 0.0000000000
129346  -36.144  -32.460  70.656 0.0000000000
63966  -45.364  -10.259  59.172 0.0000000000
63973  -45.425  -10.283  57.166 0.0000000000
64756  -46.120  -9.327  58.264 0.0000000000
53943  -37.890  -21.795  63.741 0.0000000000
43343  -23.107  -34.001  67.793 0.0000000000
113159  -22.707  -34.316  68.360 0.0000000000
35295  -14.456  -41.735  79.645 0.0000000000
35304  -13.278  -42.311  79.424 0.0000000000
45930  -37.838  -31.803  61.188 0.0000000000
46781  -38.580  -30.332  62.349 0.0000000000
47641  -38.579  -29.630  64.023 0.0000000000
52147  -37.048  -24.301  67.981 0.0000000000
45863  -26.887  -30.136  67.148 0.0000000000
46750  -26.583  -30.241  65.078 0.0000000000
45864  -28.776  -29.669  66.477 0.0000000000
45876  -29.572  -30.026  65.647 0.0000000000
45888  -30.563  -30.922  64.386 0.0000000000
43374  -34.860  -34.039  65.295 0.0000000000
44310  -33.928  -33.335  64.610 0.0000000000
44328  -34.831  -33.976  63.401 0.0000000000
127653  -35.156  -33.688  62.497 0.0000000000
45167  -35.630  -32.465  60.482 0.0000000000
45019  -28.958  -30.652  71.642 0.0000000000
45018  -27.211  -30.486  70.984 0.0000000000
45831  -28.247  -29.898  69.900 0.0000000000
45837  -27.166  -30.001  68.759 0.0000000000
62444  -44.444  -11.568  51.940 0.0000000000
64803  -47.854  -9.069  48.367 0.0000000000
64781  -51.246  -9.551  53.991 0.0000000000
65635  -50.495  -8.826  52.722 0.0000000000
53998  -34.739  -21.665  59.589 0.0000000000
126191  -37.205  -19.126  55.422 0.0000000000
56563  -37.705  -18.579  56.002 0.0000000000
56543  -43.723  -19.063  59.491 0.0000000000
57329  -42.544  -18.652  58.496 0.0000000000
57324  -44.198  -18.329  59.311 0.0000000000
41439  -20.421  -35.425  70.869 0.0000000000
125819  -19.903  -35.824  71.403 0.0000000000
41420  -19.179  -36.376  73.718 0.0000000000
40533  -18.278  -37.357  72.683 0.0000000000
39657  -17.334  -38.271  72.156 0.0000000000
38841  -16.272  -39.117  72.258 0.0000000000
38044  -15.321  -40.240  71.182 0.0000000000
117181  -16.106  -40.149  69.786 0.0000000000
45088  -38.448  -32.682  64.744 0.0000000000
45889  -39.016  -31.615  64.700 0.0000000000
45090  -38.418  -31.498  65.790 0.0000000000
46732  -39.273  -29.969  67.933 0.0000000000
44244  -32.755  -31.421  69.513 0.0000000000
45048  -32.123  -31.111  68.273 0.0000000000
44245  -33.530  -31.957  69.090 0.0000000000
125844  -34.296  -32.223  68.065 0.0000000000
43345  -34.461  -32.516  66.747 0.0000000000
109265  -35.915  -32.571  69.611 0.0000000000
43334  -35.604  -32.460  68.264 0.0000000000
43361  -35.230  -32.798  66.641 0.0000000000
43363  -36.277  -33.109  66.529 0.0000000000
44280  -37.710  -33.221  65.438 0.0000000000
44219  -33.248  -31.417  70.824 0.0000000000
60594  -41.357  -13.870  56.032 0.0000000000
61499  -41.160  -12.992  53.912 0.0000000000
131440  -42.530  -13.047  55.583 0.0000000000
111822  -43.362  -12.346  54.082 0.0000000000
62426  -43.954  -11.977  53.609 0.0000000000
63202  -45.436  -10.767  55.582 0.0000000000
63214  -45.293  -11.085  54.369 0.0000000000
62439  -44.638  -11.508  53.262 0.0000000000
63241  -45.799  -11.102  53.089 0.0000000000
63250  -46.135  -10.939  52.326 0.0000000000
63251  -46.778  -10.530  52.090 0.0000000000
110110  -47.509  -10.113  51.734 0.0000000000
64014  -47.591  -10.507  52.686 0.0000000000
64008  -49.103  -10.389  53.263 0.0000000000
123111  -49.907  -10.130  53.999 0.0000000000
64765  -48.767  -9.309  56.009 0.0000000000
64778  -51.219  -9.341  54.658 0.0000000000
51212  -33.751  -25.061  63.656 0.0000000000
51244  -33.134  -25.482  62.014 0.0000000000
52185  -33.493  -23.959  62.957 0.0000000000
53119  -34.395  -23.167  62.386 0.0000000000
53137  -34.603  -22.332  61.100 0.0000000000
53952  -37.039  -21.366  62.946 0.0000000000
53964  -36.209  -21.433  61.856 0.0000000000
53978  -35.042  -21.655  60.613 0.0000000000
53999  -35.584  -21.080  60.060 0.0000000000
54887  -36.896  -20.159  58.953 0.0000000000
54901  -37.311  -19.802  58.454 0.0000000000
55714  -38.434  -19.368  58.040 0.0000000000
54889  -38.717  -19.795  58.905 0.0000000000
55704  -40.171  -19.623  58.925 0.0000000000
54875  -42.117  -19.556  59.797 0.0000000000
54876  -42.617  -19.477  60.468 0.0000000000
56529  -43.161  -19.409  59.857 0.0000000000
43300  -21.968  -34.139  70.610 0.0000000000
42410  -22.334  -34.712  68.746 0.0000000000
42399  -21.635  -35.043  69.452 0.0000000000
42398  -21.200  -35.065  69.944 0.0000000000
41454  -20.693  -36.086  69.609 0.0000000000
49393  -36.313  -27.575  62.574 0.0000000000
50323  -35.937  -27.082  62.980 0.0000000000
124612  -38.841  -30.817  64.904 0.0000000000
47636  -38.437  -29.960  65.335 0.0000000000
48486  -37.756  -28.949  65.402 0.0000000000
49373  -38.100  -27.815  65.944 0.0000000000
49380  -36.754  -27.638  64.670 0.0000000000
50307  -36.719  -27.417  64.711 0.0000000000
50306  -36.000  -26.883  64.525 0.0000000000
51213  -34.219  -25.648  63.938 0.0000000000
52171  -34.355  -24.174  65.063 0.0000000000
53086  -34.946  -23.534  65.740 0.0000000000
126596  -36.795  -23.117  65.508 0.0000000000
52157  -36.878  -24.020  67.251 0.0000000000
109119  -37.545  -22.980  66.088 0.0000000000
109087  -32.392  -31.287  66.290 0.0000000000
45085  -31.665  -31.350  65.276 0.0000000000
114006  -31.051  -31.136  63.844 0.0000000000
44326  -33.350  -33.051  63.877 0.0000000000
45113  -31.762  -32.081  62.859 0.0000000000
129724  -25.173  -31.645  70.924 0.0000000000
44242  -24.512  -32.054  69.581 0.0000000000
45031  -25.986  -30.983  69.693 0.0000000000
45030  -25.183  -31.652  69.290 0.0000000000
44263  -23.823  -32.787  68.544 0.0000000000
127027  -23.516  -33.672  66.894 0.0000000000
64021  -47.640  -9.717  50.591 0.0000000000
64804  -48.066  -9.114  49.849 0.0000000000
65659  -48.474  -8.367  48.362 0.0000000000
65639  -50.073  -8.349  52.032 0.0000000000
65655  -48.945  -8.008  49.849 0.0000000000
65666  -48.910  -8.010  47.863 0.0000000000
66538  -49.491  -7.690  47.128 0.0000000000
66543  -50.171  -7.114  46.766 0.0000000000
67382  -50.757  -6.742  46.506 0.0000000000
67378  -50.706  -5.881  47.885 0.0000000000
68176  -51.805  -4.578  49.014 0.0000000000
130205  -13.827  -41.528  74.873 0.0000000000
115558  -14.074  -41.683  76.170 0.0000000000
35355  -12.799  -42.488  74.472 0.0000000000
50335  -33.238  -26.190  61.043 0.0000000000
128658  -39.921  -14.552  55.597 0.0000000000
55727  -38.732  -19.152  57.683 0.0000000000
56556  -39.075  -18.913  57.411 0.0000000000
56565  -39.568  -18.161  57.000 0.0000000000
58137  -42.078  -17.961  57.776 0.0000000000
112464  -40.631  -17.891  57.337 0.0000000000
58153  -40.229  -17.057  56.978 0.0000000000
58967  -40.524  -16.374  56.895 0.0000000000
59801  -40.821  -15.614  56.701 0.0000000000
59790  -40.988  -14.757  56.436 0.0000000000
113231  -42.450  -13.891  57.243 0.0000000000
130997  -43.070  -12.993  57.707 0.0000000000
62385  -44.095  -12.390  58.916 0.0000000000
120677  -15.979  -40.205  76.952 0.0000000000
37996  -16.135  -40.004  76.205 0.0000000000
37100  -15.071  -40.755  75.429 0.0000000000
37111  -14.567  -40.739  74.210 0.0000000000
36228  -13.801  -41.711  72.449 0.0000000000
36189  -13.395  -42.230  76.798 0.0000000000
35318  -12.749  -42.485  78.137 0.0000000000
121185  -11.956  -42.794  79.162 0.0000000000
34465  -10.808  -43.737  77.409 0.0000000000
35316  -11.393  -43.214  78.684 0.0000000000
35302  -11.306  -43.070  79.513 0.0000000000
126264  -10.605  -42.785  80.643 0.0000000000
35289  -9.321  -43.018  80.333 0.0000000000
32683  -8.242  -46.550  77.375 0.0000000000
33552  -7.975  -44.670  78.055 0.0000000000
37087  -15.094  -41.184  77.064 0.0000000000
36191  -14.475  -41.556  76.741 0.0000000000
131206  -38.220  -32.684  62.812 0.0000000000
45904  -38.701  -32.061  62.790 0.0000000000
45119  -38.622  -32.606  63.420 0.0000000000
45047  -31.325  -30.568  68.224 0.0000000000
45117  -37.472  -33.388  63.276 0.0000000000
124004  -37.739  -32.981  62.616 0.0000000000
127273  -31.337  -30.743  69.897 0.0000000000
45034  -30.452  -30.156  69.230 0.0000000000
64027  -46.397  -10.473  49.467 0.0000000000
50322  -35.208  -26.687  62.729 0.0000000000
50321  -34.609  -26.623  62.153 0.0000000000
55735  -36.197  -20.242  56.056 0.0000000000
38858  -18.172  -38.346  69.384 0.0000000000
39686  -17.864  -38.258  70.419 0.0000000000
44256  -38.521  -32.349  68.839 0.0000000000
45049  -39.135  -31.819  68.388 0.0000000000
45037  -39.503  -31.452  69.636 0.0000000000
111762  -35.481  -32.346  71.025 0.0000000000
43290  -35.847  -32.392  70.868 0.0000000000
44247  -38.099  -32.548  69.455 0.0000000000
43323  -37.531  -32.583  68.960 0.0000000000
43337  -37.683  -32.403  68.168 0.0000000000
43287  -34.979  -32.297  71.264 0.0000000000
63195  -43.637  -11.871  57.363 0.0000000000
63200  -43.813  -11.868  56.708 0.0000000000
63193  -44.104  -11.292  57.521 0.0000000000
110170  -47.222  -10.196  55.735 0.0000000000
63983  -46.999  -10.412  55.325 0.0000000000
119139  -47.482  -10.094  55.123 0.0000000000
63217  -47.243  -10.495  54.311 0.0000000000
63994  -47.635  -10.285  54.549 0.0000000000
63984  -48.045  -9.717  55.338 0.0000000000
112697  -36.814  -22.723  64.590 0.0000000000
53098  -36.816  -22.490  63.776 0.0000000000
54839  -39.789  -20.000  62.127 0.0000000000
54838  -38.153  -20.504  61.566 0.0000000000
112041  -38.966  -19.920  61.187 0.0000000000
112099  -39.690  -19.667  60.339 0.0000000000
44241  -23.777  -32.453  69.780 0.0000000000
43317  -23.223  -33.304  69.305 0.0000000000
68995  -52.548  -3.800  48.586 0.0000000000
35287  -13.694  -41.978  80.850 0.0000000000
35286  -12.914  -42.182  81.125 0.0000000000
35285  -12.025  -42.340  81.434 0.0000000000
48501  -37.815  -29.320  63.761 0.0000000000
48500  -37.448  -29.169  62.953 0.0000000000
48465  -38.509  -28.660  68.273 0.0000000000
50271  -36.199  -26.115  67.614 0.0000000000
50281  -36.404  -26.577  67.439 0.0000000000
51167  -36.053  -25.589  67.201 0.0000000000
52145  -35.661  -24.775  66.959 0.0000000000
45084  -24.806  -32.222  65.453 0.0000000000
45874  -25.531  -31.279  65.467 0.0000000000
127656  -34.199  -32.673  66.068 0.0000000000
44279  -33.908  -32.593  65.910 0.0000000000
44295  -33.960  -32.940  65.344 0.0000000000
45070  -25.566  -31.278  67.445 0.0000000000
128308  -49.076  -8.408  47.131 0.0000000000
64789  -49.274  -9.514  52.082 0.0000000000
66515  -50.745  -6.982  51.081 0.0000000000
67358  -51.144  -6.296  50.650 0.0000000000
53136  -33.799  -22.952  60.670 0.0000000000
53135  -33.153  -23.646  60.285 0.0000000000
53156  -33.517  -23.016  59.698 0.0000000000
57340  -37.744  -18.086  55.117 0.0000000000
58150  -38.302  -17.495  55.741 0.0000000000
55718  -41.683  -19.442  58.934 0.0000000000
56551  -42.072  -19.283  58.760 0.0000000000
110582  -43.708  -15.516  58.951 0.0000000000
59774  -43.009  -14.892  58.550 0.0000000000
110944  -43.558  -14.858  59.042 0.0000000000
38833  -16.145  -39.076  73.084 0.0000000000
112260  -15.106  -39.996  73.160 0.0000000000
32685  -9.193  -46.370  77.488 0.0000000000
33565  -9.038  -45.772  77.840 0.0000000000
53944  -38.641  -21.440  64.013 0.0000000000
35306  -14.416  -41.662  78.862 0.0000000000
36164  -14.864  -41.326  79.301 0.0000000000
35294  -13.909  -42.227  79.992 0.0000000000
35305  -13.979  -42.019  79.141 0.0000000000
46771  -39.175  -31.159  63.129 0.0000000000
124688  -38.850  -30.354  62.719 0.0000000000
47647  -38.210  -29.832  63.231 0.0000000000
109267  -27.940  -29.705  67.309 0.0000000000
46741  -27.625  -29.781  66.444 0.0000000000
45866  -30.907  -30.513  66.499 0.0000000000
45877  -30.101  -30.601  65.026 0.0000000000
43389  -35.817  -34.224  64.988 0.0000000000
44312  -35.344  -34.177  64.164 0.0000000000
44343  -35.961  -33.532  62.291 0.0000000000
44342  -34.586  -33.379  61.919 0.0000000000
45152  -35.649  -32.945  61.119 0.0000000000
45008  -30.333  -30.885  71.714 0.0000000000
45007  -29.478  -31.097  72.035 0.0000000000
122332  -29.430  -30.248  71.024 0.0000000000
45852  -29.263  -29.608  68.269 0.0000000000
45838  -28.224  -29.717  69.029 0.0000000000
45850  -27.136  -30.272  67.978 0.0000000000
62451  -44.591  -11.727  51.099 0.0000000000
54010  -34.558  -21.753  58.532 0.0000000000
124240  -44.468  -18.879  59.813 0.0000000000
59770  -45.078  -15.689  59.831 0.0000000000
41438  -20.069  -35.972  70.703 0.0000000000
40534  -18.996  -36.883  72.001 0.0000000000
129969  -19.509  -36.252  71.898 0.0000000000
40525  -18.757  -36.845  72.994 0.0000000000
38842  -16.827  -38.646  71.766 0.0000000000
38834  -16.669  -38.642  72.605 0.0000000000
38849  -16.419  -39.157  71.346 0.0000000000
38055  -15.986  -39.842  70.805 0.0000000000
38856  -16.609  -39.349  70.336 0.0000000000
44299  -37.986  -32.404  65.042 0.0000000000
45089  -38.249  -32.041  64.956 0.0000000000
45074  -38.051  -31.889  65.848 0.0000000000
45854  -39.434  -30.421  68.303 0.0000000000
45853  -39.230  -30.687  67.401 0.0000000000
124136  -39.319  -30.010  68.660 0.0000000000
44231  -33.456  -31.740  69.977 0.0000000000
44254  -32.863  -31.515  68.537 0.0000000000
43319  -35.224  -32.491  69.314 0.0000000000
44246  -34.160  -32.362  68.895 0.0000000000
125868  -34.761  -32.450  68.699 0.0000000000
109665  -34.671  -32.408  67.740 0.0000000000
43291  -36.541  -32.576  70.835 0.0000000000
43306  -36.254  -32.522  70.120 0.0000000000
112627  -36.337  -32.303  68.017 0.0000000000
42402  -36.275  -32.508  68.771 0.0000000000
43335  -35.959  -32.363  68.129 0.0000000000
43347  -35.624  -32.529  67.425 0.0000000000
119746  -35.731  -32.807  66.849 0.0000000000
43362  -35.592  -33.336  66.310 0.0000000000
44281  -37.723  -32.721  66.000 0.0000000000
43364  -37.095  -33.033  66.313 0.0000000000
44298  -37.974  -32.636  65.142 0.0000000000
44314  -38.131  -33.110  64.719 0.0000000000
44230  -32.504  -31.287  70.444 0.0000000000
60595  -42.179  -13.474  56.017 0.0000000000
61482  -41.856  -13.156  55.351 0.0000000000
125798  -43.289  -12.658  55.490 0.0000000000
62414  -43.753  -12.331  54.699 0.0000000000
127591  -44.111  -12.060  54.135 0.0000000000
62415  -44.503  -11.597  54.549 0.0000000000
63972  -44.814  -10.719  56.883 0.0000000000
63978  -45.779  -10.495  56.220 0.0000000000
63209  -45.886  -10.753  54.903 0.0000000000
63229  -45.444  -11.167  53.788 0.0000000000
63240  -45.442  -11.200  53.322 0.0000000000
63230  -46.074  -10.944  53.664 0.0000000000
63232  -47.251  -10.595  53.776 0.0000000000
115668  -46.160  -10.998  52.893 0.0000000000
63259  -46.005  -10.767  51.422 0.0000000000
122810  -48.262  -10.354  54.242 0.0000000000
113737  -48.574  -10.470  53.749 0.0000000000
64004  -49.136  -10.331  54.001 0.0000000000
63996  -49.579  -10.102  54.385 0.0000000000
64767  -50.362  -9.432  55.099 0.0000000000
52176  -33.747  -24.340  63.606 0.0000000000
119928  -35.352  -22.901  62.792 0.0000000000
53120  -34.941  -22.459  61.993 0.0000000000
124478  -34.121  -23.031  61.565 0.0000000000
53953  -37.698  -21.466  63.153 0.0000000000
53942  -37.266  -21.888  63.541 0.0000000000
53979  -35.871  -21.194  61.017 0.0000000000
53963  -35.379  -21.738  61.552 0.0000000000
54851  -36.473  -20.735  60.394 0.0000000000
54871  -38.058  -20.066  59.946 0.0000000000
54902  -38.167  -19.601  58.499 0.0000000000
54873  -40.278  -19.651  59.817 0.0000000000
131752  -40.039  -19.668  59.310 0.0000000000
54891  -40.676  -19.599  59.400 0.0000000000
54892  -41.412  -19.573  59.566 0.0000000000
55678  -43.538  -19.630  61.119 0.0000000000
55694  -43.549  -19.533  60.580 0.0000000000
55693  -42.792  -19.508  60.147 0.0000000000
56530  -44.069  -19.307  60.059 0.0000000000
43285  -22.559  -33.335  71.008 0.0000000000
129690  -22.381  -34.871  68.235 0.0000000000
41463  -21.253  -36.023  68.800 0.0000000000
41456  -21.557  -35.556  69.043 0.0000000000
41455  -21.154  -35.561  69.575 0.0000000000
41448  -20.638  -35.620  70.152 0.0000000000
36153  -10.048  -42.144  81.335 0.0000000000
47656  -38.054  -29.771  60.563 0.0000000000
127829  -37.140  -28.403  61.510 0.0000000000
49394  -36.725  -27.618  63.237 0.0000000000
45890  -38.826  -30.939  65.462 0.0000000000
47627  -38.672  -29.815  65.879 0.0000000000
47626  -38.328  -29.413  65.665 0.0000000000
49382  -38.264  -28.197  65.933 0.0000000000
50291  -37.649  -27.263  66.479 0.0000000000
50292  -37.898  -27.480  65.976 0.0000000000
50308  -37.311  -27.631  65.554 0.0000000000
50297  -34.968  -26.252  65.373 0.0000000000
50305  -34.891  -26.397  64.390 0.0000000000
51201  -34.203  -25.303  65.133 0.0000000000
53069  -34.993  -23.705  66.418 0.0000000000
53087  -35.904  -23.270  65.072 0.0000000000
53062  -37.804  -23.870  67.649 0.0000000000
120019  -38.205  -22.497  65.889 0.0000000000
46759  -27.307  -30.002  64.692 0.0000000000
45886  -26.618  -30.635  64.387 0.0000000000
44265  -32.879  -31.671  67.546 0.0000000000
45060  -32.071  -31.213  67.245 0.0000000000
45087  -32.940  -31.967  65.210 0.0000000000
45072  -32.331  -31.483  65.545 0.0000000000
45879  -31.400  -31.332  64.661 0.0000000000
114863  -34.128  -33.635  63.816 0.0000000000
44228  -24.705  -31.878  70.393 0.0000000000
44243  -25.398  -31.525  70.021 0.0000000000
45032  -27.066  -30.325  70.141 0.0000000000
45043  -25.074  -31.796  68.551 0.0000000000
44253  -24.457  -32.289  68.882 0.0000000000
43344  -23.618  -33.185  67.906 0.0000000000
44275  -23.982  -32.809  67.188 0.0000000000
64797  -48.973  -9.084  51.293 0.0000000000
65654  -48.450  -8.505  49.275 0.0000000000
65636  -51.162  -8.517  53.060 0.0000000000
66513  -49.492  -7.625  50.307 0.0000000000
65660  -48.861  -7.866  48.842 0.0000000000
66530  -49.302  -7.388  48.275 0.0000000000
66539  -49.779  -6.892  47.733 0.0000000000
67377  -50.378  -6.481  47.349 0.0000000000
112280  -50.931  -6.106  46.957 0.0000000000
112793  -13.400  -41.865  74.321 0.0000000000
118842  -32.873  -25.311  61.193 0.0000000000
58965  -38.892  -16.109  56.021 0.0000000000
58976  -38.650  -15.650  54.788 0.0000000000
59810  -39.348  -14.741  54.802 0.0000000000
55715  -39.037  -19.367  58.165 0.0000000000
56557  -39.469  -18.596  57.280 0.0000000000
57323  -43.427  -18.370  58.922 0.0000000000
58138  -42.840  -17.714  58.394 0.0000000000
117745  -41.808  -16.980  57.599 0.0000000000
58136  -41.257  -17.337  57.433 0.0000000000
57334  -40.158  -17.725  57.100 0.0000000000
58144  -40.683  -16.985  57.148 0.0000000000
58959  -40.968  -16.185  56.961 0.0000000000
60585  -41.613  -14.665  56.549 0.0000000000
60586  -42.077  -14.123  56.516 0.0000000000
61459  -43.197  -13.348  58.390 0.0000000000
61468  -42.781  -13.599  57.938 0.0000000000
62390  -43.302  -12.579  57.921 0.0000000000
62384  -43.580  -12.916  58.671 0.0000000000
38804  -16.274  -39.672  75.426 0.0000000000
38007  -15.788  -40.234  75.443 0.0000000000
112226  -14.944  -40.580  74.690 0.0000000000
37136  -14.461  -40.703  72.553 0.0000000000
36198  -13.504  -42.071  76.036 0.0000000000
36190  -13.948  -41.904  76.765 0.0000000000
35328  -12.912  -42.458  77.341 0.0000000000
35327  -12.139  -42.821  77.643 0.0000000000
111052  -12.621  -42.492  78.890 0.0000000000
35317  -12.046  -42.831  78.389 0.0000000000
126484  -10.452  -45.858  76.190 0.0000000000
34481  -10.580  -44.936  76.244 0.0000000000
34472  -10.483  -44.655  77.087 0.0000000000
34454  -10.095  -44.188  78.540 0.0000000000
34455  -10.779  -43.699  78.224 0.0000000000
35291  -11.328  -42.751  80.396 0.0000000000
35301  -10.478  -43.220  79.928 0.0000000000
34432  -9.559  -43.361  79.894 0.0000000000
34431  -8.941  -43.329  79.826 0.0000000000
35288  -8.957  -42.754  80.238 0.0000000000
32682  -7.953  -46.391  77.240 0.0000000000
33564  -8.054  -45.673  77.587 0.0000000000
35320  -14.364  -41.704  78.161 0.0000000000
45918  -38.005  -32.050  61.753 0.0000000000
112635  -29.093  -29.597  67.363 0.0000000000
45058  -30.213  -29.927  67.331 0.0000000000
117263  -37.050  -33.662  63.945 0.0000000000
113882  -36.319  -34.046  63.961 0.0000000000
44330  -36.757  -33.607  63.173 0.0000000000
44344  -36.494  -33.488  62.533 0.0000000000
45135  -36.536  -33.105  61.763 0.0000000000
45136  -37.420  -32.667  62.026 0.0000000000
44218  -32.167  -31.237  71.386 0.0000000000
45009  -31.371  -30.933  71.120 0.0000000000
45021  -30.856  -30.675  70.854 0.0000000000
45033  -29.406  -29.924  70.192 0.0000000000
63257  -45.278  -11.277  50.893 0.0000000000
49403  -35.758  -27.742  61.622 0.0000000000
54911  -35.100  -21.210  57.099 0.0000000000
131587  -35.121  -21.395  56.491 0.0000000000
40544  -19.500  -36.904  70.199 0.0000000000
40554  -18.892  -37.309  70.709 0.0000000000
40543  -18.658  -37.377  71.420 0.0000000000
39672  -18.025  -37.873  71.740 0.0000000000
45061  -38.241  -32.000  66.708 0.0000000000
130719  -38.441  -31.731  66.630 0.0000000000
123774  -38.818  -31.736  67.400 0.0000000000
45840  -39.502  -30.680  68.723 0.0000000000
45841  -39.392  -30.245  69.030 0.0000000000
123615  -34.529  -32.166  70.864 0.0000000000
44232  -34.150  -32.214  69.720 0.0000000000
43303  -34.699  -32.212  70.200 0.0000000000
43304  -35.157  -32.414  70.009 0.0000000000
43305  -35.556  -32.529  69.808 0.0000000000
116334  -36.565  -32.509  69.841 0.0000000000
43322  -36.987  -32.634  69.118 0.0000000000
124576  -36.698  -32.273  68.002 0.0000000000
43349  -36.626  -32.536  67.322 0.0000000000
43351  -37.097  -32.360  67.655 0.0000000000
44268  -37.845  -32.368  67.026 0.0000000000
63201  -44.443  -11.412  55.967 0.0000000000
63979  -46.734  -10.355  55.930 0.0000000000
63210  -46.663  -10.586  54.875 0.0000000000
63216  -46.847  -10.578  54.460 0.0000000000
63231  -46.722  -10.669  54.002 0.0000000000
63243  -47.635  -10.615  53.352 0.0000000000
128749  -48.522  -9.841  54.979 0.0000000000
109340  -35.094  -23.573  64.651 0.0000000000
130930  -36.129  -22.221  62.869 0.0000000000
53966  -37.674  -21.106  62.334 0.0000000000
54837  -37.461  -20.840  61.427 0.0000000000
54852  -37.344  -20.513  60.578 0.0000000000
111365  -38.807  -19.862  59.431 0.0000000000
118281  -23.890  -32.457  71.289 0.0000000000
43316  -22.648  -33.828  69.508 0.0000000000
42409  -21.980  -35.292  68.473 0.0000000000
41462  -20.771  -36.436  68.956 0.0000000000
68184  -51.729  -4.795  46.929 0.0000000000
69001  -52.421  -4.369  46.423 0.0000000000
36154  -11.394  -42.213  81.738 0.0000000000
48499  -37.405  -28.586  62.054 0.0000000000
49388  -36.915  -27.316  63.824 0.0000000000
47611  -38.711  -29.537  67.412 0.0000000000
47619  -38.635  -29.671  66.569 0.0000000000
48474  -38.319  -29.089  66.974 0.0000000000
48480  -38.276  -28.499  66.458 0.0000000000
49352  -36.974  -26.965  67.937 0.0000000000
50290  -36.409  -26.780  66.536 0.0000000000
50289  -35.361  -26.048  66.269 0.0000000000
120723  -34.933  -24.953  66.556 0.0000000000
52155  -35.011  -23.945  66.642 0.0000000000
119957  -38.430  -23.197  67.455 0.0000000000
44266  -33.500  -32.002  66.906 0.0000000000
44278  -33.600  -32.107  66.267 0.0000000000
45057  -26.361  -30.640  68.483 0.0000000000
45056  -25.652  -31.253  68.180 0.0000000000
45055  -25.044  -31.848  67.744 0.0000000000
44276  -24.546  -32.274  67.255 0.0000000000
44293  -24.375  -33.068  65.500 0.0000000000
64016  -48.992  -10.270  52.502 0.0000000000
64788  -48.728  -9.741  51.792 0.0000000000
66510  -50.381  -7.650  51.559 0.0000000000
66522  -49.825  -6.981  49.827 0.0000000000
67361  -50.313  -6.475  49.325 0.0000000000
67370  -50.766  -5.909  48.866 0.0000000000
68171  -51.575  -5.596  50.278 0.0000000000
116204  -52.269  -5.109  50.785 0.0000000000
36227  -13.234  -42.588  72.499 0.0000000000
36219  -12.933  -42.522  73.486 0.0000000000
52219  -32.878  -24.482  60.776 0.0000000000
52238  -32.739  -24.503  59.848 0.0000000000
58160  -37.961  -17.378  54.682 0.0000000000
55716  -40.235  -19.513  58.406 0.0000000000
56548  -39.421  -19.314  57.982 0.0000000000
56550  -40.620  -19.282  57.940 0.0000000000
57327  -40.968  -18.750  57.717 0.0000000000
58953  -42.898  -16.733  58.364 0.0000000000
58952  -42.186  -16.356  57.819 0.0000000000
59781  -42.019  -15.590  57.575 0.0000000000
60570  -43.135  -14.172  58.730 0.0000000000
39625  -17.112  -38.288  73.529 0.0000000000
38818  -16.766  -38.655  74.246 0.0000000000
38817  -16.320  -39.392  74.654 0.0000000000
38019  -15.845  -39.771  74.286 0.0000000000
121975  -15.232  -40.210  74.053 0.0000000000
37148  -14.729  -40.671  71.542 0.0000000000
35345  -12.098  -43.107  75.545 0.0000000000
35339  -12.674  -42.586  76.377 0.0000000000
35338  -11.786  -43.143  76.338 0.0000000000
118322  -9.864  -46.444  76.806 0.0000000000
34443  -9.879  -43.778  79.228 0.0000000000
34453  -9.351  -44.452  78.702 0.0000000000
33544  -8.689  -44.480  78.720 0.0000000000
111981  -36.212  -32.482  71.217 0.0000000000
44233  -37.389  -32.595  70.400 0.0000000000
63965  -44.697  -10.797  58.742 0.0000000000
63969  -44.569  -10.634  57.786 0.0000000000
63970  -45.149  -10.175  58.180 0.0000000000
64755  -45.886  -9.912  57.666 0.0000000000
114994  -47.468  -9.876  56.154 0.0000000000
64764  -48.050  -9.607  56.031 0.0000000000
53934  -38.127  -21.957  64.467 0.0000000000
53954  -38.429  -21.339  63.328 0.0000000000
54822  -39.012  -20.790  62.872 0.0000000000
109683  -40.805  -19.577  61.429 0.0000000000
43331  -23.275  -33.514  68.601 0.0000000000
42418  -22.623  -34.693  67.688 0.0000000000
35293  -13.123  -42.350  80.293 0.0000000000
45931  -38.323  -31.168  61.724 0.0000000000
48492  -37.713  -29.241  64.508 0.0000000000
45875  -26.292  -30.503  65.753 0.0000000000
131854  -26.738  -30.222  66.382 0.0000000000
46751  -27.104  -29.986  65.660 0.0000000000
46752  -28.264  -29.737  65.417 0.0000000000
46753  -29.160  -30.102  64.698 0.0000000000
45887  -29.688  -30.585  64.058 0.0000000000
117169  -34.970  -33.411  66.022 0.0000000000
44296  -34.305  -33.593  65.108 0.0000000000
44311  -34.484  -33.959  64.421 0.0000000000
110214  -27.937  -30.685  71.624 0.0000000000
116073  -28.307  -30.236  70.889 0.0000000000
45830  -27.349  -29.975  69.475 0.0000000000
117387  -44.111  -11.674  52.490 0.0000000000
64784  -50.905  -9.270  53.433 0.0000000000
67355  -52.034  -6.076  51.999 0.0000000000
53997  -33.948  -22.387  59.103 0.0000000000
115002  -38.245  -18.083  56.102 0.0000000000
56542  -42.825  -19.106  59.230 0.0000000000
129019  -43.965  -17.860  59.010 0.0000000000
58129  -44.385  -17.210  59.222 0.0000000000
58946  -44.240  -16.176  59.161 0.0000000000
59775  -44.423  -15.640  59.405 0.0000000000
41437  -19.612  -36.406  71.266 0.0000000000
41430  -19.738  -35.762  72.241 0.0000000000
39643  -17.627  -37.817  73.155 0.0000000000
39658  -17.792  -37.842  72.462 0.0000000000
39642  -17.159  -38.261  72.883 0.0000000000
38045  -15.822  -39.614  71.815 0.0000000000
32696  -9.012  -47.370  77.374 0.0000000000
45102  -38.475  -33.008  64.101 0.0000000000
45103  -38.918  -32.477  64.258 0.0000000000
124262  -38.603  -31.392  65.414 0.0000000000
45867  -39.004  -30.950  66.247 0.0000000000
45075  -38.834  -31.381  66.766 0.0000000000
46742  -38.914  -30.194  66.936 0.0000000000
118754  -39.385  -30.203  69.706 0.0000000000
45036  -32.097  -30.986  69.206 0.0000000000
44255  -33.633  -31.960  67.985 0.0000000000
43332  -34.027  -32.262  67.262 0.0000000000
124667  -34.683  -32.819  66.213 0.0000000000
109448  -35.856  -32.504  70.254 0.0000000000
109761  -35.615  -32.537  69.101 0.0000000000
43320  -36.253  -32.572  69.419 0.0000000000
42401  -35.940  -32.557  68.930 0.0000000000
43346  -35.111  -32.570  67.411 0.0000000000
131072  -34.883  -32.662  66.684 0.0000000000
43375  -35.426  -33.947  65.857 0.0000000000
112858  -36.157  -33.924  65.853 0.0000000000
44297  -37.041  -33.793  65.770 0.0000000000
116315  -37.510  -33.635  64.670 0.0000000000
45101  -37.905  -33.332  63.934 0.0000000000
131125  -32.955  -31.360  71.553 0.0000000000
60605  -40.994  -13.413  54.936 0.0000000000
61491  -41.815  -12.887  54.472 0.0000000000
61492  -42.737  -12.782  54.792 0.0000000000
62413  -42.494  -12.560  53.948 0.0000000000
63977  -44.963  -10.868  56.218 0.0000000000
63208  -44.891  -11.046  55.042 0.0000000000
62427  -44.693  -11.533  53.916 0.0000000000
62445  -44.984  -11.321  52.744 0.0000000000
131350  -45.666  -11.058  51.776 0.0000000000
64020  -46.713  -10.292  50.808 0.0000000000
64015  -48.271  -10.191  52.276 0.0000000000
64007  -48.367  -10.556  53.119 0.0000000000
64005  -49.718  -10.033  53.515 0.0000000000
130498  -48.356  -9.540  55.808 0.0000000000
112184  -48.745  -9.592  55.511 0.0000000000
63985  -49.364  -9.826  55.007 0.0000000000
126779  -49.920  -9.868  54.656 0.0000000000
64777  -50.431  -9.846  54.293 0.0000000000
64780  -50.455  -9.806  53.771 0.0000000000
123038  -33.816  -25.550  63.305 0.0000000000
51228  -33.786  -25.893  62.596 0.0000000000
51227  -33.407  -24.999  63.015 0.0000000000
52184  -33.195  -24.490  62.369 0.0000000000
53107  -34.175  -23.521  63.249 0.0000000000
131286  -33.814  -23.530  62.754 0.0000000000
53106  -33.563  -23.700  62.126 0.0000000000
128001  -36.653  -21.994  63.222 0.0000000000
53951  -36.486  -21.651  62.608 0.0000000000
54868  -35.315  -20.987  59.070 0.0000000000
54869  -36.237  -20.563  59.486 0.0000000000
54886  -36.018  -20.502  58.599 0.0000000000
54900  -36.574  -20.115  58.332 0.0000000000
125220  -36.706  -19.876  57.929 0.0000000000
55713  -37.459  -19.524  57.797 0.0000000000
54903  -38.932  -19.588  58.517 0.0000000000
54890  -39.450  -19.782  58.993 0.0000000000
55705  -40.883  -19.537  59.039 0.0000000000
55706  -41.587  -19.513  59.240 0.0000000000
54855  -41.668  -19.435  60.885 0.0000000000
110298  -41.952  -19.561  60.226 0.0000000000
54857  -42.939  -19.501  61.162 0.0000000000
54856  -42.451  -19.434  60.825 0.0000000000
43330  -22.724  -34.068  68.969 0.0000000000
129519  -22.264  -34.170  69.657 0.0000000000
111641  -21.960  -35.052  69.022 0.0000000000
42400  -22.192  -34.513  69.301 0.0000000000
42392  -21.806  -34.470  69.868 0.0000000000
42384  -21.357  -34.713  70.444 0.0000000000
42391  -20.894  -35.142  70.460 0.0000000000
41447  -20.149  -36.262  70.139 0.0000000000
40567  -20.173  -36.664  69.563 0.0000000000
68999  -53.097  -3.509  47.773 0.0000000000
69002  -52.999  -3.578  46.792 0.0000000000
49404  -36.446  -28.119  61.610 0.0000000000
114016  -39.420  -30.932  64.070 0.0000000000
46761  -38.734  -30.190  64.705 0.0000000000
47635  -38.106  -29.686  64.984 0.0000000000
48491  -37.267  -28.531  64.711 0.0000000000
49369  -38.179  -28.079  66.718 0.0000000000
49368  -38.198  -27.734  66.274 0.0000000000
49381  -37.307  -28.166  65.373 0.0000000000
129403  -36.937  -28.095  64.745 0.0000000000
50317  -36.776  -27.074  63.886 0.0000000000
50316  -36.025  -26.972  63.727 0.0000000000
50315  -35.110  -26.552  63.444 0.0000000000
51200  -34.001  -24.765  64.312 0.0000000000
52146  -36.331  -24.411  67.467 0.0000000000
53079  -36.838  -23.717  66.337 0.0000000000
53070  -37.619  -23.468  66.909 0.0000000000
53088  -37.651  -22.469  65.132 0.0000000000
130177  -31.642  -30.970  66.565 0.0000000000
45071  -31.540  -31.022  65.831 0.0000000000
45878  -30.991  -30.979  65.219 0.0000000000
44309  -33.354  -32.738  64.887 0.0000000000
45100  -32.650  -32.328  64.433 0.0000000000
45114  -32.528  -32.443  63.465 0.0000000000
45099  -31.796  -31.793  63.931 0.0000000000
45903  -31.083  -31.374  63.045 0.0000000000
44215  -24.734  -31.927  71.194 0.0000000000
45017  -26.305  -30.903  70.493 0.0000000000
44292  -23.994  -33.147  66.358 0.0000000000
112835  -46.994  -9.957  49.783 0.0000000000
64029  -47.452  -9.550  49.291 0.0000000000
65638  -49.514  -8.716  51.658 0.0000000000
65646  -49.224  -8.350  50.794 0.0000000000
65647  -49.789  -7.982  51.193 0.0000000000
68183  -51.254  -5.397  47.441 0.0000000000
68180  -51.254  -5.307  48.442 0.0000000000
68990  -52.641  -4.120  49.652 0.0000000000
36200  -14.485  -41.333  75.823 0.0000000000
36199  -13.950  -41.591  75.509 0.0000000000
36208  -13.387  -41.958  75.140 0.0000000000
35354  -12.236  -43.116  74.679 0.0000000000
51245  -33.731  -26.271  61.825 0.0000000000
53169  -33.286  -23.339  58.646 0.0000000000
55726  -38.023  -19.243  57.451 0.0000000000
56555  -38.141  -18.983  56.921 0.0000000000
56564  -38.756  -18.465  56.816 0.0000000000
57328  -41.813  -18.873  57.993 0.0000000000
116853  -41.332  -18.173  57.578 0.0000000000
58152  -39.681  -17.459  56.806 0.0000000000
58966  -39.740  -16.429  56.651 0.0000000000
114562  -40.257  -15.733  56.625 0.0000000000
59800  -40.336  -14.957  56.304 0.0000000000
113689  -40.525  -14.142  55.777 0.0000000000
130206  -42.466  -13.500  56.624 0.0000000000
61474  -42.819  -13.033  57.074 0.0000000000
63192  -43.620  -12.020  58.165 0.0000000000
37088  -15.519  -40.621  76.354 0.0000000000
37099  -14.407  -41.108  74.975 0.0000000000
36209  -13.987  -41.306  74.252 0.0000000000
37124  -14.140  -41.049  73.458 0.0000000000
35330  -14.232  -41.787  77.457 0.0000000000
35329  -14.033  -41.935  77.901 0.0000000000
36179  -13.504  -42.204  77.976 0.0000000000
36163  -13.370  -42.223  78.650 0.0000000000
35303  -12.512  -42.546  79.709 0.0000000000
34482  -10.841  -44.434  75.647 0.0000000000
34473  -10.875  -43.816  76.434 0.0000000000
35326  -11.449  -43.237  77.900 0.0000000000
124731  -11.879  -42.751  79.881 0.0000000000
35284  -11.132  -42.519  81.177 0.0000000000
35283  -10.280  -42.541  81.069 0.0000000000
35290  -9.921  -42.963  80.525 0.0000000000
35282  -9.591  -42.520  80.748 0.0000000000
36152  -9.581  -42.049  81.046 0.0000000000
31771  -8.384  -47.329  77.261 0.0000000000
32676  -8.487  -45.809  77.716 0.0000000000
33553  -8.346  -45.064  78.134 0.0000000000
34452  -8.236  -44.341  78.519 0.0000000000
36180  -13.713  -42.100  77.378 0.0000000000
43308  -36.931  -32.510  69.748 0.0000000000
43336  -36.631  -32.464  68.622 0.0000000000
44257  -39.258  -31.943  69.101 0.0000000000
45050  -39.497  -31.283  68.873 0.0000000000
46762  -38.671  -30.389  65.394 0.0000000000
47605  -39.222  -29.715  68.637 0.0000000000
112287  -38.411  -28.637  65.970 0.0000000000
113187  -43.128  -19.478  60.721 0.0000000000
