#!ascii label  , from subject sub-v1s6x0051606_ses-1 vox2ras=TkReg
844
127166  -40.067  -32.964  61.859 0.0000000000
40652  -25.308  -37.420  64.489 0.0000000000
42484  -32.438  -35.806  62.218 0.0000000000
64027  -46.397  -10.473  49.467 0.0000000000
66550  -51.392  -7.175  45.584 0.0000000000
38858  -18.172  -38.346  69.384 0.0000000000
117387  -44.111  -11.674  52.490 0.0000000000
47657  -41.617  -29.256  61.097 0.0000000000
42501  -37.061  -34.949  61.805 0.0000000000
40615  -21.180  -37.238  66.934 0.0000000000
37167  -21.603  -41.993  68.964 0.0000000000
45955  -36.818  -31.954  58.941 0.0000000000
47683  -37.980  -29.308  59.049 0.0000000000
43386  -28.631  -35.152  63.925 0.0000000000
45150  -33.525  -32.894  60.536 0.0000000000
124697  -40.732  -19.061  51.727 0.0000000000
59021  -43.551  -16.655  50.980 0.0000000000
59865  -47.239  -15.409  49.266 0.0000000000
34517  -13.667  -44.453  71.283 0.0000000000
33592  -11.315  -45.657  74.201 0.0000000000
50372  -35.976  -26.538  58.340 0.0000000000
52292  -36.740  -25.302  56.069 0.0000000000
54056  -39.089  -22.623  52.924 0.0000000000
35404  -17.426  -44.044  69.886 0.0000000000
39754  -25.375  -39.046  66.372 0.0000000000
125582  -26.966  -37.860  66.653 0.0000000000
43422  -39.066  -34.026  61.789 0.0000000000
43372  -23.013  -34.924  66.193 0.0000000000
40634  -23.248  -37.515  65.141 0.0000000000
38098  -23.198  -40.203  66.620 0.0000000000
45929  -37.159  -32.199  60.723 0.0000000000
45176  -35.304  -32.272  59.036 0.0000000000
59003  -39.572  -16.637  52.385 0.0000000000
125838  -41.941  -17.542  51.559 0.0000000000
59830  -40.815  -14.606  51.748 0.0000000000
61536  -44.090  -13.168  49.509 0.0000000000
122440  -45.906  -12.620  48.427 0.0000000000
117184  -49.129  -14.183  48.765 0.0000000000
62477  -47.661  -12.124  47.477 0.0000000000
63292  -49.190  -11.108  46.552 0.0000000000
117891  -35.944  -28.132  60.788 0.0000000000
48537  -36.670  -27.928  58.882 0.0000000000
50348  -34.514  -27.275  60.275 0.0000000000
53183  -34.295  -23.871  56.581 0.0000000000
54037  -34.977  -22.713  55.773 0.0000000000
53203  -38.202  -24.053  53.896 0.0000000000
55742  -36.269  -20.824  54.764 0.0000000000
56573  -37.505  -19.432  53.831 0.0000000000
43401  -29.975  -34.722  62.877 0.0000000000
37165  -15.371  -41.418  69.692 0.0000000000
37173  -17.472  -41.161  68.156 0.0000000000
30869  -11.902  -48.396  75.416 0.0000000000
30863  -10.170  -48.851  76.847 0.0000000000
124536  -41.807  -12.712  53.734 0.0000000000
49406  -41.556  -27.168  61.477 0.0000000000
42498  -34.383  -35.539  61.323 0.0000000000
39722  -19.883  -37.991  67.647 0.0000000000
37186  -19.179  -41.372  67.572 0.0000000000
38086  -21.487  -40.935  66.968 0.0000000000
116812  -53.203  -7.278  44.324 0.0000000000
44371  -38.925  -32.982  59.652 0.0000000000
45948  -39.743  -31.409  59.523 0.0000000000
46807  -37.776  -30.731  59.182 0.0000000000
44306  -24.649  -33.949  64.712 0.0000000000
42458  -26.659  -35.461  64.064 0.0000000000
45098  -26.180  -32.237  63.793 0.0000000000
45112  -28.412  -32.022  62.634 0.0000000000
44351  -30.071  -32.945  61.391 0.0000000000
45130  -31.806  -32.363  61.905 0.0000000000
114007  -31.999  -34.172  59.998 0.0000000000
43439  -33.856  -33.835  59.075 0.0000000000
43442  -36.805  -34.025  59.512 0.0000000000
54941  -42.278  -21.577  53.102 0.0000000000
61527  -42.446  -13.843  50.535 0.0000000000
59852  -45.279  -16.114  49.980 0.0000000000
64046  -50.669  -10.490  45.957 0.0000000000
33600  -12.319  -45.616  72.844 0.0000000000
31800  -13.176  -47.566  74.175 0.0000000000
47675  -39.578  -29.764  59.024 0.0000000000
49433  -39.772  -27.850  59.333 0.0000000000
110698  -39.180  -26.147  59.168 0.0000000000
51286  -33.212  -25.550  58.636 0.0000000000
51306  -36.569  -25.828  57.799 0.0000000000
52260  -39.222  -25.567  58.496 0.0000000000
52295  -40.033  -25.386  56.191 0.0000000000
114684  -41.211  -24.856  55.119 0.0000000000
53207  -41.727  -23.563  54.123 0.0000000000
54947  -39.509  -21.131  52.550 0.0000000000
57354  -38.215  -18.429  53.250 0.0000000000
41491  -28.717  -36.383  66.369 0.0000000000
37147  -14.166  -41.636  71.292 0.0000000000
34531  -15.969  -44.452  70.368 0.0000000000
36263  -19.523  -42.842  69.202 0.0000000000
30861  -8.587  -48.861  76.930 0.0000000000
39767  -25.120  -38.509  65.015 0.0000000000
39755  -26.137  -38.576  66.448 0.0000000000
40635  -25.798  -38.025  64.747 0.0000000000
44345  -39.663  -33.624  62.209 0.0000000000
42439  -24.072  -35.566  64.843 0.0000000000
41509  -23.186  -36.652  65.296 0.0000000000
40650  -23.871  -37.112  64.804 0.0000000000
39766  -24.262  -38.670  65.099 0.0000000000
59819  -39.455  -14.475  53.613 0.0000000000
59828  -39.479  -15.387  52.646 0.0000000000
60614  -39.986  -13.773  53.384 0.0000000000
63258  -45.858  -10.854  50.197 0.0000000000
63265  -45.333  -11.538  49.542 0.0000000000
63266  -45.842  -11.096  49.039 0.0000000000
62468  -47.180  -12.677  47.878 0.0000000000
64034  -46.361  -10.828  48.386 0.0000000000
64035  -46.905  -10.617  47.720 0.0000000000
49416  -35.297  -27.779  60.566 0.0000000000
123222  -34.771  -21.926  56.471 0.0000000000
54928  -36.014  -21.790  54.638 0.0000000000
55735  -36.197  -20.242  56.056 0.0000000000
55736  -36.700  -19.664  55.502 0.0000000000
42473  -30.788  -35.070  62.615 0.0000000000
108919  -31.184  -35.576  63.386 0.0000000000
42474  -32.058  -35.867  63.132 0.0000000000
38065  -16.786  -39.749  69.183 0.0000000000
38073  -17.342  -40.106  68.327 0.0000000000
120951  -51.908  -8.906  45.028 0.0000000000
30868  -11.242  -48.503  76.026 0.0000000000
126697  -42.261  -30.074  62.367 0.0000000000
48513  -41.625  -28.216  61.329 0.0000000000
42499  -35.271  -35.401  61.377 0.0000000000
42475  -36.859  -35.740  63.034 0.0000000000
41487  -21.687  -36.431  67.091 0.0000000000
40598  -20.814  -36.932  67.687 0.0000000000
40581  -20.560  -36.872  68.233 0.0000000000
40597  -20.495  -37.545  67.430 0.0000000000
38095  -20.088  -39.981  66.797 0.0000000000
119774  -21.387  -39.571  66.325 0.0000000000
38089  -24.164  -40.331  67.622 0.0000000000
38088  -23.370  -40.592  67.286 0.0000000000
44382  -37.597  -32.799  58.731 0.0000000000
45957  -38.151  -31.529  58.556 0.0000000000
45956  -37.549  -31.469  58.841 0.0000000000
45084  -24.806  -32.222  65.453 0.0000000000
44308  -25.778  -33.073  63.918 0.0000000000
45885  -25.977  -31.358  64.377 0.0000000000
45900  -28.163  -31.172  63.132 0.0000000000
45914  -28.992  -31.387  62.624 0.0000000000
44340  -29.303  -32.973  61.937 0.0000000000
45146  -30.171  -31.835  61.834 0.0000000000
45132  -33.639  -33.157  62.011 0.0000000000
45149  -32.433  -32.766  61.045 0.0000000000
45163  -32.002  -32.931  60.547 0.0000000000
128587  -32.598  -33.150  59.951 0.0000000000
43438  -33.108  -33.973  59.467 0.0000000000
45174  -33.766  -32.898  59.239 0.0000000000
45177  -35.874  -32.320  58.849 0.0000000000
44367  -35.438  -33.416  58.725 0.0000000000
44381  -36.841  -32.829  58.717 0.0000000000
44360  -37.690  -33.743  59.770 0.0000000000
55751  -41.891  -20.991  52.589 0.0000000000
55752  -43.385  -20.577  52.917 0.0000000000
56585  -42.234  -19.535  51.981 0.0000000000
58200  -42.589  -17.451  51.454 0.0000000000
58187  -43.366  -18.024  51.675 0.0000000000
62425  -42.996  -12.127  53.422 0.0000000000
61512  -41.826  -12.822  52.357 0.0000000000
61520  -42.884  -12.776  51.273 0.0000000000
60655  -45.736  -14.774  48.973 0.0000000000
60654  -44.715  -14.589  49.391 0.0000000000
59864  -46.395  -15.528  49.318 0.0000000000
59040  -46.542  -16.737  50.612 0.0000000000
63293  -50.147  -11.200  46.445 0.0000000000
64824  -49.392  -9.521  46.281 0.0000000000
64828  -50.908  -9.536  45.616 0.0000000000
35386  -13.223  -43.570  71.744 0.0000000000
35374  -12.767  -43.454  72.649 0.0000000000
34507  -12.867  -44.549  72.023 0.0000000000
31807  -13.871  -47.216  73.522 0.0000000000
31782  -13.717  -48.169  75.835 0.0000000000
46817  -38.644  -30.506  58.725 0.0000000000
130830  -39.784  -30.359  59.112 0.0000000000
47685  -38.894  -29.774  58.812 0.0000000000
49443  -36.135  -27.283  58.703 0.0000000000
113751  -37.795  -27.502  58.611 0.0000000000
50361  -37.789  -26.491  58.662 0.0000000000
49432  -39.227  -26.782  59.040 0.0000000000
53155  -33.037  -23.725  59.439 0.0000000000
52290  -34.908  -24.683  56.348 0.0000000000
52276  -34.786  -25.259  57.101 0.0000000000
51319  -36.325  -25.596  56.851 0.0000000000
51308  -37.888  -25.563  58.096 0.0000000000
108992  -38.335  -25.578  57.114 0.0000000000
52279  -39.934  -25.296  57.905 0.0000000000
52293  -38.543  -25.381  56.086 0.0000000000
128510  -37.861  -23.289  53.635 0.0000000000
52321  -39.715  -24.733  54.506 0.0000000000
53205  -40.116  -24.112  53.956 0.0000000000
52323  -41.441  -24.278  54.552 0.0000000000
54057  -40.301  -22.815  53.224 0.0000000000
111095  -40.634  -22.135  52.899 0.0000000000
54938  -39.028  -21.705  52.721 0.0000000000
57340  -37.744  -18.086  55.117 0.0000000000
56574  -38.092  -19.293  53.261 0.0000000000
58160  -37.961  -17.378  54.682 0.0000000000
42459  -27.694  -35.433  64.223 0.0000000000
42440  -28.124  -35.940  65.139 0.0000000000
42441  -28.790  -35.753  65.269 0.0000000000
35421  -16.028  -43.232  69.425 0.0000000000
35420  -15.284  -43.115  69.716 0.0000000000
35403  -16.491  -43.957  69.848 0.0000000000
37176  -20.473  -41.914  68.069 0.0000000000
37175  -19.609  -42.009  67.986 0.0000000000
36264  -20.342  -42.676  69.358 0.0000000000
38879  -25.413  -39.631  67.524 0.0000000000
38880  -26.200  -39.319  67.903 0.0000000000
39739  -26.604  -38.701  67.239 0.0000000000
40599  -27.810  -37.404  67.180 0.0000000000
43420  -37.569  -34.465  61.289 0.0000000000
42489  -37.333  -35.248  62.577 0.0000000000
42425  -22.600  -35.272  66.787 0.0000000000
41488  -22.133  -36.475  66.396 0.0000000000
40633  -22.492  -37.851  65.512 0.0000000000
38885  -22.172  -39.640  66.142 0.0000000000
38898  -23.492  -39.160  65.582 0.0000000000
39753  -24.588  -39.514  66.412 0.0000000000
128352  -36.936  -32.008  60.038 0.0000000000
45940  -37.480  -31.532  60.403 0.0000000000
127927  -34.943  -33.238  61.272 0.0000000000
45165  -34.104  -32.687  59.777 0.0000000000
45939  -36.318  -32.185  60.280 0.0000000000
58183  -39.545  -17.762  52.317 0.0000000000
114501  -41.503  -18.876  51.719 0.0000000000
58184  -40.425  -17.354  51.819 0.0000000000
59018  -41.143  -16.450  51.363 0.0000000000
59019  -41.575  -16.122  51.067 0.0000000000
62443  -43.511  -12.559  50.822 0.0000000000
62450  -44.019  -12.404  50.414 0.0000000000
61537  -45.073  -13.483  48.899 0.0000000000
60667  -46.907  -14.224  48.606 0.0000000000
60658  -48.313  -14.656  48.884 0.0000000000
60668  -47.541  -14.053  48.452 0.0000000000
61557  -48.626  -13.139  47.844 0.0000000000
62479  -49.405  -12.443  47.386 0.0000000000
63281  -48.127  -11.502  47.040 0.0000000000
63291  -48.345  -10.711  46.714 0.0000000000
33620  -14.906  -45.407  71.324 0.0000000000
33610  -14.367  -45.873  71.802 0.0000000000
126345  -15.319  -46.684  73.076 0.0000000000
49418  -36.672  -28.422  60.458 0.0000000000
48538  -37.426  -28.634  59.160 0.0000000000
49417  -35.850  -28.058  59.822 0.0000000000
49430  -35.204  -27.569  59.472 0.0000000000
50360  -34.643  -27.117  59.140 0.0000000000
53169  -33.286  -23.339  58.646 0.0000000000
54020  -34.458  -22.023  57.379 0.0000000000
54028  -34.440  -22.891  56.458 0.0000000000
53191  -35.541  -23.564  55.352 0.0000000000
52306  -37.215  -24.961  55.241 0.0000000000
53192  -36.249  -23.565  54.715 0.0000000000
54047  -36.380  -22.653  54.281 0.0000000000
54936  -37.437  -21.733  53.477 0.0000000000
118285  -37.701  -20.885  53.342 0.0000000000
122505  -36.875  -20.891  53.854 0.0000000000
43400  -29.066  -34.630  63.257 0.0000000000
42461  -29.061  -35.426  64.737 0.0000000000
42462  -30.444  -35.467  64.086 0.0000000000
37166  -15.964  -41.578  69.059 0.0000000000
36261  -17.620  -42.833  68.910 0.0000000000
31798  -11.632  -47.355  74.638 0.0000000000
33585  -10.789  -45.540  75.323 0.0000000000
121763  -11.043  -47.391  75.323 0.0000000000
115540  -10.031  -47.491  76.480 0.0000000000
32696  -9.012  -47.370  77.374 0.0000000000
50339  -41.583  -26.432  61.411 0.0000000000
42485  -33.150  -35.845  61.889 0.0000000000
41552  -33.187  -36.215  62.627 0.0000000000
40566  -19.560  -37.273  69.467 0.0000000000
39720  -18.741  -38.282  68.549 0.0000000000
38875  -18.588  -39.098  67.828 0.0000000000
38876  -19.294  -39.568  67.275 0.0000000000
38085  -20.573  -40.951  66.970 0.0000000000
37177  -21.310  -41.759  68.170 0.0000000000
38087  -22.467  -40.693  67.021 0.0000000000
37189  -21.854  -41.253  67.614 0.0000000000
37168  -22.410  -41.760  69.408 0.0000000000
66556  -52.514  -7.448  44.689 0.0000000000
45168  -39.503  -32.645  60.404 0.0000000000
45169  -40.114  -32.021  60.783 0.0000000000
45179  -39.296  -32.185  59.367 0.0000000000
131616  -38.433  -30.982  58.636 0.0000000000
125936  -38.050  -30.129  59.073 0.0000000000
46797  -37.674  -30.713  59.890 0.0000000000
47656  -38.054  -29.771  60.563 0.0000000000
48524  -37.417  -28.919  59.802 0.0000000000
127829  -37.140  -28.403  61.510 0.0000000000
42456  -24.987  -35.909  64.368 0.0000000000
41527  -25.553  -36.567  64.354 0.0000000000
43383  -25.892  -34.700  63.947 0.0000000000
43384  -26.239  -33.853  63.710 0.0000000000
43398  -27.484  -34.163  63.399 0.0000000000
45898  -26.710  -31.404  63.757 0.0000000000
45111  -27.674  -32.152  63.047 0.0000000000
43399  -28.121  -34.168  63.203 0.0000000000
44325  -28.688  -33.614  62.600 0.0000000000
44341  -29.886  -33.630  61.666 0.0000000000
43418  -31.027  -34.719  61.262 0.0000000000
45917  -31.105  -31.811  62.256 0.0000000000
45147  -30.616  -32.388  61.396 0.0000000000
44357  -30.975  -33.572  60.649 0.0000000000
42507  -32.184  -34.867  60.484 0.0000000000
42508  -33.058  -35.095  60.470 0.0000000000
42510  -34.795  -35.085  60.559 0.0000000000
42511  -35.570  -34.957  60.705 0.0000000000
44366  -34.544  -33.229  58.803 0.0000000000
43441  -35.851  -34.137  59.234 0.0000000000
43432  -36.282  -34.618  60.252 0.0000000000
43434  -38.044  -34.014  60.676 0.0000000000
112536  -38.799  -33.809  60.932 0.0000000000
121713  -23.874  -33.754  65.717 0.0000000000
57367  -42.390  -18.799  51.747 0.0000000000
61511  -41.099  -13.549  52.301 0.0000000000
61518  -41.358  -14.061  51.513 0.0000000000
59036  -42.987  -16.007  50.572 0.0000000000
61528  -43.148  -13.446  50.351 0.0000000000
59851  -43.529  -15.521  50.216 0.0000000000
59037  -43.767  -16.189  50.534 0.0000000000
59023  -45.744  -16.858  51.050 0.0000000000
64056  -52.045  -10.407  45.574 0.0000000000
116339  -51.214  -8.773  45.413 0.0000000000
66544  -50.822  -7.387  45.963 0.0000000000
34491  -11.884  -43.830  74.059 0.0000000000
33599  -11.781  -45.334  73.521 0.0000000000
32739  -13.402  -46.685  72.916 0.0000000000
32738  -12.650  -46.429  73.083 0.0000000000
32723  -11.753  -46.644  74.089 0.0000000000
31791  -12.327  -47.939  74.760 0.0000000000
45941  -40.351  -31.252  60.249 0.0000000000
46798  -40.662  -30.389  60.026 0.0000000000
47664  -40.712  -29.545  59.929 0.0000000000
121920  -38.374  -29.074  58.868 0.0000000000
48539  -40.034  -29.109  59.367 0.0000000000
48525  -40.675  -28.505  60.071 0.0000000000
111015  -40.393  -27.247  60.250 0.0000000000
50349  -40.240  -26.402  60.272 0.0000000000
51259  -39.905  -26.204  59.958 0.0000000000
51271  -33.540  -26.240  59.047 0.0000000000
51288  -35.152  -26.292  58.166 0.0000000000
53168  -33.211  -24.220  57.874 0.0000000000
51304  -34.655  -25.733  57.663 0.0000000000
112138  -36.130  -26.192  58.041 0.0000000000
51290  -37.636  -25.870  58.484 0.0000000000
51292  -39.006  -25.984  58.889 0.0000000000
52308  -39.245  -25.212  55.448 0.0000000000
110342  -40.953  -25.223  55.967 0.0000000000
109771  -41.908  -22.334  53.428 0.0000000000
54940  -41.352  -21.701  52.823 0.0000000000
55759  -39.957  -20.525  52.101 0.0000000000
55750  -38.566  -20.824  52.838 0.0000000000
56581  -38.623  -19.158  52.786 0.0000000000
57365  -39.020  -18.574  52.572 0.0000000000
58169  -38.828  -16.945  52.826 0.0000000000
58976  -38.650  -15.650  54.788 0.0000000000
41510  -26.687  -36.692  64.740 0.0000000000
115746  -27.627  -37.023  66.343 0.0000000000
42428  -29.641  -35.991  66.053 0.0000000000
130117  -13.704  -43.498  71.083 0.0000000000
118001  -14.861  -41.194  70.527 0.0000000000
112834  -14.110  -42.821  70.594 0.0000000000
34518  -14.500  -44.719  70.901 0.0000000000
33621  -15.844  -45.471  71.458 0.0000000000
37185  -18.293  -41.251  67.763 0.0000000000
36279  -18.246  -42.409  68.473 0.0000000000
35424  -18.688  -43.558  69.673 0.0000000000
29942  -9.817  -49.867  77.814 0.0000000000
30862  -8.953  -48.998  77.148 0.0000000000
31780  -8.519  -48.128  77.123 0.0000000000
45155  -40.407  -32.252  61.540 0.0000000000
39775  -24.893  -38.099  64.694 0.0000000000
41526  -24.578  -36.643  64.515 0.0000000000
117818  -23.728  -36.300  64.933 0.0000000000
40651  -24.543  -37.480  64.614 0.0000000000
59811  -40.012  -13.948  54.649 0.0000000000
63272  -46.137  -11.502  48.352 0.0000000000
54912  -35.584  -20.815  56.545 0.0000000000
112431  -31.548  -35.459  62.414 0.0000000000
41551  -32.671  -36.223  63.030 0.0000000000
38865  -17.570  -39.183  68.837 0.0000000000
65678  -51.463  -7.985  45.302 0.0000000000
65679  -52.268  -8.208  44.801 0.0000000000
47648  -41.918  -29.668  61.899 0.0000000000
48502  -41.990  -28.677  61.957 0.0000000000
42500  -36.203  -35.126  61.383 0.0000000000
42487  -35.743  -35.644  62.153 0.0000000000
42488  -36.566  -35.457  62.302 0.0000000000
39751  -20.991  -38.453  66.495 0.0000000000
115693  -37.371  -32.178  58.677 0.0000000000
45097  -25.414  -32.165  64.465 0.0000000000
45887  -29.688  -30.585  64.058 0.0000000000
45901  -29.084  -30.795  63.267 0.0000000000
130922  -29.619  -31.234  62.704 0.0000000000
45915  -29.649  -31.630  62.165 0.0000000000
45916  -30.329  -31.456  62.387 0.0000000000
45133  -34.122  -33.157  61.237 0.0000000000
113783  -33.261  -32.960  61.322 0.0000000000
119758  -32.767  -32.908  60.309 0.0000000000
45164  -33.304  -32.877  59.801 0.0000000000
44365  -33.339  -33.360  59.453 0.0000000000
131326  -36.315  -32.087  58.909 0.0000000000
118905  -36.509  -32.370  58.792 0.0000000000
56584  -41.352  -19.697  51.839 0.0000000000
55760  -42.025  -20.279  52.286 0.0000000000
59020  -42.556  -16.655  51.029 0.0000000000
58201  -43.437  -17.286  51.392 0.0000000000
114133  -43.587  -11.856  52.966 0.0000000000
62437  -42.682  -12.241  52.719 0.0000000000
62438  -43.236  -12.131  52.207 0.0000000000
60656  -46.645  -14.844  48.855 0.0000000000
59854  -47.112  -16.150  49.911 0.0000000000
65671  -49.611  -8.665  46.364 0.0000000000
33609  -13.487  -45.456  71.858 0.0000000000
47684  -38.315  -29.956  58.921 0.0000000000
49444  -36.993  -27.361  58.679 0.0000000000
50373  -36.876  -26.367  58.537 0.0000000000
52291  -35.784  -25.059  56.079 0.0000000000
51320  -37.290  -25.594  57.257 0.0000000000
109739  -37.733  -25.371  56.152 0.0000000000
53216  -38.677  -23.414  53.466 0.0000000000
53217  -39.646  -23.465  53.503 0.0000000000
53218  -40.448  -23.474  53.713 0.0000000000
43385  -27.953  -34.913  63.789 0.0000000000
42460  -28.464  -35.495  64.544 0.0000000000
35422  -16.989  -43.403  69.301 0.0000000000
34532  -16.920  -44.530  70.453 0.0000000000
36282  -20.796  -42.217  68.768 0.0000000000
36281  -19.975  -42.397  68.633 0.0000000000
123447  -11.143  -44.590  74.848 0.0000000000
46782  -41.757  -30.540  62.038 0.0000000000
38878  -25.196  -39.477  66.888 0.0000000000
39738  -25.822  -39.154  67.053 0.0000000000
40617  -26.380  -38.021  65.648 0.0000000000
39740  -27.375  -38.187  67.570 0.0000000000
43421  -38.359  -34.253  61.534 0.0000000000
42502  -37.821  -34.672  62.124 0.0000000000
43359  -23.001  -34.487  66.948 0.0000000000
41489  -22.592  -36.126  66.100 0.0000000000
41508  -22.558  -36.986  65.665 0.0000000000
38897  -22.469  -38.849  65.605 0.0000000000
39765  -23.307  -38.350  65.194 0.0000000000
119494  -24.852  -38.929  65.712 0.0000000000
126961  -24.190  -39.240  65.777 0.0000000000
124511  -24.712  -39.866  67.184 0.0000000000
45930  -37.838  -31.803  61.188 0.0000000000
45151  -34.720  -32.836  60.580 0.0000000000
45154  -37.286  -32.462  61.394 0.0000000000
59829  -40.278  -15.104  52.096 0.0000000000
59004  -40.398  -16.257  51.846 0.0000000000
59842  -40.832  -15.625  51.428 0.0000000000
62451  -44.591  -11.727  51.099 0.0000000000
62466  -45.253  -12.369  48.905 0.0000000000
61544  -45.800  -13.190  48.578 0.0000000000
60666  -46.177  -14.024  48.691 0.0000000000
61545  -46.672  -13.336  48.329 0.0000000000
61556  -47.988  -12.996  47.726 0.0000000000
62478  -48.567  -12.482  47.402 0.0000000000
113491  -48.933  -11.858  46.903 0.0000000000
64812  -47.334  -9.873  47.789 0.0000000000
64040  -47.591  -10.522  47.215 0.0000000000
48523  -36.581  -28.249  59.370 0.0000000000
49442  -35.404  -27.226  58.787 0.0000000000
53184  -34.827  -23.749  55.905 0.0000000000
54038  -35.642  -22.449  55.100 0.0000000000
54929  -36.590  -21.752  53.958 0.0000000000
54048  -37.200  -22.626  53.677 0.0000000000
43387  -29.804  -35.060  63.798 0.0000000000
125901  -31.753  -35.978  63.828 0.0000000000
42463  -31.121  -35.844  64.313 0.0000000000
38072  -16.856  -40.638  68.549 0.0000000000
38064  -16.292  -40.717  69.014 0.0000000000
36277  -16.731  -41.475  68.622 0.0000000000
36278  -17.418  -42.067  68.478 0.0000000000
31790  -11.416  -47.999  75.250 0.0000000000
31789  -10.590  -48.016  76.076 0.0000000000
31781  -9.398  -48.322  77.024 0.0000000000
49396  -42.041  -27.635  62.065 0.0000000000
50325  -42.138  -26.765  62.031 0.0000000000
49405  -40.964  -26.730  60.862 0.0000000000
42497  -33.517  -35.560  61.248 0.0000000000
41560  -33.928  -35.996  62.177 0.0000000000
129963  -20.132  -37.371  68.220 0.0000000000
118873  -20.221  -37.082  68.933 0.0000000000
39721  -19.551  -37.688  68.585 0.0000000000
39737  -19.244  -38.480  67.763 0.0000000000
38096  -20.997  -40.257  66.596 0.0000000000
37188  -20.983  -41.486  67.453 0.0000000000
38886  -22.959  -39.689  66.056 0.0000000000
126337  -22.577  -40.157  66.493 0.0000000000
38076  -23.604  -40.817  68.143 0.0000000000
38075  -22.762  -41.073  67.833 0.0000000000
37179  -23.046  -41.328  68.722 0.0000000000
37178  -22.172  -41.546  68.426 0.0000000000
45178  -38.726  -32.592  58.941 0.0000000000
46816  -38.049  -30.740  58.779 0.0000000000
46790  -38.110  -30.924  60.926 0.0000000000
48512  -37.942  -29.250  61.767 0.0000000000
47674  -37.882  -29.742  59.421 0.0000000000
48511  -37.692  -28.778  61.002 0.0000000000
122481  -24.917  -34.969  64.407 0.0000000000
130160  -25.279  -34.386  64.256 0.0000000000
44322  -26.542  -33.083  63.523 0.0000000000
125136  -26.895  -33.781  63.452 0.0000000000
122746  -27.373  -31.492  63.404 0.0000000000
44324  -28.074  -32.988  62.769 0.0000000000
44339  -28.673  -32.718  62.400 0.0000000000
45129  -29.796  -32.209  61.734 0.0000000000
43409  -30.381  -34.444  61.798 0.0000000000
44352  -30.419  -33.660  61.183 0.0000000000
116976  -32.389  -32.513  62.590 0.0000000000
45113  -31.762  -32.081  62.859 0.0000000000
45927  -30.659  -31.857  61.879 0.0000000000
45928  -31.099  -32.111  61.690 0.0000000000
44358  -31.779  -33.452  60.225 0.0000000000
45162  -31.205  -32.893  60.751 0.0000000000
43427  -31.399  -34.364  60.568 0.0000000000
43428  -32.671  -34.437  59.902 0.0000000000
43429  -33.468  -34.585  59.766 0.0000000000
43430  -34.345  -34.634  59.680 0.0000000000
43431  -35.290  -34.649  59.826 0.0000000000
45166  -34.979  -32.493  59.774 0.0000000000
45175  -34.451  -32.674  58.970 0.0000000000
44368  -36.371  -33.490  58.854 0.0000000000
43433  -37.231  -34.309  60.386 0.0000000000
44370  -38.192  -33.130  59.126 0.0000000000
44361  -38.494  -33.533  60.077 0.0000000000
129970  -39.062  -33.336  60.432 0.0000000000
44293  -24.375  -33.068  65.500 0.0000000000
43373  -23.991  -34.575  65.157 0.0000000000
54058  -42.813  -22.172  53.686 0.0000000000
54943  -43.814  -21.004  53.546 0.0000000000
58185  -41.524  -18.001  51.671 0.0000000000
61499  -41.160  -12.992  53.912 0.0000000000
61510  -40.659  -13.284  53.160 0.0000000000
120213  -41.377  -12.828  53.088 0.0000000000
61519  -41.956  -13.356  51.414 0.0000000000
131794  -41.505  -13.403  51.893 0.0000000000
60635  -41.798  -14.445  50.780 0.0000000000
60643  -42.591  -15.031  50.335 0.0000000000
61529  -43.600  -13.107  50.075 0.0000000000
129627  -44.798  -15.519  49.732 0.0000000000
60645  -44.039  -15.072  49.809 0.0000000000
59038  -44.394  -16.008  50.179 0.0000000000
111818  -45.075  -16.577  50.600 0.0000000000
59039  -45.778  -16.539  50.381 0.0000000000
63282  -49.739  -11.849  46.892 0.0000000000
63294  -51.049  -11.315  46.429 0.0000000000
64055  -51.377  -10.218  45.678 0.0000000000
65672  -50.438  -8.712  45.732 0.0000000000
125605  -50.830  -8.124  45.665 0.0000000000
123920  -12.459  -44.172  72.811 0.0000000000
35363  -12.366  -43.388  73.622 0.0000000000
34498  -12.053  -44.544  73.315 0.0000000000
32754  -14.740  -46.510  72.459 0.0000000000
32753  -13.814  -46.302  72.304 0.0000000000
115702  -14.082  -46.803  72.822 0.0000000000
31801  -14.086  -47.617  74.415 0.0000000000
31806  -12.973  -47.056  73.521 0.0000000000
126561  -12.344  -46.723  73.635 0.0000000000
31799  -12.379  -47.266  74.109 0.0000000000
31792  -13.400  -47.958  74.962 0.0000000000
30866  -13.108  -48.529  76.365 0.0000000000
45180  -39.787  -31.886  60.094 0.0000000000
46809  -40.092  -30.713  59.521 0.0000000000
116937  -40.223  -29.987  59.396 0.0000000000
48547  -37.589  -28.307  58.780 0.0000000000
49446  -39.011  -27.743  58.709 0.0000000000
48548  -38.391  -28.117  58.592 0.0000000000
49419  -39.904  -26.852  59.938 0.0000000000
50362  -39.612  -26.228  59.767 0.0000000000
51274  -39.561  -26.175  59.580 0.0000000000
51270  -32.882  -25.512  59.410 0.0000000000
51258  -33.253  -26.292  60.000 0.0000000000
51272  -34.360  -26.571  58.733 0.0000000000
51287  -33.975  -25.889  58.192 0.0000000000
119515  -33.514  -23.439  57.771 0.0000000000
53176  -33.757  -24.052  57.218 0.0000000000
131477  -36.001  -25.800  57.235 0.0000000000
51305  -35.554  -25.897  57.534 0.0000000000
51289  -36.847  -26.018  58.340 0.0000000000
51307  -37.266  -25.706  58.176 0.0000000000
52277  -38.573  -25.493  58.053 0.0000000000
51291  -38.443  -25.744  58.524 0.0000000000
52239  -39.626  -25.868  59.336 0.0000000000
109419  -39.823  -25.618  57.044 0.0000000000
52319  -37.727  -24.513  54.554 0.0000000000
52307  -38.194  -25.124  55.266 0.0000000000
52320  -38.706  -24.714  54.519 0.0000000000
52309  -40.316  -25.095  55.225 0.0000000000
53193  -42.183  -24.109  54.658 0.0000000000
53208  -42.557  -23.492  54.384 0.0000000000
54050  -42.269  -22.918  53.919 0.0000000000
54049  -41.608  -22.917  53.713 0.0000000000
54948  -40.421  -21.378  52.522 0.0000000000
124407  -41.070  -20.650  52.123 0.0000000000
55749  -37.944  -20.082  53.270 0.0000000000
56582  -39.356  -19.582  52.344 0.0000000000
58168  -38.557  -17.677  52.954 0.0000000000
41528  -26.342  -36.287  64.369 0.0000000000
41511  -27.207  -36.081  64.542 0.0000000000
41490  -28.148  -36.388  66.025 0.0000000000
41476  -28.327  -36.807  66.745 0.0000000000
123636  -30.099  -35.758  65.409 0.0000000000
42442  -29.364  -35.698  65.363 0.0000000000
41541  -33.153  -36.535  63.469 0.0000000000
36238  -13.625  -42.637  71.539 0.0000000000
38054  -15.534  -40.594  70.191 0.0000000000
36249  -14.900  -41.956  69.881 0.0000000000
35402  -15.587  -43.767  69.945 0.0000000000
36248  -14.784  -42.645  69.966 0.0000000000
35401  -14.757  -43.436  70.118 0.0000000000
35387  -14.221  -43.888  70.645 0.0000000000
34530  -15.023  -44.255  70.376 0.0000000000
34519  -15.434  -44.904  70.878 0.0000000000
38083  -18.654  -40.324  67.514 0.0000000000
128513  -17.878  -40.495  67.841 0.0000000000
36280  -19.106  -42.477  68.525 0.0000000000
37174  -18.729  -41.987  67.978 0.0000000000
36262  -18.618  -42.976  69.139 0.0000000000
119762  -19.215  -43.317  69.605 0.0000000000
29946  -8.768  -49.636  77.152 0.0000000000
29941  -9.054  -50.123  77.538 0.0000000000
39768  -25.651  -38.574  65.607 0.0000000000
131283  -23.472  -34.996  65.557 0.0000000000
42438  -23.162  -35.674  65.625 0.0000000000
39774  -24.017  -37.921  64.802 0.0000000000
127611  -39.011  -15.144  53.755 0.0000000000
59820  -39.821  -14.503  52.748 0.0000000000
60626  -40.378  -14.087  52.475 0.0000000000
63257  -45.278  -11.277  50.893 0.0000000000
63271  -45.691  -11.845  48.653 0.0000000000
62467  -46.347  -12.292  48.144 0.0000000000
63273  -46.756  -11.627  47.752 0.0000000000
63280  -47.346  -11.253  47.372 0.0000000000
50337  -34.984  -27.299  61.394 0.0000000000
50336  -34.072  -26.856  61.218 0.0000000000
54920  -35.175  -21.717  55.905 0.0000000000
54921  -35.707  -21.277  55.442 0.0000000000
43388  -30.461  -35.177  63.358 0.0000000000
124539  -32.431  -36.375  63.813 0.0000000000
64837  -52.727  -9.126  44.751 0.0000000000
30865  -12.099  -48.738  76.161 0.0000000000
30864  -11.276  -48.960  76.742 0.0000000000
29948  -10.552  -49.330  77.329 0.0000000000
42486  -34.883  -35.833  62.134 0.0000000000
41554  -36.122  -35.896  62.867 0.0000000000
41475  -21.746  -35.774  67.826 0.0000000000
113104  -21.123  -36.346  68.007 0.0000000000
41463  -21.253  -36.023  68.800 0.0000000000
38877  -19.789  -38.895  67.022 0.0000000000
39750  -20.272  -38.408  66.919 0.0000000000
38884  -20.548  -39.272  66.597 0.0000000000
38099  -23.966  -40.081  66.842 0.0000000000
45185  -38.177  -32.397  58.607 0.0000000000
44307  -25.015  -33.052  64.599 0.0000000000
46760  -28.233  -30.035  64.274 0.0000000000
46770  -28.350  -30.509  63.627 0.0000000000
45128  -29.092  -32.044  62.138 0.0000000000
45131  -32.740  -32.816  61.931 0.0000000000
45148  -31.439  -32.554  61.207 0.0000000000
44359  -32.517  -33.713  59.757 0.0000000000
44379  -35.189  -32.671  58.777 0.0000000000
44380  -35.985  -32.811  58.670 0.0000000000
44369  -37.260  -33.346  59.057 0.0000000000
54942  -43.086  -21.291  53.274 0.0000000000
123152  -42.615  -20.803  52.740 0.0000000000
55761  -42.842  -20.092  52.434 0.0000000000
58186  -42.514  -18.107  51.661 0.0000000000
61500  -42.169  -12.478  53.217 0.0000000000
61513  -42.493  -12.616  51.988 0.0000000000
59863  -45.507  -15.511  49.493 0.0000000000
59853  -46.123  -16.157  49.883 0.0000000000
64045  -49.698  -10.376  46.183 0.0000000000
64825  -50.044  -9.525  45.831 0.0000000000
33608  -12.844  -45.375  72.308 0.0000000000
46808  -39.544  -30.923  59.019 0.0000000000
46818  -39.259  -30.416  58.831 0.0000000000
49445  -38.457  -27.104  58.691 0.0000000000
128229  -38.603  -26.342  58.817 0.0000000000
51273  -38.455  -26.016  58.759 0.0000000000
52258  -32.929  -24.500  58.799 0.0000000000
52289  -34.345  -24.570  56.943 0.0000000000
51318  -35.533  -25.446  56.815 0.0000000000
52278  -39.146  -25.488  57.572 0.0000000000
52294  -39.181  -25.509  56.561 0.0000000000
53204  -39.179  -24.191  53.855 0.0000000000
52322  -40.650  -24.525  54.536 0.0000000000
53206  -40.919  -23.845  54.107 0.0000000000
53219  -41.030  -23.186  53.724 0.0000000000
54939  -39.852  -21.992  52.777 0.0000000000
57353  -37.625  -18.638  53.965 0.0000000000
57347  -37.753  -17.971  54.093 0.0000000000
124801  -38.039  -17.600  53.707 0.0000000000
42426  -28.586  -36.154  65.744 0.0000000000
36259  -15.504  -42.386  69.437 0.0000000000
37187  -20.106  -41.492  67.499 0.0000000000
46792  -41.552  -30.229  61.256 0.0000000000
38078  -25.200  -40.095  68.777 0.0000000000
114446  -25.576  -39.786  68.196 0.0000000000
42417  -22.256  -35.295  67.727 0.0000000000
42424  -22.160  -35.874  67.029 0.0000000000
40616  -21.852  -37.139  66.150 0.0000000000
39752  -21.718  -38.110  65.967 0.0000000000
39764  -21.675  -38.946  65.945 0.0000000000
38887  -23.746  -39.709  66.181 0.0000000000
38090  -24.927  -40.050  67.957 0.0000000000
45946  -37.236  -31.583  59.451 0.0000000000
45167  -35.630  -32.465  60.482 0.0000000000
45938  -35.674  -32.234  59.800 0.0000000000
119849  -36.265  -32.068  59.385 0.0000000000
57366  -39.860  -18.830  51.918 0.0000000000
109872  -40.568  -18.281  51.752 0.0000000000
58199  -41.186  -17.110  51.500 0.0000000000
121188  -41.836  -16.932  51.329 0.0000000000
128079  -43.676  -12.022  51.675 0.0000000000
130430  -44.026  -12.006  51.212 0.0000000000
114278  -44.627  -12.131  49.811 0.0000000000
114825  -47.889  -15.229  49.213 0.0000000000
60657  -47.436  -14.758  48.846 0.0000000000
61547  -48.330  -13.729  48.241 0.0000000000
61546  -47.543  -13.404  48.072 0.0000000000
128330  -48.648  -11.323  46.763 0.0000000000
64818  -48.014  -9.605  47.078 0.0000000000
33619  -14.125  -45.219  71.354 0.0000000000
49431  -35.899  -27.759  59.012 0.0000000000
131433  -35.073  -26.710  58.555 0.0000000000
54009  -33.890  -22.632  58.095 0.0000000000
54019  -33.864  -23.099  57.146 0.0000000000
52305  -35.425  -24.354  55.711 0.0000000000
123736  -36.225  -24.503  55.312 0.0000000000
52318  -36.888  -24.311  54.713 0.0000000000
53202  -37.165  -23.640  54.080 0.0000000000
53215  -38.079  -22.589  53.298 0.0000000000
54937  -38.273  -21.740  53.009 0.0000000000
55748  -37.261  -20.153  53.807 0.0000000000
126280  -36.746  -20.190  54.445 0.0000000000
56570  -37.054  -19.531  54.590 0.0000000000
57339  -37.347  -18.847  54.819 0.0000000000
115002  -38.245  -18.083  56.102 0.0000000000
127852  -29.253  -35.218  64.132 0.0000000000
111183  -29.751  -35.395  64.694 0.0000000000
42443  -30.472  -35.683  64.784 0.0000000000
117181  -16.106  -40.149  69.786 0.0000000000
38063  -15.804  -40.874  69.493 0.0000000000
36260  -16.559  -42.481  68.908 0.0000000000
36266  -21.743  -42.156  69.656 0.0000000000
32709  -11.146  -46.579  74.812 0.0000000000
32708  -10.575  -46.712  75.765 0.0000000000
124263  -10.626  -47.431  75.849 0.0000000000
118322  -9.864  -46.444  76.806 0.0000000000
32685  -9.193  -46.370  77.488 0.0000000000
61491  -41.815  -12.887  54.472 0.0000000000
62426  -43.954  -11.977  53.609 0.0000000000
51246  -40.999  -26.279  60.787 0.0000000000
123239  -33.840  -36.479  63.146 0.0000000000
39705  -18.940  -37.775  69.252 0.0000000000
38866  -18.171  -38.847  68.516 0.0000000000
38084  -19.650  -40.713  67.179 0.0000000000
38097  -21.892  -40.292  66.582 0.0000000000
66551  -51.883  -7.509  45.056 0.0000000000
126740  -39.880  -32.633  61.193 0.0000000000
45947  -39.285  -31.529  58.938 0.0000000000
45186  -38.781  -31.927  58.667 0.0000000000
45958  -38.891  -31.127  58.662 0.0000000000
49404  -36.446  -28.119  61.610 0.0000000000
117106  -36.714  -28.152  62.358 0.0000000000
42457  -25.730  -35.670  64.170 0.0000000000
120079  -25.492  -33.870  64.122 0.0000000000
112579  -26.975  -34.604  63.698 0.0000000000
131805  -26.078  -30.681  64.981 0.0000000000
45899  -27.464  -30.612  63.806 0.0000000000
45110  -26.947  -32.272  63.402 0.0000000000
44323  -27.356  -33.244  63.152 0.0000000000
43408  -29.463  -34.028  62.310 0.0000000000
43410  -31.068  -35.030  61.848 0.0000000000
42495  -31.708  -35.200  61.363 0.0000000000
45161  -30.628  -33.025  60.953 0.0000000000
43417  -30.779  -34.228  61.009 0.0000000000
42496  -32.667  -35.468  61.242 0.0000000000
42509  -33.920  -35.184  60.451 0.0000000000
114286  -33.951  -33.135  58.983 0.0000000000
43440  -34.852  -34.056  59.012 0.0000000000
43419  -36.862  -34.672  61.052 0.0000000000
44353  -39.446  -33.342  61.250 0.0000000000
127027  -23.516  -33.672  66.894 0.0000000000
121799  -23.388  -34.372  66.055 0.0000000000
56586  -43.100  -19.426  52.145 0.0000000000
57368  -43.317  -18.740  51.860 0.0000000000
61498  -40.514  -13.391  54.023 0.0000000000
59843  -41.246  -15.066  51.020 0.0000000000
59844  -42.084  -15.613  50.734 0.0000000000
60653  -43.650  -13.983  49.656 0.0000000000
60644  -43.145  -14.503  50.013 0.0000000000
58203  -45.007  -16.965  51.379 0.0000000000
64829  -51.661  -9.599  45.390 0.0000000000
34490  -11.556  -44.602  74.066 0.0000000000
32752  -13.049  -46.047  72.468 0.0000000000
32737  -11.953  -46.121  73.474 0.0000000000
30870  -12.722  -48.361  75.508 0.0000000000
46799  -41.239  -29.931  60.505 0.0000000000
47665  -41.170  -29.210  60.414 0.0000000000
125279  -39.145  -28.813  58.857 0.0000000000
48526  -41.313  -28.626  60.675 0.0000000000
49420  -41.129  -27.728  60.750 0.0000000000
126711  -33.759  -26.769  60.454 0.0000000000
51257  -32.802  -25.461  60.396 0.0000000000
50359  -33.928  -26.854  59.586 0.0000000000
52259  -33.279  -25.091  58.078 0.0000000000
52275  -33.901  -24.996  57.483 0.0000000000
126760  -39.971  -25.993  59.942 0.0000000000
51260  -40.452  -26.195  60.267 0.0000000000
54051  -43.020  -22.871  54.245 0.0000000000
117662  -41.144  -22.544  53.294 0.0000000000
56583  -40.354  -19.753  51.777 0.0000000000
55757  -38.592  -19.883  52.805 0.0000000000
55758  -39.181  -20.380  52.527 0.0000000000
58988  -38.207  -16.765  53.835 0.0000000000
58989  -38.718  -15.984  53.177 0.0000000000
59810  -39.348  -14.741  54.802 0.0000000000
40653  -26.077  -37.157  64.527 0.0000000000
40636  -26.531  -37.366  65.028 0.0000000000
130039  -26.943  -37.353  65.840 0.0000000000
40637  -27.338  -36.642  65.343 0.0000000000
42427  -29.054  -36.101  65.893 0.0000000000
41492  -29.251  -36.282  66.595 0.0000000000
41477  -28.917  -36.709  67.003 0.0000000000
36227  -13.234  -42.588  72.499 0.0000000000
37157  -14.492  -42.064  70.375 0.0000000000
34520  -16.393  -44.939  71.047 0.0000000000
38074  -17.938  -39.611  68.013 0.0000000000
122072  -18.015  -41.838  68.105 0.0000000000
35423  -17.951  -43.512  69.449 0.0000000000
36265  -21.123  -42.416  69.496 0.0000000000
35405  -19.231  -43.775  70.228 0.0000000000
126030  -18.319  -43.991  70.065 0.0000000000
29947  -9.500  -49.533  77.360 0.0000000000
29945  -8.556  -49.595  76.606 0.0000000000
115174  -8.371  -48.174  76.979 0.0000000000
31771  -8.384  -47.329  77.261 0.0000000000
34506  -12.473  -44.906  72.590 0.0000000000
111822  -43.362  -12.346  54.082 0.0000000000
