#!ascii label  , from subject sub-v1s6x0051606_ses-1 vox2ras=TkReg
1913
13199  -13.846  -66.991  -17.296 0.5000000000
9490  -13.239  -71.253  -14.241 0.5000000000
9480  -13.573  -71.661  -13.640 0.5000000000
8686  -13.176  -72.528  -13.458 0.5000000000
16019  -14.584  -64.875  -17.825 0.5000000000
14108  -14.133  -65.784  -17.871 0.5000000000
14999  -14.615  -65.626  -17.102 0.5000000000
14088  -14.569  -66.380  -16.459 0.5000000000
14089  -15.086  -66.197  -15.873 0.6000000238
13190  -14.263  -67.232  -16.272 0.5000000000
7950  -13.030  -73.520  -12.929 0.5000000000
11273  -13.466  -69.305  -15.494 0.5000000000
7211  -14.043  -75.009  -11.914 0.5000000000
10315  -13.513  -70.466  -14.465 0.6000000238
7951  -13.731  -72.946  -12.698 0.6000000238
10316  -14.242  -69.976  -13.944 0.6000000238
8687  -13.925  -72.093  -12.947 0.6000000238
7201  -14.610  -74.393  -11.730 0.6999999881
125884  -15.210  -70.396  -12.874 0.6999999881
8678  -14.451  -72.628  -12.371 0.6999999881
9472  -16.115  -70.995  -11.996 0.6999999881
8679  -15.167  -72.422  -11.908 0.6999999881
7934  -14.913  -73.133  -11.820 0.6999999881
16020  -15.087  -63.977  -17.726 0.5000000000
16006  -15.549  -64.762  -16.293 0.6000000238
16977  -15.598  -63.911  -16.836 0.6000000238
15995  -16.039  -64.915  -15.605 0.6000000238
12240  -14.763  -68.035  -14.908 0.5000000000
6541  -15.031  -75.115  -11.656 0.5000000000
5917  -15.391  -76.407  -12.337 0.5000000000
5930  -16.595  -76.376  -13.381 0.6999999881
6555  -15.644  -75.691  -11.894 0.6999999881
124732  -16.868  -75.579  -12.474 0.6999999881
11274  -13.960  -69.070  -14.908 0.6000000238
12221  -15.137  -68.539  -14.261 0.6999999881
6542  -16.000  -74.978  -11.512 0.6999999881
11242  -15.656  -69.360  -13.450 0.6999999881
10296  -16.025  -70.370  -12.487 0.6999999881
7203  -16.704  -74.420  -11.455 0.6999999881
10297  -16.753  -70.450  -12.063 0.6999999881
130580  -16.242  -71.586  -11.667 0.6999999881
8670  -16.616  -72.764  -11.237 0.6999999881
7901  -18.166  -73.267  -11.166 0.6999999881
9462  -17.330  -71.441  -11.060 0.6999999881
9451  -17.935  -71.766  -10.675 0.6999999881
8660  -17.968  -72.509  -10.787 0.6999999881
8661  -18.570  -72.073  -10.551 0.6999999881
16991  -15.432  -63.225  -17.575 0.5000000000
16992  -15.777  -62.756  -16.888 0.6000000238
17931  -16.307  -62.594  -15.943 0.6000000238
16978  -16.065  -63.510  -16.080 0.6000000238
17932  -16.656  -62.906  -15.185 0.6000000238
14989  -15.729  -65.767  -15.609 0.6000000238
15997  -16.775  -64.144  -15.016 0.6000000238
14083  -15.460  -66.590  -15.349 0.6000000238
6570  -17.133  -75.891  -13.936 0.6999999881
113409  -15.632  -67.835  -14.583 0.6999999881
113958  -17.332  -75.258  -12.780 0.6999999881
7238  -17.111  -74.729  -14.920 0.6999999881
7979  -16.922  -74.033  -15.611 0.6999999881
126862  -16.530  -67.695  -14.273 0.6999999881
7226  -17.550  -74.495  -14.152 0.6999999881
8704  -16.893  -73.222  -15.795 0.6999999881
125094  -16.018  -68.314  -14.166 0.6999999881
12210  -16.698  -68.468  -13.700 0.6999999881
6557  -17.143  -75.170  -12.123 0.6999999881
7219  -17.739  -74.646  -13.257 0.6999999881
112580  -17.309  -74.030  -14.844 0.6999999881
7980  -17.253  -73.323  -15.100 0.6999999881
11243  -16.339  -69.184  -13.259 0.6999999881
12195  -17.155  -68.965  -12.999 0.6999999881
7213  -18.037  -74.298  -12.103 0.6999999881
7968  -18.123  -73.084  -13.771 0.6999999881
11206  -17.836  -69.763  -11.675 0.6999999881
130905  -18.568  -73.386  -11.583 0.6999999881
7935  -18.576  -73.666  -12.218 0.6999999881
11187  -18.066  -70.144  -11.001 0.6999999881
130714  -18.609  -72.678  -10.822 0.6999999881
125840  -18.931  -72.952  -12.569 0.6999999881
10257  -19.043  -70.561  -10.150 0.6999999881
8672  -19.454  -72.523  -11.314 0.6999999881
9442  -19.431  -71.172  -10.146 0.6999999881
122899  -15.357  -61.694  -17.657 0.5000000000
17945  -16.001  -61.907  -16.628 0.6000000238
19002  -16.266  -61.090  -15.666 0.6000000238
20106  -15.972  -60.266  -16.222 0.5000000000
18991  -16.513  -61.052  -15.078 0.6000000238
20104  -13.980  -60.657  -17.303 0.5000000000
19015  -15.627  -60.854  -16.799 0.5000000000
17919  -16.587  -61.989  -15.276 0.6000000238
20066  -16.167  -60.420  -13.641 0.6000000238
17907  -17.266  -62.943  -13.855 0.6000000238
18992  -16.790  -61.968  -14.388 0.6000000238
14990  -16.462  -65.577  -15.074 0.6000000238
14084  -16.780  -66.190  -14.644 0.6999999881
15981  -17.244  -64.535  -14.449 0.6999999881
13161  -17.266  -67.237  -14.114 0.6999999881
126103  -17.752  -66.115  -14.048 0.6999999881
8713  -16.599  -72.649  -16.383 0.6999999881
13162  -17.769  -67.529  -13.648 0.6999999881
14060  -18.213  -67.041  -13.425 0.6999999881
8705  -17.188  -72.527  -15.488 0.6999999881
119138  -16.504  -71.904  -16.745 0.6999999881
14061  -18.595  -66.798  -12.815 0.6999999881
8696  -17.731  -72.585  -14.564 0.6999999881
9508  -17.051  -71.666  -15.993 0.6999999881
9516  -16.013  -71.594  -17.304 0.6999999881
12182  -18.617  -68.660  -11.212 0.6000000238
9483  -18.516  -71.783  -13.497 0.6999999881
9500  -17.582  -71.716  -15.101 0.6999999881
10335  -17.195  -70.713  -16.052 0.6999999881
9507  -16.713  -71.162  -16.767 0.6999999881
9515  -15.517  -71.244  -17.878 0.6999999881
11207  -18.325  -69.401  -11.128 0.6999999881
8689  -19.086  -72.190  -12.827 0.6999999881
9484  -19.024  -71.242  -13.055 0.6000000238
112698  -17.845  -70.868  -14.735 0.6999999881
10328  -17.700  -70.326  -15.382 0.6999999881
10258  -19.764  -70.514  -9.790 0.6000000238
9453  -19.784  -71.675  -10.443 0.6999999881
9464  -20.531  -71.584  -11.095 0.6999999881
9463  -20.023  -72.087  -11.587 0.6999999881
10298  -19.854  -70.939  -12.753 0.6000000238
10306  -19.208  -70.413  -13.350 0.6000000238
10259  -20.455  -70.329  -9.637 0.6000000238
9454  -20.361  -71.368  -10.488 0.6000000238
10289  -20.920  -70.927  -11.473 0.6000000238
10299  -20.531  -70.543  -12.303 0.5000000000
10307  -20.010  -70.113  -13.057 0.5000000000
11244  -19.504  -69.673  -13.654 0.5000000000
10277  -21.432  -70.154  -10.295 0.6000000238
11189  -21.983  -69.380  -10.443 0.5000000000
10300  -21.157  -70.129  -11.822 0.5000000000
20091  -16.129  -59.837  -15.843 0.6000000238
20090  -15.742  -59.519  -16.082 0.6000000238
20999  -15.985  -59.399  -13.290 0.5000000000
20982  -15.796  -58.529  -13.531 0.6999999881
20105  -15.383  -60.200  -16.471 0.5000000000
21028  -14.048  -59.179  -16.057 0.6000000238
21016  -14.154  -58.869  -15.279 0.6000000238
20089  -12.458  -60.282  -15.876 0.6000000238
123307  -13.361  -59.972  -16.172 0.6000000238
20047  -16.183  -60.140  -12.402 0.4000000060
21027  -12.880  -59.527  -15.651 0.6000000238
113940  -16.393  -60.904  -12.716 0.5000000000
123880  -17.018  -62.269  -13.440 0.6000000238
16947  -17.716  -63.697  -13.421 0.6000000238
14966  -17.788  -65.304  -13.915 0.6999999881
15968  -17.738  -64.481  -13.710 0.6000000238
14957  -18.708  -65.763  -12.584 0.6999999881
13128  -18.868  -67.853  -11.299 0.6000000238
121158  -18.947  -66.558  -12.072 0.6000000238
114095  -18.830  -69.106  -10.604 0.6000000238
10318  -18.260  -69.907  -14.584 0.6000000238
10336  -17.466  -69.911  -16.039 0.6000000238
10343  -16.976  -70.265  -16.883 0.6999999881
115411  -16.524  -70.146  -17.643 0.6999999881
10353  -15.862  -70.379  -18.168 0.6999999881
130636  -19.599  -69.461  -9.587 0.6000000238
11259  -19.068  -69.320  -14.270 0.6000000238
10361  -15.143  -70.436  -19.507 0.6999999881
122619  -21.243  -69.410  -9.135 0.6000000238
11227  -20.712  -69.744  -12.645 0.4000000060
11260  -19.800  -68.964  -13.970 0.4000000060
11276  -18.673  -68.952  -15.001 0.5000000000
11290  -17.429  -69.482  -16.707 0.6000000238
11316  -15.922  -69.713  -18.743 0.6000000238
11174  -21.718  -69.353  -9.599 0.5000000000
110733  -22.659  -68.172  -10.554 0.5000000000
12184  -22.313  -68.731  -11.074 0.5000000000
11228  -21.353  -69.320  -12.199 0.5000000000
12242  -19.228  -68.210  -15.138 0.4000000060
12257  -18.482  -68.272  -16.164 0.6000000238
21961  -15.281  -58.052  -13.833 0.6000000238
115689  -15.582  -58.854  -14.032 0.6000000238
21942  -16.514  -57.671  -13.091 0.6000000238
21015  -13.207  -58.908  -15.249 0.6000000238
21977  -13.505  -58.444  -14.541 0.5000000000
126545  -13.138  -57.542  -13.502 0.6000000238
23044  -12.359  -57.749  -13.267 0.6000000238
131220  -16.301  -59.576  -12.247 0.6000000238
21013  -11.550  -59.567  -14.515 0.6999999881
21957  -11.853  -58.445  -13.727 0.6000000238
23022  -11.449  -57.639  -11.980 0.6000000238
18965  -16.553  -60.713  -11.750 0.5000000000
115980  -16.377  -59.981  -11.446 0.6000000238
21012  -10.766  -59.881  -14.067 0.6000000238
21956  -11.430  -58.881  -12.989 0.6999999881
18966  -16.954  -61.731  -12.431 0.5000000000
20997  -10.792  -59.716  -13.223 0.6999999881
17893  -17.607  -62.855  -12.835 0.6000000238
20064  -9.821  -60.657  -12.555 0.6000000238
15957  -18.546  -64.829  -12.478 0.6000000238
16939  -18.082  -63.645  -12.752 0.6000000238
15946  -18.879  -64.534  -11.675 0.6000000238
111694  -18.811  -65.236  -11.882 0.6000000238
14047  -19.212  -66.452  -10.764 0.6000000238
14028  -19.811  -67.176  -9.020 0.6000000238
14021  -22.335  -66.170  -7.397 0.6000000238
12151  -20.011  -68.476  -8.872 0.6000000238
14031  -23.416  -66.289  -8.109 0.6000000238
12163  -22.200  -68.535  -9.255 0.6000000238
12256  -17.853  -68.777  -16.593 0.6000000238
12272  -17.015  -68.980  -18.039 0.6000000238
123418  -16.374  -69.193  -18.616 0.6000000238
13130  -22.676  -68.002  -9.787 0.5000000000
113071  -22.713  -67.874  -11.269 0.5000000000
12198  -22.199  -68.071  -11.997 0.5000000000
12304  -16.039  -68.767  -20.628 0.6000000238
12258  -19.103  -67.887  -15.799 0.4000000060
12274  -18.267  -68.099  -17.041 0.6000000238
12285  -17.346  -68.220  -18.377 0.6000000238
23047  -14.983  -57.420  -13.536 0.6000000238
23007  -15.214  -56.750  -12.444 0.5000000000
24077  -15.953  -56.473  -12.875 0.6000000238
24078  -16.836  -56.293  -13.021 0.5000000000
23046  -14.336  -57.313  -13.619 0.6000000238
23005  -13.593  -56.753  -11.559 0.6000000238
21941  -15.800  -57.736  -13.416 0.5000000000
23027  -16.241  -56.979  -13.041 0.5000000000
21943  -17.144  -57.788  -12.955 0.5000000000
23004  -12.628  -56.903  -11.987 0.5000000000
23024  -13.633  -56.855  -12.510 0.6000000238
23003  -11.771  -57.126  -11.875 0.5000000000
21926  -16.784  -58.451  -12.537 0.6000000238
124980  -9.909  -59.586  -12.050 0.6999999881
112864  -10.616  -58.638  -11.619 0.6000000238
20947  -9.927  -59.148  -11.005 0.6000000238
17877  -17.788  -62.270  -11.655 0.5000000000
18946  -9.735  -61.242  -11.984 0.5000000000
20030  -9.657  -60.473  -11.358 0.6999999881
17894  -18.333  -63.165  -12.015 0.5000000000
15947  -19.264  -65.086  -11.154 0.5000000000
14948  -19.230  -65.777  -10.977 0.6000000238
14922  -20.761  -65.026  -8.213 0.6000000238
110562  -20.244  -65.796  -8.649 0.5000000000
14913  -22.700  -65.334  -7.299 0.6000000238
14020  -21.416  -66.446  -7.564 0.6000000238
14048  -23.619  -66.709  -10.064 0.5000000000
14100  -19.458  -67.047  -17.298 0.5000000000
125867  -18.722  -67.595  -17.413 0.5000000000
13207  -17.643  -67.552  -18.806 0.6000000238
13215  -16.733  -67.633  -20.083 0.6000000238
115756  -15.021  -56.588  -11.548 0.6000000238
24063  -15.647  -56.325  -12.099 0.6000000238
126593  -13.691  -56.798  -10.730 0.6000000238
23028  -17.124  -56.936  -13.193 0.5000000000
24061  -12.859  -56.798  -10.975 0.6000000238
24047  -11.141  -56.978  -10.630 0.6999999881
21944  -17.914  -58.089  -12.820 0.6000000238
22982  -10.515  -57.990  -10.670 0.6000000238
22984  -11.217  -57.246  -11.344 0.6000000238
20964  -17.272  -59.379  -10.966 0.6000000238
20005  -9.721  -59.906  -10.061 0.6000000238
21901  -10.093  -58.568  -9.860 0.6000000238
18929  -17.454  -60.894  -10.549 0.5000000000
16931  -18.994  -63.598  -11.294 0.5000000000
18947  -10.215  -62.010  -11.648 0.5000000000
20031  -9.911  -61.368  -11.105 0.6000000238
14940  -19.596  -65.323  -10.333 0.5000000000
126919  -21.169  -64.274  -8.532 0.6000000238
14933  -20.138  -64.964  -9.412 0.5000000000
15900  -23.120  -64.560  -7.387 0.5000000000
14914  -23.485  -65.137  -7.436 0.5000000000
14111  -19.345  -66.290  -18.238 0.6000000238
14109  -17.939  -66.880  -19.238 0.6000000238
24030  -14.874  -56.357  -9.925 0.6000000238
25046  -15.892  -55.677  -11.735 0.5000000000
25047  -16.751  -55.100  -12.092 0.5000000000
24029  -14.085  -56.501  -9.677 0.6999999881
24065  -17.323  -55.602  -12.778 0.5000000000
24027  -11.221  -56.720  -9.589 0.6999999881
24049  -13.273  -56.745  -10.017 0.6000000238
128292  -18.570  -56.812  -13.149 0.5000000000
24046  -10.672  -57.182  -10.000 0.6000000238
23029  -17.929  -57.220  -13.266 0.5000000000
128626  -18.636  -58.931  -11.773 0.6000000238
20921  -9.940  -58.835  -9.065 0.6999999881
20965  -18.194  -59.319  -10.927 0.6000000238
20934  -9.914  -59.802  -9.245 0.6000000238
20019  -18.607  -60.588  -10.383 0.6000000238
18912  -10.553  -61.282  -9.204 0.6999999881
20006  -9.936  -60.687  -9.601 0.6999999881
17879  -19.356  -62.845  -10.714 0.5000000000
18930  -18.340  -61.201  -10.376 0.5000000000
18927  -10.334  -61.523  -10.194 0.6000000238
17861  -20.214  -62.980  -10.480 0.5000000000
18913  -11.278  -61.902  -9.656 0.5000000000
115563  -20.804  -63.414  -10.039 0.6000000238
16922  -20.225  -63.735  -10.243 0.5000000000
17858  -13.081  -62.642  -10.577 0.6000000238
16913  -20.522  -64.058  -9.704 0.5000000000
15912  -21.790  -64.013  -7.923 0.6000000238
17825  -24.390  -63.227  -7.916 0.5000000000
25015  -15.304  -55.465  -9.713 0.6999999881
25016  -15.987  -54.777  -10.431 0.5000000000
123079  -16.106  -54.967  -11.344 0.5000000000
25000  -12.830  -55.541  -8.527 0.8000000119
25001  -13.792  -55.502  -8.756 0.6999999881
25048  -17.832  -54.738  -12.381 0.5000000000
24067  -18.834  -55.827  -12.479 0.5000000000
24009  -10.064  -56.046  -8.342 0.6999999881
24010  -10.766  -56.192  -8.722 0.6999999881
25012  -12.391  -56.137  -8.861 0.8000000119
24026  -10.435  -56.826  -9.128 0.6999999881
23008  -19.426  -57.026  -12.296 0.5000000000
21885  -10.124  -57.731  -8.154 0.6999999881
22952  -10.127  -57.478  -8.790 0.6999999881
21929  -18.665  -58.420  -12.472 0.6000000238
116686  -18.683  -57.765  -13.081 0.5000000000
19989  -10.554  -60.174  -7.659 0.6000000238
20922  -10.190  -59.569  -8.350 0.6000000238
127937  -19.585  -60.086  -10.892 0.6000000238
19996  -10.833  -60.965  -7.975 0.6999999881
19995  -10.285  -60.565  -8.613 0.6999999881
115868  -19.639  -62.245  -10.579 0.6000000238
20020  -19.459  -60.636  -10.571 0.6000000238
18900  -11.297  -61.627  -8.619 0.6000000238
113149  -20.410  -62.069  -10.609 0.6000000238
16914  -21.214  -63.565  -9.581 0.6000000238
17845  -13.489  -62.821  -9.951 0.6000000238
16904  -22.265  -63.414  -8.448 0.6000000238
16905  -23.009  -63.193  -7.984 0.5000000000
25968  -13.642  -55.017  -8.051 0.6000000238
25969  -14.792  -55.024  -8.818 0.5000000000
113454  -16.522  -53.892  -10.184 0.5000000000
25050  -19.154  -54.983  -11.903 0.5000000000
24983  -11.077  -54.972  -7.771 0.8000000119
24052  -19.490  -56.156  -11.554 0.5000000000
22931  -10.093  -56.524  -7.400 0.6999999881
20984  -19.553  -59.042  -12.397 0.6000000238
124854  -11.297  -64.507  -5.483 0.6000000238
20914  -10.481  -59.257  -7.533 0.8000000119
15880  -12.262  -64.495  -5.532 0.6000000238
19990  -11.111  -60.679  -7.135 0.6999999881
20915  -10.868  -59.792  -6.992 0.8000000119
20966  -19.152  -59.474  -11.260 0.6000000238
118402  -12.613  -64.481  -8.110 0.6000000238
18887  -11.551  -61.472  -7.576 0.6000000238
18951  -21.104  -61.534  -10.929 0.6000000238
18932  -22.054  -61.992  -10.970 0.6000000238
15910  -13.702  -63.733  -8.336 0.6000000238
128357  -13.413  -62.781  -9.298 0.6000000238
17832  -13.079  -62.531  -8.836 0.6000000238
17863  -21.969  -62.623  -10.271 0.6000000238
18933  -22.812  -62.149  -10.849 0.6000000238
17844  -13.091  -62.447  -9.744 0.5000000000
17846  -22.897  -62.803  -9.062 0.5000000000
17847  -23.647  -62.309  -9.090 0.5000000000
18914  -23.750  -62.016  -9.833 0.5000000000
25957  -14.711  -54.387  -8.047 0.5000000000
25971  -16.612  -53.485  -9.568 0.5000000000
25955  -12.293  -55.046  -7.895 0.6000000238
25956  -13.868  -54.247  -7.315 0.5000000000
24981  -9.986  -55.600  -7.178 0.8000000119
25954  -10.713  -54.788  -6.956 0.6999999881
23979  -10.278  -56.292  -6.702 0.8000000119
21874  -10.633  -57.778  -7.219 0.8000000119
21945  -19.633  -58.356  -12.719 0.6000000238
22985  -19.940  -57.066  -11.012 0.5000000000
14893  -10.686  -65.430  -3.656 0.6000000238
21887  -10.782  -58.807  -7.125 0.8000000119
23031  -20.124  -58.430  -13.061 0.5000000000
15872  -12.776  -64.739  -4.699 0.6999999881
15871  -11.873  -64.869  -4.637 0.6000000238
19976  -11.732  -60.182  -6.583 0.8000000119
20967  -20.022  -59.845  -11.786 0.6000000238
21946  -20.268  -58.893  -13.597 0.6000000238
15881  -13.111  -64.321  -5.579 0.6000000238
20034  -21.395  -60.925  -11.775 0.6000000238
20033  -20.365  -60.656  -11.101 0.6000000238
21000  -20.650  -59.404  -14.086 0.6000000238
15898  -13.502  -64.156  -7.559 0.6000000238
18888  -12.352  -62.062  -7.141 0.6000000238
19977  -11.889  -61.179  -6.674 0.5000000000
20035  -22.142  -61.034  -12.216 0.6000000238
115781  -13.279  -62.576  -7.905 0.6000000238
18934  -23.419  -61.865  -10.643 0.6000000238
18954  -23.097  -61.564  -11.517 0.6000000238
20022  -23.617  -61.145  -10.967 0.5000000000
20023  -24.143  -60.565  -10.261 0.5000000000
120558  -24.664  -61.279  -8.994 0.5000000000
20007  -24.784  -60.535  -9.381 0.5000000000
25941  -12.799  -53.981  -6.598 0.6000000238
25939  -10.144  -54.981  -6.434 0.6999999881
14876  -10.226  -65.332  -2.223 0.6000000238
14884  -10.478  -65.547  -2.868 0.6000000238
22933  -10.733  -57.121  -6.779 0.8000000119
123618  -20.293  -57.491  -12.059 0.5000000000
14885  -11.390  -65.603  -2.981 0.6000000238
126064  -12.155  -57.851  -6.703 0.8000000119
120441  -20.781  -57.604  -12.391 0.5000000000
14894  -11.608  -65.373  -3.750 0.6999999881
20902  -12.528  -59.578  -6.199 0.8000000119
21962  -20.359  -58.784  -14.659 0.6000000238
23032  -20.344  -57.778  -13.717 0.6000000238
109164  -13.514  -64.481  -4.750 0.8000000119
19978  -12.506  -60.590  -5.990 0.6999999881
113770  -20.928  -59.882  -13.346 0.6000000238
21963  -20.500  -58.475  -15.065 0.6000000238
15882  -13.597  -64.044  -5.613 0.6999999881
16889  -13.665  -63.879  -6.661 0.6999999881
18875  -12.709  -61.738  -6.137 0.6000000238
20050  -22.033  -60.346  -12.864 0.6000000238
21964  -21.899  -58.377  -14.787 0.6000000238
16895  -13.792  -63.723  -7.518 0.6000000238
21003  -22.383  -58.960  -13.976 0.5000000000
20968  -23.451  -59.928  -12.119 0.5000000000
25940  -10.680  -54.308  -6.218 0.6000000238
26969  -12.104  -53.486  -5.751 0.5000000000
119368  -8.990  -64.584  -0.704 0.6000000238
130046  -10.136  -54.622  -5.129 0.6999999881
15848  -9.336  -65.005  -1.383 0.6000000238
23966  -10.354  -55.673  -5.943 0.6999999881
24951  -11.201  -55.453  -4.863 0.6000000238
14877  -11.092  -65.365  -2.453 0.6000000238
15849  -9.949  -64.868  -1.735 0.6000000238
23981  -11.756  -56.644  -5.939 0.6000000238
122695  -12.507  -57.272  -6.386 0.6999999881
14879  -12.748  -65.395  -2.746 0.8000000119
21876  -12.318  -58.645  -6.644 0.6999999881
119859  -13.115  -57.994  -6.788 0.6000000238
14896  -13.369  -65.035  -3.897 0.8000000119
118264  -13.226  -59.983  -5.866 0.8000000119
19979  -14.186  -60.092  -5.829 0.6999999881
16877  -14.183  -64.104  -4.633 0.6999999881
16882  -13.863  -63.594  -5.426 0.6999999881
17809  -13.944  -62.615  -5.151 0.6000000238
18876  -13.431  -60.957  -5.572 0.8000000119
16847  -9.045  -63.912  -0.198 0.6000000238
16854  -9.321  -64.451  -1.089 0.6000000238
16861  -10.924  -64.603  -2.209 0.6999999881
22936  -14.188  -57.744  -6.588 0.6000000238
15854  -11.590  -65.142  -2.344 0.6999999881
15855  -12.556  -65.127  -2.485 0.6999999881
21877  -14.654  -58.651  -6.660 0.6999999881
19980  -15.217  -60.209  -5.903 0.6000000238
15856  -13.586  -65.096  -2.676 0.8000000119
15864  -14.840  -64.686  -3.115 0.6000000238
16878  -14.938  -63.865  -4.118 0.5000000000
19962  -14.503  -60.860  -5.337 0.6999999881
19963  -15.607  -60.895  -5.409 0.6999999881
20905  -15.917  -59.689  -6.305 0.6000000238
15873  -13.947  -64.662  -4.043 0.8000000119
126667  -15.265  -63.121  -4.293 0.6000000238
17810  -14.704  -62.436  -4.809 0.6000000238
17769  -9.135  -62.832  0.344 0.6000000238
112304  -9.430  -61.836  -0.527 0.6000000238
118144  -9.611  -62.620  -1.826 0.6999999881
119377  -9.453  -63.626  -1.062 0.6000000238
16860  -9.844  -63.753  -2.000 0.6999999881
17782  -10.568  -63.374  -2.696 0.6999999881
16862  -12.143  -64.634  -2.360 0.6999999881
117083  -12.680  -63.903  -2.481 0.6000000238
21878  -15.607  -58.887  -6.545 0.6000000238
16864  -14.230  -64.270  -2.442 0.6000000238
127432  -15.503  -63.623  -3.726 0.6000000238
21869  -16.125  -58.317  -6.208 0.5000000000
19964  -16.650  -60.801  -5.474 0.6000000238
20893  -17.248  -59.437  -5.987 0.5000000000
20894  -17.731  -59.511  -5.174 0.5000000000
18848  -16.780  -61.551  -4.599 0.6000000238
19948  -17.206  -60.840  -4.953 0.5000000000
19837  -9.452  -61.161  0.894 0.6000000238
117450  -9.366  -61.856  0.359 0.6000000238
18809  -9.453  -61.699  -1.572 0.6999999881
19877  -9.350  -60.808  -1.320 0.6999999881
121129  -9.600  -61.477  -2.525 0.6999999881
18815  -10.012  -62.402  -2.858 0.6999999881
17791  -10.804  -62.686  -3.201 0.6000000238
17783  -11.583  -63.495  -2.830 0.5000000000
123482  -12.516  -62.919  -3.041 0.6999999881
18833  -12.921  -61.453  -3.242 0.6000000238
17784  -13.675  -63.442  -2.365 0.6000000238
128012  -14.877  -63.354  -2.103 0.6000000238
18818  -15.163  -62.251  -2.181 0.6000000238
17795  -16.429  -62.432  -3.436 0.6000000238
18820  -16.640  -61.833  -3.210 0.5000000000
19900  -16.621  -60.933  -2.880 0.5000000000
19901  -17.354  -60.362  -3.236 0.5000000000
119451  -8.647  -57.209  2.537 0.6999999881
23881  -8.295  -57.149  1.554 0.6999999881
117061  -7.781  -56.577  2.074 0.6999999881
21812  -9.406  -59.081  0.483 0.6000000238
112629  -8.811  -57.652  1.086 0.6999999881
24853  -6.554  -55.416  2.025 0.6999999881
25824  -6.479  -54.660  1.400 0.6000000238
112484  -9.454  -59.988  0.121 0.6999999881
21811  -8.909  -58.460  -0.053 0.6999999881
22871  -8.544  -57.792  0.242 0.6999999881
23899  -6.815  -56.154  0.493 0.6999999881
20846  -9.285  -59.930  -0.947 0.6999999881
21818  -9.166  -59.141  -0.479 0.6999999881
121535  -7.219  -56.618  -0.126 0.6999999881
18830  -9.859  -61.172  -3.515 0.6999999881
18831  -10.600  -61.850  -3.656 0.6000000238
17792  -11.522  -62.377  -3.446 0.6000000238
19926  -13.082  -60.712  -3.335 0.6000000238
19925  -12.355  -59.996  -3.754 0.6000000238
113358  -14.345  -62.417  -2.268 0.6000000238
18817  -13.724  -61.445  -2.914 0.6000000238
19897  -13.977  -60.514  -3.200 0.6000000238
120954  -14.633  -61.345  -2.593 0.5000000000
19898  -14.711  -60.299  -3.055 0.6000000238
20864  -14.507  -59.493  -2.903 0.6000000238
130034  -15.833  -62.102  -2.407 0.5000000000
19899  -15.580  -61.087  -2.586 0.5000000000
114348  -15.249  -60.009  -2.892 0.5000000000
23874  -8.170  -56.612  3.075 0.6999999881
23873  -7.041  -56.066  2.711 0.6999999881
25814  -6.433  -54.557  2.391 0.6000000238
26828  -6.550  -53.801  2.773 0.6000000238
26842  -6.655  -53.956  1.821 0.6000000238
26843  -7.071  -53.411  1.271 0.4000000060
23915  -6.739  -56.042  -0.548 0.6000000238
24860  -6.536  -55.413  0.977 0.5000000000
26856  -6.723  -54.046  0.849 0.5000000000
27913  -7.658  -52.867  0.763 0.4000000060
27901  -8.259  -52.302  1.239 0.5000000000
128597  -9.279  -60.768  -2.260 0.6999999881
20851  -8.858  -59.140  -1.544 0.8000000119
22880  -8.222  -57.736  -1.346 0.6999999881
23924  -6.827  -55.941  -1.303 0.5000000000
25863  -6.887  -55.031  -1.126 0.4000000060
115143  -7.338  -53.798  -0.473 0.4000000060
109796  -7.747  -52.980  -0.116 0.4000000060
27926  -8.606  -52.603  -0.538 0.4000000060
20852  -9.039  -59.954  -2.172 0.8000000119
20861  -8.677  -58.996  -2.778 0.8000000119
21828  -8.428  -58.332  -2.049 0.8000000119
22891  -8.113  -57.442  -2.363 0.8000000119
23925  -7.262  -56.204  -1.917 0.6000000238
24905  -7.002  -55.452  -1.659 0.5000000000
26869  -7.525  -54.267  -1.198 0.4000000060
26870  -7.998  -53.460  -0.845 0.4000000060
19896  -9.356  -60.604  -3.062 0.6999999881
129943  -9.885  -60.656  -4.010 0.8000000119
19946  -9.866  -60.214  -4.176 0.6999999881
21863  -10.427  -59.260  -4.324 0.5000000000
24914  -8.190  -55.685  -2.598 0.5000000000
25866  -8.807  -54.314  -1.972 0.4000000060
26891  -9.132  -53.611  -1.491 0.4000000060
19923  -10.437  -60.880  -4.106 0.6000000238
19924  -11.358  -60.519  -4.102 0.5000000000
109992  -12.053  -59.159  -3.939 0.5000000000
21853  -12.782  -59.148  -3.467 0.6000000238
20863  -13.632  -59.216  -3.143 0.6000000238
21843  -13.812  -58.697  -2.399 0.6000000238
24850  -6.988  -55.729  3.680 0.6000000238
24849  -6.546  -55.017  4.108 0.5000000000
25811  -6.338  -54.375  3.339 0.5000000000
27882  -6.686  -52.870  3.947 0.4000000060
26821  -6.865  -53.062  3.156 0.5000000000
27889  -7.667  -52.802  2.720 0.5000000000
27900  -7.721  -52.923  1.760 0.5000000000
28869  -8.965  -51.896  1.872 0.5000000000
28870  -9.409  -51.235  1.467 0.5000000000
29754  -9.925  -50.698  2.074 0.5000000000
27915  -8.961  -51.836  -0.014 0.5000000000
29764  -10.223  -50.033  1.462 0.5000000000
21840  -8.476  -58.035  -3.160 0.6999999881
22899  -8.197  -56.982  -3.094 0.6000000238
23945  -8.649  -56.882  -3.365 0.5000000000
23934  -8.088  -56.295  -2.939 0.5000000000
28887  -9.830  -51.632  -0.407 0.5000000000
28880  -10.231  -51.101  0.006 0.5000000000
20862  -8.979  -59.799  -3.375 0.8000000119
20873  -8.816  -58.667  -3.892 0.6999999881
21862  -9.504  -58.989  -4.257 0.6000000238
23935  -8.685  -56.167  -3.087 0.5000000000
24915  -9.127  -55.518  -2.620 0.4000000060
25867  -9.776  -54.198  -1.537 0.5000000000
26871  -9.488  -52.851  -1.115 0.4000000060
28888  -10.630  -51.643  -0.952 0.5000000000
21851  -10.256  -58.452  -4.228 0.5000000000
22910  -10.169  -57.645  -3.869 0.5000000000
22900  -10.204  -56.923  -3.328 0.6000000238
23936  -10.277  -56.284  -2.776 0.5000000000
24907  -10.279  -55.596  -2.155 0.5000000000
112127  -10.631  -54.957  -1.171 0.5000000000
21842  -12.100  -58.537  -3.469 0.5000000000
110593  -12.085  -57.746  -2.655 0.5000000000
23937  -11.050  -56.674  -2.512 0.5000000000
23926  -11.011  -56.095  -2.104 0.5000000000
110291  -12.967  -58.484  -2.885 0.6000000238
22893  -12.398  -57.041  -1.608 0.6000000238
123704  -6.557  -54.403  4.940 0.5000000000
26814  -6.448  -53.552  4.794 0.5000000000
121560  -6.416  -53.376  4.226 0.5000000000
27876  -6.976  -52.461  4.430 0.4000000060
28852  -7.517  -52.308  3.709 0.4000000060
25800  -6.455  -53.806  5.580 0.5000000000
27868  -6.909  -52.399  5.248 0.4000000060
27883  -8.244  -52.307  3.052 0.6000000238
28854  -9.416  -51.426  3.372 0.5000000000
28862  -9.473  -51.305  2.503 0.5000000000
117133  -9.870  -50.657  3.110 0.4000000060
29755  -10.258  -50.001  2.649 0.4000000060
30668  -11.193  -48.890  2.458 0.4000000060
27854  -6.959  -51.954  6.004 0.4000000060
28832  -7.508  -51.786  5.431 0.4000000060
28846  -7.485  -51.973  4.635 0.4000000060
121049  -8.296  -51.745  4.209 0.5000000000
28853  -8.645  -51.913  3.569 0.5000000000
29746  -10.032  -51.204  3.850 0.5000000000
28848  -8.943  -51.154  5.019 0.4000000060
29714  -9.981  -51.306  4.868 0.4000000060
121494  -10.327  -51.048  4.221 0.4000000060
29747  -10.464  -50.220  3.644 0.4000000060
30667  -10.712  -49.421  3.067 0.4000000060
30661  -11.277  -48.994  3.381 0.4000000060
117241  -7.826  -51.478  7.131 0.4000000060
125097  -7.602  -51.635  6.271 0.4000000060
28833  -8.252  -51.425  5.612 0.4000000060
28799  -9.021  -51.449  8.108 0.4000000060
125500  -9.401  -51.580  7.238 0.4000000060
118778  -9.021  -51.322  5.597 0.4000000060
114099  -10.066  -51.623  5.660 0.4000000060
29715  -10.656  -50.896  4.960 0.5000000000
29731  -11.172  -50.187  4.514 0.4000000060
30660  -10.978  -49.580  3.642 0.4000000060
28834  -10.997  -51.344  5.570 0.4000000060
29717  -12.348  -50.596  5.336 0.4000000060
29733  -12.837  -49.824  4.988 0.4000000060
29732  -11.834  -49.884  4.817 0.4000000060
30647  -11.532  -49.355  4.104 0.4000000060
27819  -10.504  -52.329  8.471 0.3000000119
28801  -10.715  -51.961  7.025 0.3000000119
28818  -10.832  -51.795  6.303 0.4000000060
26765  -11.878  -53.206  8.975 0.4000000060
27820  -11.443  -52.744  8.382 0.3000000119
27833  -11.030  -52.362  7.637 0.3000000119
27834  -11.611  -52.204  6.819 0.4000000060
27856  -13.982  -52.578  6.863 0.5000000000
28836  -12.884  -51.318  5.856 0.4000000060
29718  -13.345  -50.698  5.460 0.4000000060
123816  -13.771  -50.167  5.162 0.4000000060
31554  -13.183  -48.486  4.203 0.3000000119
27836  -14.547  -53.160  7.436 0.5000000000
27857  -15.076  -52.716  6.800 0.5000000000
28837  -13.891  -51.436  5.848 0.4000000060
123818  -14.290  -50.812  5.456 0.4000000060
29734  -14.602  -50.167  5.024 0.3000000119
27806  -10.964  -52.895  9.273 0.4000000060
26754  -12.329  -53.727  9.495 0.4000000060
26766  -12.688  -53.471  8.874 0.4000000060
26777  -13.167  -53.296  8.227 0.5000000000
114521  -13.554  -52.973  7.553 0.5000000000
25769  -14.071  -54.086  9.368 0.4000000060
26778  -14.072  -53.536  8.111 0.5000000000
26780  -15.670  -53.330  7.949 0.5000000000
27858  -15.987  -52.654  7.041 0.4000000060
28839  -16.349  -51.342  6.134 0.4000000060
29735  -15.607  -50.214  4.959 0.3000000119
27822  -16.041  -52.839  8.269 0.3000000119
125323  -16.329  -52.191  8.066 0.3000000119
28823  -16.487  -51.831  6.872 0.3000000119
26753  -11.658  -53.493  9.608 0.4000000060
25761  -14.164  -54.285  9.992 0.3000000119
27807  -14.807  -53.116  10.021 0.4000000060
29721  -16.808  -50.674  5.873 0.3000000119
25732  -14.006  -54.187  11.317 0.3000000119
27796  -12.926  -52.174  11.223 0.3000000119
21030  -15.752  -59.341  -15.544 0.6000000238
21979  -15.050  -58.542  -14.338 0.5000000000
18847  -16.305  -62.169  -4.401 0.6000000238
17801  -16.087  -62.934  -3.762 0.6000000238
8695  -12.997  -71.911  -14.036 0.5000000000
9481  -14.201  -71.321  -13.203 0.6000000238
13181  -14.793  -66.879  -15.771 0.5000000000
9470  -14.741  -71.732  -12.533 0.6999999881
127162  -15.329  -74.538  -11.524 0.6999999881
7202  -15.914  -74.168  -11.345 0.6999999881
11225  -16.716  -69.716  -12.597 0.6999999881
7900  -17.335  -73.070  -11.108 0.6999999881
8671  -17.319  -72.244  -10.966 0.6999999881
16957  -17.318  -63.723  -14.148 0.5000000000
7952  -18.020  -73.914  -13.585 0.6999999881
13138  -18.480  -68.258  -12.027 0.6999999881
12181  -18.180  -69.059  -11.867 0.6999999881
8688  -18.603  -72.668  -13.272 0.6999999881
11188  -18.684  -69.841  -10.505 0.6999999881
21018  -15.938  -59.571  -14.551 0.6000000238
9493  -18.394  -70.760  -13.815 0.6999999881
12171  -19.111  -68.305  -10.434 0.6000000238
11173  -20.750  -69.638  -9.191 0.6000000238
9455  -20.970  -70.962  -10.668 0.5000000000
21975  -11.877  -58.945  -14.311 0.6999999881
12162  -19.535  -68.435  -9.558 0.6000000238
11291  -17.734  -69.282  -16.039 0.6000000238
11304  -16.434  -69.656  -18.116 0.6000000238
12153  -21.420  -68.359  -8.359 0.5000000000
13131  -23.106  -67.447  -10.539 0.5000000000
13191  -18.971  -67.728  -16.688 0.5000000000
21958  -12.853  -58.092  -13.888 0.6000000238
20998  -11.058  -58.948  -14.044 0.6999999881
20948  -17.209  -60.104  -10.556 0.6000000238
14932  -19.718  -65.822  -9.591 0.5000000000
13111  -20.242  -67.755  -8.495 0.5000000000
13113  -22.386  -67.434  -8.162 0.6000000238
13101  -21.306  -67.340  -7.712 0.5000000000
13114  -23.001  -67.039  -8.505 0.5000000000
12294  -17.013  -67.915  -19.228 0.6000000238
13208  -18.237  -67.229  -18.561 0.6000000238
14101  -20.118  -66.200  -17.461 0.5000000000
22964  -10.285  -57.829  -9.603 0.6000000238
23030  -19.425  -57.802  -12.929 0.5000000000
15888  -11.786  -64.301  -6.450 0.6000000238
15922  -13.324  -64.109  -9.257 0.6000000238
17864  -22.607  -62.625  -10.044 0.6000000238
15889  -12.748  -64.342  -6.293 0.6000000238
20901  -11.573  -59.223  -6.758 0.8000000119
15890  -13.352  -64.184  -6.583 0.6000000238
127333  -21.239  -59.441  -14.314 0.6000000238
17823  -13.183  -62.680  -6.801 0.6000000238
20051  -22.716  -60.314  -12.666 0.6000000238
126307  -13.173  -59.419  -6.051 0.8000000119
112990  -20.662  -57.209  -14.519 0.6000000238
112946  -13.448  -62.018  -5.638 0.6000000238
130382  -13.148  -62.409  -6.105 0.6999999881
16883  -14.480  -63.294  -4.734 0.6000000238
16865  -14.994  -64.192  -2.478 0.6000000238
17811  -15.637  -62.343  -4.516 0.6999999881
17794  -16.101  -63.158  -3.019 0.6000000238
19927  -17.130  -61.166  -3.532 0.5000000000
18832  -11.392  -61.463  -3.915 0.5000000000
17785  -15.715  -62.915  -2.397 0.6000000238
20865  -15.946  -60.069  -2.568 0.5000000000
22863  -9.020  -57.750  1.977 0.6999999881
128707  -9.265  -58.182  1.500 0.6000000238
22870  -7.960  -57.119  0.558 0.6999999881
21817  -8.665  -58.477  -0.970 0.8000000119
23916  -7.112  -56.489  -1.118 0.6000000238
114686  -6.574  -55.265  3.032 0.6000000238
25837  -6.838  -54.232  -0.051 0.5000000000
24877  -6.611  -55.466  -0.031 0.5000000000
26892  -9.872  -53.504  -1.276 0.5000000000
25807  -6.248  -54.074  4.158 0.5000000000
28879  -9.407  -51.252  0.468 0.5000000000
22908  -8.725  -57.732  -3.741 0.6000000238
128190  -9.233  -58.151  -4.186 0.6000000238
22892  -11.673  -57.046  -2.237 0.5000000000
123041  -6.508  -53.040  5.402 0.5000000000
29729  -9.710  -51.383  4.403 0.6000000238
28798  -8.150  -51.292  8.015 0.4000000060
115319  -8.653  -51.429  7.230 0.4000000060
28816  -9.194  -51.518  6.449 0.4000000060
28800  -10.061  -51.824  7.676 0.3000000119
28817  -10.062  -51.686  6.722 0.4000000060
29716  -11.390  -50.624  5.156 0.5000000000
28819  -12.358  -51.904  6.267 0.4000000060
28835  -11.917  -51.261  5.737 0.4000000060
30648  -12.191  -49.288  4.498 0.4000000060
123706  -12.815  -49.084  4.480 0.4000000060
27821  -12.324  -52.990  8.313 0.3000000119
27835  -12.772  -52.852  7.737 0.5000000000
27855  -12.805  -52.486  6.990 0.4000000060
28821  -14.492  -52.137  6.205 0.5000000000
28820  -13.399  -52.039  6.282 0.4000000060
30649  -13.752  -49.376  4.698 0.4000000060
28822  -15.637  -52.030  6.286 0.5000000000
123819  -14.895  -51.530  5.733 0.4000000060
29719  -15.219  -50.850  5.388 0.4000000060
26768  -14.438  -53.827  8.755 0.5000000000
121038  -14.598  -53.947  9.333 0.5000000000
26769  -15.572  -53.482  8.624 0.4000000060
28840  -16.775  -51.055  6.475 0.4000000060
27808  -15.601  -52.947  9.144 0.4000000060
27797  -14.098  -53.117  11.002 0.3000000119
28762  -14.097  -52.240  10.328 0.3000000119
28772  -15.044  -52.243  9.437 0.3000000119
8749  -17.030  -73.231  -23.623 0.5000000000
8750  -17.904  -72.749  -24.042 0.5000000000
8753  -20.486  -72.636  -23.943 0.5000000000
9553  -19.357  -71.933  -24.277 0.5000000000
8754  -21.084  -72.059  -23.842 0.5000000000
9554  -20.307  -71.991  -24.142 0.5000000000
125011  -21.623  -71.652  -23.356 0.6000000238
127168  -16.266  -72.881  -22.990 0.5000000000
9551  -17.670  -71.969  -23.482 0.5000000000
9552  -18.413  -71.932  -24.028 0.5000000000
10384  -18.802  -71.257  -23.765 0.5000000000
9549  -22.334  -71.207  -23.337 0.6000000238
10379  -20.136  -70.382  -23.582 0.6000000238
10386  -20.802  -71.081  -23.855 0.6000000238
8025  -15.544  -73.195  -22.391 0.4000000060
6596  -14.265  -75.064  -18.760 0.4000000060
7278  -13.967  -74.339  -18.965 0.4000000060
7288  -13.631  -74.326  -19.842 0.5000000000
7295  -13.937  -73.947  -20.675 0.5000000000
7297  -14.116  -74.405  -21.310 0.5000000000
8019  -14.296  -73.201  -20.882 0.5000000000
8737  -14.384  -72.574  -20.394 0.5000000000
7298  -14.742  -74.033  -22.054 0.5000000000
8742  -15.329  -72.369  -21.689 0.5000000000
116989  -23.972  -70.849  -22.425 0.6000000238
10372  -24.766  -70.789  -22.088 0.6000000238
8745  -16.022  -72.286  -22.289 0.5000000000
9545  -16.330  -71.451  -22.187 0.5000000000
10374  -15.984  -70.599  -21.798 0.5000000000
10380  -22.766  -70.352  -23.509 0.6000000238
9546  -17.137  -71.458  -22.608 0.5000000000
10378  -19.132  -70.618  -23.310 0.6000000238
11370  -21.062  -70.154  -23.657 0.6000000238
10381  -23.702  -70.236  -23.291 0.6000000238
11364  -20.500  -69.751  -23.097 0.6000000238
111814  -23.273  -69.479  -23.407 0.6000000238
128427  -23.697  -68.849  -23.194 0.6999999881
12332  -21.945  -69.032  -22.817 0.6000000238
131181  -23.274  -68.512  -22.600 0.6999999881
6582  -16.502  -75.268  -16.428 0.6000000238
7251  -15.981  -74.737  -17.131 0.6000000238
7993  -16.457  -73.576  -16.369 0.6000000238
7264  -14.733  -74.620  -18.175 0.5000000000
129827  -14.559  -74.042  -18.089 0.5000000000
114454  -15.242  -72.860  -17.459 0.6000000238
8011  -13.918  -73.728  -19.186 0.5000000000
125793  -14.658  -72.723  -18.125 0.5000000000
8730  -14.460  -72.217  -18.902 0.5000000000
9540  -14.678  -71.966  -20.717 0.5000000000
9531  -14.604  -71.897  -19.832 0.5000000000
9541  -15.151  -71.603  -21.207 0.5000000000
10364  -25.206  -70.530  -20.302 0.6999999881
10370  -25.394  -70.578  -21.543 0.6000000238
11343  -26.026  -70.263  -20.894 0.8000000119
10375  -16.502  -70.612  -22.049 0.5000000000
10376  -17.326  -70.789  -22.344 0.5000000000
11362  -18.390  -70.182  -22.267 0.6000000238
10382  -24.509  -70.200  -22.879 0.6999999881
11355  -26.122  -70.188  -22.158 0.6999999881
11363  -19.343  -69.951  -22.505 0.6000000238
12321  -23.961  -68.271  -22.567 0.6999999881
11353  -19.785  -69.417  -21.696 0.6000000238
11354  -20.889  -69.303  -22.199 0.6000000238
12306  -20.996  -68.347  -20.361 0.6999999881
12308  -23.183  -68.078  -21.306 0.6999999881
13251  -24.236  -67.786  -21.536 0.6000000238
115450  -16.532  -76.134  -16.280 0.5000000000
7252  -16.456  -74.421  -16.404 0.6000000238
111023  -15.913  -73.153  -16.964 0.6000000238
8722  -15.267  -72.077  -17.616 0.6000000238
115555  -15.129  -70.919  -18.704 0.6000000238
10367  -15.048  -70.619  -20.288 0.5000000000
117671  -15.207  -70.065  -20.120 0.6000000238
11333  -26.626  -70.057  -20.185 0.6999999881
110871  -15.488  -70.194  -20.938 0.5000000000
11342  -15.548  -69.512  -20.319 0.5000000000
113226  -27.307  -69.968  -20.659 0.5000000000
11319  -27.989  -69.603  -19.320 0.6000000238
11349  -15.873  -70.011  -21.683 0.6000000238
116537  -16.990  -69.123  -22.109 0.5000000000
11344  -26.913  -69.965  -21.622 0.6000000238
11351  -17.743  -69.480  -21.965 0.5000000000
12334  -24.473  -68.756  -23.054 0.6999999881
11369  -25.889  -68.703  -22.833 0.6000000238
12317  -19.486  -68.940  -21.153 0.5000000000
12322  -24.765  -68.124  -22.549 0.6000000238
13252  -25.141  -67.674  -21.817 0.6000000238
13249  -19.142  -68.105  -21.294 0.5000000000
13230  -20.439  -67.795  -20.325 0.6000000238
13232  -22.621  -67.543  -19.996 0.5000000000
14135  -21.339  -66.829  -19.886 0.5000000000
13219  -24.232  -66.810  -19.671 0.5000000000
6569  -16.921  -75.670  -14.880 0.6000000238
7237  -16.875  -74.975  -15.717 0.6000000238
5941  -16.718  -76.511  -14.240 0.4000000060
11331  -15.954  -69.065  -19.431 0.5000000000
11334  -27.938  -69.860  -20.391 0.6000000238
126543  -16.228  -68.957  -21.499 0.5000000000
11345  -27.705  -69.657  -21.413 0.5000000000
12330  -17.249  -68.405  -22.266 0.5000000000
116309  -26.954  -68.406  -22.636 0.5000000000
11358  -28.012  -68.956  -22.042 0.5000000000
11346  -28.503  -69.487  -21.124 0.5000000000
13261  -17.718  -67.047  -22.550 0.5000000000
12324  -26.310  -68.147  -22.702 0.5000000000
13235  -25.605  -67.383  -20.807 0.5000000000
13262  -18.506  -67.027  -22.324 0.6000000238
14154  -18.887  -66.076  -22.514 0.6000000238
13234  -24.684  -67.382  -20.464 0.5000000000
13220  -25.188  -66.864  -19.835 0.6000000238
124563  -19.570  -65.489  -22.345 0.6000000238
14147  -20.703  -66.109  -20.858 0.5000000000
5918  -16.319  -76.081  -12.521 0.4000000060
13228  -16.614  -67.569  -21.023 0.5000000000
131904  -28.480  -68.873  -21.779 0.5000000000
13246  -16.752  -67.668  -21.879 0.5000000000
15062  -17.155  -65.887  -22.007 0.5000000000
13237  -27.374  -67.082  -21.832 0.5000000000
12327  -29.024  -67.739  -22.135 0.5000000000
13257  -29.390  -67.098  -22.109 0.5000000000
13258  -30.269  -67.096  -21.695 0.5000000000
129444  -31.981  -65.539  -21.326 0.5000000000
118352  -17.574  -65.097  -21.898 0.6000000238
15063  -17.935  -64.720  -22.205 0.6000000238
13221  -25.946  -66.914  -20.175 0.5000000000
15071  -19.079  -65.102  -22.577 0.6000000238
15040  -26.452  -65.724  -19.507 0.5000000000
16082  -20.296  -64.162  -22.580 0.5000000000
16083  -21.403  -64.213  -22.490 0.5000000000
15026  -18.781  -65.824  -19.133 0.5000000000
14138  -28.128  -66.721  -21.570 0.5000000000
14148  -29.077  -66.593  -21.909 0.5000000000
14149  -29.854  -66.511  -21.834 0.5000000000
14150  -30.626  -66.277  -21.625 0.5000000000
14119  -18.205  -66.234  -19.475 0.5000000000
15037  -18.894  -64.941  -19.603 0.6000000238
14137  -27.279  -66.781  -20.555 0.5000000000
14139  -28.787  -66.034  -20.664 0.5000000000
15067  -30.286  -65.817  -21.588 0.5000000000
123734  -31.702  -65.158  -21.500 0.5000000000
130052  -32.347  -64.894  -21.391 0.5000000000
16070  -18.762  -63.932  -22.359 0.5000000000
120704  -26.933  -66.249  -19.734 0.5000000000
15041  -27.453  -65.610  -19.702 0.5000000000
15017  -20.015  -65.670  -18.109 0.5000000000
15043  -29.258  -64.851  -20.293 0.5000000000
127016  -29.913  -65.272  -20.932 0.5000000000
15056  -30.584  -64.939  -21.254 0.5000000000
17037  -31.324  -63.332  -21.406 0.4000000060
16062  -29.939  -64.308  -20.745 0.4000000060
19029  -14.501  -61.086  -18.078 0.4000000060
118374  -9.983  -64.791  -4.838 0.5000000000
14882  -8.994  -65.383  -2.206 0.5000000000
14883  -9.530  -65.455  -2.724 0.5000000000
130777  -8.784  -64.234  -0.355 0.5000000000
15847  -8.748  -64.932  -1.222 0.5000000000
14892  -9.846  -65.414  -3.617 0.5000000000
122210  -9.337  -58.024  3.011 0.5000000000
22845  -8.980  -57.360  3.656 0.5000000000
23858  -7.943  -55.916  4.358 0.5000000000
14118  -17.519  -66.369  -20.206 0.5000000000
13229  -16.949  -66.990  -20.597 0.5000000000
9556  -22.034  -70.693  -23.563 0.6000000238
10377  -18.187  -70.840  -22.756 0.6000000238
11365  -21.510  -69.609  -23.325 0.6000000238
12320  -22.452  -68.554  -22.077 0.6999999881
129070  -15.384  -73.511  -17.392 0.6000000238
11360  -16.624  -69.195  -21.924 0.5000000000
12318  -20.366  -69.017  -20.924 0.6000000238
12307  -22.025  -68.295  -20.585 0.6000000238
114066  -20.959  -67.564  -20.008 0.6000000238
120868  -27.220  -69.753  -19.646 0.6999999881
12329  -16.905  -68.373  -22.117 0.5000000000
13248  -18.220  -67.909  -22.113 0.5000000000
14145  -19.205  -67.068  -21.701 0.6000000238
14134  -20.448  -67.041  -20.396 0.6000000238
13217  -22.313  -66.975  -19.654 0.5000000000
14123  -25.890  -66.316  -19.574 0.5000000000
13254  -26.938  -67.640  -22.388 0.5000000000
13255  -27.829  -67.386  -22.397 0.5000000000
14153  -17.918  -66.144  -22.660 0.5000000000
15073  -20.874  -64.736  -22.351 0.5000000000
15052  -17.462  -65.653  -21.197 0.5000000000
131319  -18.005  -64.253  -21.697 0.5000000000
129983  -17.821  -64.949  -21.169 0.5000000000
14140  -29.586  -65.989  -21.414 0.5000000000
14125  -27.894  -66.186  -20.044 0.5000000000
125481  -29.206  -65.451  -20.448 0.5000000000
16077  -31.986  -64.287  -21.655 0.5000000000
15042  -28.461  -65.371  -19.971 0.4000000060
16063  -30.631  -63.816  -21.098 0.4000000060
11294  -31.252  -69.528  -17.204 0.5000000000
11308  -30.988  -69.716  -18.082 0.6000000238
123784  -30.817  -69.871  -18.801 0.6000000238
118582  -30.040  -69.500  -18.285 0.6000000238
12277  -29.295  -68.976  -17.370 0.4000000060
12296  -31.402  -69.085  -19.618 0.4000000060
11348  -30.039  -68.891  -20.717 0.4000000060
11337  -30.158  -69.533  -19.836 0.5000000000
11322  -30.249  -69.769  -19.197 0.6000000238
11336  -29.518  -69.677  -19.629 0.5000000000
11347  -29.351  -69.445  -20.465 0.4000000060
12287  -29.033  -69.246  -18.233 0.5000000000
11335  -28.727  -69.764  -20.047 0.5000000000
12286  -28.146  -69.179  -18.343 0.6000000238
116762  -26.460  -69.702  -19.068 0.6000000238
11332  -25.832  -70.133  -19.632 0.6000000238
10356  -24.922  -70.303  -19.041 0.6000000238
10369  -24.519  -70.830  -21.027 0.6000000238
10363  -24.363  -70.701  -19.819 0.6000000238
116459  -23.824  -71.121  -21.373 0.5000000000
9543  -23.211  -71.288  -21.977 0.5000000000
9542  -22.298  -71.596  -21.465 0.4000000060
8748  -21.225  -72.223  -22.854 0.5000000000
17038  -32.247  -63.336  -21.643 0.3000000119
108981  -19.389  -73.542  -24.022 0.4000000060
24068  -21.180  -57.115  -13.142 0.4000000060
24081  -21.397  -55.750  -13.629 0.4000000060
24090  -20.878  -56.944  -15.021 0.5000000000
20853  -15.208  -59.438  -1.981 0.5000000000
21844  -14.474  -58.950  -1.972 0.5000000000
21830  -14.929  -58.561  -1.415 0.5000000000
21829  -14.139  -58.179  -1.666 0.4000000060
22884  -16.851  -57.985  -0.089 0.4000000060
23917  -11.806  -56.044  -0.628 0.4000000060
23918  -12.482  -56.237  -0.175 0.4000000060
22882  -13.454  -56.937  -0.675 0.4000000060
24908  -11.207  -55.742  -1.301 0.4000000060
24897  -11.944  -55.745  0.048 0.4000000060
22873  -15.474  -57.040  0.393 0.4000000060
111644  -11.180  -54.668  -0.253 0.4000000060
24878  -11.768  -55.149  0.334 0.4000000060
24881  -14.453  -55.630  0.692 0.4000000060
26873  -11.088  -53.681  -0.323 0.4000000060
25838  -11.673  -54.265  0.397 0.4000000060
26872  -10.400  -53.114  -0.960 0.4000000060
26858  -11.760  -53.319  0.115 0.4000000060
30675  -10.742  -49.491  2.007 0.3000000119
29774  -10.489  -50.403  0.333 0.4000000060
31552  -11.817  -48.685  3.658 0.3000000119
31566  -11.779  -48.517  2.882 0.3000000119
29765  -10.784  -49.655  0.737 0.3000000119
30676  -11.195  -48.918  1.266 0.3000000119
22883  -15.841  -57.912  0.035 0.4000000060
113261  -14.973  -57.642  -0.085 0.4000000060
111149  -14.198  -57.208  -0.464 0.4000000060
21819  -15.396  -58.243  -0.671 0.4000000060
22872  -14.554  -56.847  0.124 0.4000000060
23900  -13.224  -56.154  0.224 0.4000000060
115421  -16.173  -56.689  0.659 0.4000000060
118788  -14.079  -56.152  0.310 0.4000000060
24880  -13.567  -55.591  0.646 0.4000000060
24879  -12.585  -55.584  0.541 0.4000000060
14982  -38.858  -66.087  -14.973 0.3000000119
14994  -38.716  -65.558  -15.517 0.3000000119
14981  -38.454  -66.470  -14.802 0.4000000060
14087  -38.446  -67.086  -15.071 0.3000000119
13197  -38.151  -66.922  -15.684 0.4000000060
12251  -37.483  -69.064  -15.219 0.3000000119
124977  -38.118  -67.543  -15.369 0.3000000119
13196  -37.573  -67.673  -16.002 0.4000000060
11268  -37.431  -69.829  -14.394 0.3000000119
12268  -37.185  -68.668  -15.738 0.3000000119
110644  -36.627  -68.165  -16.241 0.3000000119
11285  -37.313  -69.730  -14.903 0.3000000119
11299  -36.275  -69.886  -15.649 0.3000000119
12266  -35.566  -69.703  -16.306 0.3000000119
11266  -36.291  -70.366  -14.832 0.3000000119
11283  -35.712  -70.266  -15.574 0.3000000119
120896  -35.198  -70.269  -16.239 0.3000000119
11265  -35.355  -70.397  -15.135 0.3000000119
11282  -34.878  -70.429  -15.929 0.3000000119
11281  -34.021  -70.345  -16.154 0.3000000119
11237  -34.470  -69.889  -12.880 0.3000000119
110455  -35.129  -70.043  -13.502 0.3000000119
11252  -34.747  -70.027  -14.322 0.3000000119
11263  -33.198  -69.668  -15.092 0.3000000119
11280  -33.120  -70.092  -16.280 0.3000000119
110264  -34.107  -69.739  -13.520 0.4000000060
115359  -37.094  -66.118  -16.457 0.3000000119
14080  -37.691  -67.288  -14.570 0.4000000060
14094  -36.718  -67.047  -16.451 0.4000000060
12232  -37.538  -68.800  -14.428 0.3000000119
110452  -36.008  -67.645  -16.432 0.4000000060
11267  -37.095  -70.272  -14.541 0.3000000119
13194  -34.695  -68.231  -16.604 0.4000000060
111192  -34.845  -69.692  -16.685 0.4000000060
111865  -37.117  -70.478  -13.437 0.3000000119
11297  -33.732  -70.405  -16.922 0.4000000060
11216  -35.218  -70.116  -11.650 0.3000000119
11217  -36.547  -70.274  -12.065 0.4000000060
11296  -33.023  -70.376  -17.151 0.4000000060
12249  -32.012  -69.282  -15.363 0.3000000119
11197  -36.203  -70.042  -11.153 0.3000000119
111200  -38.111  -66.091  -16.093 0.3000000119
15008  -37.327  -65.293  -16.435 0.3000000119
16014  -38.536  -64.582  -16.046 0.3000000119
115800  -36.032  -66.150  -16.492 0.3000000119
15006  -35.251  -65.411  -16.487 0.3000000119
14072  -36.061  -66.604  -13.505 0.4000000060
14093  -35.599  -66.895  -16.447 0.3000000119
122829  -35.114  -66.227  -16.391 0.3000000119
12219  -37.529  -69.554  -14.043 0.3000000119
13173  -37.263  -68.029  -14.253 0.4000000060
14092  -34.589  -66.972  -16.448 0.4000000060
14091  -33.880  -66.655  -16.658 0.3000000119
13203  -33.620  -68.205  -17.517 0.4000000060
11254  -37.492  -70.198  -13.782 0.3000000119
12185  -37.823  -69.445  -12.600 0.3000000119
113693  -34.187  -69.137  -17.220 0.4000000060
11238  -37.642  -70.283  -13.008 0.3000000119
119012  -38.251  -69.408  -11.617 0.3000000119
12279  -32.695  -69.514  -18.377 0.4000000060
12288  -32.096  -69.303  -19.015 0.5000000000
11219  -37.915  -70.056  -12.282 0.3000000119
11295  -32.247  -70.048  -17.270 0.4000000060
11324  -32.110  -69.814  -18.447 0.4000000060
125878  -31.626  -69.654  -19.008 0.5000000000
118555  -36.517  -69.702  -10.310 0.3000000119
16012  -36.492  -64.438  -16.637 0.3000000119
16013  -37.521  -64.496  -16.448 0.3000000119
13153  -36.086  -67.060  -13.104 0.4000000060
14103  -33.409  -66.859  -17.088 0.4000000060
14112  -32.792  -66.844  -18.512 0.4000000060
13154  -36.977  -68.181  -13.030 0.4000000060
13202  -33.119  -68.654  -18.266 0.4000000060
13209  -32.557  -68.591  -18.910 0.5000000000
13222  -31.493  -68.054  -20.203 0.4000000060
13141  -37.575  -68.316  -12.062 0.3000000119
13223  -32.036  -68.395  -19.539 0.4000000060
12186  -38.723  -68.513  -11.205 0.3000000119
12310  -30.825  -68.496  -20.438 0.4000000060
13238  -30.365  -67.984  -21.145 0.4000000060
11199  -38.211  -69.724  -11.301 0.3000000119
110739  -37.754  -69.614  -10.499 0.3000000119
11179  -36.900  -69.465  -9.384 0.3000000119
114069  -35.463  -64.460  -16.726 0.3000000119
16010  -33.774  -65.457  -16.899 0.3000000119
14113  -33.023  -66.513  -17.700 0.3000000119
14057  -36.766  -67.156  -11.714 0.4000000060
15044  -32.717  -66.263  -19.330 0.5000000000
13240  -31.599  -67.070  -20.700 0.4000000060
14058  -38.027  -67.487  -11.214 0.4000000060
13239  -30.939  -67.542  -20.998 0.4000000060
109171  -39.198  -66.755  -9.458 0.3000000119
14052  -38.172  -66.802  -10.484 0.3000000119
13122  -39.372  -67.602  -9.942 0.3000000119
12165  -39.360  -68.188  -9.782 0.3000000119
11163  -37.803  -69.067  -8.822 0.3000000119
123638  -38.899  -68.686  -9.444 0.3000000119
16023  -33.595  -65.073  -17.582 0.3000000119
15029  -32.989  -65.763  -18.263 0.4000000060
109746  -32.288  -66.545  -20.289 0.4000000060
14035  -39.502  -66.519  -8.686 0.3000000119
14016  -39.449  -66.325  -6.776 0.3000000119
13115  -39.690  -67.290  -9.020 0.3000000119
14026  -40.053  -66.831  -8.098 0.3000000119
12156  -39.527  -67.974  -8.756 0.3000000119
120412  -39.101  -66.386  -5.708 0.3000000119
13089  -40.688  -67.020  -5.842 0.3000000119
14017  -40.313  -66.743  -7.272 0.3000000119
12135  -40.918  -67.447  -6.590 0.3000000119
129118  -39.783  -67.799  -7.974 0.3000000119
15058  -33.195  -64.991  -20.445 0.3000000119
13083  -40.038  -67.241  -5.234 0.3000000119
12122  -41.059  -68.323  -5.236 0.3000000119
17018  -34.714  -63.223  -19.951 0.3000000119
16049  -34.285  -63.775  -19.653 0.3000000119
16065  -33.517  -64.143  -20.805 0.3000000119
17031  -34.395  -62.706  -20.858 0.3000000119
17017  -34.108  -63.626  -20.427 0.3000000119
17030  -33.625  -63.147  -21.296 0.3000000119
22902  -13.193  -57.816  -1.957 0.5000000000
115223  -10.890  -50.926  -0.873 0.5000000000
28881  -11.395  -51.696  -0.750 0.4000000060
111869  -13.118  -57.181  -1.242 0.4000000060
123398  -27.191  -69.303  -18.502 0.6000000238
11320  -28.830  -69.585  -19.084 0.5000000000
12328  -29.694  -67.895  -21.621 0.4000000060
13259  -31.103  -66.661  -21.388 0.4000000060
14141  -31.831  -66.188  -21.111 0.4000000060
16064  -32.980  -64.632  -21.159 0.4000000060
16078  -32.677  -64.095  -21.540 0.3000000119
21831  -15.801  -58.849  -1.304 0.5000000000
21820  -16.329  -58.454  -0.629 0.4000000060
22874  -16.416  -57.338  0.385 0.4000000060
13175  -38.144  -67.809  -14.954 0.3000000119
115956  -35.818  -70.335  -14.267 0.3000000119
110456  -35.538  -70.159  -12.628 0.3000000119
14079  -36.683  -67.020  -14.066 0.4000000060
11311  -33.396  -70.271  -17.382 0.4000000060
13164  -36.699  -67.600  -13.613 0.4000000060
12218  -37.496  -68.960  -13.676 0.3000000119
11239  -37.855  -69.966  -13.204 0.3000000119
14102  -33.138  -67.425  -17.870 0.4000000060
12174  -39.213  -68.446  -10.533 0.3000000119
130352  -31.996  -67.530  -20.013 0.4000000060
11180  -38.247  -69.230  -9.934 0.3000000119
15045  -33.212  -65.334  -19.470 0.4000000060
14043  -38.359  -66.375  -9.796 0.3000000119
12144  -38.902  -68.418  -7.592 0.3000000119
13090  -41.219  -67.635  -6.140 0.3000000119
10368  -23.715  -70.983  -20.345 0.5000000000
10362  -23.612  -70.875  -19.355 0.5000000000
131569  -24.162  -70.610  -18.947 0.5000000000
11318  -26.331  -69.410  -18.061 0.5000000000
12275  -27.543  -68.893  -17.553 0.4000000060
15027  -19.490  -65.365  -18.752 0.4000000060
12278  -30.242  -69.154  -17.253 0.5000000000
12263  -30.462  -68.833  -16.199 0.3000000119
12230  -31.549  -68.883  -14.185 0.3000000119
12264  -31.565  -69.357  -16.324 0.4000000060
118654  -32.853  -69.324  -14.005 0.3000000119
14042  -37.341  -66.190  -10.181 0.3000000119
14050  -36.232  -66.081  -10.524 0.3000000119
14051  -37.153  -66.627  -10.900 0.3000000119
14980  -37.097  -66.333  -14.322 0.3000000119
122215  -36.276  -65.870  -9.684 0.3000000119
14056  -35.983  -66.356  -11.342 0.3000000119
14065  -35.735  -66.508  -12.346 0.3000000119
14071  -35.528  -66.125  -13.072 0.3000000119
122655  -35.783  -65.739  -13.552 0.3000000119
14969  -35.248  -65.246  -13.125 0.3000000119
14945  -35.227  -65.781  -10.847 0.3000000119
14952  -35.095  -65.742  -11.745 0.3000000119
14961  -35.088  -65.540  -12.517 0.3000000119
14960  -34.691  -64.861  -12.606 0.3000000119
14970  -36.439  -65.503  -13.997 0.3000000119
15986  -37.685  -65.420  -14.380 0.3000000119
14944  -34.330  -65.373  -11.155 0.3000000119
15973  -36.613  -64.622  -13.973 0.3000000119
118992  -35.867  -63.942  -13.563 0.3000000119
8747  -20.659  -72.779  -23.447 0.3000000119
12276  -28.396  -68.857  -17.455 0.5000000000
127099  -26.853  -69.060  -17.597 0.4000000060
10346  -25.017  -70.204  -17.913 0.5000000000
12248  -31.022  -68.854  -15.518 0.3000000119
23883  -16.452  -56.112  0.971 0.3000000119
23882  -15.667  -56.204  0.756 0.3000000119
118909  -12.514  -52.873  0.387 0.3000000119
9535  -22.945  -71.182  -18.823 0.4000000060
10291  -26.225  -70.879  -11.565 0.4000000060
10308  -25.120  -70.955  -13.844 0.4000000060
10330  -25.336  -70.364  -15.325 0.4000000060
11277  -25.925  -69.717  -15.734 0.4000000060
11307  -26.310  -69.192  -17.122 0.4000000060
10337  -24.408  -70.818  -16.586 0.4000000060
109647  -25.093  -70.258  -16.882 0.4000000060
11292  -25.792  -69.675  -16.592 0.4000000060
8656  -28.465  -72.459  -9.608 0.3000000119
10279  -27.481  -70.384  -10.643 0.4000000060
11248  -26.671  -69.498  -13.542 0.4000000060
10354  -23.794  -70.870  -17.661 0.4000000060
10301  -25.778  -70.863  -12.305 0.4000000060
10329  -24.638  -70.954  -15.334 0.4000000060
9444  -27.643  -71.714  -9.966 0.3000000119
10302  -26.332  -70.301  -12.185 0.4000000060
10310  -26.038  -70.150  -13.029 0.4000000060
127969  -25.415  -70.140  -16.130 0.4000000060
11261  -26.005  -69.821  -14.882 0.4000000060
11278  -26.479  -69.226  -15.297 0.4000000060
9446  -28.963  -71.645  -9.290 0.3000000119
10261  -27.786  -71.003  -9.960 0.3000000119
113760  -27.314  -69.483  -12.006 0.3000000119
11190  -28.338  -69.812  -10.687 0.3000000119
110003  -27.953  -68.656  -13.769 0.3000000119
12246  -28.559  -68.482  -15.148 0.3000000119
11249  -27.257  -68.884  -13.990 0.3000000119
12228  -29.358  -68.484  -14.683 0.3000000119
12262  -29.480  -68.729  -16.471 0.3000000119
121963  -28.839  -68.563  -15.921 0.3000000119
12225  -27.101  -68.750  -14.998 0.3000000119
116909  -28.126  -68.523  -15.914 0.3000000119
12259  -26.993  -68.782  -16.833 0.3000000119
6446  -36.032  -75.606  -1.209 0.3000000119
14009  -37.219  -66.100  -5.535 0.3000000119
7809  -33.461  -73.704  -1.821 0.3000000119
7808  -32.829  -73.369  -2.010 0.3000000119
113433  -33.382  -71.798  -3.825 0.3000000119
10183  -33.155  -70.729  -3.727 0.3000000119
116349  -33.711  -69.944  -3.752 0.3000000119
12109  -34.805  -68.275  -3.603 0.3000000119
13075  -35.685  -67.821  -3.829 0.3000000119
117484  -36.389  -66.606  -4.620 0.3000000119
123649  -32.390  -72.978  -2.135 0.3000000119
9353  -31.859  -71.903  -2.782 0.3000000119
9365  -32.495  -71.438  -3.430 0.3000000119
117012  -32.904  -69.949  -3.531 0.3000000119
11088  -33.345  -69.192  -3.538 0.3000000119
108989  -27.260  -69.162  -13.194 0.3000000119
7117  -35.251  -74.936  -1.407 0.3000000119
8601  -33.872  -72.573  -3.886 0.3000000119
7115  -33.896  -74.256  -2.204 0.3000000119
7116  -34.545  -74.683  -1.805 0.3000000119
7827  -33.305  -73.610  -3.054 0.3000000119
7826  -32.780  -73.037  -3.048 0.3000000119
9352  -31.376  -71.748  -2.043 0.3000000119
6543  -16.791  -74.985  -11.707 0.6999999881
6554  -14.671  -75.825  -11.976 0.5000000000
6556  -16.492  -75.459  -11.971 0.6999999881
6563  -16.978  -75.776  -13.104 0.6999999881
7126  -33.876  -74.241  -2.816 0.3000000119
7204  -17.446  -74.560  -11.808 0.6999999881
7205  -18.112  -73.909  -11.691 0.6999999881
7210  -13.434  -74.278  -12.394 0.5000000000
7212  -17.646  -74.731  -12.426 0.6999999881
7265  -15.220  -74.190  -17.641 0.5000000000
7287  -13.490  -75.006  -20.059 0.5000000000
7300  -14.394  -74.928  -21.870 0.5000000000
7810  -34.178  -73.972  -1.496 0.3000000119
7821  -32.807  -73.257  -2.606 0.3000000119
7822  -33.344  -73.743  -2.473 0.3000000119
7902  -18.871  -72.935  -11.161 0.6999999881
7917  -15.115  -73.854  -11.599 0.6999999881
7918  -15.742  -73.216  -11.465 0.6999999881
7919  -16.615  -73.627  -11.275 0.6999999881
7920  -17.418  -73.875  -11.374 0.6999999881
7932  -13.676  -73.638  -12.444 0.6000000238
7933  -14.313  -73.505  -12.094 0.6999999881
7936  -19.027  -73.048  -11.805 0.6999999881
7967  -17.673  -73.581  -14.352 0.6999999881
7992  -15.917  -73.936  -17.027 0.6000000238
8004  -14.808  -73.500  -17.817 0.5000000000
8016  -13.966  -73.328  -19.920 0.5000000000
8022  -14.805  -73.172  -21.550 0.5000000000
8032  -20.078  -73.240  -23.696 0.4000000060
8585  -32.341  -72.683  -2.637 0.3000000119
8591  -32.595  -72.355  -3.255 0.3000000119
8592  -33.229  -72.850  -3.449 0.3000000119
8593  -33.801  -73.354  -3.563 0.3000000119
8655  -27.869  -72.259  -9.874 0.3000000119
8662  -19.285  -72.323  -10.765 0.6999999881
8663  -19.986  -72.033  -10.878 0.6999999881
8669  -15.978  -72.283  -11.565 0.6999999881
8680  -18.507  -73.447  -13.071 0.6999999881
8681  -19.460  -72.500  -12.106 0.6999999881
8697  -18.132  -72.322  -13.830 0.6999999881
8712  -15.916  -72.378  -17.111 0.6000000238
8734  -14.275  -72.603  -19.577 0.5000000000
8741  -14.713  -72.462  -21.100 0.5000000000
8744  -20.565  -72.714  -22.462 0.3000000119
8746  -16.875  -72.274  -23.048 0.5000000000
8751  -18.944  -72.736  -24.348 0.5000000000
8752  -19.854  -72.749  -24.178 0.5000000000
9364  -31.903  -71.102  -3.127 0.3000000119
9432  -29.663  -72.060  -8.981 0.3000000119
9443  -20.131  -71.040  -9.989 0.6999999881
9445  -28.165  -71.649  -9.646 0.3000000119
9452  -18.622  -71.282  -10.399 0.6999999881
9457  -27.204  -71.352  -10.359 0.3000000119
9461  -16.780  -71.156  -11.598 0.6999999881
9466  -26.284  -71.513  -11.182 0.4000000060
9471  -15.380  -71.036  -12.458 0.6999999881
9473  -19.716  -71.789  -12.412 0.6999999881
9474  -20.352  -71.383  -11.952 0.6000000238
9482  -14.747  -70.987  -12.847 0.6999999881
9491  -13.855  -70.873  -13.811 0.6000000238
9492  -17.935  -71.610  -14.191 0.6999999881
9499  -12.782  -70.883  -14.868 0.5000000000
9523  -14.887  -71.753  -18.286 0.6000000238
9526  -23.034  -71.129  -17.879 0.4000000060
9532  -14.847  -71.080  -19.610 0.5000000000
9536  -14.866  -71.317  -20.490 0.5000000000
9539  -23.059  -71.350  -20.840 0.5000000000
9544  -15.727  -71.480  -21.750 0.5000000000
9547  -17.977  -71.431  -23.220 0.5000000000
9548  -21.934  -71.689  -22.584 0.4000000060
9550  -23.228  -71.048  -23.083 0.6000000238
9555  -21.537  -71.229  -23.595 0.6000000238
10260  -21.084  -70.004  -9.577 0.6000000238
10262  -28.484  -70.840  -9.690 0.3000000119
10274  -17.926  -70.948  -10.780 0.6999999881
10275  -18.437  -70.543  -10.543 0.6999999881
10276  -20.748  -70.707  -10.035 0.6000000238
10278  -26.659  -70.961  -10.872 0.4000000060
10288  -17.411  -70.541  -11.454 0.6999999881
10290  -21.363  -70.450  -11.091 0.5000000000
10292  -26.866  -70.111  -11.535 0.4000000060
10305  -14.516  -70.560  -13.350 0.6000000238
10309  -25.373  -70.899  -13.079 0.4000000060
10317  -15.077  -69.853  -13.374 0.6000000238
10319  -24.928  -70.921  -14.615 0.4000000060
10320  -25.501  -70.389  -14.408 0.4000000060
10326  -13.116  -70.135  -15.190 0.5000000000
10327  -13.772  -69.746  -14.741 0.6000000238
10338  -24.889  -70.601  -16.050 0.4000000060
10342  -16.252  -70.796  -17.457 0.6999999881
10345  -24.446  -70.617  -17.372 0.4000000060
10352  -15.509  -70.260  -18.895 0.6999999881
10355  -24.323  -70.525  -18.208 0.5000000000
10371  -15.625  -70.754  -21.456 0.5000000000
10373  -25.317  -70.241  -22.508 0.6999999881
10383  -24.921  -69.488  -22.981 0.6999999881
10385  -19.771  -71.166  -23.965 0.5000000000
10387  -21.450  -70.595  -23.651 0.6000000238
10388  -21.902  -70.100  -23.598 0.6000000238
11089  -34.234  -69.145  -3.617 0.3000000119
11157  -20.398  -69.108  -8.893 0.6000000238
11158  -21.034  -69.006  -8.712 0.5000000000
11159  -21.613  -68.839  -8.889 0.6000000238
11171  -19.349  -69.840  -9.896 0.6000000238
11172  -19.992  -69.771  -9.356 0.6000000238
11198  -37.381  -69.936  -11.076 0.3000000119
11205  -17.283  -69.981  -12.068 0.6999999881
11208  -21.764  -69.649  -11.249 0.5000000000
11209  -27.730  -69.590  -11.375 0.3000000119
11224  -15.841  -69.780  -12.988 0.6999999881
11226  -17.527  -69.364  -12.320 0.6999999881
11229  -26.808  -69.655  -12.563 0.4000000060
11230  -27.428  -69.252  -12.584 0.3000000119
11245  -20.247  -69.360  -13.366 0.4000000060
11247  -26.079  -69.922  -14.007 0.4000000060
11253  -36.794  -70.478  -14.083 0.3000000119
11257  -14.392  -69.210  -14.378 0.6000000238
11258  -15.059  -69.263  -13.805 0.6999999881
11262  -26.601  -69.321  -14.454 0.4000000060
11264  -34.347  -70.150  -15.193 0.3000000119
11275  -17.951  -69.501  -15.410 0.6000000238
11279  -32.439  -69.862  -16.513 0.4000000060
11284  -36.647  -70.135  -15.142 0.3000000119
11293  -26.474  -69.077  -16.153 0.4000000060
11298  -35.792  -69.998  -16.029 0.3000000119
11305  -16.992  -69.583  -17.453 0.6000000238
11306  -25.673  -69.738  -17.518 0.4000000060
11309  -31.883  -70.079  -17.997 0.4000000060
11310  -32.748  -70.157  -17.825 0.4000000060
11317  -25.686  -69.859  -18.542 0.6000000238
11321  -29.550  -69.658  -18.909 0.6000000238
11323  -31.459  -69.833  -18.661 0.5000000000
11330  -15.487  -69.827  -19.491 0.6000000238
11338  -30.947  -69.697  -19.276 0.6000000238
11350  -16.270  -69.419  -21.755 0.5000000000
11352  -18.771  -69.410  -21.702 0.5000000000
11356  -26.559  -69.221  -22.653 0.6000000238
11357  -27.363  -69.142  -22.375 0.5000000000
11359  -16.219  -69.862  -21.905 0.5000000000
11361  -17.473  -70.142  -22.093 0.6000000238
11366  -22.413  -69.516  -23.438 0.6000000238
11367  -24.096  -69.433  -23.258 0.6999999881
11368  -25.728  -69.497  -22.784 0.6999999881
12120  -39.225  -67.953  -4.703 0.3000000119
12121  -40.265  -67.998  -5.028 0.3000000119
12129  -41.516  -68.179  -5.810 0.3000000119
12142  -21.215  -67.959  -7.933 0.5000000000
12152  -20.745  -68.402  -8.329 0.6000000238
12154  -22.606  -67.799  -8.890 0.6000000238
12155  -38.569  -68.582  -8.411 0.3000000119
12161  -19.292  -69.097  -9.928 0.6000000238
12164  -39.051  -68.971  -10.388 0.3000000119
12172  -22.321  -68.739  -10.094 0.5000000000
12173  -38.921  -69.256  -10.962 0.3000000119
12183  -21.891  -68.877  -11.842 0.5000000000
12196  -17.860  -68.623  -12.572 0.6999999881
12209  -15.905  -68.894  -13.846 0.6999999881
12211  -17.528  -68.234  -13.318 0.6999999881
12222  -19.429  -68.605  -14.561 0.5000000000
12226  -27.846  -68.557  -14.557 0.3000000119
12231  -32.314  -69.210  -14.444 0.3000000119
12233  -37.639  -68.920  -14.767 0.3000000119
12241  -18.720  -68.411  -15.524 0.6000000238
12244  -27.258  -68.636  -15.913 0.3000000119
12245  -27.759  -68.538  -15.292 0.3000000119
12247  -29.470  -68.547  -15.575 0.3000000119
12250  -36.914  -69.485  -15.445 0.3000000119
12255  -13.960  -68.017  -16.159 0.5000000000
12260  -27.800  -68.634  -16.699 0.3000000119
12261  -28.642  -68.677  -16.615 0.3000000119
12265  -34.035  -70.136  -17.192 0.4000000060
12267  -36.305  -69.256  -16.038 0.3000000119
12273  -17.658  -68.491  -17.526 0.6000000238
12280  -33.449  -69.698  -17.792 0.4000000060
12284  -16.674  -68.605  -18.880 0.6000000238
12293  -16.387  -68.286  -19.747 0.6000000238
12295  -30.669  -69.242  -19.932 0.5000000000
12303  -15.887  -69.477  -21.267 0.5000000000
12305  -20.061  -68.400  -20.660 0.6000000238
12309  -29.093  -68.698  -21.497 0.5000000000
12315  -16.599  -68.721  -21.803 0.5000000000
12316  -18.014  -68.805  -21.904 0.5000000000
12319  -21.385  -68.871  -21.252 0.6999999881
12323  -25.527  -67.992  -22.606 0.5000000000
12325  -27.601  -68.202  -22.580 0.5000000000
12326  -28.411  -68.127  -22.356 0.5000000000
12331  -17.567  -67.850  -22.457 0.5000000000
12333  -22.876  -68.929  -23.140 0.6999999881
12335  -25.235  -68.724  -22.915 0.6999999881
13080  -35.686  -67.013  -4.255 0.3000000119
13084  -40.913  -67.627  -5.579 0.3000000119
13095  -40.803  -67.066  -6.638 0.3000000119
13100  -20.776  -67.699  -7.949 0.5000000000
13102  -22.064  -67.043  -7.621 0.6000000238
13103  -40.017  -67.306  -8.145 0.3000000119
13104  -40.487  -67.032  -7.343 0.3000000119
13110  -19.752  -67.916  -9.123 0.6000000238
13112  -21.770  -67.749  -7.992 0.6000000238
13120  -19.469  -67.650  -9.785 0.6000000238
13121  -23.129  -67.286  -9.453 0.5000000000
13129  -19.166  -67.341  -10.592 0.6000000238
13139  -18.767  -67.412  -12.130 0.6000000238
13149  -18.242  -67.745  -12.888 0.6999999881
13171  -15.976  -67.139  -14.806 0.6000000238
13174  -37.945  -68.063  -14.786 0.4000000060
13182  -15.127  -67.313  -15.112 0.6999999881
13186  -37.806  -68.311  -15.340 0.3000000119
13193  -33.984  -67.578  -16.830 0.4000000060
13195  -35.625  -68.676  -16.396 0.3000000119
13200  -14.130  -66.917  -16.811 0.5000000000
13201  -18.106  -67.807  -17.968 0.6000000238
13216  -17.298  -67.218  -19.665 0.6000000238
13231  -21.691  -67.630  -19.940 0.6000000238
13233  -23.663  -67.414  -20.191 0.5000000000
13236  -26.554  -67.269  -21.034 0.5000000000
13247  -16.897  -66.695  -22.059 0.5000000000
13250  -19.790  -67.530  -20.788 0.6000000238
13253  -25.996  -67.592  -22.123 0.5000000000
13256  -28.630  -67.202  -22.294 0.5000000000
13260  -17.083  -67.397  -22.382 0.5000000000
14004  -37.272  -66.504  -4.913 0.3000000119
14006  -38.817  -66.577  -5.084 0.3000000119
14011  -39.665  -66.751  -5.388 0.3000000119
14012  -40.185  -66.642  -6.275 0.3000000119
14019  -20.482  -66.809  -8.104 0.5000000000
14022  -23.137  -65.899  -7.453 0.5000000000
14025  -39.686  -66.399  -7.839 0.3000000119
14029  -19.846  -66.413  -8.996 0.5000000000
14030  -22.750  -66.669  -7.774 0.6000000238
14038  -19.486  -66.661  -9.866 0.6000000238
14041  -35.419  -65.782  -10.086 0.3000000119
14044  -38.894  -67.647  -10.621 0.3000000119
14046  -19.023  -67.012  -11.411 0.6000000238
14066  -17.876  -66.822  -13.948 0.6999999881
14067  -18.243  -66.159  -13.507 0.6999999881
14074  -16.682  -66.859  -14.498 0.6999999881
14075  -17.277  -66.481  -14.254 0.6999999881
14081  -38.361  -67.210  -14.953 0.4000000060
14095  -37.626  -66.772  -16.229 0.4000000060
14098  -14.179  -66.390  -17.213 0.5000000000
14099  -18.785  -67.146  -18.061 0.5000000000
14110  -18.561  -66.603  -18.760 0.6000000238
14122  -24.858  -66.266  -19.432 0.5000000000
14124  -26.527  -66.723  -20.095 0.5000000000
14126  -32.482  -67.446  -19.366 0.4000000060
14132  -16.723  -67.000  -21.489 0.5000000000
14133  -17.020  -66.385  -21.302 0.5000000000
14146  -19.796  -66.424  -21.504 0.6000000238
14151  -31.384  -65.898  -21.472 0.5000000000
14152  -17.277  -66.364  -22.387 0.5000000000
14872  -8.991  -65.281  -1.666 0.5000000000
14875  -9.500  -65.309  -1.915 0.6000000238
14878  -11.974  -65.388  -2.625 0.6999999881
14886  -12.285  -65.528  -3.103 0.8000000119
14887  -13.166  -65.378  -3.159 0.8000000119
14895  -12.543  -65.261  -3.818 0.6999999881
14911  -20.804  -65.872  -7.808 0.6000000238
14912  -21.631  -65.435  -7.488 0.6000000238
14947  -19.011  -65.795  -11.685 0.6000000238
14951  -34.334  -65.163  -11.995 0.3000000119
14976  -17.183  -65.602  -14.459 0.6999999881
15000  -15.140  -65.516  -16.311 0.6000000238
15004  -33.629  -66.145  -16.797 0.4000000060
15005  -34.309  -65.909  -16.543 0.3000000119
15007  -36.297  -65.300  -16.524 0.3000000119
15009  -38.150  -65.244  -16.156 0.3000000119
15016  -15.114  -64.792  -17.025 0.5000000000
15020  -33.273  -65.940  -17.284 0.4000000060
15036  -18.132  -65.491  -20.182 0.5000000000
15039  -25.477  -65.792  -19.392 0.5000000000
15053  -21.589  -65.922  -20.435 0.5000000000
15057  -32.486  -65.483  -20.880 0.4000000060
15064  -21.243  -65.277  -21.641 0.5000000000
15068  -31.006  -65.506  -21.585 0.5000000000
15069  -17.614  -65.521  -22.316 0.5000000000
15070  -18.219  -65.295  -22.594 0.6000000238
15072  -20.324  -65.402  -22.030 0.5000000000
15852  -9.931  -65.135  -1.852 0.6000000238
15853  -10.618  -65.137  -2.132 0.6000000238
15857  -14.606  -64.717  -2.828 0.6000000238
15858  -15.229  -64.352  -2.900 0.6000000238
15862  -9.155  -65.287  -3.561 0.5000000000
15863  -14.096  -65.034  -3.240 0.8000000119
15870  -10.820  -64.946  -4.584 0.5000000000
15874  -14.563  -64.475  -3.727 0.5000000000
15897  -12.879  -64.436  -7.242 0.6000000238
15899  -22.207  -64.632  -7.479 0.6000000238
15911  -21.448  -64.626  -7.791 0.6000000238
15923  -20.701  -64.453  -9.053 0.6000000238
15935  -19.821  -64.449  -10.363 0.5000000000
15969  -18.254  -65.123  -13.245 0.6000000238
15980  -16.730  -64.809  -15.037 0.6000000238
15996  -16.380  -64.175  -15.504 0.6000000238
16007  -15.864  -64.227  -16.010 0.6000000238
16011  -34.403  -64.763  -16.902 0.3000000119
16032  -19.621  -64.461  -19.106 0.4000000060
16048  -33.771  -64.405  -19.776 0.3000000119
16069  -18.287  -63.966  -22.070 0.5000000000
16076  -31.267  -64.557  -21.464 0.5000000000
16079  -33.187  -63.886  -21.347 0.3000000119
16080  -18.537  -64.557  -22.455 0.5000000000
16081  -19.358  -64.427  -22.523 0.5000000000
16846  -8.430  -63.915  -0.005 0.5000000000
16853  -8.426  -64.338  -0.628 0.5000000000
16863  -13.185  -64.517  -2.452 0.6999999881
16866  -15.503  -63.722  -2.653 0.6000000238
16871  -15.233  -64.232  -3.386 0.6000000238
16872  -15.686  -63.753  -3.162 0.6000000238
16896  -22.650  -63.883  -7.642 0.5000000000
16897  -23.742  -63.734  -7.632 0.5000000000
16903  -21.564  -63.734  -8.917 0.6000000238
16912  -13.575  -63.330  -9.252 0.6000000238
16915  -21.980  -63.116  -9.491 0.6000000238
16920  -13.450  -63.632  -10.034 0.6000000238
16921  -19.702  -63.658  -10.667 0.5000000000
16923  -21.426  -63.113  -9.921 0.6000000238
16948  -18.161  -64.321  -13.012 0.6000000238
16965  -16.528  -63.503  -15.404 0.6000000238
16966  -16.896  -63.633  -14.767 0.6000000238
16984  -37.684  -63.634  -16.556 0.3000000119
17040  -19.351  -63.644  -22.400 0.5000000000
17776  -9.392  -62.823  -0.741 0.6000000238
17786  -16.292  -62.492  -2.868 0.6000000238
17793  -12.298  -61.894  -3.396 0.6000000238
17802  -16.532  -62.211  -4.020 0.6000000238
17818  -13.550  -63.058  -6.060 0.6999999881
17824  -13.719  -63.134  -7.740 0.6000000238
17831  -12.187  -62.215  -9.206 0.6000000238
17833  -13.622  -62.934  -8.557 0.6000000238
17834  -23.773  -62.819  -8.249 0.5000000000
17848  -24.224  -62.301  -8.605 0.5000000000
17859  -13.412  -63.185  -10.535 0.6000000238
17860  -18.858  -61.997  -10.521 0.5000000000
17862  -21.068  -62.781  -10.335 0.6000000238
17865  -23.214  -62.355  -10.061 0.5000000000
17878  -18.570  -62.629  -10.987 0.5000000000
17920  -16.902  -62.869  -14.582 0.6000000238
17960  -15.327  -62.350  -17.868 0.5000000000
17961  -15.686  -61.984  -17.249 0.5000000000
18023  -31.699  -62.368  -21.454 0.4000000060
18816  -13.249  -62.254  -2.823 0.6000000238
18819  -16.284  -61.734  -2.686 0.5000000000
18834  -16.858  -61.776  -3.854 0.6000000238
18835  -17.271  -61.110  -4.247 0.5000000000
18861  -14.095  -61.672  -5.115 0.6000000238
18862  -15.044  -61.625  -4.948 0.6999999881
18863  -16.101  -61.611  -4.960 0.6000000238
18899  -10.710  -61.117  -8.600 0.6999999881
18901  -12.323  -62.120  -8.191 0.6000000238
18915  -24.222  -61.820  -9.050 0.5000000000
18931  -19.313  -61.408  -10.460 0.6000000238
18935  -24.102  -61.331  -9.856 0.5000000000
18949  -17.110  -61.337  -11.165 0.5000000000
18950  -17.993  -61.744  -10.698 0.5000000000
18952  -21.969  -61.486  -11.556 0.6000000238
18953  -22.589  -61.556  -11.606 0.6000000238
18976  -16.572  -61.436  -13.516 0.6000000238
19016  -16.010  -61.112  -16.327 0.6000000238
19030  -15.220  -61.188  -17.627 0.5000000000
19031  -15.689  -61.474  -17.062 0.6000000238
19046  -14.841  -61.725  -18.381 0.4000000060
19859  -9.439  -60.900  -0.248 0.6999999881
19922  -9.533  -60.335  -3.788 0.8000000119
19928  -17.530  -60.630  -3.837 0.5000000000
19947  -10.509  -60.038  -4.287 0.5000000000
19965  -17.305  -60.193  -5.563 0.5000000000
19981  -16.120  -60.323  -5.965 0.6999999881
20016  -9.672  -59.813  -10.834 0.6000000238
20017  -9.751  -60.659  -10.516 0.6000000238
20018  -17.879  -60.516  -10.385 0.6000000238
20021  -20.098  -61.259  -10.674 0.6000000238
20032  -16.706  -60.441  -10.894 0.5000000000
20036  -23.252  -60.873  -11.918 0.6000000238
20046  -9.659  -60.260  -12.030 0.6000000238
20048  -20.818  -60.265  -12.335 0.6000000238
20049  -21.467  -60.330  -12.765 0.6000000238
20076  -11.120  -60.415  -14.644 0.6000000238
20077  -16.314  -60.336  -14.889 0.6000000238
20092  -16.233  -60.373  -15.467 0.6000000238
20107  -16.148  -60.450  -15.901 0.6000000238
20117  -14.965  -60.655  -17.233 0.5000000000
20874  -11.349  -59.604  -4.173 0.5000000000
20875  -13.314  -59.869  -3.413 0.6000000238
20885  -9.863  -59.642  -4.284 0.6999999881
20903  -13.913  -59.265  -6.316 0.8000000119
20904  -14.951  -59.461  -6.375 0.6000000238
20906  -16.759  -60.000  -6.180 0.6000000238
20933  -9.868  -59.197  -10.388 0.6000000238
20949  -17.945  -59.895  -10.456 0.6000000238
20950  -18.837  -59.948  -10.560 0.6000000238
20962  -10.141  -59.121  -11.578 0.6999999881
20963  -16.663  -59.288  -11.707 0.6000000238
20980  -10.079  -59.957  -12.596 0.6000000238
20981  -10.616  -59.207  -12.270 0.6999999881
20983  -16.255  -58.678  -12.892 0.6000000238
20985  -20.514  -59.491  -12.954 0.6000000238
20986  -21.209  -59.708  -13.797 0.6000000238
20987  -21.904  -59.675  -13.649 0.5000000000
21001  -20.789  -59.170  -14.696 0.6000000238
21002  -21.442  -59.150  -14.558 0.6000000238
21014  -12.246  -59.061  -15.038 0.6999999881
21017  -15.521  -59.129  -14.662 0.6000000238
21019  -21.075  -58.534  -15.123 0.6000000238
21026  -11.942  -59.935  -15.196 0.6999999881
21029  -15.071  -59.082  -15.908 0.6000000238
21031  -16.122  -59.855  -15.359 0.6000000238
21804  -9.187  -58.289  0.777 0.6999999881
21841  -11.223  -58.050  -3.674 0.5000000000
21852  -11.283  -58.808  -4.142 0.5000000000
21871  -17.540  -58.910  -5.458 0.5000000000
21875  -11.333  -58.111  -6.926 0.8000000119
21879  -16.518  -59.178  -6.345 0.6000000238
21886  -10.416  -58.266  -7.588 0.8000000119
21893  -10.068  -58.101  -8.711 0.6999999881
21894  -10.212  -58.621  -8.227 0.6999999881
21913  -10.208  -58.601  -10.558 0.6000000238
21925  -10.361  -58.567  -11.097 0.6000000238
21927  -17.177  -58.663  -12.005 0.6000000238
21928  -17.847  -58.790  -11.735 0.6000000238
21939  -11.124  -58.362  -12.138 0.6000000238
21940  -11.687  -58.002  -12.824 0.6000000238
21959  -13.805  -57.723  -13.936 0.5000000000
21960  -14.644  -57.794  -13.979 0.6000000238
21976  -12.589  -58.661  -14.425 0.6999999881
21978  -14.350  -58.431  -14.482 0.5000000000
22879  -7.905  -57.246  -0.560 0.6999999881
22881  -12.780  -56.739  -0.776 0.4000000060
22890  -7.736  -56.959  -1.657 0.8000000119
22894  -13.798  -57.472  -1.197 0.4000000060
22898  -7.836  -56.716  -2.375 0.6000000238
22901  -11.106  -57.308  -3.062 0.5000000000
22909  -9.216  -57.276  -3.952 0.6000000238
22932  -10.234  -57.326  -7.595 0.8000000119
22934  -11.457  -57.226  -6.499 0.8000000119
22937  -15.221  -58.017  -6.454 0.6000000238
22945  -9.999  -56.916  -8.032 0.6999999881
22965  -10.555  -57.579  -10.056 0.6000000238
22983  -10.770  -57.449  -10.696 0.6000000238
23002  -10.819  -57.921  -11.347 0.6000000238
23006  -14.425  -56.712  -12.018 0.6000000238
23010  -21.383  -57.300  -11.662 0.5000000000
23023  -12.060  -57.350  -12.510 0.6000000238
23025  -14.558  -56.918  -13.015 0.6000000238
23026  -15.411  -57.046  -13.118 0.6000000238
23045  -13.733  -57.162  -13.336 0.6000000238
23048  -20.117  -58.509  -14.224 0.6000000238
23049  -20.352  -57.925  -14.884 0.6000000238
23050  -21.481  -57.725  -15.152 0.6000000238
23051  -22.198  -57.453  -14.845 0.6000000238
23059  -20.827  -57.666  -15.172 0.6000000238
23865  -7.746  -56.146  3.543 0.6000000238
23872  -6.880  -56.093  1.576 0.6999999881
23919  -13.768  -56.617  -0.130 0.4000000060
23927  -11.646  -56.467  -1.561 0.5000000000
23933  -7.847  -56.333  -2.535 0.5000000000
23946  -9.343  -56.565  -3.367 0.6000000238
23967  -10.924  -55.934  -5.514 0.6000000238
23978  -9.941  -55.980  -7.105 0.8000000119
23980  -10.800  -56.464  -6.171 0.8000000119
23994  -9.893  -56.110  -7.761 0.6999999881
24008  -10.123  -56.716  -8.532 0.6999999881
24025  -10.357  -57.260  -9.322 0.6000000238
24028  -12.363  -56.534  -9.435 0.8000000119
24031  -15.512  -55.844  -10.634 0.6000000238
24048  -12.104  -56.783  -10.312 0.6000000238
24050  -14.276  -56.718  -10.255 0.6000000238
24051  -14.944  -56.496  -10.699 0.6000000238
24060  -11.887  -56.885  -11.245 0.6999999881
24062  -14.357  -56.709  -11.070 0.6000000238
24064  -16.381  -55.815  -12.571 0.5000000000
24066  -18.174  -55.606  -12.835 0.5000000000
24079  -17.728  -56.358  -13.244 0.5000000000
24080  -21.168  -56.576  -14.408 0.4000000060
24863  -14.969  -55.155  1.061 0.4000000060
24882  -15.173  -55.727  0.829 0.3000000119
24895  -6.755  -55.477  -0.907 0.5000000000
24896  -11.427  -55.429  -0.377 0.4000000060
24906  -9.604  -54.874  -2.061 0.4000000060
24913  -7.627  -55.836  -2.277 0.5000000000
24950  -10.333  -55.128  -5.261 0.6000000238
24966  -10.140  -55.544  -6.522 0.6999999881
24982  -10.252  -55.221  -7.417 0.8000000119
24997  -9.990  -55.652  -7.793 0.8000000119
24998  -10.453  -55.477  -8.138 0.8000000119
24999  -11.590  -55.566  -8.444 0.6999999881
25013  -13.330  -56.242  -9.166 0.8000000119
25014  -14.404  -55.882  -9.299 0.6999999881
25049  -18.548  -54.697  -12.272 0.5000000000
25748  -14.263  -54.246  10.604 0.3000000119
25760  -13.525  -54.338  9.869 0.4000000060
25836  -6.561  -54.755  0.427 0.5000000000
25839  -12.384  -54.705  0.792 0.4000000060
25847  -6.690  -54.926  -0.473 0.5000000000
25848  -6.983  -54.516  -0.845 0.4000000060
25849  -10.493  -54.063  -0.884 0.5000000000
25864  -7.123  -54.846  -1.411 0.4000000060
25865  -7.743  -54.912  -1.942 0.4000000060
25876  -8.600  -55.047  -2.284 0.4000000060
25923  -10.096  -54.976  -5.691 0.6999999881
25982  -15.896  -54.444  -9.406 0.5000000000
26743  -14.380  -53.733  10.788 0.3000000119
26755  -12.976  -53.965  9.387 0.4000000060
26756  -14.659  -53.903  10.029 0.3000000119
26757  -15.178  -53.605  9.350 0.5000000000
26767  -13.568  -53.787  8.931 0.5000000000
26779  -15.037  -53.617  8.110 0.4000000060
26820  -6.415  -53.562  3.600 0.4000000060
26829  -7.068  -53.368  2.267 0.6000000238
26857  -7.135  -53.490  0.340 0.4000000060
26890  -8.279  -53.960  -1.464 0.4000000060
26970  -13.056  -53.235  -6.039 0.5000000000
27818  -9.685  -51.821  8.536 0.3000000119
27823  -16.541  -51.717  7.542 0.3000000119
27837  -15.428  -53.152  7.437 0.5000000000
27838  -15.962  -52.966  7.594 0.5000000000
27839  -16.267  -52.412  7.556 0.3000000119
27853  -6.610  -52.569  6.255 0.5000000000
27875  -6.599  -52.919  4.656 0.4000000060
27890  -8.365  -52.436  2.267 0.6000000238
27914  -8.222  -52.236  0.297 0.4000000060
27927  -9.418  -52.156  -0.691 0.5000000000
27928  -10.188  -52.246  -1.024 0.4000000060
27929  -11.064  -52.586  -0.625 0.4000000060
28783  -15.828  -52.220  8.647 0.3000000119
28838  -15.673  -51.370  5.763 0.4000000060
28847  -8.174  -51.518  4.901 0.4000000060
28861  -8.937  -51.945  2.825 0.5000000000
28878  -8.802  -51.701  0.789 0.5000000000
29728  -9.296  -51.607  4.013 0.5000000000
29730  -10.719  -50.604  4.335 0.4000000060
29763  -9.777  -50.600  0.934 0.5000000000
31553  -12.307  -48.612  4.071 0.3000000119
109237  -18.177  -68.829  -15.716 0.6000000238
109359  -11.732  -54.510  -7.009 0.6999999881
109712  -35.759  -64.871  -13.624 0.3000000119
110292  -17.383  -69.014  -17.241 0.6000000238
110299  -8.455  -57.955  -0.506 0.8000000119
110664  -17.409  -75.239  -13.620 0.6999999881
110762  -13.644  -63.417  -7.043 0.6000000238
111038  -15.383  -56.248  -11.289 0.6000000238
111291  -14.581  -57.846  -0.945 0.4000000060
111415  -19.662  -67.338  -16.323 0.5000000000
111625  -33.745  -69.652  -14.266 0.3000000119
111906  -14.281  -73.690  -18.423 0.5000000000
112116  -16.467  -68.328  -21.347 0.5000000000
112290  -14.896  -56.270  0.516 0.3000000119
112313  -38.566  -66.418  -15.291 0.3000000119
112336  -13.113  -56.543  -0.269 0.4000000060
112401  -36.889  -70.446  -12.838 0.3000000119
112503  -13.970  -74.140  -12.056 0.5000000000
112643  -28.171  -70.399  -10.171 0.3000000119
112785  -15.558  -71.670  -12.004 0.6999999881
112988  -35.206  -67.634  -16.408 0.4000000060
113060  -34.434  -70.286  -16.560 0.3000000119
113203  -16.713  -69.848  -22.015 0.5000000000
113303  -21.352  -62.240  -10.607 0.6000000238
113378  -14.472  -67.647  -15.603 0.5000000000
113457  -9.540  -55.970  -2.940 0.5000000000
113573  -16.716  -71.921  -11.291 0.6999999881
113585  -12.911  -54.613  -7.356 0.6000000238
114274  -11.995  -52.641  7.626 0.5000000000
114560  -22.667  -71.440  -22.610 0.6000000238
114729  -32.781  -65.745  -20.114 0.4000000060
114747  -15.478  -54.362  -8.581 0.5000000000
114798  -22.694  -61.024  -12.162 0.6000000238
114915  -19.141  -71.751  -10.378 0.6999999881
115031  -12.321  -62.258  -10.158 0.5000000000
116678  -32.820  -67.809  -18.620 0.4000000060
116759  -14.919  -59.133  -14.921 0.6000000238
117251  -10.218  -54.462  -5.499 0.6999999881
117588  -12.913  -57.291  -12.871 0.5000000000
117704  -22.026  -68.157  -8.551 0.6000000238
118094  -10.069  -58.127  -9.219 0.6999999881
118206  -10.510  -61.948  -10.944 0.5000000000
118342  -10.088  -65.203  -4.259 0.5000000000
118492  -36.261  -70.379  -13.466 0.3000000119
118854  -11.573  -53.927  -6.205 0.6000000238
119232  -32.406  -72.869  -1.520 0.3000000119
119261  -19.762  -69.095  -9.285 0.6000000238
119452  -23.636  -70.824  -18.455 0.5000000000
119657  -19.945  -64.870  -22.492 0.5000000000
119857  -13.134  -58.940  -6.396 0.8000000119
119982  -15.006  -59.556  -16.192 0.5000000000
120276  -11.532  -51.740  6.129 0.4000000060
120414  -19.404  -65.975  -10.331 0.5000000000
120479  -19.390  -64.314  -11.061 0.5000000000
120799  -16.264  -61.714  -16.003 0.6000000238
120957  -9.299  -59.610  -4.053 0.6999999881
121471  -9.739  -59.708  -11.499 0.6999999881
121687  -8.684  -53.264  -1.123 0.4000000060
121762  -16.446  -61.061  -14.389 0.6000000238
122124  -18.548  -63.996  -12.250 0.6000000238
122497  -14.143  -73.020  -18.943 0.5000000000
122734  -31.392  -71.015  -2.530 0.3000000119
122747  -12.233  -61.010  -3.660 0.5000000000
123288  -37.506  -70.300  -12.429 0.3000000119
123364  -13.836  -58.505  -6.696 0.6000000238
123927  -17.262  -75.231  -14.304 0.6999999881
123936  -12.228  -56.494  -0.910 0.4000000060
124371  -25.606  -70.448  -13.683 0.4000000060
124440  -38.660  -69.442  -10.734 0.3000000119
125025  -17.237  -67.890  -13.892 0.6999999881
125030  -38.608  -66.663  -14.984 0.3000000119
125316  -14.081  -59.835  -3.268 0.6000000238
125555  -18.188  -74.160  -12.796 0.6999999881
125637  -36.308  -66.212  -13.881 0.3000000119
125677  -18.775  -68.775  -21.503 0.5000000000
125837  -8.407  -51.440  6.405 0.4000000060
125877  -7.448  -56.630  1.127 0.6999999881
126041  -19.097  -66.270  -11.398 0.6000000238
126071  -10.384  -58.105  -10.196 0.6000000238
126581  -33.320  -69.476  -13.514 0.3000000119
126794  -32.396  -70.600  -3.410 0.3000000119
127278  -13.172  -64.394  -7.828 0.6000000238
127426  -11.696  -56.299  -8.939 0.6999999881
127834  -12.794  -54.267  9.910 0.4000000060
128019  -9.849  -59.247  -9.754 0.6000000238
128028  -36.525  -67.437  -12.538 0.4000000060
128057  -8.882  -51.459  4.520 0.6000000238
128124  -15.045  -53.826  8.783 0.4000000060
128171  -16.189  -66.365  -14.976 0.6999999881
128225  -21.002  -63.979  -9.202 0.6000000238
128243  -16.687  -59.815  -10.919 0.6000000238
128248  -10.348  -56.982  -7.135 0.8000000119
128446  -14.341  -74.296  -18.425 0.4000000060
128591  -14.316  -60.171  -16.487 0.5000000000
128877  -14.716  -71.533  -19.011 0.5000000000
129191  -15.595  -65.235  -15.950 0.6000000238
129301  -24.314  -70.962  -21.762 0.6000000238
129311  -27.586  -68.883  -13.486 0.3000000119
129446  -7.309  -56.649  0.517 0.6999999881
129589  -17.472  -71.051  -15.454 0.6999999881
129661  -38.856  -67.004  -10.061 0.3000000119
129664  -14.331  -73.740  -21.350 0.5000000000
130464  -11.020  -50.009  3.967 0.4000000060
130542  -14.428  -68.638  -14.747 0.5000000000
130700  -10.497  -57.225  -9.665 0.6999999881
131126  -8.650  -58.150  -3.641 0.6000000238
131278  -18.823  -69.969  -13.895 0.6000000238
131396  -16.745  -75.724  -15.737 0.5000000000
131500  -15.237  -70.895  -20.956 0.5000000000
131527  -19.026  -69.454  -10.268 0.6999999881
131628  -9.089  -60.296  -2.767 0.8000000119
131643  -16.427  -68.096  -20.562 0.6000000238
131829  -26.804  -68.853  -15.582 0.4000000060
