#!ascii label  , from subject sub-v1s6x0051606_ses-1 vox2ras=TkReg
1458
37390  3.866  -49.181  77.936 0.0000000000
58055  39.579  -25.375  62.387 0.0000000000
44633  21.516  -40.847  74.123 0.0000000000
44586  30.709  -40.499  77.473 0.0000000000
42905  16.729  -43.050  73.340 0.0000000000
38342  11.241  -47.513  81.288 0.0000000000
126808  50.833  -22.722  58.191 0.0000000000
126129  48.395  -19.202  66.428 0.0000000000
49060  33.868  -35.256  68.860 0.0000000000
64690  51.107  -17.079  50.521 0.0000000000
44565  20.064  -40.836  79.140 0.0000000000
110477  7.115  -48.295  79.916 0.0000000000
63026  48.762  -20.089  61.442 0.0000000000
60527  44.667  -22.831  60.360 0.0000000000
55392  41.237  -29.072  64.988 0.0000000000
58004  44.668  -25.780  67.214 0.0000000000
54434  36.607  -29.880  64.315 0.0000000000
43813  28.589  -41.422  71.137 0.0000000000
115505  25.971  -42.248  75.989 0.0000000000
123625  17.210  -43.877  79.174 0.0000000000
128348  14.858  -46.105  82.835 0.0000000000
40250  14.046  -46.235  77.088 0.0000000000
39378  9.744  -46.997  75.380 0.0000000000
45471  19.329  -40.644  72.882 0.0000000000
63908  54.146  -19.195  57.132 0.0000000000
63024  54.306  -19.319  61.484 0.0000000000
60490  43.543  -23.087  64.632 0.0000000000
52508  37.357  -32.105  69.990 0.0000000000
45478  33.540  -39.181  72.185 0.0000000000
62301  50.396  -20.657  53.362 0.0000000000
62306  55.827  -19.746  52.073 0.0000000000
63165  57.059  -19.245  48.762 0.0000000000
41951  18.758  -43.624  81.575 0.0000000000
37378  5.831  -48.552  79.284 0.0000000000
37357  6.167  -48.643  82.960 0.0000000000
37360  4.262  -49.458  82.302 0.0000000000
59749  44.838  -23.332  58.607 0.0000000000
54395  41.942  -29.598  67.570 0.0000000000
55361  43.832  -28.765  68.356 0.0000000000
34323  -0.956  -51.819  79.410 0.0000000000
54478  36.194  -29.456  61.571 0.0000000000
44671  22.924  -41.321  71.908 0.0000000000
42919  24.766  -42.347  72.485 0.0000000000
43775  23.708  -41.910  74.911 0.0000000000
42053  17.485  -43.601  75.789 0.0000000000
41132  16.164  -45.393  78.111 0.0000000000
41168  15.466  -45.159  75.319 0.0000000000
117423  18.134  -41.427  73.032 0.0000000000
117099  18.422  -42.085  75.812 0.0000000000
39306  12.712  -46.924  81.714 0.0000000000
127240  52.696  -21.125  57.669 0.0000000000
63878  54.412  -18.766  59.433 0.0000000000
63894  52.037  -19.481  59.136 0.0000000000
63008  48.764  -19.628  63.523 0.0000000000
110743  51.566  -18.983  64.387 0.0000000000
59717  39.132  -24.118  60.265 0.0000000000
59698  41.597  -23.871  61.707 0.0000000000
59679  41.618  -23.665  63.226 0.0000000000
51697  33.342  -32.186  66.616 0.0000000000
130828  34.937  -30.962  67.267 0.0000000000
51663  35.499  -33.051  69.068 0.0000000000
43771  30.518  -42.182  74.520 0.0000000000
131637  31.436  -40.653  71.943 0.0000000000
44629  32.470  -40.737  74.926 0.0000000000
120441  48.483  -21.889  55.595 0.0000000000
131571  48.341  -19.842  54.050 0.0000000000
61411  50.618  -22.206  55.247 0.0000000000
60596  53.333  -21.887  55.009 0.0000000000
124753  54.585  -18.198  47.345 0.0000000000
63953  53.278  -18.964  48.940 0.0000000000
63144  56.592  -19.588  50.694 0.0000000000
63145  52.584  -19.559  50.435 0.0000000000
117263  20.872  -40.134  76.937 0.0000000000
44579  22.671  -40.425  78.155 0.0000000000
43696  21.686  -41.301  79.660 0.0000000000
38353  9.309  -47.882  80.872 0.0000000000
38317  9.915  -47.701  84.217 0.0000000000
38329  7.657  -47.980  84.170 0.0000000000
59765  48.019  -23.025  57.257 0.0000000000
61370  49.376  -21.649  59.935 0.0000000000
60540  47.039  -22.448  59.524 0.0000000000
61354  46.472  -21.459  60.620 0.0000000000
61329  46.287  -21.236  62.937 0.0000000000
56311  40.646  -27.193  63.687 0.0000000000
117801  42.142  -25.886  64.774 0.0000000000
55390  43.327  -28.152  65.748 0.0000000000
49075  31.855  -36.036  67.817 0.0000000000
46258  32.148  -38.969  78.830 0.0000000000
36397  2.219  -49.785  77.127 0.0000000000
35313  2.514  -50.352  81.426 0.0000000000
35327  0.720  -51.595  79.906 0.0000000000
58073  37.375  -26.111  61.015 0.0000000000
55418  38.463  -28.489  62.734 0.0000000000
120894  39.467  -29.569  64.951 0.0000000000
54397  39.347  -29.691  67.408 0.0000000000
43827  26.635  -41.495  70.107 0.0000000000
42900  27.535  -42.546  73.565 0.0000000000
43736  28.532  -41.569  76.908 0.0000000000
121326  25.105  -40.641  79.259 0.0000000000
44540  26.890  -41.030  80.342 0.0000000000
41944  17.762  -43.945  82.248 0.0000000000
39291  17.092  -45.865  83.277 0.0000000000
41103  16.255  -44.998  80.885 0.0000000000
39323  14.411  -46.443  80.042 0.0000000000
39336  12.490  -47.234  78.449 0.0000000000
40300  13.473  -45.661  73.838 0.0000000000
39360  11.740  -46.969  76.630 0.0000000000
38387  10.286  -47.650  77.822 0.0000000000
122046  8.435  -47.392  76.931 0.0000000000
38403  6.774  -47.759  76.863 0.0000000000
38404  5.388  -47.811  76.278 0.0000000000
45494  21.089  -39.840  71.399 0.0000000000
46348  19.573  -39.016  71.345 0.0000000000
109267  20.247  -40.406  73.575 0.0000000000
44618  19.778  -40.828  75.758 0.0000000000
43710  18.544  -41.862  79.636 0.0000000000
60511  55.221  -21.424  60.841 0.0000000000
63845  51.721  -19.106  61.206 0.0000000000
58911  41.793  -24.685  59.051 0.0000000000
128645  44.361  -23.240  62.699 0.0000000000
61314  45.328  -21.614  65.428 0.0000000000
127543  43.296  -24.035  65.860 0.0000000000
61279  44.555  -21.646  67.339 0.0000000000
54436  33.832  -29.713  64.002 0.0000000000
53412  37.073  -30.360  67.741 0.0000000000
53384  39.143  -30.902  70.277 0.0000000000
46359  31.714  -38.770  70.184 0.0000000000
48097  34.030  -37.010  70.031 0.0000000000
46272  33.741  -38.314  76.301 0.0000000000
47165  35.549  -37.480  73.689 0.0000000000
120333  35.770  -36.150  71.206 0.0000000000
118535  37.554  -34.360  71.666 0.0000000000
51643  38.844  -32.178  72.328 0.0000000000
63138  50.520  -18.686  51.623 0.0000000000
61435  53.319  -21.499  52.657 0.0000000000
63112  55.512  -19.036  54.322 0.0000000000
41101  19.308  -44.757  80.861 0.0000000000
37389  4.615  -48.885  78.300 0.0000000000
37372  4.708  -49.209  80.398 0.0000000000
37373  4.101  -49.419  79.762 0.0000000000
54370  41.770  -29.955  69.174 0.0000000000
54369  42.562  -29.834  69.236 0.0000000000
36387  -1.510  -50.085  78.432 0.0000000000
44656  22.623  -41.330  72.863 0.0000000000
43788  23.336  -41.777  73.409 0.0000000000
44631  22.938  -41.431  75.116 0.0000000000
42887  17.040  -43.052  74.077 0.0000000000
41166  16.232  -44.603  75.405 0.0000000000
42066  16.002  -44.091  73.996 0.0000000000
44673  17.913  -40.958  71.681 0.0000000000
43789  17.560  -41.990  72.986 0.0000000000
42886  17.727  -42.405  74.407 0.0000000000
39307  11.941  -47.081  82.093 0.0000000000
38334  11.220  -47.420  83.565 0.0000000000
61391  52.222  -21.717  58.020 0.0000000000
63088  52.300  -19.717  58.376 0.0000000000
61382  51.660  -21.317  58.699 0.0000000000
62990  48.157  -19.663  65.337 0.0000000000
63813  49.978  -18.863  66.269 0.0000000000
58881  39.130  -24.463  61.255 0.0000000000
58866  40.487  -24.025  62.051 0.0000000000
58857  40.571  -24.336  62.698 0.0000000000
49993  32.723  -34.372  67.164 0.0000000000
50831  33.865  -33.683  67.781 0.0000000000
51669  34.326  -33.040  67.870 0.0000000000
49977  34.532  -34.184  68.763 0.0000000000
43734  30.149  -41.600  76.150 0.0000000000
43751  31.256  -41.836  74.986 0.0000000000
44601  31.486  -40.700  76.373 0.0000000000
115430  49.821  -22.741  56.894 0.0000000000
61400  49.219  -21.807  55.417 0.0000000000
60581  50.720  -22.766  56.776 0.0000000000
60579  52.320  -22.361  56.610 0.0000000000
63961  52.836  -18.161  48.715 0.0000000000
63955  51.967  -17.940  49.723 0.0000000000
63156  52.973  -19.225  49.760 0.0000000000
63945  52.227  -18.718  50.106 0.0000000000
124386  20.479  -40.405  77.939 0.0000000000
45403  21.378  -40.302  78.763 0.0000000000
43697  20.732  -41.343  79.580 0.0000000000
109555  7.968  -48.238  79.870 0.0000000000
38337  8.439  -47.750  83.025 0.0000000000
127264  7.358  -48.083  81.728 0.0000000000
37341  5.015  -49.052  84.206 0.0000000000
37340  5.760  -48.827  84.212 0.0000000000
60585  46.493  -22.707  56.662 0.0000000000
59766  47.802  -23.282  58.038 0.0000000000
59747  46.297  -23.250  58.127 0.0000000000
60558  44.914  -23.093  59.524 0.0000000000
60542  45.390  -22.610  59.906 0.0000000000
60526  45.249  -22.402  60.337 0.0000000000
113946  46.524  -20.954  61.990 0.0000000000
61345  45.489  -21.707  61.225 0.0000000000
55405  40.378  -28.243  63.836 0.0000000000
56309  41.813  -27.577  64.543 0.0000000000
55391  42.675  -28.581  65.517 0.0000000000
61402  46.825  -22.130  55.983 0.0000000000
35360  1.858  -50.645  78.650 0.0000000000
35361  0.934  -50.959  78.350 0.0000000000
57271  36.860  -27.034  60.984 0.0000000000
57260  38.105  -27.050  61.926 0.0000000000
56357  37.131  -27.847  61.365 0.0000000000
54444  36.406  -29.813  62.955 0.0000000000
54443  37.783  -29.527  63.476 0.0000000000
54433  37.484  -29.800  64.253 0.0000000000
54408  39.399  -29.679  66.510 0.0000000000
109416  38.148  -29.777  65.889 0.0000000000
43836  25.173  -41.488  69.767 0.0000000000
42884  25.757  -42.677  74.227 0.0000000000
42917  26.252  -42.597  72.617 0.0000000000
42863  27.169  -42.487  75.012 0.0000000000
43774  28.197  -42.368  75.124 0.0000000000
43737  27.180  -41.876  76.569 0.0000000000
44561  23.265  -40.566  79.326 0.0000000000
44592  24.201  -40.947  77.949 0.0000000000
131692  24.323  -41.084  80.274 0.0000000000
42803  26.589  -42.655  80.220 0.0000000000
44539  27.910  -41.140  80.303 0.0000000000
41972  17.179  -43.643  80.993 0.0000000000
41093  16.753  -44.263  81.453 0.0000000000
41102  16.736  -44.392  80.448 0.0000000000
131339  15.159  -45.970  78.007 0.0000000000
40227  15.347  -45.946  79.165 0.0000000000
39344  14.195  -46.507  78.475 0.0000000000
39324  13.882  -46.745  79.303 0.0000000000
39335  13.354  -46.874  78.490 0.0000000000
41185  13.950  -45.173  73.252 0.0000000000
114199  10.718  -46.529  74.226 0.0000000000
40290  11.430  -46.340  74.188 0.0000000000
39377  10.588  -46.941  75.586 0.0000000000
115852  11.245  -47.263  77.077 0.0000000000
39347  10.549  -47.404  77.088 0.0000000000
111639  9.619  -47.677  77.866 0.0000000000
38401  9.154  -47.296  76.709 0.0000000000
111729  5.911  -47.949  76.907 0.0000000000
45517  21.651  -39.624  69.582 0.0000000000
46377  20.975  -39.021  70.035 0.0000000000
112146  19.040  -40.279  72.156 0.0000000000
46329  19.472  -39.593  71.848 0.0000000000
46315  19.794  -39.806  72.392 0.0000000000
108814  19.773  -40.515  73.375 0.0000000000
127100  20.049  -40.581  74.842 0.0000000000
45447  19.784  -40.692  74.934 0.0000000000
42840  17.980  -42.746  77.094 0.0000000000
43729  18.447  -41.955  77.455 0.0000000000
42825  17.981  -42.573  79.077 0.0000000000
42812  18.434  -42.743  81.081 0.0000000000
39293  15.398  -46.408  83.311 0.0000000000
35306  1.386  -50.929  82.752 0.0000000000
36352  2.037  -50.494  83.494 0.0000000000
63889  56.229  -18.973  57.986 0.0000000000
63862  54.749  -19.134  60.624 0.0000000000
62226  55.681  -20.246  60.429 0.0000000000
62227  55.116  -20.328  61.186 0.0000000000
61334  54.362  -21.258  62.667 0.0000000000
62235  49.388  -20.328  60.614 0.0000000000
63866  50.396  -19.768  60.337 0.0000000000
63836  50.174  -19.518  61.724 0.0000000000
62997  52.614  -19.522  64.419 0.0000000000
59685  42.103  -23.588  62.493 0.0000000000
60515  42.926  -23.525  62.029 0.0000000000
60498  43.778  -23.434  63.525 0.0000000000
60489  45.266  -22.594  63.988 0.0000000000
60479  43.971  -22.513  65.262 0.0000000000
58012  43.444  -25.658  66.070 0.0000000000
58842  42.358  -24.712  64.938 0.0000000000
58833  43.537  -24.808  66.341 0.0000000000
53436  33.072  -29.933  64.624 0.0000000000
52523  35.898  -31.563  68.367 0.0000000000
53414  35.564  -30.696  67.313 0.0000000000
53396  37.251  -31.158  68.851 0.0000000000
108873  38.022  -30.778  68.887 0.0000000000
52515  37.810  -31.420  69.553 0.0000000000
44686  28.069  -40.803  69.899 0.0000000000
44684  29.564  -40.493  70.497 0.0000000000
45479  32.878  -39.867  72.433 0.0000000000
45503  31.348  -39.463  70.553 0.0000000000
126536  32.889  -38.800  70.979 0.0000000000
47208  32.848  -37.868  70.050 0.0000000000
47179  34.195  -38.166  71.552 0.0000000000
46266  32.862  -38.565  77.627 0.0000000000
48036  36.453  -36.277  73.943 0.0000000000
48074  35.858  -36.644  71.772 0.0000000000
49014  36.802  -35.881  72.572 0.0000000000
49924  37.037  -34.773  71.386 0.0000000000
121335  37.795  -34.868  73.361 0.0000000000
62302  49.585  -20.325  53.550 0.0000000000
62309  50.957  -20.414  52.670 0.0000000000
109741  52.200  -20.709  51.813 0.0000000000
61437  51.985  -21.879  53.156 0.0000000000
63105  54.266  -19.767  56.092 0.0000000000
62296  53.933  -20.986  54.681 0.0000000000
63104  54.681  -19.600  55.597 0.0000000000
63913  56.068  -18.618  55.691 0.0000000000
63187  55.834  -19.222  47.774 0.0000000000
63135  56.588  -19.334  51.532 0.0000000000
63127  57.034  -18.801  52.575 0.0000000000
63935  56.558  -18.772  53.141 0.0000000000
43699  19.379  -41.834  80.306 0.0000000000
42809  20.213  -41.897  80.060 0.0000000000
41970  19.221  -43.605  81.137 0.0000000000
119578  6.634  -48.350  79.179 0.0000000000
38356  6.873  -48.404  81.280 0.0000000000
118996  5.822  -48.912  81.169 0.0000000000
37367  4.842  -49.005  82.038 0.0000000000
36342  4.322  -49.440  84.090 0.0000000000
113131  44.074  -23.618  58.308 0.0000000000
59750  43.667  -24.028  59.066 0.0000000000
54406  41.754  -29.479  66.627 0.0000000000
54394  42.689  -29.287  66.933 0.0000000000
54381  42.650  -29.448  67.833 0.0000000000
55351  43.778  -28.944  69.438 0.0000000000
35362  -0.254  -51.183  78.196 0.0000000000
35363  -1.050  -50.650  78.039 0.0000000000
35346  -2.020  -50.858  79.709 0.0000000000
56372  35.689  -27.952  60.484 0.0000000000
128250  35.125  -29.850  62.628 0.0000000000
43816  24.520  -41.903  71.071 0.0000000000
43801  24.286  -42.029  72.066 0.0000000000
42885  24.828  -42.534  73.902 0.0000000000
43757  25.294  -42.258  75.716 0.0000000000
42028  17.198  -44.091  77.507 0.0000000000
128335  16.587  -44.968  78.553 0.0000000000
41147  16.676  -44.806  77.024 0.0000000000
40262  15.942  -45.282  76.718 0.0000000000
120908  14.517  -45.829  76.061 0.0000000000
113530  8.954  -47.009  75.123 0.0000000000
113535  8.126  -46.438  73.938 0.0000000000
45484  18.564  -40.453  71.949 0.0000000000
44646  18.602  -41.174  72.938 0.0000000000
44634  19.161  -41.263  74.061 0.0000000000
114169  18.249  -41.726  74.285 0.0000000000
42849  17.998  -42.856  76.196 0.0000000000
115961  13.967  -46.597  83.031 0.0000000000
63097  53.376  -19.830  57.199 0.0000000000
63891  54.629  -18.703  58.576 0.0000000000
63901  52.963  -19.154  58.082 0.0000000000
63879  53.395  -18.878  59.478 0.0000000000
63863  53.171  -18.948  60.340 0.0000000000
63015  48.716  -19.766  62.701 0.0000000000
63827  49.844  -19.519  62.677 0.0000000000
63819  50.166  -19.139  64.113 0.0000000000
62987  51.523  -19.324  65.895 0.0000000000
116949  40.450  -24.239  60.434 0.0000000000
59716  39.902  -24.132  60.697 0.0000000000
59686  41.482  -23.718  62.341 0.0000000000
112526  42.611  -23.424  64.011 0.0000000000
58819  44.747  -24.799  67.687 0.0000000000
52556  32.433  -31.489  65.514 0.0000000000
124602  33.250  -30.564  65.553 0.0000000000
52534  33.962  -31.835  67.089 0.0000000000
52524  35.098  -31.956  68.092 0.0000000000
128440  35.971  -32.629  69.269 0.0000000000
113943  29.347  -41.967  72.524 0.0000000000
44655  30.311  -41.254  71.797 0.0000000000
43783  31.111  -41.577  73.094 0.0000000000
44641  31.852  -41.226  73.554 0.0000000000
45467  33.041  -40.134  73.510 0.0000000000
130392  48.024  -20.829  54.910 0.0000000000
63115  47.830  -19.631  54.252 0.0000000000
62287  48.562  -20.771  54.693 0.0000000000
61424  50.084  -21.470  54.561 0.0000000000
61423  51.290  -22.119  54.514 0.0000000000
109836  52.224  -22.165  53.974 0.0000000000
60600  52.382  -22.461  54.931 0.0000000000
61398  53.422  -21.412  56.024 0.0000000000
64697  53.000  -17.426  48.138 0.0000000000
63960  53.735  -18.402  48.123 0.0000000000
63167  55.316  -19.490  48.500 0.0000000000
63152  57.086  -19.429  49.519 0.0000000000
63154  54.854  -19.907  49.205 0.0000000000
62327  54.374  -20.273  49.938 0.0000000000
62314  54.635  -20.817  51.320 0.0000000000
45431  21.439  -40.683  75.813 0.0000000000
44606  22.253  -40.818  76.289 0.0000000000
114726  21.952  -40.248  77.798 0.0000000000
44562  22.514  -40.490  79.154 0.0000000000
42822  22.402  -42.362  79.515 0.0000000000
38352  10.270  -47.801  80.823 0.0000000000
38335  10.375  -47.404  83.134 0.0000000000
38336  9.375  -47.537  83.040 0.0000000000
38328  8.368  -47.700  84.089 0.0000000000
38330  7.048  -48.136  83.604 0.0000000000
36331  6.933  -49.019  84.471 0.0000000000
60569  49.570  -22.969  57.787 0.0000000000
123701  50.037  -22.404  59.275 0.0000000000
60555  48.394  -23.026  58.704 0.0000000000
61371  48.424  -21.827  60.058 0.0000000000
62252  48.051  -21.248  60.619 0.0000000000
60557  45.630  -22.979  58.902 0.0000000000
61373  46.676  -21.887  60.194 0.0000000000
125746  47.671  -20.764  61.170 0.0000000000
62221  47.647  -20.196  62.265 0.0000000000
62215  47.477  -20.170  63.192 0.0000000000
62207  46.883  -20.775  64.623 0.0000000000
57241  39.835  -26.036  62.796 0.0000000000
57240  40.486  -25.889  63.374 0.0000000000
57229  41.117  -26.236  63.909 0.0000000000
57216  42.681  -26.666  65.198 0.0000000000
57209  44.125  -26.476  66.481 0.0000000000
55369  43.968  -28.647  67.414 0.0000000000
56280  44.784  -27.588  67.585 0.0000000000
56279  45.305  -26.976  68.015 0.0000000000
49074  32.645  -35.747  68.213 0.0000000000
45418  31.655  -39.490  78.185 0.0000000000
124562  46.620  -19.896  54.993 0.0000000000
61414  47.039  -21.318  55.470 0.0000000000
60583  48.285  -22.609  56.288 0.0000000000
66181  51.516  -15.441  50.083 0.0000000000
66176  51.259  -15.274  50.760 0.0000000000
36396  3.082  -49.475  77.542 0.0000000000
36375  3.443  -49.753  79.312 0.0000000000
36384  2.630  -50.113  78.893 0.0000000000
35326  1.571  -51.012  80.220 0.0000000000
111843  0.611  -51.425  82.704 0.0000000000
34322  -0.202  -51.819  79.676 0.0000000000
58882  38.369  -24.800  60.952 0.0000000000
58086  37.626  -25.201  60.681 0.0000000000
58056  38.950  -25.742  62.033 0.0000000000
57259  38.692  -26.719  62.309 0.0000000000
56322  39.493  -27.685  63.134 0.0000000000
55399  39.888  -28.894  64.094 0.0000000000
131193  37.505  -29.082  62.262 0.0000000000
54442  38.522  -29.126  63.345 0.0000000000
54420  40.506  -29.389  65.131 0.0000000000
129361  40.642  -29.557  65.899 0.0000000000
129907  40.679  -29.660  67.983 0.0000000000
54371  40.878  -29.943  69.197 0.0000000000
109143  27.207  -41.530  70.549 0.0000000000
43815  25.468  -42.105  71.013 0.0000000000
43799  26.848  -42.349  71.917 0.0000000000
112552  28.493  -41.910  72.112 0.0000000000
127699  29.135  -42.519  73.677 0.0000000000
43753  29.519  -41.923  75.657 0.0000000000
112613  29.887  -41.311  76.814 0.0000000000
44605  23.196  -41.185  76.603 0.0000000000
43727  24.764  -41.573  77.112 0.0000000000
43726  25.808  -41.587  77.348 0.0000000000
42792  25.704  -41.772  80.425 0.0000000000
122541  26.214  -40.782  79.243 0.0000000000
43725  26.777  -41.562  77.358 0.0000000000
44574  27.872  -40.817  79.013 0.0000000000
44573  28.826  -40.703  79.040 0.0000000000
44572  29.726  -40.418  79.169 0.0000000000
122444  18.128  -45.186  82.773 0.0000000000
41076  17.028  -44.868  82.896 0.0000000000
40205  16.359  -45.059  82.726 0.0000000000
40206  15.562  -45.436  82.426 0.0000000000
41117  16.121  -45.407  79.075 0.0000000000
40221  15.041  -46.107  80.721 0.0000000000
39313  14.309  -46.459  81.088 0.0000000000
39305  13.509  -46.736  81.390 0.0000000000
39315  12.845  -47.068  80.608 0.0000000000
127474  11.575  -47.605  80.372 0.0000000000
41183  15.312  -44.585  74.003 0.0000000000
112354  14.865  -45.154  74.512 0.0000000000
40277  13.939  -45.907  75.619 0.0000000000
40301  12.615  -45.842  73.651 0.0000000000
40278  12.809  -46.283  75.347 0.0000000000
39359  13.245  -46.511  76.815 0.0000000000
39337  11.921  -47.161  77.567 0.0000000000
38372  11.654  -47.544  78.476 0.0000000000
38351  10.962  -47.740  80.269 0.0000000000
38374  9.919  -47.854  78.525 0.0000000000
38375  9.083  -47.808  78.298 0.0000000000
127876  7.644  -48.019  78.377 0.0000000000
39379  8.413  -47.186  75.626 0.0000000000
38389  7.638  -47.556  76.943 0.0000000000
38377  6.926  -48.123  78.408 0.0000000000
38390  6.448  -48.033  77.677 0.0000000000
38391  5.666  -48.288  77.709 0.0000000000
37398  4.410  -48.727  77.419 0.0000000000
37399  3.602  -48.960  77.045 0.0000000000
37400  2.763  -49.197  76.669 0.0000000000
44689  22.645  -40.808  70.303 0.0000000000
45493  21.919  -40.224  70.951 0.0000000000
44658  21.183  -40.471  72.707 0.0000000000
116880  20.067  -38.787  71.323 0.0000000000
45468  20.567  -40.291  73.044 0.0000000000
45458  20.821  -40.659  74.126 0.0000000000
45446  20.357  -40.595  75.485 0.0000000000
45433  20.461  -40.442  76.343 0.0000000000
45423  19.985  -40.540  77.443 0.0000000000
117300  19.357  -41.177  75.844 0.0000000000
43728  18.887  -41.406  78.132 0.0000000000
43709  19.160  -41.520  79.817 0.0000000000
43700  18.821  -42.016  80.506 0.0000000000
41952  18.530  -43.504  81.646 0.0000000000
36361  2.953  -49.985  82.008 0.0000000000
36343  3.396  -49.813  83.938 0.0000000000
63059  55.867  -19.363  59.644 0.0000000000
62249  50.471  -20.164  59.812 0.0000000000
63865  51.269  -19.289  60.426 0.0000000000
127147  53.715  -19.207  61.808 0.0000000000
63834  51.593  -19.217  62.904 0.0000000000
63832  53.146  -19.327  63.156 0.0000000000
63005  53.993  -19.886  62.745 0.0000000000
59751  42.698  -24.395  58.685 0.0000000000
111806  43.113  -24.170  59.739 0.0000000000
123690  42.289  -24.095  61.006 0.0000000000
59696  43.183  -23.755  61.079 0.0000000000
60513  44.452  -22.760  60.915 0.0000000000
60496  45.338  -22.391  63.075 0.0000000000
61321  45.707  -21.945  64.501 0.0000000000
62980  46.914  -19.785  66.602 0.0000000000
58021  41.687  -24.896  64.359 0.0000000000
111624  42.561  -23.697  64.585 0.0000000000
59656  43.150  -23.449  65.309 0.0000000000
58820  44.286  -23.977  67.336 0.0000000000
59637  43.947  -23.024  66.889 0.0000000000
61302  43.902  -22.332  65.959 0.0000000000
62171  44.742  -21.005  67.186 0.0000000000
131238  45.823  -20.021  67.488 0.0000000000
54464  33.618  -29.745  62.170 0.0000000000
124357  35.667  -29.821  64.433 0.0000000000
53421  34.564  -30.382  66.188 0.0000000000
54411  35.330  -30.067  66.140 0.0000000000
108803  36.246  -29.854  65.835 0.0000000000
54399  37.767  -29.977  67.555 0.0000000000
54384  39.510  -29.973  68.780 0.0000000000
108872  39.950  -30.418  70.096 0.0000000000
44683  30.294  -40.245  70.705 0.0000000000
48112  32.148  -37.015  68.899 0.0000000000
128133  32.855  -36.769  69.137 0.0000000000
127857  33.931  -35.880  69.241 0.0000000000
45430  32.107  -39.962  76.670 0.0000000000
45442  33.435  -39.482  75.110 0.0000000000
46297  34.206  -39.063  74.536 0.0000000000
46283  34.668  -38.348  74.913 0.0000000000
46309  34.724  -38.548  73.176 0.0000000000
47189  34.865  -37.699  71.812 0.0000000000
48096  34.681  -36.612  70.467 0.0000000000
49059  34.496  -35.347  69.460 0.0000000000
49956  35.515  -34.418  69.812 0.0000000000
50804  36.722  -33.433  70.330 0.0000000000
50803  37.432  -33.146  70.873 0.0000000000
50782  38.265  -33.533  74.127 0.0000000000
129230  38.565  -32.831  72.466 0.0000000000
51654  38.254  -32.088  70.966 0.0000000000
52498  39.374  -31.455  71.962 0.0000000000
64691  50.600  -17.036  50.914 0.0000000000
63939  51.056  -18.440  51.059 0.0000000000
63136  52.126  -20.063  51.167 0.0000000000
62316  52.891  -20.877  51.402 0.0000000000
61441  54.010  -21.202  52.230 0.0000000000
61428  53.481  -21.639  53.498 0.0000000000
113216  54.600  -20.444  53.348 0.0000000000
63129  55.233  -19.853  52.928 0.0000000000
63928  56.271  -18.745  53.985 0.0000000000
40211  18.435  -45.705  82.141 0.0000000000
40210  18.892  -45.553  81.364 0.0000000000
37380  4.027  -49.257  78.859 0.0000000000
53393  41.354  -30.301  69.865 0.0000000000
54356  42.276  -30.283  69.977 0.0000000000
44643  21.994  -41.006  73.597 0.0000000000
125676  22.632  -41.427  73.728 0.0000000000
44632  22.232  -41.136  74.466 0.0000000000
109552  16.517  -43.505  73.810 0.0000000000
42074  16.077  -43.590  73.234 0.0000000000
43790  16.997  -42.549  72.935 0.0000000000
39308  11.213  -47.287  82.593 0.0000000000
60552  51.457  -22.336  58.352 0.0000000000
128377  50.718  -22.487  58.720 0.0000000000
63807  49.272  -18.813  66.876 0.0000000000
58868  39.348  -24.871  61.836 0.0000000000
58867  39.948  -24.500  62.269 0.0000000000
49992  33.268  -34.430  67.741 0.0000000000
50849  33.254  -33.701  67.231 0.0000000000
49978  33.947  -34.442  68.390 0.0000000000
49958  34.345  -34.730  68.968 0.0000000000
44602  30.623  -41.021  76.702 0.0000000000
44615  31.000  -41.457  75.831 0.0000000000
130708  31.049  -40.580  76.936 0.0000000000
111030  50.398  -22.843  57.619 0.0000000000
60568  51.197  -22.725  57.559 0.0000000000
63946  51.482  -18.031  50.413 0.0000000000
44564  20.648  -40.506  78.756 0.0000000000
44547  20.501  -40.918  79.387 0.0000000000
38355  7.529  -48.242  80.816 0.0000000000
60586  45.662  -22.653  56.572 0.0000000000
59767  45.911  -23.063  57.340 0.0000000000
60543  44.517  -23.187  60.033 0.0000000000
128396  44.898  -22.784  60.156 0.0000000000
61356  45.075  -22.260  60.684 0.0000000000
55398  40.687  -28.833  64.443 0.0000000000
55397  41.546  -28.498  64.655 0.0000000000
54418  41.938  -28.885  65.244 0.0000000000
57282  35.498  -26.593  59.852 0.0000000000
57281  36.088  -27.036  60.428 0.0000000000
56358  36.468  -27.912  60.877 0.0000000000
125787  36.256  -29.860  63.707 0.0000000000
109172  36.984  -29.792  63.544 0.0000000000
54422  37.870  -29.868  65.027 0.0000000000
54423  36.958  -29.917  65.038 0.0000000000
42864  26.063  -42.490  75.175 0.0000000000
42883  26.532  -42.605  74.444 0.0000000000
43756  26.718  -42.225  75.872 0.0000000000
43694  23.518  -41.126  80.113 0.0000000000
44543  23.915  -40.757  79.925 0.0000000000
112461  24.167  -41.798  80.145 0.0000000000
41991  17.158  -43.767  80.038 0.0000000000
109929  14.621  -46.172  77.714 0.0000000000
39345  13.714  -46.537  77.703 0.0000000000
39392  10.282  -46.791  74.758 0.0000000000
39391  11.100  -46.678  74.905 0.0000000000
39361  10.931  -47.115  76.404 0.0000000000
113366  9.985  -47.239  76.316 0.0000000000
46330  19.178  -39.865  71.845 0.0000000000
46316  19.483  -40.106  72.460 0.0000000000
131947  19.912  -40.671  74.227 0.0000000000
45448  19.578  -40.940  73.919 0.0000000000
42010  17.509  -43.442  78.475 0.0000000000
42831  17.988  -42.678  78.029 0.0000000000
123366  17.539  -43.143  79.602 0.0000000000
35307  0.739  -51.166  83.580 0.0000000000
35297  1.403  -50.817  83.792 0.0000000000
63907  55.049  -18.964  56.861 0.0000000000
63898  55.739  -18.727  57.453 0.0000000000
63040  54.855  -19.392  60.947 0.0000000000
63022  55.275  -19.726  60.812 0.0000000000
63023  54.708  -19.749  61.400 0.0000000000
61343  54.802  -21.155  61.645 0.0000000000
62220  54.490  -20.348  62.098 0.0000000000
63042  49.096  -20.201  60.926 0.0000000000
63041  49.795  -19.942  60.688 0.0000000000
63025  49.520  -19.824  61.206 0.0000000000
60499  42.899  -23.373  63.930 0.0000000000
60506  42.959  -23.672  62.971 0.0000000000
127187  44.401  -22.928  64.328 0.0000000000
58005  43.969  -25.509  66.610 0.0000000000
54437  32.301  -29.952  64.071 0.0000000000
52517  36.254  -32.070  69.046 0.0000000000
52522  36.612  -31.517  68.755 0.0000000000
52516  36.981  -31.812  69.320 0.0000000000
52507  38.034  -31.816  70.300 0.0000000000
44685  28.736  -40.792  70.338 0.0000000000
44670  29.265  -41.039  70.960 0.0000000000
45490  32.371  -39.785  71.656 0.0000000000
46340  32.908  -39.253  71.588 0.0000000000
46339  33.525  -38.648  71.394 0.0000000000
130549  34.003  -38.667  72.026 0.0000000000
48983  36.283  -36.164  74.888 0.0000000000
126023  36.521  -36.332  73.145 0.0000000000
49001  36.905  -35.797  73.502 0.0000000000
49000  37.399  -35.396  73.059 0.0000000000
48981  37.411  -35.183  73.890 0.0000000000
63121  50.031  -19.963  52.781 0.0000000000
109202  51.213  -21.185  53.229 0.0000000000
63095  54.417  -19.473  56.357 0.0000000000
63914  55.268  -19.175  56.036 0.0000000000
63166  56.409  -19.358  48.506 0.0000000000
63186  56.903  -19.119  47.741 0.0000000000
110764  57.157  -19.387  47.989 0.0000000000
63164  57.268  -19.411  48.992 0.0000000000
62313  55.580  -20.296  51.132 0.0000000000
110735  56.595  -19.035  52.339 0.0000000000
63128  55.982  -19.169  52.798 0.0000000000
42793  19.043  -42.927  81.249 0.0000000000
42810  19.495  -42.197  80.526 0.0000000000
37377  6.374  -48.439  79.997 0.0000000000
37371  5.572  -48.774  80.293 0.0000000000
36359  4.473  -49.410  81.334 0.0000000000
113126  5.190  -49.109  81.180 0.0000000000
37359  4.749  -49.353  82.881 0.0000000000
37352  4.223  -49.531  83.423 0.0000000000
126521  43.242  -23.836  58.004 0.0000000000
35383  -0.630  -50.053  77.463 0.0000000000
35364  -1.728  -50.697  78.869 0.0000000000
111979  23.120  -41.219  71.045 0.0000000000
43817  23.695  -41.611  71.518 0.0000000000
110553  23.930  -42.118  74.043 0.0000000000
116712  24.391  -42.290  74.652 0.0000000000
42865  25.098  -42.497  74.875 0.0000000000
43758  24.397  -42.068  75.513 0.0000000000
42041  17.105  -44.211  76.507 0.0000000000
41167  15.866  -45.052  75.970 0.0000000000
40276  15.244  -45.533  76.138 0.0000000000
43803  17.697  -41.519  72.326 0.0000000000
44659  18.327  -41.018  72.414 0.0000000000
44635  18.613  -41.425  73.697 0.0000000000
42064  17.260  -43.194  74.889 0.0000000000
42866  17.918  -42.709  75.338 0.0000000000
42040  17.634  -43.528  76.739 0.0000000000
39299  13.355  -46.714  82.447 0.0000000000
126336  13.256  -46.939  83.165 0.0000000000
63086  53.448  -19.374  57.481 0.0000000000
63087  52.808  -19.471  57.884 0.0000000000
63075  51.902  -19.672  59.042 0.0000000000
63074  52.422  -19.472  58.536 0.0000000000
63880  52.419  -19.070  59.557 0.0000000000
63007  49.585  -19.420  63.479 0.0000000000
62999  49.363  -19.337  64.366 0.0000000000
124530  50.842  -18.971  65.836 0.0000000000
59687  41.104  -23.807  62.598 0.0000000000
59699  40.961  -23.883  61.925 0.0000000000
121213  41.725  -23.601  62.799 0.0000000000
52544  32.932  -31.749  66.008 0.0000000000
52543  33.522  -31.375  66.381 0.0000000000
51668  34.902  -32.812  68.398 0.0000000000
51667  35.564  -32.325  68.742 0.0000000000
51662  36.020  -33.210  69.684 0.0000000000
43785  29.639  -42.221  73.230 0.0000000000
43798  30.227  -41.770  72.561 0.0000000000
43784  30.447  -42.059  73.583 0.0000000000
44614  31.770  -41.130  75.425 0.0000000000
44630  31.899  -41.307  74.505 0.0000000000
44640  32.519  -40.768  74.013 0.0000000000
45457  33.035  -40.184  74.496 0.0000000000
61413  48.573  -21.274  55.084 0.0000000000
61412  49.800  -21.829  55.180 0.0000000000
60601  51.512  -22.487  55.323 0.0000000000
61390  52.591  -21.785  57.251 0.0000000000
61399  52.932  -21.835  56.557 0.0000000000
62280  53.185  -20.921  56.980 0.0000000000
63168  54.239  -19.296  48.641 0.0000000000
122554  55.953  -19.645  49.179 0.0000000000
62322  53.427  -19.964  50.110 0.0000000000
127494  53.889  -20.509  50.493 0.0000000000
62321  54.680  -20.618  50.653 0.0000000000
45432  20.852  -40.456  76.157 0.0000000000
45420  21.553  -40.305  76.834 0.0000000000
44563  21.755  -40.437  79.089 0.0000000000
45402  22.015  -40.211  78.838 0.0000000000
44545  22.190  -40.827  79.491 0.0000000000
43695  22.611  -41.284  79.904 0.0000000000
42807  21.991  -41.786  79.893 0.0000000000
38344  9.784  -47.574  81.940 0.0000000000
113830  7.797  -47.831  83.670 0.0000000000
38319  8.256  -47.962  84.298 0.0000000000
37338  7.459  -48.380  84.311 0.0000000000
37365  6.239  -48.534  81.730 0.0000000000
38347  6.858  -48.228  82.313 0.0000000000
59746  48.691  -23.210  57.927 0.0000000000
60554  49.336  -22.950  58.636 0.0000000000
60556  47.483  -22.986  58.801 0.0000000000
60539  47.957  -22.514  59.482 0.0000000000
61372  47.501  -21.854  60.134 0.0000000000
59768  44.673  -23.338  57.595 0.0000000000
59748  45.465  -23.340  57.999 0.0000000000
61374  45.911  -22.077  60.284 0.0000000000
60541  46.165  -22.466  59.628 0.0000000000
61353  47.205  -21.304  60.599 0.0000000000
62238  47.051  -20.919  60.881 0.0000000000
63027  47.991  -20.388  61.574 0.0000000000
62228  47.167  -20.664  61.551 0.0000000000
119400  45.879  -21.364  62.003 0.0000000000
62222  46.988  -20.581  62.571 0.0000000000
62216  46.936  -20.744  63.595 0.0000000000
62206  47.441  -20.269  64.125 0.0000000000
120263  39.924  -26.845  63.222 0.0000000000
130959  42.836  -28.010  65.266 0.0000000000
56301  42.516  -27.483  64.989 0.0000000000
56300  43.116  -27.416  65.464 0.0000000000
57215  43.358  -26.576  65.761 0.0000000000
56291  43.774  -27.432  66.060 0.0000000000
54393  43.296  -29.092  67.666 0.0000000000
55370  43.472  -28.916  66.901 0.0000000000
55368  44.485  -28.243  67.989 0.0000000000
56270  44.968  -27.595  68.481 0.0000000000
56269  45.610  -26.982  68.933 0.0000000000
49089  31.780  -35.488  67.186 0.0000000000
49088  32.524  -35.156  67.609 0.0000000000
62289  46.272  -20.525  55.377 0.0000000000
62288  47.270  -20.565  55.010 0.0000000000
60584  47.393  -22.684  56.513 0.0000000000
61401  47.670  -22.020  55.751 0.0000000000
60570  48.922  -22.766  57.085 0.0000000000
115005  2.551  -49.985  77.999 0.0000000000
35344  1.311  -51.145  79.238 0.0000000000
112729  1.016  -51.418  80.784 0.0000000000
35315  0.837  -51.463  81.729 0.0000000000
34335  -0.534  -51.691  78.906 0.0000000000
58901  37.982  -24.534  60.310 0.0000000000
119713  36.674  -26.372  60.585 0.0000000000
58087  36.858  -25.630  60.371 0.0000000000
58072  38.030  -25.459  61.205 0.0000000000
57269  38.179  -26.161  61.676 0.0000000000
56340  38.328  -27.745  62.263 0.0000000000
56323  38.908  -27.682  62.716 0.0000000000
55407  39.046  -28.449  63.203 0.0000000000
55406  39.685  -28.410  63.563 0.0000000000
55448  36.076  -28.763  60.873 0.0000000000
55435  36.758  -28.687  61.335 0.0000000000
54462  36.969  -29.248  61.947 0.0000000000
54432  38.560  -29.542  64.266 0.0000000000
129926  39.422  -29.313  64.331 0.0000000000
109179  39.911  -29.635  65.772 0.0000000000
54396  40.189  -29.658  67.699 0.0000000000
54383  40.298  -29.782  68.525 0.0000000000
115592  39.649  -29.750  68.142 0.0000000000
132289  26.767  -41.208  69.587 0.0000000000
44687  27.349  -41.119  69.828 0.0000000000
43800  25.044  -42.304  71.796 0.0000000000
42916  27.145  -42.487  72.784 0.0000000000
116252  27.620  -42.201  72.204 0.0000000000
42915  28.019  -42.379  72.874 0.0000000000
43786  28.850  -42.301  73.008 0.0000000000
42899  28.408  -42.533  73.643 0.0000000000
43754  28.576  -41.906  75.942 0.0000000000
43773  28.983  -42.250  75.203 0.0000000000
43735  29.330  -41.631  76.473 0.0000000000
44603  29.253  -41.195  77.279 0.0000000000
44594  22.510  -40.542  77.204 0.0000000000
44616  22.770  -41.266  75.850 0.0000000000
44577  24.427  -40.613  78.964 0.0000000000
44591  25.194  -41.056  78.250 0.0000000000
43679  26.724  -41.651  80.534 0.0000000000
43691  26.450  -41.203  80.475 0.0000000000
44558  26.503  -40.746  79.979 0.0000000000
44590  26.294  -41.079  78.297 0.0000000000
44575  26.945  -40.875  79.089 0.0000000000
44589  27.332  -41.136  78.129 0.0000000000
44557  27.418  -40.821  79.934 0.0000000000
44556  28.361  -40.790  79.862 0.0000000000
44555  29.298  -40.647  79.846 0.0000000000
41083  17.746  -44.523  82.677 0.0000000000
41094  16.182  -44.828  81.976 0.0000000000
40212  15.605  -45.489  81.359 0.0000000000
41131  16.678  -44.854  77.833 0.0000000000
39334  14.641  -46.368  79.199 0.0000000000
40228  15.002  -46.090  79.825 0.0000000000
39325  12.945  -47.134  79.438 0.0000000000
38350  12.171  -47.444  79.970 0.0000000000
38361  12.163  -47.538  79.134 0.0000000000
41177  14.203  -45.370  73.969 0.0000000000
40288  13.938  -45.739  74.711 0.0000000000
114247  13.362  -46.025  75.239 0.0000000000
40311  12.226  -45.594  72.857 0.0000000000
40302  11.758  -45.958  73.509 0.0000000000
40279  12.058  -46.455  74.984 0.0000000000
39375  12.435  -46.600  76.051 0.0000000000
118177  12.444  -46.846  76.938 0.0000000000
38386  11.069  -47.476  77.758 0.0000000000
38373  10.783  -47.743  78.571 0.0000000000
38362  11.393  -47.711  79.446 0.0000000000
38363  10.339  -47.875  79.525 0.0000000000
38388  9.034  -47.513  77.484 0.0000000000
109436  8.390  -48.212  78.906 0.0000000000
38376  8.208  -47.721  77.812 0.0000000000
39394  8.196  -46.915  74.830 0.0000000000
39363  7.150  -47.378  76.095 0.0000000000
109720  7.271  -47.850  77.684 0.0000000000
38392  5.016  -48.174  76.979 0.0000000000
37407  4.124  -48.435  76.513 0.0000000000
37408  3.238  -48.635  76.194 0.0000000000
37426  2.797  -48.219  75.640 0.0000000000
45507  21.371  -39.672  70.495 0.0000000000
45480  21.552  -40.593  71.917 0.0000000000
46367  19.791  -38.443  70.752 0.0000000000
46366  20.301  -38.458  70.565 0.0000000000
45469  20.074  -40.002  72.904 0.0000000000
45482  20.180  -39.749  72.382 0.0000000000
45445  20.801  -40.637  75.195 0.0000000000
45459  20.337  -40.591  74.545 0.0000000000
109199  20.110  -40.630  75.655 0.0000000000
45434  20.098  -40.563  76.518 0.0000000000
43759  18.835  -41.417  75.421 0.0000000000
43742  18.883  -41.575  76.443 0.0000000000
43719  18.411  -41.944  78.571 0.0000000000
115429  19.002  -41.316  77.313 0.0000000000
130256  19.299  -41.036  78.564 0.0000000000
43718  18.908  -41.364  79.048 0.0000000000
41971  17.756  -43.262  81.292 0.0000000000
41953  18.200  -43.439  81.723 0.0000000000
41082  18.220  -43.955  82.225 0.0000000000
130555  18.242  -44.488  82.423 0.0000000000
112116  9.740  -47.412  84.002 0.0000000000
38327  10.621  -47.551  84.059 0.0000000000
36376  2.874  -50.101  79.873 0.0000000000
36370  3.126  -49.982  80.865 0.0000000000
35296  1.937  -50.568  84.036 0.0000000000
36351  2.818  -50.227  83.182 0.0000000000
36344  2.499  -50.219  84.008 0.0000000000
36335  2.916  -50.256  84.206 0.0000000000
117244  2.648  -50.853  84.404 0.0000000000
63877  55.317  -18.857  59.331 0.0000000000
61342  55.367  -20.782  60.868 0.0000000000
61369  50.281  -21.244  59.716 0.0000000000
63846  50.831  -19.362  61.069 0.0000000000
63882  50.943  -19.561  59.994 0.0000000000
63844  52.891  -19.073  61.355 0.0000000000
110530  52.193  -19.169  62.153 0.0000000000
63826  51.016  -19.108  63.709 0.0000000000
63835  50.658  -19.305  62.696 0.0000000000
63825  51.952  -19.070  63.776 0.0000000000
128301  53.027  -19.452  63.722 0.0000000000
63006  53.453  -19.617  63.244 0.0000000000
62214  53.628  -20.267  63.487 0.0000000000
62213  54.125  -20.682  63.046 0.0000000000
59752  41.755  -24.498  57.997 0.0000000000
131274  42.445  -24.494  59.381 0.0000000000
59714  41.369  -24.262  60.758 0.0000000000
60505  43.725  -23.541  62.377 0.0000000000
60514  43.821  -23.366  61.412 0.0000000000
60528  44.037  -23.275  60.633 0.0000000000
112825  44.409  -23.080  61.845 0.0000000000
61336  44.906  -22.321  61.459 0.0000000000
60504  44.871  -22.684  62.428 0.0000000000
61322  44.818  -22.250  64.908 0.0000000000
61313  46.201  -21.284  65.059 0.0000000000
62199  45.726  -20.828  65.964 0.0000000000
119554  41.490  -25.695  64.279 0.0000000000
58022  41.119  -25.092  63.752 0.0000000000
130753  42.812  -24.081  65.271 0.0000000000
60448  44.473  -22.412  67.513 0.0000000000
60466  44.073  -22.206  66.715 0.0000000000
60467  43.798  -22.664  66.220 0.0000000000
61301  44.360  -21.695  66.581 0.0000000000
54447  33.711  -29.697  63.090 0.0000000000
54446  34.568  -29.792  63.281 0.0000000000
54435  34.740  -29.766  64.180 0.0000000000
52542  34.308  -31.024  66.774 0.0000000000
109764  33.708  -30.645  65.978 0.0000000000
53413  36.401  -30.411  67.395 0.0000000000
53420  35.863  -30.168  66.712 0.0000000000
54410  36.723  -29.921  66.617 0.0000000000
54409  37.578  -29.821  66.664 0.0000000000
54400  37.099  -30.024  67.204 0.0000000000
53395  38.582  -30.866  69.520 0.0000000000
53403  38.778  -30.354  68.860 0.0000000000
113981  39.349  -30.438  69.469 0.0000000000
44668  30.811  -40.646  71.413 0.0000000000
46374  31.240  -38.309  69.561 0.0000000000
47209  32.012  -38.048  69.811 0.0000000000
47207  33.587  -37.655  70.371 0.0000000000
48111  33.228  -37.203  69.745 0.0000000000
48110  33.607  -36.518  69.443 0.0000000000
45417  31.946  -39.510  77.416 0.0000000000
46267  32.264  -38.973  77.999 0.0000000000
46265  33.449  -37.956  77.337 0.0000000000
46273  33.129  -38.767  76.695 0.0000000000
46285  33.412  -38.963  75.903 0.0000000000
46284  33.984  -38.686  75.428 0.0000000000
47153  35.459  -37.305  74.572 0.0000000000
47136  35.048  -37.557  75.175 0.0000000000
47154  35.130  -37.917  74.337 0.0000000000
46296  34.773  -38.600  74.037 0.0000000000
47166  35.097  -38.096  73.599 0.0000000000
47178  34.552  -38.348  72.334 0.0000000000
109471  35.199  -37.864  72.788 0.0000000000
48075  35.218  -36.898  71.274 0.0000000000
49027  35.227  -36.222  70.728 0.0000000000
49043  34.924  -35.854  70.134 0.0000000000
49026  35.553  -35.579  70.573 0.0000000000
49042  35.242  -35.096  69.907 0.0000000000
49938  35.870  -34.811  70.345 0.0000000000
49937  36.539  -34.399  70.701 0.0000000000
50798  37.234  -33.985  71.063 0.0000000000
50797  37.887  -33.589  71.643 0.0000000000
50775  37.937  -33.763  75.098 0.0000000000
50774  38.462  -32.988  75.045 0.0000000000
110060  38.752  -32.802  73.004 0.0000000000
50796  38.350  -32.859  71.967 0.0000000000
51648  38.449  -32.322  71.563 0.0000000000
52499  38.803  -31.785  71.419 0.0000000000
65441  50.390  -16.300  51.164 0.0000000000
63940  50.496  -17.804  51.227 0.0000000000
63137  51.264  -19.331  51.455 0.0000000000
61443  52.724  -21.266  52.122 0.0000000000
61442  53.496  -21.189  51.855 0.0000000000
61422  53.029  -22.113  54.159 0.0000000000
62295  54.472  -20.223  54.395 0.0000000000
62300  54.146  -21.017  53.831 0.0000000000
126723  54.561  -20.337  53.868 0.0000000000
63120  54.958  -19.684  53.864 0.0000000000
63119  55.721  -19.074  53.492 0.0000000000
63912  56.595  -18.685  55.323 0.0000000000
64701  53.712  -17.366  47.398 0.0000000000
65457  53.769  -16.193  46.951 0.0000000000
63153  56.660  -19.679  49.796 0.0000000000
37388  5.383  -48.608  78.472 0.0000000000
37379  4.883  -48.929  79.334 0.0000000000
36369  3.969  -49.633  80.652 0.0000000000
54382  41.254  -29.737  68.325 0.0000000000
113291  42.229  -29.727  68.438 0.0000000000
120040  22.241  -41.037  72.171 0.0000000000
44642  23.136  -41.650  74.295 0.0000000000
42054  16.847  -44.228  75.829 0.0000000000
109244  16.744  -43.882  75.199 0.0000000000
41175  16.247  -44.171  74.747 0.0000000000
41176  15.727  -44.677  74.644 0.0000000000
43776  17.925  -41.847  73.691 0.0000000000
42904  17.343  -42.487  73.576 0.0000000000
39300  12.620  -46.987  82.687 0.0000000000
39301  11.909  -47.277  83.044 0.0000000000
130900  11.210  -47.596  83.874 0.0000000000
61381  52.282  -20.665  58.234 0.0000000000
62260  51.740  -20.118  58.885 0.0000000000
63000  48.545  -19.632  64.512 0.0000000000
62989  49.121  -19.210  65.550 0.0000000000
59701  39.583  -24.158  60.964 0.0000000000
58880  39.844  -24.224  61.591 0.0000000000
58856  41.029  -24.184  63.255 0.0000000000
51683  33.078  -33.076  66.690 0.0000000000
51682  33.750  -32.790  67.302 0.0000000000
50830  34.428  -33.627  68.350 0.0000000000
50815  35.006  -33.663  68.847 0.0000000000
43752  30.404  -41.960  75.351 0.0000000000
44613  32.293  -40.423  75.800 0.0000000000
60582  49.142  -22.418  56.141 0.0000000000
60597  50.074  -22.330  55.950 0.0000000000
110330  51.114  -22.551  56.008 0.0000000000
124816  51.995  -22.601  55.876 0.0000000000
60580  51.570  -22.629  56.724 0.0000000000
60567  51.979  -22.395  57.477 0.0000000000
132266  52.341  -17.865  49.201 0.0000000000
63954  52.579  -18.515  49.411 0.0000000000
63155  53.806  -19.652  49.409 0.0000000000
131841  20.795  -40.192  77.568 0.0000000000
45421  21.285  -40.161  77.606 0.0000000000
45411  21.014  -40.273  78.214 0.0000000000
116858  21.115  -40.513  79.068 0.0000000000
44546  21.332  -40.826  79.377 0.0000000000
109807  8.841  -48.006  79.917 0.0000000000
38345  8.883  -47.747  81.882 0.0000000000
38354  8.419  -48.009  80.812 0.0000000000
38346  8.017  -47.906  81.776 0.0000000000
38338  7.582  -47.983  82.670 0.0000000000
37350  5.509  -48.732  83.973 0.0000000000
60571  47.003  -23.110  57.452 0.0000000000
130285  47.052  -23.186  58.246 0.0000000000
123619  46.611  -22.924  58.847 0.0000000000
61355  45.734  -21.800  60.624 0.0000000000
61344  46.302  -21.146  61.141 0.0000000000
120359  41.106  -27.991  64.133 0.0000000000
56310  41.272  -27.146  64.125 0.0000000000
55396  42.280  -28.233  64.950 0.0000000000
131280  2.209  -50.304  78.313 0.0000000000
36385  1.672  -50.399  77.744 0.0000000000
58088  36.166  -26.130  60.066 0.0000000000
57270  37.524  -26.991  61.493 0.0000000000
56341  37.762  -27.824  61.795 0.0000000000
55419  37.917  -28.522  62.242 0.0000000000
120488  36.518  -29.629  62.291 0.0000000000
54461  37.180  -29.520  62.728 0.0000000000
54421  38.639  -29.743  65.134 0.0000000000
109417  39.028  -29.721  65.826 0.0000000000
109952  38.529  -29.715  66.804 0.0000000000
43828  25.824  -41.722  70.281 0.0000000000
42902  25.616  -42.645  73.314 0.0000000000
42918  25.420  -42.520  72.487 0.0000000000
42901  26.563  -42.641  73.590 0.0000000000
128474  27.141  -42.581  74.191 0.0000000000
42882  27.900  -42.545  74.331 0.0000000000
43755  27.623  -42.117  75.836 0.0000000000
120735  27.923  -41.827  76.508 0.0000000000
44593  23.345  -40.799  77.614 0.0000000000
44578  23.489  -40.549  78.699 0.0000000000
113743  23.945  -40.576  79.438 0.0000000000
44560  24.661  -40.588  79.759 0.0000000000
42802  27.273  -42.655  80.291 0.0000000000
41954  17.423  -43.741  81.760 0.0000000000
114401  16.979  -44.355  82.341 0.0000000000
40249  15.519  -45.740  77.479 0.0000000000
40235  15.568  -45.804  78.376 0.0000000000
128339  14.921  -46.141  78.480 0.0000000000
39376  11.476  -46.804  75.757 0.0000000000
38400  9.773  -47.485  77.207 0.0000000000
38418  6.150  -47.543  75.966 0.0000000000
39382  5.782  -47.082  75.140 0.0000000000
46365  20.661  -39.164  70.970 0.0000000000
46349  19.126  -39.350  71.324 0.0000000000
113387  19.862  -39.346  71.851 0.0000000000
45470  20.020  -40.092  73.019 0.0000000000
45460  20.247  -40.555  73.990 0.0000000000
43743  18.321  -42.201  76.608 0.0000000000
118956  18.116  -42.446  80.186 0.0000000000
41990  17.648  -43.071  80.612 0.0000000000
35314  1.738  -50.878  81.390 0.0000000000
35305  2.255  -50.454  82.402 0.0000000000
128624  54.903  -18.861  60.013 0.0000000000
63861  55.316  -19.087  60.125 0.0000000000
132229  55.204  -19.326  60.567 0.0000000000
60503  54.387  -22.035  62.438 0.0000000000
62250  49.747  -20.609  60.227 0.0000000000
63062  50.099  -20.016  60.280 0.0000000000
63847  50.205  -19.654  60.864 0.0000000000
62998  52.055  -19.358  65.149 0.0000000000
63816  52.134  -19.090  64.481 0.0000000000
59733  41.042  -24.496  59.771 0.0000000000
59697  42.387  -23.733  61.748 0.0000000000
60497  44.740  -22.974  63.367 0.0000000000
58013  42.775  -25.734  65.460 0.0000000000
58834  43.026  -24.843  65.666 0.0000000000
62170  44.948  -21.052  68.052 0.0000000000
109481  32.945  -29.699  63.740 0.0000000000
54426  34.011  -29.883  64.842 0.0000000000
52532  35.317  -31.257  67.749 0.0000000000
53406  35.937  -30.937  67.845 0.0000000000
53405  36.647  -30.904  68.211 0.0000000000
53404  37.494  -30.565  68.271 0.0000000000
52514  38.444  -31.306  70.059 0.0000000000
44667  32.061  -40.321  72.168 0.0000000000
45491  31.636  -40.067  71.320 0.0000000000
46341  32.217  -39.254  70.933 0.0000000000
46358  32.488  -38.501  70.431 0.0000000000
47191  33.197  -38.260  70.680 0.0000000000
47190  33.799  -38.067  70.944 0.0000000000
46257  32.741  -38.478  78.519 0.0000000000
47105  33.183  -37.992  78.796 0.0000000000
47113  33.597  -37.671  78.262 0.0000000000
48037  35.949  -36.846  74.307 0.0000000000
115393  35.758  -37.263  72.878 0.0000000000
48051  36.107  -36.852  73.379 0.0000000000
48060  36.175  -36.655  72.505 0.0000000000
48073  36.353  -36.067  71.805 0.0000000000
49925  36.302  -35.332  71.111 0.0000000000
49025  36.921  -35.430  71.858 0.0000000000
49013  37.298  -35.331  72.428 0.0000000000
49912  37.772  -34.906  72.702 0.0000000000
63114  48.822  -20.067  53.815 0.0000000000
63130  50.672  -19.580  52.132 0.0000000000
62317  51.498  -20.200  51.947 0.0000000000
62308  51.852  -21.096  52.488 0.0000000000
61436  52.551  -21.647  52.720 0.0000000000
119193  53.800  -20.924  55.435 0.0000000000
62286  54.266  -20.050  55.305 0.0000000000
63113  54.860  -19.570  54.770 0.0000000000
63923  55.394  -19.091  55.190 0.0000000000
63971  55.379  -18.684  47.390 0.0000000000
114328  56.945  -19.245  51.071 0.0000000000
63126  57.301  -19.109  52.525 0.0000000000
43708  19.785  -41.301  79.663 0.0000000000
43698  20.000  -41.531  79.987 0.0000000000
41969  19.726  -42.721  80.534 0.0000000000
128953  6.862  -48.423  80.558 0.0000000000
37370  6.333  -48.700  80.834 0.0000000000
37366  5.532  -48.749  81.966 0.0000000000
37358  5.331  -49.065  82.929 0.0000000000
37351  4.806  -49.028  83.857 0.0000000000
36334  3.738  -49.898  84.200 0.0000000000
59730  44.347  -23.544  59.309 0.0000000000
59731  44.009  -23.744  59.910 0.0000000000
54419  41.381  -29.340  65.703 0.0000000000
54405  42.319  -29.159  65.966 0.0000000000
54380  43.107  -29.410  68.603 0.0000000000
35381  0.522  -50.537  77.493 0.0000000000
35382  -0.299  -50.508  77.533 0.0000000000
34336  -1.277  -51.451  78.820 0.0000000000
36386  -1.098  -49.762  77.888 0.0000000000
34324  -1.594  -51.539  79.937 0.0000000000
109178  35.840  -29.829  62.395 0.0000000000
43802  23.510  -41.726  72.467 0.0000000000
43787  24.229  -42.159  73.062 0.0000000000
42903  24.963  -42.473  73.051 0.0000000000
42011  16.979  -44.309  78.465 0.0000000000
41148  16.235  -45.256  77.426 0.0000000000
41159  16.489  -44.732  76.238 0.0000000000
131136  15.396  -45.669  76.773 0.0000000000
40263  14.774  -45.936  76.798 0.0000000000
116227  10.719  -46.128  73.376 0.0000000000
40291  10.010  -46.583  73.941 0.0000000000
39393  9.479  -46.840  74.557 0.0000000000
125946  8.746  -46.822  74.417 0.0000000000
45472  18.824  -40.759  72.561 0.0000000000
44645  18.942  -41.222  73.295 0.0000000000
44620  18.745  -41.375  74.584 0.0000000000
43760  18.272  -41.848  74.982 0.0000000000
42027  17.677  -43.319  77.561 0.0000000000
63096  53.901  -19.593  56.746 0.0000000000
63899  54.837  -18.747  57.701 0.0000000000
63900  53.848  -18.943  57.890 0.0000000000
63892  53.602  -18.859  58.668 0.0000000000
110618  54.200  -18.892  60.200 0.0000000000
114711  53.929  -19.062  61.027 0.0000000000
63014  49.212  -19.742  62.068 0.0000000000
116985  49.212  -19.619  62.891 0.0000000000
128872  50.247  -19.303  63.324 0.0000000000
63818  50.899  -18.978  64.726 0.0000000000
115353  50.048  -19.055  65.129 0.0000000000
63817  51.572  -19.036  65.110 0.0000000000
129520  39.889  -24.148  60.214 0.0000000000
59715  40.772  -24.104  61.225 0.0000000000
59700  40.295  -24.085  61.427 0.0000000000
59678  42.278  -23.558  63.288 0.0000000000
57200  45.223  -26.316  67.780 0.0000000000
53430  32.450  -30.878  65.093 0.0000000000
112978  32.912  -30.426  65.196 0.0000000000
53422  33.012  -30.996  65.686 0.0000000000
52533  34.645  -31.537  67.478 0.0000000000
51681  34.435  -32.283  67.721 0.0000000000
51661  36.620  -32.558  69.721 0.0000000000
43812  29.477  -41.524  71.736 0.0000000000
44654  30.957  -41.196  72.218 0.0000000000
43770  31.258  -41.825  74.075 0.0000000000
44653  31.648  -40.945  72.660 0.0000000000
44652  32.374  -40.586  73.044 0.0000000000
45466  33.658  -39.567  73.064 0.0000000000
62298  47.872  -20.312  54.635 0.0000000000
111899  48.431  -20.231  54.334 0.0000000000
119337  49.227  -21.289  54.862 0.0000000000
62297  49.244  -20.690  54.310 0.0000000000
126066  50.010  -20.830  54.000 0.0000000000
61431  50.701  -21.301  53.929 0.0000000000
61430  51.468  -21.789  53.760 0.0000000000
61410  52.769  -22.284  55.809 0.0000000000
62279  53.822  -20.180  56.259 0.0000000000
65452  53.155  -16.367  47.738 0.0000000000
64698  52.448  -17.338  48.807 0.0000000000
63959  54.802  -18.947  47.935 0.0000000000
126672  56.837  -19.283  49.177 0.0000000000
62320  55.610  -20.271  50.015 0.0000000000
45444  21.445  -40.796  74.866 0.0000000000
44617  22.169  -40.963  75.393 0.0000000000
45410  21.625  -40.213  78.365 0.0000000000
45409  22.166  -40.212  78.538 0.0000000000
45401  22.658  -40.314  78.873 0.0000000000
44544  23.111  -40.829  79.712 0.0000000000
42806  23.042  -41.809  79.980 0.0000000000
42808  20.995  -41.738  79.629 0.0000000000
41989  20.810  -43.064  78.808 0.0000000000
42823  21.277  -42.312  79.311 0.0000000000
38343  10.563  -47.422  81.971 0.0000000000
111838  9.013  -47.508  83.914 0.0000000000
38318  9.104  -47.717  84.221 0.0000000000
37336  8.829  -48.178  84.403 0.0000000000
37349  6.326  -48.452  84.064 0.0000000000
37348  7.007  -48.273  84.175 0.0000000000
60553  50.179  -22.811  58.431 0.0000000000
60538  48.955  -22.524  59.412 0.0000000000
62251  48.921  -21.001  60.495 0.0000000000
62236  48.637  -20.701  60.835 0.0000000000
129199  45.287  -23.161  57.484 0.0000000000
62237  47.828  -20.973  60.929 0.0000000000
63043  48.374  -20.585  61.126 0.0000000000
63009  48.103  -19.871  62.929 0.0000000000
115964  47.982  -19.861  63.799 0.0000000000
127697  47.896  -19.919  64.559 0.0000000000
62197  47.471  -20.212  65.065 0.0000000000
62991  47.534  -19.750  66.009 0.0000000000
58037  40.190  -25.171  62.800 0.0000000000
57228  41.656  -26.557  64.427 0.0000000000
57227  42.190  -26.840  64.760 0.0000000000
55381  43.108  -28.785  66.222 0.0000000000
55380  43.880  -28.313  66.549 0.0000000000
55379  44.392  -28.133  67.226 0.0000000000
56290  44.397  -27.498  66.781 0.0000000000
57201  44.807  -26.806  67.258 0.0000000000
49994  32.074  -34.776  66.862 0.0000000000
49073  33.252  -35.176  68.269 0.0000000000
45408  30.537  -40.064  79.180 0.0000000000
45419  30.947  -39.956  78.279 0.0000000000
45399  31.666  -39.908  79.650 0.0000000000
111548  47.872  -21.264  55.261 0.0000000000
65446  51.238  -16.209  50.244 0.0000000000
65447  50.834  -16.234  50.745 0.0000000000
36383  3.298  -49.650  78.430 0.0000000000
35325  2.364  -50.501  80.542 0.0000000000
35343  2.125  -50.579  79.563 0.0000000000
35345  0.346  -51.582  78.955 0.0000000000
34310  0.097  -51.858  80.838 0.0000000000
34301  -0.025  -51.753  82.144 0.0000000000
34291  0.007  -51.600  83.300 0.0000000000
59718  38.389  -24.126  59.909 0.0000000000
58900  38.798  -24.286  60.590 0.0000000000
58071  38.690  -25.221  61.502 0.0000000000
57258  39.266  -26.130  62.460 0.0000000000
57242  39.337  -26.820  62.775 0.0000000000
56321  40.031  -27.711  63.469 0.0000000000
55434  37.368  -28.577  61.789 0.0000000000
54460  37.921  -29.129  62.776 0.0000000000
132107  39.201  -29.047  63.773 0.0000000000
54431  39.998  -29.273  64.579 0.0000000000
130027  41.025  -29.573  66.435 0.0000000000
123550  41.018  -29.638  67.328 0.0000000000
54407  40.227  -29.644  66.709 0.0000000000
43826  27.931  -41.264  70.499 0.0000000000
118457  25.067  -41.815  70.444 0.0000000000
42929  25.918  -42.434  71.743 0.0000000000
43814  26.493  -41.916  70.992 0.0000000000
109977  27.601  -41.806  71.330 0.0000000000
110000  29.754  -42.439  74.055 0.0000000000
42881  28.896  -42.548  74.413 0.0000000000
43772  29.700  -42.300  74.875 0.0000000000
110378  30.009  -40.854  77.435 0.0000000000
43741  23.487  -41.681  75.757 0.0000000000
44604  23.895  -41.338  77.140 0.0000000000
43740  24.061  -41.717  76.405 0.0000000000
128265  24.799  -41.929  76.236 0.0000000000
43739  25.497  -41.935  76.491 0.0000000000
43693  25.008  -41.386  80.406 0.0000000000
44542  25.041  -40.885  80.241 0.0000000000
43692  25.753  -41.180  80.459 0.0000000000
44576  25.693  -40.771  78.969 0.0000000000
43738  26.329  -41.924  76.604 0.0000000000
43724  27.695  -41.537  77.235 0.0000000000
44588  28.400  -41.058  77.951 0.0000000000
44587  29.391  -40.750  78.194 0.0000000000
44571  30.199  -40.372  78.306 0.0000000000
40202  17.429  -45.232  83.054 0.0000000000
40203  16.658  -45.417  83.164 0.0000000000
40204  15.816  -45.681  83.118 0.0000000000
41116  16.785  -44.601  79.369 0.0000000000
117383  16.292  -44.994  79.954 0.0000000000
40220  15.660  -45.585  80.114 0.0000000000
40213  14.812  -45.827  81.887 0.0000000000
39304  14.100  -46.343  82.207 0.0000000000
39314  13.659  -46.804  80.286 0.0000000000
39316  12.103  -47.387  80.991 0.0000000000
40287  14.688  -45.626  75.369 0.0000000000
40264  13.945  -46.078  76.392 0.0000000000
125392  12.151  -46.104  74.194 0.0000000000
40289  12.902  -45.993  74.579 0.0000000000
40265  13.280  -46.231  75.912 0.0000000000
39346  12.850  -46.845  77.662 0.0000000000
111921  9.626  -47.934  80.041 0.0000000000
38364  9.374  -48.014  79.170 0.0000000000
38365  7.479  -48.329  79.084 0.0000000000
39362  9.147  -47.232  75.897 0.0000000000
130453  8.621  -47.299  76.281 0.0000000000
38402  7.978  -47.337  76.221 0.0000000000
38378  6.153  -48.322  78.455 0.0000000000
37397  5.040  -48.545  77.776 0.0000000000
37409  2.371  -48.721  75.959 0.0000000000
36412  1.870  -49.307  76.356 0.0000000000
45506  21.982  -40.121  70.147 0.0000000000
44672  22.410  -40.858  71.397 0.0000000000
44657  21.808  -40.824  72.816 0.0000000000
44644  21.312  -40.648  73.430 0.0000000000
46347  20.369  -39.421  71.727 0.0000000000
45481  20.746  -40.061  72.200 0.0000000000
45422  20.472  -40.274  77.128 0.0000000000
44580  19.913  -40.709  78.453 0.0000000000
44619  19.290  -40.982  74.961 0.0000000000
44607  19.537  -40.947  76.736 0.0000000000
44595  19.432  -40.954  77.790 0.0000000000
44566  19.506  -41.082  79.163 0.0000000000
42811  18.995  -42.384  80.980 0.0000000000
42794  18.712  -42.958  81.390 0.0000000000
121842  18.462  -44.073  82.009 0.0000000000
118590  3.521  -49.794  80.078 0.0000000000
36360  3.726  -49.722  81.619 0.0000000000
36350  3.608  -49.880  82.747 0.0000000000
63890  55.576  -18.727  58.352 0.0000000000
63073  56.027  -19.142  58.826 0.0000000000
61383  50.933  -21.895  59.117 0.0000000000
62261  51.054  -20.711  59.324 0.0000000000
63076  51.228  -19.866  59.463 0.0000000000
63061  50.737  -19.771  59.908 0.0000000000
63881  51.623  -19.334  59.753 0.0000000000
63864  52.135  -19.017  60.397 0.0000000000
113714  51.173  -19.258  61.937 0.0000000000
63824  52.612  -19.241  63.805 0.0000000000
63833  52.498  -19.216  63.078 0.0000000000
124528  53.119  -19.225  62.381 0.0000000000
63013  53.756  -19.393  62.430 0.0000000000
63012  54.268  -19.611  62.050 0.0000000000
122606  42.499  -24.096  57.682 0.0000000000
60544  44.241  -23.294  60.264 0.0000000000
59732  42.110  -24.322  60.021 0.0000000000
59713  42.899  -24.059  60.439 0.0000000000
59712  43.666  -23.711  60.337 0.0000000000
61335  45.321  -21.963  62.155 0.0000000000
129042  45.745  -21.822  62.776 0.0000000000
61330  45.829  -21.997  63.592 0.0000000000
116232  46.386  -21.443  64.087 0.0000000000
62198  46.709  -20.432  65.692 0.0000000000
58036  40.665  -24.886  63.210 0.0000000000
58843  41.522  -24.161  63.775 0.0000000000
124492  41.968  -24.102  64.296 0.0000000000
59668  42.094  -23.605  63.795 0.0000000000
60481  43.145  -23.234  64.747 0.0000000000
58826  44.122  -24.809  66.968 0.0000000000
116207  43.731  -23.961  66.594 0.0000000000
59636  44.614  -23.256  67.811 0.0000000000
59655  43.543  -23.253  66.070 0.0000000000
60480  43.574  -22.908  65.577 0.0000000000
127464  43.630  -22.838  65.303 0.0000000000
61315  44.405  -21.883  65.811 0.0000000000
61300  44.888  -21.223  66.340 0.0000000000
62188  45.353  -20.534  66.877 0.0000000000
62187  46.141  -20.126  66.702 0.0000000000
62967  46.697  -19.561  67.657 0.0000000000
62979  47.639  -19.263  67.134 0.0000000000
54463  34.435  -29.803  62.413 0.0000000000
54445  35.521  -29.867  63.361 0.0000000000
126979  36.192  -29.835  65.006 0.0000000000
53429  33.479  -30.228  65.340 0.0000000000
53415  35.069  -30.521  66.767 0.0000000000
130223  34.875  -30.018  65.704 0.0000000000
54425  34.835  -29.887  65.040 0.0000000000
54424  35.515  -29.887  65.378 0.0000000000
109180  37.245  -29.797  65.851 0.0000000000
54398  38.555  -29.840  67.663 0.0000000000
54386  38.253  -30.217  68.258 0.0000000000
54385  38.990  -29.890  68.213 0.0000000000
53394  40.592  -30.254  69.819 0.0000000000
44669  29.950  -40.867  71.185 0.0000000000
45505  29.883  -39.827  70.104 0.0000000000
45492  30.928  -39.984  70.888 0.0000000000
45504  30.613  -39.638  70.276 0.0000000000
47227  32.444  -37.407  69.465 0.0000000000
48131  32.363  -36.404  68.538 0.0000000000
49061  33.238  -35.983  68.794 0.0000000000
44585  31.385  -40.075  77.299 0.0000000000
117371  32.503  -39.204  77.064 0.0000000000
45443  32.830  -39.581  76.070 0.0000000000
122593  32.839  -40.112  75.281 0.0000000000
45456  33.694  -39.694  74.058 0.0000000000
46310  34.275  -39.148  73.592 0.0000000000
47124  34.061  -37.590  76.691 0.0000000000
48022  34.872  -37.044  76.053 0.0000000000
47137  34.388  -37.840  75.828 0.0000000000
46322  34.185  -38.972  72.713 0.0000000000
48076  34.361  -37.469  70.894 0.0000000000
47177  35.554  -37.218  72.158 0.0000000000
49044  34.289  -36.202  69.789 0.0000000000
49957  34.961  -34.466  69.295 0.0000000000
50814  35.502  -33.781  69.468 0.0000000000
50805  36.041  -34.012  70.029 0.0000000000
51656  37.165  -32.733  70.295 0.0000000000
113753  37.875  -34.401  74.094 0.0000000000
49901  38.252  -34.231  73.188 0.0000000000
50791  37.992  -34.330  72.280 0.0000000000
50781  38.511  -33.386  73.346 0.0000000000
50790  38.405  -33.488  72.546 0.0000000000
51649  38.004  -32.738  71.266 0.0000000000
51655  37.703  -32.437  70.605 0.0000000000
52506  38.670  -31.530  70.673 0.0000000000
52505  39.270  -31.214  71.146 0.0000000000
53371  39.752  -30.991  71.652 0.0000000000
53383  39.869  -30.738  70.938 0.0000000000
63947  50.941  -17.696  50.832 0.0000000000
63146  51.759  -19.036  50.761 0.0000000000
62323  53.099  -20.388  50.737 0.0000000000
62315  53.833  -20.886  51.127 0.0000000000
130487  54.171  -21.074  51.688 0.0000000000
62307  54.792  -20.666  52.108 0.0000000000
61429  52.798  -21.925  53.351 0.0000000000
61421  53.577  -21.616  54.221 0.0000000000
61427  54.155  -21.111  52.903 0.0000000000
129708  54.661  -20.538  52.798 0.0000000000
63920  56.868  -18.663  53.758 0.0000000000
63922  56.150  -18.710  54.838 0.0000000000
63103  57.046  -18.966  54.993 0.0000000000
37337  8.162  -48.399  84.386 0.0000000000
39290  17.748  -45.716  83.057 0.0000000000
42065  16.634  -43.649  74.453 0.0000000000
42790  26.843  -42.209  80.478 0.0000000000
42791  26.317  -42.076  80.460 0.0000000000
43680  26.198  -41.495  80.490 0.0000000000
44541  26.029  -40.944  80.319 0.0000000000
44554  30.158  -40.321  79.856 0.0000000000
44559  25.586  -40.633  79.862 0.0000000000
45407  31.399  -39.645  79.118 0.0000000000
47114  33.125  -38.059  78.181 0.0000000000
49923  37.499  -34.923  72.022 0.0000000000
53428  34.221  -30.131  65.571 0.0000000000
54372  40.080  -30.058  69.339 0.0000000000
62271  52.748  -20.121  57.676 0.0000000000
63039  55.635  -19.610  60.267 0.0000000000
63060  51.412  -19.665  59.549 0.0000000000
63893  52.682  -19.120  58.778 0.0000000000
114415  42.882  -29.906  69.843 0.0000000000
118022  48.364  -19.951  62.117 0.0000000000
127472  50.683  -19.543  60.484 0.0000000000
127844  23.510  -40.863  79.970 0.0000000000
131041  56.843  -18.929  55.664 0.0000000000
