#!ascii label  , from subject sub-v1s6x0051606_ses-1 vox2ras=TkReg
1941
10470  15.544  -75.290  -7.162 0.6999999881
131996  15.091  -76.730  -7.823 0.8000000119
10471  14.743  -75.781  -6.891 0.8000000119
8680  14.118  -77.250  -6.908 0.6999999881
10485  16.033  -76.027  -8.561 0.6000000238
9546  15.382  -76.132  -7.682 0.6000000238
8694  14.446  -77.475  -7.341 0.6000000238
9573  16.178  -76.557  -9.278 0.6000000238
11398  14.607  -74.255  -6.618 0.8000000119
121854  14.090  -75.876  -6.666 0.6999999881
128829  13.741  -75.268  -6.703 0.6999999881
9533  13.031  -76.552  -6.904 0.6999999881
10469  16.334  -74.853  -7.659 0.6000000238
10457  15.052  -74.857  -6.699 0.6999999881
9532  13.789  -76.583  -6.722 0.6999999881
9585  16.834  -76.505  -10.103 0.6000000238
10524  17.381  -76.179  -10.801 0.6000000238
9586  16.535  -77.131  -10.636 0.6000000238
8756  16.764  -77.105  -12.902 0.6000000238
9617  16.467  -77.430  -12.139 0.6000000238
13216  14.541  -72.322  -7.375 0.8000000119
13217  14.098  -72.713  -7.880 0.8000000119
12388  13.657  -73.431  -8.406 0.6999999881
129407  13.837  -73.408  -9.237 0.6999999881
11460  13.388  -74.098  -9.119 0.6999999881
13207  14.928  -72.720  -6.801 0.8000000119
12370  13.670  -73.548  -7.542 0.6999999881
11436  13.206  -74.140  -8.061 0.6999999881
12355  15.161  -73.541  -6.626 0.6999999881
131603  14.107  -73.982  -6.690 0.8000000119
11418  12.895  -74.910  -7.721 0.6999999881
12354  15.954  -73.672  -6.717 0.6999999881
10484  16.598  -75.487  -8.511 0.6999999881
10511  17.269  -75.870  -9.972 0.6000000238
11459  17.209  -75.483  -9.152 0.6000000238
9616  17.001  -76.879  -12.042 0.6000000238
9599  17.087  -76.757  -11.083 0.6000000238
9630  17.087  -76.901  -13.542 0.6000000238
8780  17.451  -77.341  -15.148 0.6999999881
8781  16.720  -77.794  -15.005 0.6000000238
7994  18.380  -78.615  -17.099 0.5000000000
126321  16.999  -78.531  -16.601 0.6000000238
7254  18.143  -79.332  -17.167 0.5000000000
14104  14.509  -71.480  -9.148 0.8999999762
12406  14.122  -72.786  -8.863 0.8000000119
13240  14.057  -72.871  -9.748 0.6999999881
13215  15.076  -71.959  -7.103 0.6999999881
14096  14.757  -71.131  -8.622 0.8999999762
12419  13.709  -73.680  -10.039 0.6999999881
13205  16.498  -72.197  -6.663 0.8000000119
13206  15.720  -72.098  -6.777 0.8000000119
12353  16.716  -72.947  -6.707 0.8000000119
12366  18.043  -73.083  -7.305 0.6999999881
11415  16.370  -74.198  -7.090 0.6999999881
11434  17.471  -74.414  -8.381 0.8000000119
11458  17.628  -74.847  -9.018 0.8000000119
10510  17.672  -75.605  -10.672 0.6999999881
115978  17.347  -76.415  -12.805 0.6000000238
8791  17.959  -77.633  -16.313 0.6999999881
14985  15.021  -70.398  -9.649 0.8999999762
14110  14.399  -71.357  -9.832 0.8000000119
13248  14.014  -72.935  -10.626 0.6999999881
14961  16.313  -70.699  -7.830 0.8000000119
14095  15.401  -70.886  -8.150 0.8000000119
14086  16.704  -71.098  -7.194 0.6999999881
13203  18.109  -72.167  -6.913 0.6999999881
126246  17.661  -71.667  -6.898 0.6000000238
13214  17.506  -72.769  -6.848 0.8000000119
12386  18.692  -73.388  -8.058 0.8000000119
11457  18.386  -74.614  -9.536 0.8000000119
11477  18.276  -75.099  -10.433 0.6999999881
10535  17.873  -75.891  -12.314 0.8000000119
10523  17.723  -75.897  -11.391 0.6999999881
9614  19.369  -75.846  -12.916 0.8000000119
112898  19.698  -77.234  -15.296 0.6999999881
9638  17.996  -76.850  -14.587 0.6999999881
130364  17.672  -75.998  -13.029 0.6999999881
8778  19.143  -77.352  -15.780 0.6999999881
8779  18.255  -77.260  -15.617 0.6999999881
16952  12.119  -67.825  -21.862 0.6000000238
19910  11.641  -65.889  -21.117 0.6000000238
17891  10.863  -66.514  -20.461 0.6000000238
19886  9.683  -65.297  -19.605 0.6999999881
15000  14.716  -70.550  -10.241 0.8999999762
14117  14.215  -71.263  -11.513 0.6999999881
14969  17.642  -70.404  -8.407 0.6000000238
14958  19.013  -70.742  -7.673 0.6000000238
14959  18.089  -70.656  -7.652 0.6000000238
13230  18.641  -72.611  -7.428 0.6999999881
12385  19.756  -73.220  -8.510 0.6999999881
13229  19.337  -72.552  -7.749 0.6999999881
15977  15.897  -69.487  -16.699 0.6999999881
15075  15.458  -70.244  -16.404 0.6999999881
12405  19.012  -73.946  -8.908 0.8000000119
16921  15.912  -68.344  -18.210 0.6000000238
122974  15.747  -69.306  -17.609 0.6000000238
121950  15.621  -70.253  -17.274 0.6999999881
111856  18.850  -74.589  -10.218 0.6999999881
125609  15.509  -69.127  -18.515 0.5000000000
119540  15.524  -69.918  -18.884 0.6999999881
130762  19.334  -75.450  -12.336 0.8000000119
10509  18.303  -75.404  -11.426 0.8000000119
17873  15.732  -67.832  -20.028 0.5000000000
9636  19.791  -76.876  -14.524 0.6999999881
18855  16.502  -66.659  -21.474 0.5000000000
19892  16.031  -65.196  -20.991 0.6000000238
19906  15.700  -65.806  -21.409 0.5000000000
18856  15.703  -66.607  -21.683 0.6000000238
16960  15.180  -68.487  -22.203 0.6999999881
17908  13.640  -68.012  -22.311 0.6999999881
19893  15.109  -65.252  -20.888 0.5000000000
18857  14.810  -66.818  -21.799 0.6000000238
18865  14.346  -67.487  -22.058 0.6000000238
19909  12.405  -66.134  -21.338 0.6000000238
21025  15.415  -64.463  -20.343 0.6000000238
123107  14.262  -66.271  -21.451 0.6000000238
19895  12.911  -65.461  -20.872 0.6000000238
21013  14.773  -63.836  -19.721 0.5000000000
21026  14.403  -64.528  -20.299 0.5000000000
21028  12.353  -64.882  -20.405 0.6000000238
21030  10.723  -64.914  -20.454 0.6000000238
21017  10.322  -64.365  -20.047 0.6999999881
22056  9.312  -63.280  -17.929 0.6000000238
20973  8.831  -64.459  -17.742 0.6999999881
21027  13.391  -64.833  -20.266 0.6000000238
21015  12.790  -64.475  -19.729 0.6000000238
21016  11.730  -64.424  -19.892 0.6000000238
22076  10.785  -64.065  -19.745 0.6999999881
23177  10.053  -62.775  -17.713 0.5000000000
118322  14.611  -70.461  -11.135 0.8999999762
120108  16.800  -70.442  -8.291 0.6000000238
14970  16.049  -70.526  -8.657 0.6999999881
110955  14.481  -70.396  -11.955 0.8000000119
13254  13.812  -72.901  -11.542 0.6999999881
15040  14.650  -70.331  -13.768 0.6999999881
15027  15.098  -69.628  -13.111 0.8000000119
14083  19.364  -71.179  -7.526 0.6999999881
15968  15.869  -69.468  -15.669 0.8000000119
15063  15.204  -70.299  -15.546 0.6000000238
16909  16.516  -68.031  -17.653 0.6999999881
17860  16.638  -67.507  -19.023 0.6000000238
11491  19.959  -74.845  -10.995 0.8000000119
11475  20.407  -74.425  -10.436 0.8000000119
10521  20.477  -75.145  -11.687 0.8000000119
17872  16.353  -67.519  -20.005 0.5000000000
10533  19.970  -75.578  -12.254 0.8000000119
17897  16.488  -67.073  -21.390 0.5000000000
21023  17.252  -64.531  -20.345 0.5000000000
21011  16.792  -63.761  -19.781 0.6000000238
19891  16.988  -65.337  -21.002 0.6000000238
21012  15.783  -63.774  -19.749 0.6000000238
20991  15.147  -63.238  -19.076 0.6000000238
24329  9.960  -61.682  -16.492 0.5000000000
20992  14.249  -63.854  -19.046 0.5000000000
24334  10.207  -62.155  -17.183 0.5000000000
23179  9.338  -62.962  -17.184 0.6000000238
20993  13.262  -64.196  -19.017 0.6000000238
20972  12.158  -64.525  -18.019 0.6999999881
20949  11.501  -64.036  -18.067 0.6999999881
22055  10.184  -63.122  -18.243 0.6999999881
20970  14.292  -64.326  -17.316 0.6000000238
22054  10.902  -63.276  -17.903 0.6000000238
108798  13.468  -64.758  -15.510 0.6999999881
20948  12.101  -64.478  -17.188 0.6000000238
120177  11.923  -62.959  -16.538 0.5000000000
14984  15.912  -70.288  -9.567 0.6999999881
118005  15.324  -70.163  -10.145 0.6999999881
15932  15.409  -69.573  -11.682 0.6999999881
15933  14.904  -69.701  -12.226 0.8000000119
126478  15.886  -69.133  -13.396 0.6999999881
16897  16.917  -68.242  -16.832 0.6999999881
131782  16.084  -69.129  -14.785 0.6999999881
26668  10.299  -59.811  -14.390 0.5000000000
22051  17.517  -63.023  -17.829 0.5000000000
22066  16.745  -63.006  -18.420 0.6000000238
25429  9.918  -60.240  -15.159 0.5000000000
20944  16.581  -63.982  -16.475 0.5000000000
132058  17.209  -63.898  -16.281 0.5000000000
22053  15.727  -63.305  -18.128 0.6000000238
110584  14.708  -63.752  -18.212 0.6000000238
23176  10.732  -62.541  -17.461 0.5000000000
20924  17.032  -64.374  -15.702 0.5000000000
20925  16.154  -64.600  -15.740 0.6000000238
20945  14.962  -64.458  -16.552 0.6000000238
19845  15.676  -65.037  -15.122 0.6000000238
14999  16.021  -69.940  -10.437 0.6999999881
15026  16.243  -69.492  -11.887 0.6999999881
15938  15.631  -69.365  -12.477 0.6999999881
20906  13.218  -64.574  -14.676 0.5000000000
114524  17.797  -64.834  -14.629 0.5000000000
23147  12.801  -63.196  -14.926 0.5000000000
114000  16.497  -65.215  -14.302 0.5000000000
19832  14.468  -65.222  -13.838 0.5000000000
20927  13.959  -65.046  -14.670 0.5000000000
20928  12.762  -64.436  -15.547 0.5000000000
21998  13.842  -63.759  -13.228 0.5000000000
23133  14.937  -62.480  -13.282 0.5000000000
20870  15.848  -64.799  -11.748 0.5000000000
21984  14.950  -63.804  -11.954 0.5000000000
23135  13.360  -63.212  -14.087 0.5000000000
19792  16.412  -65.344  -12.330 0.5000000000
20871  15.077  -64.440  -12.094 0.5000000000
20889  13.999  -64.586  -13.323 0.5000000000
19830  17.181  -65.193  -14.054 0.5000000000
19815  15.225  -65.304  -13.315 0.5000000000
21976  15.643  -63.390  -11.583 0.5000000000
27963  8.124  -57.947  -12.456 0.6000000238
26650  7.625  -59.741  -12.820 0.6000000238
27962  9.038  -58.041  -12.379 0.5000000000
126379  7.706  -57.252  -11.599 0.6999999881
26628  7.342  -59.140  -12.486 0.6000000238
24291  8.144  -61.032  -12.948 0.6000000238
121769  7.134  -61.812  -11.850 0.6999999881
27914  7.920  -58.128  -10.404 0.6000000238
27915  7.292  -58.204  -11.260 0.6999999881
25409  7.015  -60.248  -12.406 0.6999999881
23138  7.506  -61.500  -12.428 0.6999999881
129981  6.926  -61.396  -11.316 0.8000000119
29150  8.967  -57.114  -9.574 0.5000000000
30211  8.283  -56.829  -10.938 0.5000000000
25368  6.897  -60.080  -11.192 0.8000000119
26598  7.609  -59.116  -10.547 0.6000000238
112346  6.480  -63.010  -9.582 0.6999999881
118519  9.796  -57.397  -9.106 0.5000000000
30195  9.772  -56.279  -9.704 0.5000000000
24240  7.356  -61.735  -10.085 0.6999999881
23104  6.522  -62.372  -10.376 0.6999999881
24251  7.735  -60.890  -10.187 0.6999999881
26584  9.370  -59.321  -9.663 0.6999999881
111815  6.147  -63.809  -9.439 0.6999999881
111039  7.839  -62.410  -9.591 0.6999999881
27897  9.561  -58.349  -9.370 0.6000000238
25356  9.099  -60.183  -9.871 0.8000000119
112454  8.239  -63.317  -5.309 0.6999999881
116353  8.855  -65.257  -4.405 0.8000000119
130060  12.993  -56.203  -7.450 0.4000000060
20829  6.763  -64.270  -8.586 0.6999999881
29113  11.604  -57.678  -8.168 0.5000000000
21936  7.460  -63.685  -8.606 0.6999999881
27878  10.616  -57.543  -8.628 0.6000000238
26582  11.105  -59.572  -9.066 0.6000000238
24239  8.300  -61.689  -9.968 0.6999999881
25355  10.024  -60.272  -9.849 0.8000000119
24238  9.661  -61.001  -10.048 0.8000000119
33145  3.117  -55.112  2.547 0.5000000000
32071  3.106  -55.247  1.503 0.5000000000
31083  2.677  -55.413  0.280 0.5000000000
111247  5.844  -58.147  -7.514 0.5000000000
25328  7.631  -60.240  -7.639 0.6000000238
27858  7.384  -58.719  -7.766 0.6000000238
29099  5.227  -57.341  -7.127 0.6000000238
29038  3.821  -57.240  -3.911 0.6000000238
24205  7.048  -60.899  -7.309 0.6999999881
25329  6.555  -60.185  -8.010 0.6999999881
23037  7.719  -62.296  -6.283 0.6999999881
24188  6.419  -61.560  -7.142 0.6999999881
20814  9.356  -64.860  -7.452 0.6999999881
19728  9.640  -65.652  -6.834 0.6999999881
124949  9.949  -66.338  -5.235 0.8000000119
27856  12.622  -58.128  -7.875 0.5000000000
20827  8.281  -63.919  -8.289 0.6999999881
26568  12.232  -59.027  -8.103 0.6000000238
127037  8.983  -63.583  -8.644 0.8000000119
25354  10.888  -60.374  -9.589 0.6999999881
23065  10.322  -62.990  -9.145 0.8000000119
23086  9.799  -62.346  -9.690 0.8000000119
33125  3.251  -54.241  3.656 0.5000000000
33144  3.476  -54.945  2.152 0.6000000238
34160  4.238  -54.114  2.747 0.5000000000
33160  3.356  -54.848  1.110 0.6000000238
32100  2.951  -54.959  -0.221 0.6000000238
31092  2.753  -55.243  -0.552 0.6000000238
32099  3.416  -54.475  -0.751 0.6000000238
31112  2.928  -55.770  -2.158 0.5000000000
29096  6.803  -57.588  -7.263 0.5000000000
30168  5.710  -56.759  -7.204 0.5000000000
26549  8.146  -59.488  -7.718 0.6000000238
124926  4.741  -56.088  -6.693 0.6000000238
29085  4.720  -57.852  -6.578 0.6999999881
30112  2.885  -56.002  -3.088 0.6000000238
25306  8.880  -60.920  -7.049 0.6000000238
24186  8.385  -61.731  -6.470 0.6999999881
25330  5.500  -60.370  -8.139 0.6999999881
27879  5.624  -59.034  -8.055 0.6999999881
130061  4.678  -58.698  -6.589 0.8000000119
30137  3.831  -56.774  -4.936 0.6999999881
23036  9.092  -62.157  -5.898 0.6999999881
114611  8.957  -62.895  -5.278 0.6999999881
21899  9.710  -63.361  -4.870 0.6999999881
21886  9.626  -64.208  -4.444 0.8000000119
19708  11.139  -65.562  -5.330 0.8000000119
19700  10.072  -65.694  -4.594 0.8000000119
26567  12.988  -59.774  -8.070 0.5000000000
24223  14.000  -61.481  -8.187 0.6000000238
20813  10.316  -65.062  -7.308 0.8000000119
19727  10.480  -65.623  -6.598 0.8000000119
25353  11.781  -60.487  -9.040 0.6000000238
124424  12.540  -60.880  -8.707 0.6999999881
21933  10.869  -63.781  -8.566 0.8000000119
24235  12.102  -61.422  -8.982 0.6999999881
23064  11.284  -62.907  -9.091 0.6999999881
23085  10.789  -62.119  -9.696 0.8000000119
35157  3.611  -53.012  4.941 0.4000000060
34147  4.034  -53.816  3.465 0.5000000000
33142  4.372  -54.405  1.739 0.4000000060
33174  3.691  -54.480  -0.171 0.5000000000
32123  3.465  -54.793  -2.475 0.5000000000
29083  7.863  -58.065  -6.969 0.5000000000
31176  5.243  -55.715  -7.039 0.6000000238
31163  4.529  -55.549  -6.093 0.6000000238
31133  3.181  -55.303  -3.706 0.6000000238
128498  9.885  -59.915  -7.217 0.6000000238
110748  4.156  -56.360  -5.982 0.6999999881
30128  3.294  -56.177  -4.107 0.6999999881
24172  10.023  -61.864  -6.207 0.6000000238
20782  10.336  -64.864  -4.450 0.8000000119
115170  12.967  -62.733  -8.547 0.6999999881
130679  11.757  -63.548  -8.723 0.6999999881
118027  11.035  -64.613  -7.812 0.8000000119
19717  12.020  -65.254  -6.698 0.8000000119
23063  12.372  -62.159  -8.866 0.6999999881
113987  4.337  -52.537  4.697 0.4000000060
129910  3.919  -52.456  5.182 0.4000000060
35143  3.972  -51.474  6.190 0.4000000060
115061  5.045  -53.845  2.677 0.5000000000
34146  4.727  -53.395  3.569 0.4000000060
35117  3.481  -51.630  7.241 0.5000000000
113225  4.055  -54.171  -0.801 0.5000000000
33219  4.550  -54.047  -3.024 0.5000000000
32140  3.622  -54.721  -3.597 0.5000000000
124515  5.892  -53.855  -2.840 0.5000000000
129273  3.540  -55.423  -4.508 0.6999999881
21898  10.703  -63.093  -4.906 0.6000000238
20791  11.687  -65.165  -5.159 0.8000000119
23047  14.494  -62.875  -7.544 0.6000000238
21922  13.871  -64.238  -7.198 0.6000000238
21895  13.868  -64.087  -5.716 0.6999999881
21896  12.977  -64.333  -5.308 0.6999999881
125152  12.450  -64.508  -7.882 0.6999999881
35092  4.426  -51.982  8.369 0.3000000119
35189  5.447  -52.600  3.832 0.4000000060
35167  5.261  -52.200  4.292 0.3000000119
35155  4.796  -51.960  4.795 0.4000000060
36206  4.505  -50.962  5.993 0.4000000060
36193  4.354  -50.563  6.970 0.4000000060
36169  4.203  -51.503  7.777 0.5000000000
32070  5.167  -54.349  1.563 0.4000000060
131484  4.764  -51.321  8.063 0.3000000119
33173  4.754  -54.502  -0.222 0.4000000060
32158  5.129  -54.206  -4.247 0.5000000000
112502  4.995  -54.208  -1.164 0.4000000060
32157  6.409  -54.019  -5.009 0.6000000238
32085  6.402  -54.448  0.377 0.4000000060
33217  6.362  -53.827  -3.447 0.4000000060
33183  5.161  -53.899  -1.957 0.5000000000
21884  11.454  -63.759  -4.667 0.6999999881
20804  12.723  -65.058  -6.307 0.6999999881
36170  3.635  -51.819  7.803 0.4000000060
122471  4.932  -50.742  7.797 0.4000000060
35091  5.538  -52.172  8.324 0.3000000119
33123  5.840  -53.424  2.906 0.3000000119
33172  6.696  -54.030  -0.513 0.4000000060
114082  7.351  -53.665  -2.245 0.4000000060
34197  7.060  -53.717  -1.155 0.4000000060
36219  5.775  -51.085  5.050 0.3000000119
36205  5.305  -50.366  5.878 0.3000000119
110496  4.701  -50.279  6.541 0.4000000060
37195  5.831  -50.014  7.242 0.3000000119
36167  5.579  -50.841  7.684 0.3000000119
35166  6.055  -51.901  3.873 0.3000000119
33140  6.719  -53.885  1.863 0.3000000119
33171  7.560  -53.389  -0.334 0.3000000119
33157  7.024  -54.201  1.047 0.3000000119
34196  7.788  -53.303  -1.016 0.3000000119
37207  6.204  -49.885  6.802 0.3000000119
35115  6.672  -51.489  6.891 0.3000000119
37219  6.135  -49.845  6.052 0.3000000119
37194  6.448  -49.976  6.872 0.3000000119
34159  8.086  -52.942  2.134 0.3000000119
34175  8.201  -53.034  1.220 0.3000000119
34186  8.331  -52.682  -0.343 0.3000000119
34057  4.455  -52.353  8.811 0.3000000119
36218  6.479  -50.672  4.597 0.3000000119
37218  6.794  -49.479  5.345 0.3000000119
34158  8.750  -52.303  1.692 0.3000000119
16933  15.383  -68.562  -20.185 0.6000000238
16945  15.265  -68.891  -21.081 0.6999999881
16014  15.157  -69.752  -21.654 0.6999999881
122545  15.121  -69.140  -22.168 0.6999999881
33199  4.549  -54.092  -2.426 0.4000000060
32159  4.508  -54.514  -4.749 0.6000000238
35103  6.344  -52.029  7.510 0.3000000119
9559  14.893  -77.324  -7.929 0.6999999881
10473  12.744  -75.812  -7.401 0.6999999881
11414  16.980  -74.176  -7.717 0.8000000119
9639  16.897  -77.348  -14.240 0.6000000238
9629  17.679  -76.407  -13.574 0.6999999881
14076  17.024  -71.627  -6.782 0.6000000238
14127  14.091  -71.425  -12.457 0.6999999881
11492  18.999  -74.841  -10.913 0.8000000119
9628  18.309  -76.414  -13.940 0.6999999881
9627  19.041  -76.301  -13.828 0.8000000119
22078  9.483  -63.677  -19.327 0.6999999881
17898  15.796  -67.309  -21.674 0.5000000000
18866  13.373  -67.359  -21.904 0.6000000238
20951  8.902  -63.718  -16.760 0.6000000238
110703  12.584  -64.639  -17.359 0.6999999881
15052  15.495  -69.609  -14.815 0.8000000119
128768  17.774  -66.809  -21.056 0.5000000000
17896  17.166  -66.702  -21.262 0.6000000238
20969  15.094  -63.881  -17.428 0.6000000238
21934  9.795  -63.659  -8.620 0.8000000119
4514  19.449  -84.212  -11.591 0.4000000060
117081  19.390  -83.974  -10.903 0.4000000060
5086  18.263  -83.151  -14.081 0.3000000119
4523  19.048  -83.904  -13.020 0.4000000060
126761  19.021  -84.551  -12.325 0.4000000060
3921  19.689  -84.677  -11.067 0.4000000060
6451  18.854  -80.080  -12.152 0.4000000060
113139  18.001  -80.453  -12.048 0.5000000000
5717  17.516  -81.128  -11.843 0.5000000000
6464  17.970  -80.200  -12.889 0.3000000119
6452  17.523  -80.747  -12.708 0.4000000060
5078  18.154  -83.088  -11.628 0.4000000060
5736  17.382  -81.266  -13.467 0.3000000119
117690  18.331  -83.072  -12.684 0.3000000119
4515  19.044  -83.733  -12.203 0.3000000119
5087  17.571  -82.099  -13.860 0.3000000119
7221  18.608  -79.924  -13.010 0.4000000060
7220  19.370  -79.842  -12.933 0.4000000060
6450  19.915  -80.002  -12.295 0.5000000000
7228  19.230  -79.539  -13.949 0.3000000119
6465  17.640  -80.478  -13.617 0.3000000119
6473  17.530  -80.723  -15.573 0.4000000060
7230  17.805  -80.151  -14.666 0.3000000119
6491  18.240  -79.531  -16.969 0.4000000060
6482  17.843  -80.208  -16.638 0.4000000060
6492  17.794  -79.986  -17.188 0.4000000060
7219  20.337  -79.764  -13.540 0.4000000060
6463  21.543  -80.275  -13.929 0.4000000060
114080  20.396  -79.461  -14.782 0.4000000060
7237  21.259  -79.524  -15.154 0.4000000060
7227  23.104  -79.704  -14.367 0.5000000000
7238  19.468  -79.234  -15.316 0.4000000060
7246  21.413  -79.272  -15.402 0.4000000060
7240  18.059  -79.900  -15.670 0.4000000060
116577  19.116  -79.171  -16.155 0.5000000000
131131  20.416  -78.875  -16.019 0.4000000060
7253  18.908  -78.920  -16.750 0.4000000060
7986  16.512  -78.312  -15.665 0.6000000238
7995  17.622  -79.058  -17.240 0.4000000060
7966  23.490  -79.132  -13.851 0.6000000238
8764  22.261  -78.008  -13.873 0.6000000238
7976  21.522  -78.786  -15.433 0.6000000238
8775  22.089  -78.323  -14.703 0.6000000238
115104  21.102  -77.741  -15.074 0.6000000238
8765  21.512  -77.642  -14.363 0.6999999881
7984  20.181  -78.520  -16.129 0.5000000000
109613  20.097  -77.808  -15.967 0.6000000238
9626  20.007  -76.533  -13.631 0.6999999881
8743  22.802  -77.176  -12.128 0.6999999881
9597  22.315  -76.372  -11.641 0.6999999881
8754  22.489  -77.595  -12.936 0.6000000238
9611  21.983  -76.779  -12.375 0.6999999881
10520  21.242  -75.314  -11.523 0.6999999881
10508  20.824  -74.900  -10.928 0.6999999881
11455  20.032  -74.024  -9.829 0.6999999881
9625  20.879  -76.896  -13.469 0.6999999881
10532  20.820  -75.705  -12.119 0.6999999881
9613  20.362  -76.204  -12.770 0.6999999881
10506  22.302  -75.432  -10.726 0.5000000000
11473  22.392  -74.871  -10.315 0.6000000238
9598  21.498  -75.983  -11.843 0.6999999881
11474  21.212  -74.378  -10.408 0.6999999881
11454  21.605  -73.712  -9.820 0.6999999881
9612  21.163  -76.494  -12.572 0.6999999881
12418  20.795  -73.864  -9.963 0.6999999881
12404  20.399  -73.546  -9.258 0.6000000238
116305  21.857  -74.379  -10.259 0.6000000238
12403  22.272  -73.140  -9.287 0.6000000238
113041  21.091  -73.327  -9.485 0.6000000238
13226  22.334  -72.139  -8.756 0.6000000238
125205  19.119  -70.375  -8.693 0.5000000000
9548  12.560  -76.638  -7.420 0.6000000238
7886  13.114  -78.010  -6.812 0.6000000238
13238  20.795  -72.738  -8.695 0.6000000238
13228  20.154  -72.276  -7.949 0.6000000238
14966  20.409  -70.627  -8.121 0.5000000000
14967  19.529  -70.479  -8.030 0.5000000000
9574  12.303  -76.215  -8.915 0.6000000238
10486  12.540  -75.579  -8.297 0.6000000238
9560  12.281  -76.383  -8.019 0.6000000238
13227  21.506  -72.001  -8.533 0.6000000238
114827  21.182  -70.645  -8.564 0.5000000000
13212  19.644  -71.784  -7.565 0.5000000000
11494  12.932  -74.907  -11.265 0.6000000238
11493  13.240  -74.056  -11.651 0.6000000238
11480  12.953  -75.067  -10.500 0.6000000238
123549  12.410  -76.048  -9.662 0.6000000238
10498  12.620  -75.500  -9.213 0.6000000238
12432  13.653  -73.589  -11.018 0.6000000238
11461  13.051  -74.830  -9.716 0.6000000238
15012  16.990  -70.412  -11.193 0.6000000238
14094  21.204  -71.129  -8.148 0.6000000238
11506  13.066  -74.024  -12.631 0.6000000238
120734  13.734  -72.624  -13.707 0.6000000238
12447  13.512  -73.355  -12.299 0.6000000238
13291  13.988  -72.023  -14.029 0.6000000238
13277  13.932  -72.197  -13.202 0.6000000238
15064  14.696  -71.300  -15.450 0.5000000000
14141  14.212  -71.277  -13.456 0.6000000238
15053  14.887  -70.347  -14.686 0.5000000000
10525  12.594  -75.547  -11.744 0.6999999881
11507  12.798  -74.772  -12.180 0.6000000238
127702  13.413  -73.516  -13.060 0.6000000238
13300  14.179  -72.058  -14.919 0.6000000238
14160  15.113  -70.955  -16.180 0.6000000238
11548  14.168  -74.189  -18.205 0.6000000238
11519  13.057  -73.997  -13.531 0.6000000238
12463  13.433  -73.253  -13.854 0.6000000238
14173  14.872  -71.728  -16.450 0.5000000000
12483  13.549  -73.456  -15.454 0.6000000238
13326  14.672  -72.813  -17.690 0.6000000238
12494  14.460  -73.545  -17.938 0.6000000238
128065  14.531  -73.811  -18.586 0.6000000238
11529  13.178  -73.944  -14.574 0.6000000238
122522  15.544  -71.089  -17.986 0.6000000238
13315  14.455  -72.450  -16.806 0.6000000238
13325  15.012  -72.040  -17.430 0.5000000000
14195  15.552  -71.650  -18.859 0.6000000238
13333  15.292  -72.451  -18.822 0.5000000000
124783  15.096  -73.052  -19.567 0.5000000000
16007  15.296  -69.555  -20.474 0.6000000238
14200  15.483  -71.278  -19.690 0.6000000238
13340  15.357  -72.116  -19.599 0.6000000238
14206  15.160  -71.682  -21.121 0.6000000238
14215  14.457  -71.421  -21.814 0.6999999881
13352  14.206  -72.155  -21.700 0.6999999881
14217  12.950  -71.667  -22.165 0.6999999881
120247  11.739  -70.794  -21.673 0.6999999881
15112  15.356  -70.801  -20.733 0.6000000238
129190  14.992  -70.187  -22.007 0.6999999881
114697  12.945  -69.201  -22.563 0.6999999881
15127  13.563  -70.354  -22.560 0.6999999881
16033  12.152  -69.248  -22.304 0.6999999881
16023  11.640  -69.359  -21.694 0.6000000238
17909  12.807  -67.768  -22.071 0.6000000238
110002  19.565  -70.372  -10.492 0.5000000000
14982  18.352  -70.424  -9.028 0.5000000000
15010  18.627  -70.843  -11.980 0.5000000000
110240  18.491  -70.786  -10.940 0.5000000000
114713  17.667  -70.763  -10.868 0.6000000238
125024  19.574  -71.430  -14.752 0.6000000238
14139  19.208  -71.195  -13.701 0.6000000238
15024  18.305  -70.788  -12.393 0.6000000238
15011  17.955  -70.742  -11.595 0.6000000238
110775  17.619  -70.459  -11.959 0.6000000238
15061  19.497  -70.818  -15.716 0.5000000000
15051  18.684  -70.488  -14.090 0.6000000238
15025  16.954  -69.629  -12.470 0.6000000238
130360  19.539  -68.956  -17.072 0.6000000238
16884  18.560  -68.594  -15.521 0.5000000000
15955  18.211  -69.182  -14.056 0.6000000238
15945  16.655  -69.065  -13.303 0.6000000238
16907  19.153  -68.302  -17.162 0.5000000000
16871  18.106  -68.711  -14.626 0.6000000238
17849  16.937  -67.594  -18.145 0.5000000000
17848  17.716  -67.697  -17.823 0.5000000000
15967  16.678  -68.913  -15.219 0.6000000238
109139  18.094  -68.207  -15.964 0.6000000238
8798  19.010  -78.277  -16.895 0.6000000238
8766  20.674  -77.148  -14.432 0.6999999881
14998  17.988  -70.707  -10.076 0.5000000000
15097  15.634  -70.768  -18.856 0.6000000238
16031  13.626  -69.614  -22.571 0.6999999881
124653  17.011  -70.524  -10.134 0.6000000238
16872  17.462  -68.716  -14.784 0.6000000238
16896  17.794  -67.877  -16.768 0.6000000238
4520  18.747  -83.551  -13.390 0.3000000119
5727  17.485  -81.877  -12.821 0.3000000119
5079  17.521  -82.211  -11.787 0.4000000060
128697  17.383  -81.251  -14.482 0.3000000119
7229  18.334  -79.842  -13.900 0.4000000060
7239  18.521  -79.469  -15.147 0.4000000060
6472  22.606  -80.140  -14.532 0.4000000060
7247  20.673  -79.106  -15.722 0.3000000119
122329  21.897  -79.320  -15.210 0.5000000000
7967  22.736  -78.835  -14.447 0.6000000238
8788  20.914  -78.244  -15.649 0.5000000000
7248  19.902  -78.889  -16.268 0.5000000000
8755  21.669  -77.276  -13.205 0.6000000238
10507  21.641  -75.041  -10.732 0.6999999881
13301  13.867  -72.739  -15.256 0.6000000238
110704  11.550  -70.128  -21.336 0.6000000238
14140  19.192  -71.199  -14.184 0.6000000238
15987  19.957  -69.929  -17.604 0.5000000000
15037  18.630  -70.879  -13.293 0.6000000238
15943  18.014  -69.863  -13.393 0.6000000238
15975  19.546  -69.755  -16.505 0.5000000000
15966  18.691  -69.222  -14.682 0.6000000238
16906  19.579  -68.899  -17.943 0.5000000000
16895  18.597  -68.149  -16.499 0.5000000000
17847  18.483  -67.891  -17.410 0.5000000000
416  12.127  -91.825  3.391 0.4000000060
938  12.595  -91.310  3.530 0.4000000060
668  12.923  -91.220  2.818 0.5000000000
939  10.638  -90.883  3.644 0.5000000000
114826  10.395  -90.372  3.484 0.5000000000
114855  10.554  -87.655  2.790 0.5000000000
679  11.316  -91.038  3.042 0.5000000000
418  11.143  -91.403  3.711 0.5000000000
109819  12.933  -90.655  3.317 0.4000000060
1292  12.940  -89.681  3.900 0.4000000060
1304  13.422  -89.883  2.819 0.5000000000
2813  20.063  -86.393  -9.455 0.3000000119
2804  20.180  -86.696  -8.602 0.3000000119
2814  19.456  -86.792  -9.754 0.3000000119
2824  19.809  -86.121  -10.274 0.3000000119
662  10.352  -91.512  4.367 0.4000000060
932  10.068  -90.681  4.119 0.5000000000
117933  9.715  -90.089  4.740 0.5000000000
407  11.580  -92.205  4.470 0.4000000060
417  11.738  -91.921  3.655 0.4000000060
930  12.629  -90.697  4.394 0.3000000119
654  12.372  -92.069  5.036 0.3000000119
1732  14.435  -88.371  2.045 0.4000000060
1276  12.929  -89.643  5.036 0.3000000119
1721  13.483  -88.834  3.394 0.4000000060
1733  13.943  -88.942  2.440 0.5000000000
1709  13.291  -88.751  4.488 0.3000000119
2795  20.938  -86.265  -8.190 0.3000000119
2259  19.409  -87.215  -8.211 0.3000000119
3343  20.322  -85.512  -9.862 0.3000000119
3345  20.215  -84.878  -10.261 0.3000000119
3346  19.889  -85.307  -10.680 0.3000000119
114149  10.704  -92.255  4.807 0.3000000119
655  9.917  -91.976  5.158 0.4000000060
396  11.407  -92.626  5.305 0.3000000119
2171  14.414  -87.280  3.474 0.4000000060
2183  14.644  -87.678  1.942 0.4000000060
1708  13.802  -88.003  3.968 0.4000000060
1698  13.548  -88.650  5.521 0.3000000119
2788  21.426  -86.106  -6.831 0.4000000060
122626  20.925  -86.436  -7.385 0.4000000060
2790  20.164  -86.607  -7.222 0.4000000060
3331  19.785  -86.339  -6.401 0.4000000060
3332  18.528  -85.903  -6.767 0.4000000060
3324  17.761  -85.360  -6.136 0.5000000000
3341  21.208  -85.453  -8.473 0.3000000119
2812  20.723  -85.868  -9.020 0.3000000119
3902  20.772  -85.150  -9.334 0.3000000119
120448  19.809  -84.492  -10.857 0.3000000119
131671  18.915  -83.683  -11.457 0.3000000119
122261  10.918  -92.900  6.115 0.3000000119
2700  14.548  -86.612  4.251 0.3000000119
2184  14.643  -87.131  2.760 0.3000000119
2722  14.570  -86.269  1.790 0.4000000060
2730  15.253  -86.530  0.494 0.4000000060
1685  14.097  -88.843  6.481 0.3000000119
2157  14.111  -87.305  4.681 0.3000000119
1697  14.107  -87.907  6.025 0.3000000119
2158  13.624  -88.039  4.846 0.3000000119
3315  14.554  -84.911  -4.403 0.5000000000
2769  14.401  -85.573  -3.679 0.5000000000
3874  21.739  -84.995  -5.049 0.3000000119
3321  21.648  -85.706  -5.322 0.3000000119
3875  21.531  -84.607  -5.850 0.3000000119
2782  21.365  -86.227  -5.939 0.3000000119
2789  20.840  -86.481  -6.554 0.4000000060
3876  18.093  -85.046  -5.135 0.5000000000
3878  15.945  -85.052  -5.642 0.5000000000
3884  21.783  -85.064  -6.667 0.3000000119
3323  18.818  -85.686  -5.804 0.4000000060
3877  17.050  -84.801  -5.529 0.5000000000
3894  21.077  -84.791  -8.640 0.3000000119
3903  20.390  -84.631  -9.476 0.3000000119
4504  19.785  -84.342  -10.206 0.3000000119
4505  18.745  -83.652  -10.075 0.3000000119
5071  18.339  -83.305  -10.810 0.4000000060
113589  14.652  -86.337  3.560 0.3000000119
128970  14.677  -85.992  1.183 0.4000000060
116085  14.898  -89.002  7.239 0.3000000119
2142  14.260  -87.169  5.546 0.3000000119
2687  14.567  -86.523  5.025 0.3000000119
3274  14.532  -85.762  0.393 0.4000000060
1684  14.664  -88.037  6.802 0.3000000119
3282  14.493  -85.840  -1.122 0.4000000060
3288  14.298  -85.907  -2.051 0.5000000000
4452  13.776  -83.606  -2.971 0.4000000060
3295  13.989  -85.377  -2.758 0.5000000000
4458  21.873  -83.630  -3.652 0.3000000119
108979  14.845  -83.985  -4.033 0.5000000000
3857  14.023  -84.441  -3.503 0.5000000000
126703  21.586  -85.282  -4.562 0.3000000119
3855  16.892  -84.011  -3.910 0.4000000060
4460  15.866  -83.829  -4.149 0.5000000000
4466  20.978  -83.469  -5.134 0.3000000119
3311  21.224  -85.818  -4.476 0.4000000060
3312  20.296  -85.912  -4.252 0.4000000060
3865  17.419  -84.507  -4.503 0.5000000000
3867  15.345  -84.482  -4.847 0.5000000000
3889  21.321  -84.582  -7.187 0.3000000119
125365  20.752  -86.244  -4.882 0.4000000060
3322  19.947  -86.178  -5.169 0.5000000000
3313  19.237  -85.641  -4.495 0.5000000000
3890  20.556  -84.164  -7.993 0.3000000119
4487  19.404  -83.703  -8.327 0.4000000060
4488  18.388  -83.154  -8.554 0.3000000119
4496  19.306  -83.875  -9.250 0.4000000060
4497  18.300  -83.248  -9.366 0.4000000060
6453  13.992  -80.102  -12.513 0.5000000000
5072  17.678  -82.481  -10.888 0.3000000119
1683  15.642  -88.285  7.342 0.3000000119
2132  15.296  -87.288  7.072 0.3000000119
3266  14.063  -85.281  1.966 0.3000000119
3822  13.566  -84.299  0.653 0.3000000119
3833  13.405  -84.141  -1.492 0.5000000000
4442  14.057  -82.929  -2.602 0.4000000060
4443  13.610  -83.558  -2.309 0.3000000119
5025  22.097  -82.649  -3.543 0.3000000119
4451  15.409  -83.264  -3.478 0.5000000000
3864  21.719  -84.608  -4.058 0.3000000119
4450  16.435  -83.402  -3.415 0.4000000060
3302  20.863  -85.301  -3.613 0.4000000060
3303  19.756  -85.334  -3.611 0.4000000060
3853  19.308  -84.613  -3.300 0.4000000060
114279  18.450  -84.321  -3.321 0.4000000060
4474  20.632  -83.784  -6.296 0.3000000119
4475  19.561  -83.218  -6.678 0.3000000119
3304  18.549  -84.928  -3.833 0.5000000000
4479  18.733  -83.213  -7.857 0.3000000119
5057  17.872  -82.388  -8.419 0.4000000060
5065  17.797  -82.582  -9.088 0.4000000060
7222  14.440  -79.442  -12.140 0.5000000000
4506  17.801  -82.775  -9.987 0.4000000060
5699  17.597  -81.834  -9.569 0.5000000000
7231  14.540  -79.585  -13.109 0.5000000000
8722  11.641  -77.613  -9.302 0.5000000000
109540  15.021  -82.599  -2.778 0.3000000119
5011  14.581  -82.456  -1.895 0.3000000119
8708  11.655  -77.807  -8.345 0.5000000000
7941  11.338  -78.286  -9.849 0.6000000238
6324  22.214  -80.984  -3.470 0.3000000119
129016  22.117  -82.931  -2.974 0.3000000119
5628  21.875  -81.751  -4.075 0.3000000119
110902  21.722  -83.853  -3.382 0.3000000119
4436  21.280  -83.609  -2.934 0.3000000119
4440  16.926  -83.041  -2.885 0.4000000060
4441  15.973  -82.750  -2.968 0.4000000060
7885  13.726  -77.993  -6.924 0.5000000000
126978  11.183  -78.467  -12.282 0.5000000000
3851  20.969  -84.645  -3.253 0.3000000119
3840  19.876  -84.175  -3.168 0.3000000119
3841  18.822  -83.916  -3.135 0.3000000119
4439  17.927  -83.270  -3.032 0.3000000119
7902  13.973  -78.650  -7.304 0.5000000000
4467  19.882  -82.912  -5.875 0.3000000119
4476  18.767  -82.845  -7.204 0.3000000119
7926  14.463  -78.645  -9.174 0.5000000000
5041  18.370  -82.139  -7.200 0.3000000119
7940  14.741  -78.635  -10.232 0.5000000000
5662  17.892  -81.891  -8.053 0.4000000060
118716  14.927  -78.561  -11.077 0.6000000238
5681  18.146  -81.290  -8.396 0.4000000060
5698  17.987  -81.162  -9.270 0.5000000000
7952  15.457  -78.257  -11.544 0.5000000000
6415  18.397  -80.654  -9.939 0.4000000060
6416  17.781  -81.180  -10.150 0.3000000119
5708  17.558  -81.513  -10.967 0.4000000060
7962  14.990  -78.895  -12.770 0.6000000238
6412  22.040  -81.119  -11.167 0.3000000119
113962  21.087  -80.795  -10.898 0.4000000060
6431  19.409  -80.283  -11.278 0.4000000060
6433  17.966  -80.723  -10.992 0.3000000119
120916  15.791  -78.350  -14.029 0.6000000238
7969  15.165  -79.027  -13.775 0.5000000000
5716  22.878  -81.628  -11.528 0.3000000119
6429  21.510  -80.730  -11.923 0.5000000000
7978  15.628  -78.868  -14.611 0.6000000238
5715  23.630  -81.715  -11.730 0.3000000119
5726  23.116  -81.544  -12.335 0.5000000000
6448  22.021  -80.751  -13.074 0.4000000060
6449  20.977  -80.183  -12.665 0.4000000060
6446  23.637  -81.262  -12.620 0.4000000060
6447  22.948  -81.127  -13.221 0.5000000000
6462  22.426  -80.543  -14.060 0.4000000060
6461  23.128  -80.446  -14.007 0.5000000000
9588  12.014  -76.888  -10.770 0.6000000238
8745  11.665  -77.632  -11.230 0.6000000238
7127  21.900  -79.815  -3.858 0.3000000119
5617  22.471  -81.494  -2.946 0.3000000119
5003  22.302  -81.906  -2.772 0.3000000119
4435  21.768  -83.106  -2.804 0.3000000119
6325  21.428  -80.741  -4.479 0.3000000119
5005  21.105  -82.919  -2.690 0.3000000119
5006  19.826  -83.048  -2.965 0.3000000119
8769  11.456  -77.370  -13.306 0.6000000238
7153  20.594  -79.067  -5.921 0.3000000119
4437  20.442  -83.646  -3.014 0.3000000119
4438  19.560  -83.666  -3.094 0.3000000119
9641  11.546  -76.825  -14.139 0.6000000238
5040  18.959  -82.360  -6.456 0.3000000119
9643  11.851  -76.029  -15.834 0.6000000238
9644  11.419  -76.562  -15.334 0.6000000238
9647  11.475  -76.508  -16.273 0.6000000238
9654  11.754  -76.736  -17.219 0.5000000000
6397  19.157  -80.423  -9.457 0.4000000060
112883  20.171  -80.490  -10.609 0.4000000060
6445  24.286  -80.587  -12.761 0.4000000060
6460  23.692  -80.605  -13.352 0.5000000000
7855  21.853  -78.660  -3.663 0.3000000119
7115  22.301  -79.636  -3.022 0.3000000119
6315  22.448  -80.857  -2.904 0.3000000119
5602  22.334  -81.061  -2.738 0.3000000119
5604  21.288  -81.899  -2.509 0.3000000119
5605  20.032  -82.151  -2.817 0.3000000119
9587  12.370  -76.189  -10.396 0.5000000000
7139  20.872  -79.758  -5.018 0.3000000119
10537  12.483  -75.482  -12.645 0.5000000000
111414  12.259  -76.199  -12.198 0.6000000238
7138  21.236  -78.888  -4.892 0.3000000119
5007  18.858  -82.402  -3.026 0.3000000119
9632  11.803  -76.662  -13.426 0.6000000238
7869  21.259  -78.360  -5.873 0.3000000119
9640  11.802  -76.186  -14.827 0.6000000238
6379  19.650  -80.384  -8.725 0.3000000119
120200  19.168  -80.404  -8.165 0.3000000119
9646  12.129  -76.162  -16.780 0.6000000238
9662  13.334  -77.026  -19.613 0.6000000238
10545  12.290  -75.470  -14.441 0.6000000238
11539  12.652  -74.744  -14.986 0.5000000000
10549  12.796  -74.910  -15.934 0.6000000238
10556  12.470  -75.556  -16.372 0.6000000238
10563  12.748  -75.727  -17.344 0.6000000238
9653  12.457  -76.397  -17.721 0.6000000238
10572  13.971  -75.778  -19.778 0.6000000238
10568  13.671  -75.525  -18.902 0.6000000238
10589  13.452  -75.995  -20.734 0.5000000000
11530  12.694  -74.714  -14.023 0.5000000000
11538  13.198  -74.237  -15.596 0.5000000000
10555  13.081  -75.008  -16.950 0.5000000000
10567  14.090  -75.027  -19.361 0.6000000238
12517  11.566  -73.512  -20.280 0.5000000000
15113  11.457  -70.320  -20.501 0.6000000238
126867  11.531  -71.869  -20.744 0.6000000238
13348  11.128  -72.446  -19.887 0.5000000000
14201  11.321  -71.030  -20.070 0.6000000238
130878  10.824  -72.469  -19.554 0.6000000238
121321  13.390  -74.315  -17.029 0.5000000000
11560  14.489  -74.505  -19.689 0.5000000000
12515  13.920  -73.776  -20.990 0.5000000000
11568  14.052  -75.210  -20.369 0.6000000238
13353  13.441  -72.277  -21.774 0.6000000238
117194  13.255  -73.031  -21.409 0.5000000000
12516  12.220  -74.065  -20.543 0.5000000000
13354  12.607  -72.237  -21.604 0.6000000238
16953  11.831  -68.562  -21.866 0.6000000238
14207  11.607  -71.412  -21.046 0.6000000238
15099  11.150  -71.118  -18.742 0.5000000000
16851  4.593  -68.932  -10.164 0.5000000000
12490  14.025  -73.143  -17.159 0.5000000000
11554  14.287  -74.345  -18.952 0.5000000000
124162  14.407  -73.307  -21.045 0.6000000238
16842  3.725  -69.097  -9.122 0.5000000000
18761  3.198  -67.326  -8.662 0.6000000238
16841  4.623  -69.307  -8.812 0.6000000238
17778  5.745  -68.521  -9.356 0.6000000238
16848  3.609  -68.933  -9.992 0.5000000000
18766  5.628  -67.154  -10.569 0.5000000000
18771  5.684  -67.251  -11.350 0.5000000000
15076  11.606  -70.097  -16.312 0.5000000000
15088  11.601  -70.293  -17.446 0.5000000000
18728  9.113  -66.518  -4.691 0.6000000238
19703  7.941  -66.268  -4.946 0.6999999881
17752  8.116  -67.212  -5.622 0.6000000238
18739  7.119  -67.049  -5.626 0.6999999881
18747  5.216  -66.962  -6.558 0.6000000238
18754  4.472  -67.164  -7.264 0.6000000238
117735  7.442  -67.593  -6.033 0.6000000238
17753  6.560  -67.502  -6.065 0.6000000238
19720  9.116  -66.370  -6.305 0.6000000238
17761  8.020  -67.529  -6.372 0.6000000238
16822  6.132  -68.974  -6.888 0.6000000238
17764  5.140  -68.171  -7.141 0.5000000000
18755  3.794  -67.301  -7.919 0.6000000238
19729  8.581  -65.612  -7.015 0.6000000238
128213  7.398  -68.302  -7.404 0.6000000238
16834  5.077  -69.064  -7.625 0.5000000000
17768  4.381  -68.367  -7.779 0.6000000238
19730  7.704  -66.317  -7.402 0.6000000238
16839  6.380  -69.118  -7.948 0.6000000238
19731  6.842  -66.232  -8.222 0.6000000238
18759  6.793  -67.513  -8.543 0.6000000238
120754  6.293  -66.348  -9.080 0.6000000238
19760  5.921  -66.208  -10.189 0.5000000000
18780  6.758  -66.834  -11.600 0.5000000000
19798  7.684  -66.041  -11.607 0.5000000000
117907  8.157  -66.217  -11.858 0.5000000000
17797  10.128  -67.585  -11.686 0.5000000000
18740  6.324  -66.491  -5.617 0.6000000238
19711  5.034  -65.384  -5.651 0.6999999881
20816  7.797  -65.199  -7.624 0.5000000000
20842  6.317  -65.043  -8.883 0.6000000238
20855  6.076  -64.534  -10.522 0.6000000238
113969  6.416  -66.312  -11.164 0.5000000000
19800  6.570  -64.779  -11.194 0.6000000238
20876  7.913  -64.825  -11.820 0.5000000000
21987  7.991  -63.662  -12.104 0.6000000238
19797  8.970  -65.108  -12.173 0.6000000238
23022  12.423  -62.185  -5.168 0.4000000060
21901  6.330  -63.139  -6.381 0.6999999881
128052  3.990  -61.670  -7.004 0.5000000000
23027  3.038  -62.377  -5.831 0.5000000000
122085  13.138  -63.293  -5.008 0.6000000238
21897  11.793  -62.742  -5.013 0.5000000000
23039  4.553  -62.888  -6.613 0.6000000238
23040  3.617  -63.291  -6.053 0.5000000000
124801  14.227  -63.247  -5.420 0.5000000000
23026  7.473  -63.094  -5.897 0.6000000238
21913  5.337  -63.471  -6.415 0.8000000119
20793  7.662  -64.545  -5.177 0.6999999881
109593  5.946  -64.837  -5.434 0.8000000119
20796  4.142  -64.989  -5.392 0.6999999881
21967  5.939  -63.663  -10.349 0.6000000238
20878  6.589  -63.833  -11.310 0.6000000238
25267  3.460  -60.546  -5.029 0.5000000000
24171  10.749  -61.481  -6.247 0.5000000000
24207  5.446  -61.172  -7.781 0.6999999881
24173  3.029  -61.301  -5.180 0.5000000000
24168  14.436  -62.445  -4.872 0.4000000060
132345  13.469  -62.657  -4.956 0.4000000060
23020  15.658  -61.894  -5.878 0.4000000060
120964  15.066  -62.243  -7.320 0.5000000000
24222  14.823  -61.428  -7.732 0.4000000060
25283  4.054  -60.190  -6.223 0.5000000000
25251  3.539  -60.275  -3.617 0.5000000000
118764  11.368  -61.003  -6.135 0.3000000119
25304  10.395  -60.389  -6.878 0.3000000119
25308  4.428  -60.513  -7.224 0.6000000238
24183  15.902  -60.963  -6.073 0.4000000060
125248  15.048  -59.822  -7.003 0.4000000060
25326  13.816  -60.072  -8.025 0.4000000060
123374  4.430  -59.350  -6.173 0.6000000238
26553  4.742  -59.953  -7.826 0.6000000238
25325  14.472  -59.891  -7.711 0.4000000060
26514  4.360  -59.149  -5.372 0.5000000000
26492  3.747  -60.127  -4.469 0.5000000000
26489  11.846  -59.693  -4.365 0.3000000119
26513  11.012  -59.242  -5.822 0.3000000119
26535  10.480  -59.590  -6.642 0.3000000119
27837  9.283  -58.765  -7.150 0.4000000060
27834  14.337  -57.932  -6.775 0.3000000119
26548  13.807  -59.343  -7.866 0.4000000060
29081  13.708  -56.758  -7.167 0.4000000060
27836  9.595  -58.455  -6.450 0.4000000060
27821  4.466  -58.566  -5.838 0.6000000238
26473  4.687  -59.164  -3.403 0.4000000060
120480  8.293  -57.529  -6.336 0.4000000060
26471  11.871  -59.804  -3.132 0.3000000119
26472  11.157  -59.176  -3.735 0.3000000119
29054  4.166  -57.820  -4.463 0.5000000000
129348  7.489  -57.327  -6.747 0.4000000060
30154  6.229  -56.094  -7.043 0.4000000060
32175  4.846  -54.770  -5.595 0.5000000000
30153  6.916  -56.196  -6.583 0.4000000060
31161  6.354  -55.117  -6.266 0.4000000060
122133  9.003  -53.645  -3.407 0.3000000119
34226  8.873  -53.394  -2.792 0.3000000119
33232  8.665  -53.917  -3.869 0.3000000119
33216  7.374  -53.695  -3.265 0.3000000119
34211  7.942  -53.419  -1.704 0.3000000119
116079  3.144  -53.047  5.450 0.4000000060
34209  9.437  -53.080  -2.139 0.3000000119
132005  18.093  -82.704  -2.957 0.3000000119
6380  18.664  -80.651  -8.820 0.4000000060
31160  7.182  -55.248  -5.797 0.3000000119
23126  7.049  -62.550  -11.472 0.6000000238
35118  3.099  -52.139  7.800 0.4000000060
122336  15.010  -63.035  -6.816 0.5000000000
32156  7.360  -54.029  -4.849 0.3000000119
6432  18.518  -80.368  -11.420 0.3000000119
6430  20.517  -80.355  -11.566 0.4000000060
11555  13.866  -74.817  -18.522 0.5000000000
931  12.411  -91.658  4.191 0.4000000060
426  11.667  -91.560  3.151 0.5000000000
1722  10.482  -88.591  3.308 0.5000000000
113662  14.352  -89.022  1.942 0.5000000000
2796  20.220  -86.794  -7.839 0.4000000060
395  12.003  -92.355  4.844 0.4000000060
1720  13.983  -88.038  2.862 0.4000000060
1740  15.019  -88.268  1.390 0.4000000060
3338  21.434  -85.841  -7.683 0.4000000060
125686  19.282  -86.472  -7.206 0.4000000060
2791  18.385  -86.498  -7.288 0.4000000060
656  9.492  -91.330  5.799 0.3000000119
1268  13.496  -89.862  6.066 0.3000000119
2713  14.666  -86.933  2.011 0.4000000060
2194  15.232  -87.565  1.309 0.4000000060
3888  21.573  -85.089  -7.838 0.3000000119
129189  21.282  -84.700  -8.005 0.4000000060
121144  14.707  -86.549  2.856 0.4000000060
114133  15.037  -86.139  -0.299 0.4000000060
3866  16.395  -84.325  -4.864 0.5000000000
7206  14.326  -79.381  -10.979 0.5000000000
3895  20.238  -84.238  -8.780 0.4000000060
2673  14.661  -86.472  5.780 0.3000000119
3267  13.971  -85.122  1.011 0.4000000060
125385  14.253  -85.591  -0.344 0.4000000060
3289  13.747  -85.204  -1.816 0.5000000000
3856  14.402  -83.354  -3.325 0.5000000000
3850  21.411  -84.629  -3.563 0.3000000119
124971  20.346  -83.804  -7.140 0.3000000119
108806  19.498  -83.500  -7.524 0.3000000119
3827  13.417  -84.127  -0.311 0.3000000119
3283  13.710  -85.062  -0.827 0.4000000060
4449  17.636  -83.772  -3.234 0.3000000119
8721  15.036  -77.839  -9.639 0.5000000000
5682  17.742  -81.788  -8.763 0.4000000060
5010  15.350  -82.168  -1.991 0.3000000119
112261  21.627  -81.052  -10.164 0.4000000060
6414  19.266  -80.386  -10.267 0.4000000060
114237  18.644  -80.470  -10.770 0.4000000060
5706  23.898  -81.915  -10.848 0.3000000119
5603  22.053  -81.359  -2.487 0.3000000119
10550  12.276  -75.480  -15.400 0.6000000238
6413  20.793  -80.773  -10.101 0.3000000119
113344  21.280  -81.108  -2.405 0.3000000119
113343  20.227  -81.212  -2.618 0.3000000119
7883  21.789  -78.164  -6.834 0.3000000119
11576  13.705  -74.767  -20.688 0.5000000000
12524  12.236  -73.023  -20.936 0.6000000238
20794  6.976  -64.954  -5.223 0.6999999881
21902  5.131  -64.424  -5.999 0.6999999881
21900  6.878  -64.065  -5.610 0.6999999881
114929  4.609  -62.089  -7.023 0.6000000238
26512  11.726  -59.774  -5.545 0.3000000119
26490  11.130  -59.155  -4.815 0.3000000119
128272  16.281  -76.987  -9.899 0.5000000000
8720  15.687  -77.206  -9.383 0.5000000000
9584  22.659  -76.019  -10.964 0.6000000238
12506  14.803  -73.205  -20.436 0.4000000060
13346  14.694  -72.551  -21.162 0.5000000000
16008  11.681  -69.609  -19.206 0.5000000000
17900  11.602  -67.830  -21.256 0.5000000000
16934  11.375  -68.394  -20.303 0.5000000000
115754  11.524  -69.146  -20.084 0.5000000000
15998  11.848  -69.622  -18.118 0.5000000000
16922  11.531  -68.190  -18.636 0.5000000000
18851  11.195  -66.133  -20.925 0.5000000000
17838  11.545  -68.112  -16.905 0.4000000060
17875  10.724  -66.994  -19.730 0.5000000000
17874  11.193  -67.837  -19.570 0.5000000000
17850  11.243  -67.794  -17.846 0.5000000000
120318  11.850  -68.404  -15.932 0.5000000000
18825  10.391  -66.704  -18.894 0.6000000238
17851  10.698  -67.158  -18.096 0.5000000000
19796  10.048  -65.329  -12.140 0.5000000000
18819  9.502  -65.793  -18.032 0.6000000238
18794  11.353  -66.922  -14.075 0.5000000000
19794  11.303  -66.250  -12.625 0.5000000000
18811  10.047  -66.334  -17.030 0.6000000238
17832  10.639  -66.866  -16.118 0.6000000238
126430  11.681  -67.953  -15.382 0.5000000000
19868  9.118  -65.177  -19.049 0.6000000238
19854  9.221  -65.363  -16.926 0.6000000238
19853  9.967  -66.104  -15.978 0.6000000238
18795  10.708  -65.997  -14.008 0.6000000238
112630  9.083  -64.706  -15.970 0.6000000238
20873  10.463  -65.005  -12.621 0.5000000000
20875  8.858  -64.164  -12.396 0.5000000000
19847  10.101  -65.678  -14.955 0.6000000238
18805  10.672  -66.487  -15.084 0.6000000238
19732  3.794  -66.153  -7.339 0.5000000000
19713  3.242  -65.094  -5.918 0.5000000000
19712  4.221  -65.478  -5.955 0.5000000000
108912  7.647  -62.509  -12.161 0.6000000238
20929  9.168  -63.966  -15.239 0.6000000238
20892  9.405  -63.625  -13.027 0.6000000238
19833  10.296  -64.999  -13.924 0.6000000238
21999  9.605  -63.403  -13.777 0.6000000238
22012  9.310  -62.808  -14.277 0.6000000238
30152  7.669  -56.709  -6.190 0.3000000119
34119  3.105  -53.577  4.855 0.3000000119
7226  23.728  -79.864  -13.775 0.4000000060
120733  23.672  -78.589  -13.215 0.5000000000
7987  16.010  -78.745  -15.290 0.5000000000
8782  16.342  -77.840  -14.185 0.5000000000
8742  23.648  -77.604  -11.956 0.4000000060
8767  16.556  -77.460  -13.579 0.4000000060
10505  22.949  -75.496  -10.373 0.4000000060
7939  15.292  -78.040  -10.680 0.4000000060
8744  16.112  -77.721  -11.228 0.4000000060
7961  15.514  -78.350  -12.415 0.4000000060
8757  16.158  -77.801  -12.895 0.4000000060
12383  24.384  -73.129  -8.370 0.4000000060
12384  23.588  -73.110  -8.659 0.4000000060
11453  22.468  -74.038  -9.752 0.4000000060
119755  15.113  -77.389  -8.841 0.4000000060
11432  24.111  -73.882  -8.625 0.4000000060
11452  23.126  -74.759  -9.832 0.4000000060
110886  23.133  -71.761  -8.675 0.4000000060
14092  22.624  -71.159  -8.695 0.5000000000
20930  9.076  -63.517  -15.919 0.5000000000
23170  9.491  -62.615  -16.439 0.5000000000
23148  9.187  -62.217  -14.487 0.5000000000
25444  9.293  -61.155  -14.846 0.5000000000
26669  9.510  -60.050  -14.066 0.5000000000
23149  8.629  -61.659  -13.803 0.5000000000
26649  8.794  -59.523  -13.276 0.5000000000
21904  3.029  -64.194  -5.356 0.4000000060
114021  2.803  -63.331  -5.472 0.4000000060
25431  8.711  -60.823  -14.060 0.5000000000
23136  8.833  -62.296  -13.641 0.5000000000
10519  21.882  -75.594  -11.312 0.5000000000
13225  22.926  -72.638  -8.841 0.4000000060
1293  10.592  -89.662  3.041 0.4000000060
1734  10.751  -88.687  2.475 0.4000000060
2241  9.861  -87.724  -3.148 0.4000000060
947  11.042  -90.355  2.893 0.4000000060
1305  10.941  -89.726  2.202 0.4000000060
126939  10.456  -88.167  -2.635 0.4000000060
1316  10.952  -88.836  1.626 0.4000000060
994  11.619  -90.252  -2.530 0.4000000060
1339  11.153  -89.424  -1.775 0.4000000060
130486  10.615  -87.896  -2.140 0.4000000060
678  11.809  -91.341  2.464 0.5000000000
122427  11.216  -90.352  1.972 0.5000000000
957  11.504  -90.376  1.379 0.4000000060
122759  11.158  -89.845  1.377 0.4000000060
1765  11.085  -88.620  -1.403 0.4000000060
677  12.310  -91.440  2.476 0.5000000000
112767  12.912  -91.330  2.157 0.5000000000
688  12.363  -91.217  1.769 0.5000000000
1323  11.364  -89.879  0.544 0.4000000060
1324  11.167  -88.962  0.776 0.4000000060
695  12.715  -91.003  0.932 0.4000000060
696  12.061  -90.594  1.136 0.4000000060
984  13.784  -90.358  -1.161 0.4000000060
985  12.991  -90.600  -1.373 0.4000000060
986  12.027  -90.311  -1.438 0.4000000060
1331  11.416  -89.407  -0.941 0.4000000060
1749  11.207  -89.102  -0.115 0.4000000060
963  13.820  -90.621  0.277 0.5000000000
704  12.475  -90.539  0.168 0.4000000060
964  11.729  -90.114  0.448 0.4000000060
109735  11.480  -89.833  -0.143 0.4000000060
113876  14.043  -90.427  -0.455 0.5000000000
975  13.279  -90.615  -0.428 0.4000000060
976  12.560  -90.477  -0.754 0.4000000060
705  11.932  -90.167  -0.518 0.4000000060
1338  15.524  -89.191  -1.717 0.3000000119
127501  15.748  -88.793  -2.238 0.3000000119
1337  15.886  -88.502  -1.806 0.4000000060
131839  15.419  -89.345  -1.024 0.3000000119
2213  16.051  -87.582  -0.920 0.4000000060
1764  15.757  -88.779  -1.135 0.4000000060
2240  16.374  -87.880  -3.629 0.3000000119
1778  16.210  -88.184  -3.249 0.4000000060
1770  16.058  -88.318  -2.481 0.4000000060
2221  16.157  -87.538  -1.683 0.4000000060
122713  16.334  -87.618  -3.172 0.4000000060
2230  16.266  -87.522  -2.471 0.4000000060
2758  15.806  -86.976  -2.142 0.4000000060
125833  15.359  -86.437  -0.920 0.3000000119
983  14.507  -90.076  -0.876 0.3000000119
121516  15.775  -87.750  -0.204 0.3000000119
1748  15.554  -88.393  0.239 0.4000000060
115010  15.799  -87.334  -4.133 0.4000000060
2748  15.893  -86.954  -1.255 0.3000000119
2768  15.800  -87.036  -3.087 0.4000000060
2759  14.765  -86.326  -2.786 0.4000000060
2749  15.058  -86.446  -1.718 0.4000000060
130570  15.075  -89.665  -0.160 0.4000000060
1330  15.437  -89.139  -0.327 0.4000000060
2247  16.343  -87.866  -4.641 0.4000000060
2739  15.689  -86.951  -0.345 0.3000000119
3326  15.531  -85.945  -5.754 0.4000000060
2248  15.891  -87.249  -5.144 0.4000000060
3314  15.036  -85.390  -5.157 0.4000000060
112216  14.934  -86.475  -3.924 0.4000000060
962  14.343  -90.219  0.682 0.4000000060
1322  14.993  -89.540  0.333 0.4000000060
112939  15.495  -88.103  0.917 0.3000000119
1314  15.184  -88.853  0.824 0.4000000060
2205  15.609  -87.443  0.594 0.3000000119
118094  16.109  -85.808  -6.155 0.4000000060
3334  16.719  -86.239  -6.612 0.4000000060
3325  16.800  -85.429  -6.236 0.4000000060
2777  14.713  -85.749  -4.495 0.4000000060
129610  13.388  -90.931  1.607 0.4000000060
132022  13.229  -90.722  2.757 0.4000000060
956  13.674  -90.768  1.030 0.4000000060
1303  14.113  -89.687  1.875 0.4000000060
955  13.934  -90.334  1.390 0.4000000060
1315  14.598  -89.627  1.079 0.4000000060
14103  22.630  -70.679  -9.009 0.4000000060
2776  15.193  -86.417  -5.008 0.4000000060
406  12.126  -92.079  4.088 0.4000000060
408  11.119  -91.839  4.231 0.4000000060
425  12.020  -91.721  2.974 0.5000000000
663  9.699  -91.060  4.914 0.4000000060
669  12.343  -91.696  3.483 0.4000000060
687  13.078  -91.182  1.391 0.4000000060
689  11.767  -90.886  1.813 0.4000000060
690  11.446  -90.779  2.232 0.5000000000
694  13.295  -90.927  0.809 0.5000000000
703  13.137  -90.803  0.346 0.4000000060
946  13.435  -90.690  2.165 0.4000000060
973  15.070  -89.718  -0.615 0.3000000119
974  14.616  -90.095  -0.093 0.5000000000
1294  10.111  -89.600  3.889 0.5000000000
1348  15.448  -89.233  -2.466 0.3000000119
1741  14.650  -88.980  1.489 0.3000000119
1755  16.071  -88.116  -1.365 0.4000000060
1756  15.831  -88.306  -0.631 0.4000000060
1771  10.804  -88.475  -2.031 0.4000000060
1779  10.144  -88.628  -3.426 0.4000000060
1785  16.257  -88.160  -4.180 0.3000000119
2133  14.553  -87.166  6.309 0.3000000119
2143  13.898  -87.786  5.348 0.3000000119
2220  16.203  -87.972  -2.087 0.4000000060
2222  10.772  -87.741  -1.557 0.4000000060
2229  16.413  -87.898  -2.818 0.4000000060
2253  15.685  -86.686  -5.689 0.4000000060
2714  14.610  -85.783  3.176 0.3000000119
2721  15.193  -86.807  1.240 0.4000000060
2775  21.209  -86.189  -5.207 0.4000000060
2783  20.754  -86.410  -5.635 0.4000000060
3275  13.767  -85.062  0.104 0.4000000060
3301  21.478  -85.199  -4.012 0.3000000119
3330  21.762  -85.668  -6.287 0.3000000119
3337  21.702  -85.454  -7.133 0.3000000119
3839  20.743  -84.200  -3.114 0.3000000119
3842  13.601  -84.405  -2.539 0.4000000060
3852  20.289  -84.765  -3.254 0.3000000119
3854  17.799  -84.310  -3.648 0.4000000060
3932  19.211  -84.420  -11.877 0.4000000060
3937  19.069  -84.218  -12.592 0.4000000060
4429  13.752  -82.978  -1.624 0.3000000119
4519  19.253  -84.045  -12.432 0.4000000060
5004  21.966  -82.405  -2.607 0.3000000119
5046  18.198  -82.512  -7.817 0.3000000119
5627  22.316  -81.841  -3.337 0.3000000119
5661  18.303  -81.517  -7.599 0.4000000060
5714  24.234  -81.613  -11.385 0.3000000119
6396  20.065  -80.520  -9.605 0.4000000060
6428  22.467  -81.242  -12.260 0.5000000000
6481  18.507  -79.466  -16.368 0.5000000000
7235  22.406  -79.537  -14.826 0.5000000000
7236  21.913  -79.981  -14.897 0.4000000060
7260  17.599  -79.703  -17.297 0.5000000000
7953  14.902  -78.761  -11.832 0.5000000000
7968  15.607  -78.384  -13.274 0.6000000238
7970  11.129  -78.170  -12.959 0.5000000000
7975  22.108  -78.827  -15.097 0.6000000238
7977  16.148  -78.285  -14.777 0.5000000000
7983  20.859  -78.820  -15.750 0.5000000000
7985  19.538  -78.528  -16.554 0.5000000000
7996  16.887  -79.217  -17.016 0.4000000060
8681  13.447  -77.289  -6.790 0.6999999881
8682  12.760  -77.264  -7.029 0.6000000238
8695  12.189  -77.296  -7.706 0.6000000238
8707  15.485  -76.752  -8.504 0.4000000060
8732  15.868  -77.531  -10.235 0.5000000000
8733  11.722  -77.596  -10.269 0.6000000238
8753  23.297  -77.940  -12.714 0.4000000060
8758  11.551  -77.700  -12.259 0.6000000238
8763  23.034  -78.346  -13.539 0.5000000000
8768  16.099  -77.963  -13.610 0.4000000060
8776  21.599  -78.279  -15.167 0.6000000238
8777  20.447  -77.500  -15.239 0.6999999881
8789  19.545  -77.996  -16.524 0.5000000000
8790  18.753  -77.698  -16.499 0.6999999881
8792  17.200  -77.882  -16.006 0.6000000238
8799  18.413  -77.996  -16.929 0.5000000000
8800  17.790  -78.191  -16.891 0.5000000000
8806  12.151  -77.097  -18.113 0.5000000000
9531  14.273  -76.462  -6.847 0.6999999881
9547  14.671  -76.732  -7.275 0.6000000238
9561  11.972  -76.998  -8.650 0.6000000238
9575  12.069  -76.791  -9.712 0.6000000238
9600  16.688  -77.198  -11.431 0.6000000238
9601  12.337  -76.238  -11.279 0.6999999881
9602  11.937  -76.908  -11.734 0.6000000238
9615  18.262  -75.864  -13.201 0.6999999881
9618  12.167  -76.145  -13.071 0.6000000238
9619  11.872  -76.829  -12.687 0.6000000238
9631  11.958  -76.117  -13.894 0.6000000238
9637  18.886  -76.793  -14.734 0.6999999881
9652  13.131  -75.993  -18.296 0.6000000238
9658  13.537  -76.266  -19.270 0.6000000238
9659  12.882  -76.701  -18.665 0.6000000238
10458  13.388  -75.851  -6.813 0.6999999881
10472  13.215  -75.059  -7.035 0.6999999881
10497  16.760  -76.070  -9.237 0.6000000238
10512  12.669  -75.541  -10.060 0.6000000238
10522  19.380  -75.167  -11.760 0.8000000119
10534  18.692  -75.507  -12.359 0.8000000119
10536  17.449  -76.370  -11.739 0.6000000238
10543  12.392  -75.462  -13.528 0.6000000238
10562  13.376  -75.292  -17.954 0.5000000000
10571  14.281  -75.256  -20.022 0.6000000238
10578  13.892  -75.939  -20.315 0.5000000000
11397  15.315  -74.179  -6.656 0.6999999881
11399  13.819  -74.490  -6.752 0.8000000119
11416  15.746  -74.497  -6.870 0.6999999881
11417  13.388  -74.293  -7.298 0.6999999881
11433  18.158  -74.223  -8.620 0.8000000119
11435  17.047  -74.881  -8.445 0.8000000119
11437  12.892  -74.827  -8.660 0.6999999881
11456  19.248  -74.197  -9.687 0.6999999881
11476  19.576  -74.467  -10.351 0.8000000119
11478  17.689  -75.278  -9.820 0.6000000238
11479  13.296  -74.359  -10.580 0.6000000238
11520  12.703  -74.720  -13.096 0.5000000000
11545  13.216  -74.483  -16.350 0.6000000238
11549  13.621  -74.595  -17.708 0.6000000238
11567  14.436  -74.579  -20.192 0.5000000000
12356  14.416  -73.540  -6.733 0.8000000119
12367  17.303  -73.465  -7.183 0.8000000119
12368  16.693  -73.713  -6.985 0.6999999881
12369  14.161  -73.059  -7.119 0.8000000119
12387  17.784  -73.832  -7.867 0.6999999881
12402  22.859  -73.365  -9.207 0.4000000060
12473  13.559  -73.213  -14.696 0.6000000238
12482  13.884  -72.888  -16.175 0.6000000238
12491  13.545  -73.747  -16.483 0.5000000000
12495  13.803  -73.880  -17.462 0.5000000000
12501  14.714  -73.802  -19.250 0.4000000060
12507  14.813  -73.914  -19.982 0.4000000060
12514  14.461  -73.907  -20.571 0.5000000000
12518  11.054  -73.135  -19.859 0.5000000000
12523  13.055  -73.980  -20.814 0.5000000000
13204  17.267  -72.189  -6.695 0.8000000119
13213  18.957  -71.861  -7.286 0.6999999881
13231  14.446  -71.981  -8.491 0.8999999762
13237  21.653  -72.874  -9.130 0.6000000238
13239  14.321  -72.137  -9.399 0.8000000119
13247  14.158  -72.145  -11.068 0.6999999881
13253  13.971  -72.062  -11.798 0.6999999881
13264  13.812  -72.522  -12.413 0.6999999881
13278  13.755  -72.978  -13.086 0.6000000238
13292  13.755  -72.649  -14.414 0.6000000238
13334  14.899  -73.175  -18.575 0.5000000000
13345  15.097  -72.385  -20.341 0.5000000000
13347  11.506  -72.485  -20.457 0.6000000238
13355  11.996  -72.129  -21.171 0.6000000238
14077  16.347  -71.650  -6.847 0.8000000119
14082  20.247  -71.254  -7.724 0.5000000000
14084  18.400  -71.280  -7.277 0.6000000238
14085  17.519  -71.120  -7.185 0.6000000238
14087  15.738  -71.351  -7.310 0.8000000119
14088  14.811  -71.585  -7.772 0.6999999881
14093  21.937  -71.395  -8.598 0.6000000238
14152  14.423  -71.252  -14.413 0.6000000238
14159  19.810  -71.548  -15.351 0.6000000238
14172  15.375  -71.173  -17.036 0.6000000238
14186  15.292  -71.914  -18.162 0.5000000000
14196  10.753  -71.797  -18.896 0.6000000238
14202  11.032  -71.936  -19.665 0.6000000238
14208  11.363  -71.759  -20.380 0.6000000238
14214  15.037  -70.729  -21.595 0.6999999881
14216  13.597  -71.152  -22.361 0.6999999881
14218  12.183  -71.488  -21.723 0.6000000238
14957  19.750  -70.791  -7.766 0.6999999881
14960  17.179  -70.585  -7.687 0.6000000238
14965  21.908  -70.790  -8.737 0.6000000238
14968  18.657  -70.413  -8.147 0.5000000000
14971  15.172  -70.581  -8.975 0.8000000119
14981  19.837  -70.296  -8.813 0.5000000000
14983  16.814  -70.439  -9.091 0.6000000238
14986  14.672  -70.840  -9.399 0.8999999762
14997  19.043  -70.461  -9.676 0.5000000000
15013  15.206  -69.868  -10.912 0.6999999881
15023  18.881  -71.038  -12.846 0.6000000238
15028  14.511  -70.385  -12.834 0.6999999881
15038  17.846  -70.340  -12.690 0.6000000238
15039  15.272  -69.579  -13.989 0.8000000119
15050  19.311  -71.154  -14.751 0.5000000000
15062  19.108  -70.142  -14.857 0.6000000238
15098  11.556  -70.408  -18.480 0.5000000000
15106  15.471  -70.291  -19.676 0.6000000238
15107  11.413  -70.549  -19.539 0.5000000000
15108  11.172  -71.321  -19.438 0.6000000238
15121  14.460  -70.508  -22.194 0.6999999881
15126  14.241  -69.938  -22.449 0.6999999881
15128  12.561  -70.845  -22.403 0.6999999881
15129  11.883  -70.055  -22.161 0.6999999881
15927  15.888  -69.654  -11.174 0.6999999881
15937  16.225  -69.193  -12.702 0.6999999881
15944  17.319  -69.468  -13.132 0.6000000238
15956  17.468  -68.878  -13.882 0.6000000238
15957  16.580  -68.895  -14.149 0.6000000238
15976  16.522  -68.924  -16.232 0.6999999881
15988  15.619  -70.089  -18.143 0.6999999881
15989  11.943  -69.597  -17.249 0.4000000060
15997  15.375  -69.264  -19.438 0.6999999881
16015  11.491  -69.480  -20.794 0.6000000238
16022  14.854  -69.718  -22.269 0.6999999881
16029  14.774  -68.967  -22.409 0.6999999881
16030  14.326  -69.422  -22.482 0.6999999881
16032  12.712  -69.893  -22.560 0.6999999881
16821  6.779  -68.909  -7.291 0.6000000238
16823  5.648  -68.949  -7.063 0.6000000238
16833  5.805  -69.191  -7.545 0.5000000000
16835  4.395  -69.126  -8.298 0.5000000000
16840  5.558  -69.248  -8.478 0.6000000238
16846  4.974  -69.181  -9.449 0.6000000238
16847  4.230  -69.181  -9.659 0.5000000000
16852  4.092  -68.826  -10.567 0.5000000000
16853  3.565  -68.541  -10.593 0.5000000000
16883  19.168  -69.399  -15.509 0.6000000238
16885  17.966  -68.461  -15.304 0.6000000238
16886  17.400  -68.495  -15.875 0.6000000238
16894  19.158  -68.710  -16.349 0.5000000000
16898  12.011  -69.051  -16.611 0.5000000000
16908  17.131  -67.794  -17.389 0.5000000000
16910  16.249  -68.712  -17.193 0.6999999881
16911  11.824  -68.737  -17.712 0.5000000000
16920  16.338  -67.795  -18.389 0.6000000238
16946  11.530  -68.670  -21.083 0.6000000238
16951  15.316  -68.708  -21.872 0.6999999881
16961  13.844  -68.827  -22.506 0.6999999881
16962  12.680  -68.472  -22.336 0.6999999881
17762  6.705  -68.322  -6.595 0.6000000238
17763  5.898  -68.223  -6.513 0.5000000000
17767  7.497  -68.217  -6.826 0.6000000238
17769  3.657  -68.414  -8.454 0.6000000238
17772  7.010  -68.585  -7.968 0.6000000238
17773  6.380  -68.626  -8.609 0.6000000238
17774  3.044  -68.243  -9.193 0.6000000238
17775  2.755  -67.256  -9.490 0.6000000238
17783  4.597  -68.588  -10.748 0.5000000000
17807  12.039  -67.667  -13.501 0.5000000000
17817  11.810  -67.800  -14.541 0.5000000000
17831  11.268  -67.637  -16.136 0.5000000000
17839  10.795  -67.209  -17.156 0.6000000238
17859  17.508  -67.488  -18.876 0.5000000000
17861  15.970  -67.764  -19.092 0.6000000238
17862  10.973  -67.432  -18.764 0.5000000000
17887  17.074  -67.108  -20.902 0.6000000238
17888  16.202  -67.468  -20.995 0.5000000000
17889  15.578  -68.074  -21.177 0.5000000000
17890  11.175  -67.498  -20.483 0.5000000000
17899  15.202  -67.433  -22.010 0.6999999881
17906  15.318  -67.900  -22.073 0.6999999881
17907  14.714  -68.174  -22.346 0.6000000238
18726  10.305  -66.108  -4.961 0.8000000119
18727  9.742  -66.293  -4.739 0.8000000119
18729  8.513  -66.647  -4.846 0.6999999881
18736  9.559  -66.580  -4.934 0.6000000238
18737  8.796  -66.950  -5.080 0.6000000238
18738  8.004  -67.011  -5.284 0.6000000238
18741  5.535  -66.211  -5.882 0.6000000238
18744  9.322  -66.635  -5.384 0.6000000238
18745  8.558  -66.954  -5.801 0.6000000238
18746  5.931  -67.077  -6.117 0.6000000238
18748  4.390  -66.190  -6.621 0.5000000000
18751  8.374  -66.846  -6.639 0.6000000238
18752  7.837  -67.615  -7.096 0.6000000238
18753  7.350  -67.533  -7.769 0.6000000238
18756  3.337  -66.254  -8.161 0.6000000238
18760  5.818  -67.002  -9.870 0.5000000000
18777  10.280  -66.523  -11.900 0.5000000000
18778  9.103  -66.301  -12.086 0.5000000000
18788  11.282  -66.247  -13.243 0.6000000238
18804  11.180  -67.319  -15.231 0.5000000000
18818  10.153  -66.573  -18.015 0.6000000238
18826  9.719  -65.974  -18.965 0.6000000238
18841  10.214  -66.007  -19.849 0.6999999881
18858  13.905  -66.837  -21.675 0.6000000238
18859  12.421  -67.094  -21.714 0.6000000238
18860  11.735  -66.569  -21.329 0.5000000000
19699  10.882  -65.479  -4.812 0.8000000119
19701  9.292  -65.825  -4.462 0.8000000119
19702  8.532  -65.926  -4.528 0.6999999881
19704  7.287  -65.676  -5.215 0.6999999881
19707  11.980  -65.354  -5.826 0.8000000119
19709  7.192  -66.356  -5.343 0.6999999881
19710  6.388  -65.539  -5.324 0.6000000238
19718  11.258  -65.527  -6.208 0.8000000119
19719  10.527  -65.871  -5.665 0.8000000119
19721  3.713  -65.611  -6.556 0.5000000000
19726  11.204  -65.240  -7.094 0.8000000119
19738  6.958  -65.142  -7.953 0.6999999881
19748  6.003  -65.650  -9.661 0.5000000000
19775  6.314  -65.147  -10.844 0.5000000000
19793  15.498  -65.146  -12.541 0.5000000000
19795  10.809  -65.726  -12.341 0.5000000000
19799  7.099  -65.501  -11.439 0.5000000000
19813  17.196  -65.387  -13.100 0.5000000000
19814  16.187  -65.398  -13.365 0.5000000000
19816  10.894  -65.374  -13.014 0.6000000238
19831  15.571  -65.302  -14.208 0.6000000238
19834  9.567  -64.829  -14.976 0.6000000238
19846  14.863  -65.120  -14.818 0.5000000000
19859  8.942  -65.068  -18.185 0.6999999881
19885  10.144  -65.024  -20.117 0.6999999881
19894  14.077  -65.501  -20.900 0.6000000238
19896  11.939  -65.380  -20.945 0.6000000238
19897  11.226  -65.440  -20.773 0.6000000238
19898  10.679  -65.630  -20.494 0.6000000238
19904  17.120  -66.166  -21.330 0.6000000238
19905  16.409  -65.964  -21.469 0.5000000000
19907  14.985  -66.025  -21.457 0.6000000238
19908  13.429  -66.122  -21.342 0.6000000238
20780  12.105  -64.516  -4.929 0.6999999881
20781  11.216  -64.672  -4.638 0.8000000119
20783  9.509  -65.064  -4.353 0.8000000119
20784  8.347  -65.005  -4.794 0.8000000119
20785  7.834  -65.414  -5.037 0.6999999881
20789  13.328  -64.653  -6.018 0.6999999881
20790  12.511  -64.922  -5.595 0.8000000119
20792  8.287  -64.160  -5.081 0.6999999881
20795  4.931  -64.980  -5.445 0.6999999881
20803  13.373  -64.667  -6.798 0.6999999881
20810  13.202  -64.372  -7.636 0.6999999881
20811  12.659  -64.911  -7.220 0.6999999881
20812  11.894  -64.896  -7.563 0.8000000119
20815  8.431  -64.671  -7.747 0.6999999881
20824  12.603  -63.728  -8.354 0.6999999881
20825  11.777  -64.223  -8.206 0.6999999881
20826  9.154  -64.144  -8.091 0.8000000119
20828  7.501  -64.423  -7.998 0.6999999881
20843  5.984  -64.597  -9.815 0.6000000238
20861  16.336  -64.414  -11.179 0.5000000000
20862  15.546  -64.117  -11.458 0.5000000000
20863  6.224  -64.165  -11.002 0.6000000238
20872  14.429  -64.140  -12.598 0.5000000000
20874  9.812  -64.383  -12.603 0.5000000000
20877  7.230  -64.323  -11.573 0.6000000238
20888  14.711  -64.863  -12.896 0.5000000000
20890  13.395  -64.190  -13.836 0.5000000000
20891  10.286  -64.562  -13.228 0.5000000000
20903  17.146  -64.853  -14.867 0.5000000000
20904  16.374  -64.991  -15.027 0.5000000000
20905  13.738  -64.928  -14.019 0.5000000000
20907  12.572  -64.015  -15.007 0.5000000000
20908  9.883  -64.032  -14.076 0.6000000238
20926  15.332  -64.776  -15.708 0.6000000238
20946  13.861  -64.685  -16.416 0.6000000238
20947  12.823  -64.598  -16.472 0.6999999881
20950  8.817  -64.372  -16.824 0.6000000238
20968  15.800  -63.860  -17.039 0.6000000238
20971  12.799  -64.665  -18.043 0.6999999881
20974  8.828  -63.903  -17.389 0.6000000238
20994  12.324  -64.366  -18.943 0.6999999881
20995  11.542  -64.153  -19.005 0.6999999881
20996  8.959  -64.217  -18.860 0.6000000238
20997  8.979  -63.717  -18.081 0.6000000238
21014  13.809  -64.174  -19.712 0.5000000000
21018  9.597  -64.388  -19.639 0.6999999881
21024  16.397  -64.489  -20.397 0.6000000238
21029  11.439  -64.866  -20.543 0.6000000238
21885  10.519  -63.955  -4.468 0.6999999881
21887  8.879  -64.550  -4.589 0.8000000119
21894  14.572  -63.631  -6.239 0.5000000000
21903  3.999  -64.531  -5.430 0.6999999881
21912  14.000  -64.267  -6.499 0.6999999881
21914  4.501  -63.750  -6.160 0.6999999881
21921  14.448  -63.742  -7.068 0.5000000000
21932  12.126  -62.877  -8.872 0.6999999881
21935  8.298  -63.144  -8.992 0.8000000119
21954  7.292  -63.005  -9.191 0.6999999881
21955  6.776  -63.529  -9.010 0.6999999881
21975  16.182  -63.790  -11.007 0.5000000000
21977  6.229  -63.369  -11.054 0.6000000238
21985  14.508  -63.421  -12.726 0.5000000000
21986  8.748  -63.445  -12.605 0.5000000000
21988  7.186  -63.368  -11.628 0.6000000238
21989  6.585  -62.647  -11.111 0.6999999881
22000  9.105  -62.956  -13.367 0.6000000238
22001  8.473  -62.718  -12.788 0.6000000238
22010  12.920  -63.844  -14.384 0.5000000000
22011  9.436  -63.403  -14.466 0.6000000238
22023  12.379  -63.512  -15.648 0.5000000000
22024  9.242  -63.271  -15.097 0.6000000238
22025  9.312  -62.883  -15.330 0.5000000000
22038  17.443  -63.458  -16.866 0.5000000000
22039  11.334  -62.812  -17.274 0.6000000238
22040  9.219  -63.148  -16.436 0.5000000000
22052  16.634  -63.372  -17.450 0.5000000000
22057  9.057  -63.466  -17.382 0.6000000238
22067  10.607  -63.508  -18.989 0.6999999881
22068  9.812  -63.339  -19.021 0.6999999881
22069  9.348  -63.503  -18.698 0.6000000238
22075  16.146  -63.114  -19.103 0.6000000238
22077  10.034  -63.713  -19.627 0.6999999881
23021  15.125  -62.792  -5.771 0.4000000060
23023  11.529  -61.794  -5.869 0.5000000000
23024  10.827  -62.219  -5.827 0.6000000238
23025  8.286  -62.577  -5.781 0.6999999881
23028  2.302  -63.108  -5.185 0.4000000060
23035  15.389  -62.333  -6.583 0.4000000060
23038  5.420  -62.609  -6.827 0.6000000238
23061  14.481  -62.089  -7.849 0.6000000238
23062  13.822  -62.402  -8.191 0.6000000238
23066  9.342  -63.019  -9.108 0.8000000119
23084  11.686  -62.128  -9.222 0.6999999881
23087  8.819  -62.403  -9.584 0.8000000119
23088  6.946  -62.454  -9.815 0.6999999881
23089  6.201  -62.438  -9.980 0.6999999881
23090  5.977  -62.853  -9.993 0.6999999881
23105  6.180  -62.781  -10.639 0.6999999881
23116  16.443  -62.977  -11.358 0.5000000000
23134  14.101  -62.859  -13.579 0.5000000000
23137  8.291  -61.888  -12.913 0.6999999881
23161  9.461  -62.348  -15.460 0.5000000000
23168  11.578  -62.148  -16.968 0.5000000000
23169  9.691  -62.376  -16.869 0.6000000238
23178  9.652  -62.830  -17.540 0.5000000000
23185  9.649  -63.172  -18.244 0.5000000000
24184  10.175  -61.123  -6.648 0.6000000238
24185  9.362  -61.411  -6.536 0.6000000238
24187  7.447  -61.672  -6.821 0.6999999881
24189  5.441  -61.843  -7.234 0.6999999881
24190  3.639  -61.555  -6.193 0.5000000000
24203  15.503  -60.578  -6.787 0.4000000060
24204  15.505  -61.460  -6.938 0.5000000000
24206  6.225  -60.846  -7.601 0.6999999881
24208  4.586  -61.284  -7.392 0.6000000238
24224  13.019  -61.662  -8.582 0.6000000238
24236  11.350  -61.279  -9.540 0.6999999881
24237  10.505  -61.134  -9.907 0.6999999881
24241  6.799  -62.077  -10.306 0.6999999881
24252  7.138  -61.066  -10.733 0.8000000119
24253  7.056  -61.717  -10.833 0.8000000119
24263  6.961  -61.695  -11.372 0.8000000119
24264  6.855  -62.198  -10.897 0.6999999881
24278  6.758  -60.969  -12.039 0.6999999881
24292  7.343  -60.770  -12.546 0.6999999881
24306  9.110  -61.600  -14.512 0.5000000000
24307  8.497  -61.155  -13.773 0.5000000000
24320  9.486  -61.650  -15.285 0.5000000000
24328  10.524  -61.544  -16.732 0.5000000000
24330  9.649  -61.952  -16.070 0.5000000000
25266  3.792  -60.114  -5.275 0.5000000000
25281  12.017  -60.548  -5.927 0.3000000119
25282  11.126  -60.170  -6.234 0.3000000119
25284  3.674  -60.774  -5.747 0.5000000000
25305  9.714  -60.684  -7.071 0.6000000238
25307  7.996  -60.981  -7.128 0.6000000238
25309  3.937  -61.012  -6.769 0.5000000000
25327  8.540  -60.241  -7.446 0.6000000238
25331  4.845  -60.541  -8.030 0.6000000238
25342  14.310  -60.674  -7.994 0.4000000060
25343  13.323  -60.679  -8.330 0.4000000060
25344  12.498  -60.210  -8.545 0.5000000000
25345  5.771  -59.773  -8.233 0.6999999881
25366  8.130  -60.073  -10.092 0.8000000119
25367  7.249  -60.040  -10.659 0.6999999881
25380  6.779  -60.221  -11.629 0.8000000119
25395  6.722  -60.299  -11.965 0.6999999881
25408  7.534  -60.240  -12.789 0.6000000238
25430  9.322  -60.588  -14.639 0.5000000000
25432  8.207  -60.536  -13.167 0.6000000238
25443  9.691  -61.031  -15.687 0.5000000000
26452  11.778  -59.730  -2.074 0.3000000119
26474  4.176  -59.664  -3.862 0.5000000000
26491  4.567  -59.168  -4.120 0.4000000060
26536  9.881  -59.128  -7.041 0.3000000119
26537  9.127  -59.500  -7.396 0.6000000238
26538  4.743  -59.270  -7.112 0.8000000119
26550  7.289  -59.559  -7.973 0.6000000238
26551  6.481  -59.260  -8.143 0.6999999881
26552  5.170  -59.861  -8.140 0.6999999881
26569  11.923  -59.636  -8.687 0.6000000238
26583  10.261  -59.450  -9.459 0.8000000119
26585  8.440  -59.189  -9.941 0.6999999881
26599  6.992  -59.265  -11.015 0.8000000119
26611  7.032  -59.082  -12.088 0.6999999881
26651  7.274  -59.740  -12.646 0.6000000238
26670  8.797  -60.219  -13.651 0.5000000000
26671  8.285  -60.232  -13.243 0.6000000238
27785  10.361  -58.823  -3.278 0.3000000119
27787  4.587  -58.577  -3.913 0.5000000000
27804  4.386  -58.646  -4.815 0.5000000000
27820  9.840  -58.153  -5.523 0.4000000060
27835  10.259  -58.847  -6.108 0.3000000119
27854  14.376  -58.911  -7.331 0.4000000060
27855  13.526  -58.445  -7.683 0.4000000060
27857  8.517  -58.787  -7.386 0.5000000000
27859  6.359  -58.345  -7.721 0.5000000000
27860  5.418  -58.329  -7.415 0.6000000238
27861  4.993  -58.429  -7.245 0.8000000119
27876  12.997  -59.026  -7.820 0.5000000000
27877  11.320  -58.710  -8.607 0.6000000238
27896  10.429  -58.534  -9.016 0.6000000238
27898  8.668  -58.161  -9.725 0.6999999881
27916  6.939  -59.266  -11.525 0.6999999881
27940  7.133  -58.480  -11.820 0.6999999881
27964  7.558  -58.337  -12.358 0.6000000238
27965  7.321  -58.499  -12.193 0.6000000238
27980  8.830  -58.776  -12.848 0.5000000000
27981  8.001  -58.895  -12.708 0.5000000000
29020  3.520  -56.995  -3.029 0.6000000238
29037  4.258  -57.961  -3.698 0.5000000000
29065  9.103  -57.808  -5.935 0.4000000060
29067  4.305  -57.550  -5.628 0.6999999881
29082  8.896  -58.137  -6.868 0.4000000060
29084  6.786  -56.744  -6.855 0.4000000060
29094  13.069  -57.198  -7.588 0.4000000060
29095  12.254  -57.064  -7.906 0.5000000000
29097  6.107  -57.445  -7.338 0.5000000000
29098  5.680  -57.562  -7.272 0.6000000238
29128  10.145  -56.482  -8.991 0.5000000000
29129  8.343  -57.152  -10.244 0.6000000238
29151  7.821  -57.381  -10.931 0.6000000238
29177  7.361  -57.833  -11.983 0.6999999881
29189  9.451  -57.476  -11.908 0.5000000000
29191  7.772  -57.367  -12.105 0.6999999881
30155  5.741  -56.066  -7.301 0.6000000238
30156  5.267  -56.329  -7.144 0.6000000238
30164  12.937  -55.391  -7.425 0.4000000060
30167  6.143  -56.655  -7.194 0.4000000060
30210  8.919  -56.416  -10.122 0.5000000000
30222  8.867  -56.589  -10.816 0.5000000000
31100  2.809  -55.448  -1.291 0.6000000238
31111  3.008  -55.278  -2.807 0.6000000238
31149  4.022  -55.077  -5.155 0.6000000238
31162  5.407  -55.156  -6.446 0.5000000000
31174  6.648  -55.685  -6.546 0.4000000060
31175  5.942  -55.568  -7.054 0.4000000060
32069  6.158  -54.473  1.330 0.4000000060
32072  2.889  -55.545  2.053 0.5000000000
32086  5.417  -54.605  0.574 0.4000000060
32087  2.918  -55.082  0.615 0.6000000238
32098  5.745  -54.497  -0.452 0.4000000060
32111  3.450  -54.697  -1.619 0.5000000000
32112  2.921  -54.884  -1.077 0.6000000238
32122  3.872  -54.286  -2.981 0.5000000000
32124  3.108  -55.128  -1.924 0.5000000000
32139  4.385  -54.385  -3.747 0.6000000238
32160  3.761  -54.868  -4.313 0.6999999881
32173  6.870  -54.586  -5.508 0.3000000119
32174  5.873  -54.630  -5.655 0.6000000238
33107  2.968  -54.111  4.221 0.3000000119
33122  7.176  -53.186  2.361 0.3000000119
33124  3.652  -54.337  2.949 0.6000000238
33139  7.571  -53.597  1.599 0.3000000119
33141  5.882  -54.009  2.199 0.4000000060
33143  3.870  -54.685  1.897 0.6000000238
33156  7.655  -53.585  0.669 0.3000000119
33158  4.486  -54.483  0.715 0.4000000060
33159  3.796  -54.544  0.740 0.5000000000
33175  3.332  -54.759  0.196 0.6000000238
33182  6.073  -54.098  -1.433 0.5000000000
33184  4.452  -54.184  -1.642 0.4000000060
33185  3.883  -54.330  -1.351 0.5000000000
33196  8.115  -53.482  -2.602 0.3000000119
33197  6.600  -53.805  -2.627 0.4000000060
33198  5.219  -53.943  -2.631 0.5000000000
33200  4.009  -54.494  -2.106 0.5000000000
33215  8.367  -53.605  -3.405 0.3000000119
33218  5.370  -54.032  -3.436 0.5000000000
33233  7.837  -53.840  -4.087 0.3000000119
33234  6.920  -53.773  -4.265 0.4000000060
33235  5.945  -53.952  -4.273 0.5000000000
34093  2.902  -52.277  6.979 0.4000000060
34126  4.056  -53.337  4.176 0.5000000000
34127  3.394  -53.714  4.318 0.4000000060
34145  6.474  -52.686  3.049 0.3000000119
34148  3.648  -53.904  3.756 0.5000000000
34212  6.746  -53.829  -1.883 0.4000000060
34225  9.712  -53.619  -2.810 0.3000000119
35104  5.826  -51.600  7.860 0.3000000119
35105  4.823  -51.617  8.280 0.3000000119
35106  3.652  -52.179  8.145 0.4000000060
35116  6.135  -50.955  7.400 0.3000000119
35129  3.843  -51.132  6.793 0.4000000060
35130  3.436  -51.820  6.485 0.4000000060
35144  3.602  -52.322  5.673 0.4000000060
35156  4.264  -51.889  5.418 0.4000000060
35186  8.801  -51.526  2.428 0.3000000119
35190  4.785  -52.860  4.168 0.4000000060
36156  3.891  -52.265  8.515 0.3000000119
36168  5.131  -50.981  7.939 0.3000000119
36179  6.642  -50.320  6.850 0.3000000119
36180  5.992  -50.256  7.307 0.3000000119
36181  5.458  -50.449  7.555 0.4000000060
36182  5.250  -50.191  7.440 0.4000000060
36192  4.909  -49.979  7.126 0.4000000060
36232  5.993  -51.530  4.336 0.3000000119
37208  5.545  -49.920  7.156 0.4000000060
37220  5.404  -49.854  6.685 0.3000000119
37234  6.826  -49.625  4.836 0.3000000119
37235  6.239  -50.187  5.336 0.3000000119
38167  7.267  -49.011  5.304 0.3000000119
108983  5.909  -53.839  -2.234 0.5000000000
109736  9.262  -61.699  -10.046 0.8000000119
109771  13.342  -64.650  -17.252 0.6000000238
109945  9.845  -62.557  -5.463 0.6000000238
109954  11.785  -66.884  -12.957 0.5000000000
110377  9.834  -66.093  -6.059 0.8000000119
110405  11.581  -68.662  -19.409 0.5000000000
110531  13.737  -64.316  -18.138 0.6000000238
110670  14.755  -79.887  -13.968 0.5000000000
110733  19.718  -73.821  -9.193 0.8000000119
110736  4.720  -56.847  -6.630 0.6000000238
110888  6.949  -62.345  -6.570 0.6999999881
110928  12.157  -64.164  -16.230 0.6000000238
111154  24.852  -80.383  -12.143 0.4000000060
111615  6.807  -60.830  -11.345 0.8000000119
112056  5.213  -68.301  -10.270 0.5000000000
112092  8.274  -65.014  -11.961 0.6000000238
112377  17.330  -80.739  -16.912 0.4000000060
112515  5.059  -52.665  8.798 0.3000000119
112525  15.556  -68.354  -19.185 0.5000000000
113147  8.051  -52.925  0.317 0.3000000119
113392  21.853  -85.199  -5.871 0.3000000119
113663  11.478  -69.832  -20.059 0.5000000000
113708  14.298  -72.199  -15.854 0.6000000238
113786  13.080  -66.706  -21.629 0.6000000238
113970  4.638  -50.596  7.484 0.4000000060
113971  4.040  -54.425  -0.012 0.5000000000
114213  12.436  -91.512  2.916 0.4000000060
114315  6.705  -60.835  -11.670 0.6999999881
114569  16.005  -77.973  -12.056 0.4000000060
114699  13.701  -63.497  -7.876 0.6999999881
114777  5.398  -54.182  -5.004 0.5000000000
114786  14.345  -75.101  -6.633 0.6999999881
114843  10.755  -60.824  -6.490 0.3000000119
114941  9.580  -65.380  -15.782 0.6000000238
114967  17.831  -64.388  -15.318 0.5000000000
115060  13.722  -71.757  -22.046 0.6999999881
115084  15.820  -72.832  -6.645 0.6999999881
115217  4.884  -65.983  -6.124 0.5000000000
115314  8.052  -59.617  -12.989 0.6000000238
115787  10.081  -64.322  -7.951 0.8000000119
116051  14.428  -87.657  2.564 0.4000000060
116099  6.061  -65.343  -10.289 0.5000000000
116130  13.515  -83.409  -0.888 0.3000000119
116408  6.087  -66.276  -10.693 0.5000000000
116762  5.606  -53.037  3.386 0.4000000060
116806  15.785  -64.342  -16.306 0.6000000238
116846  5.048  -51.425  5.331 0.4000000060
116902  4.226  -50.819  6.508 0.4000000060
117108  8.931  -63.763  -4.977 0.8000000119
117598  6.995  -59.694  -12.290 0.6999999881
117790  11.321  -66.948  -21.077 0.5000000000
117870  14.038  -72.896  -21.500 0.6000000238
118238  4.475  -59.867  -6.881 0.6000000238
118530  5.253  -51.405  8.129 0.3000000119
118680  15.053  -60.620  -7.502 0.4000000060
118909  14.739  -78.015  -8.524 0.5000000000
119020  11.493  -70.820  -20.922 0.6000000238
119230  3.303  -60.612  -4.464 0.5000000000
119253  9.456  -54.073  -3.538 0.3000000119
119338  5.031  -59.197  -7.878 0.6999999881
119389  15.981  -75.535  -7.922 0.6000000238
119442  14.153  -77.909  -7.160 0.5000000000
119620  23.322  -73.977  -9.234 0.4000000060
119629  12.685  -75.609  -10.876 0.5000000000
119873  3.815  -55.839  -5.161 0.6999999881
120169  22.397  -82.169  -2.991 0.3000000119
120212  15.508  -67.963  -21.863 0.6999999881
120541  19.005  -84.930  -12.104 0.4000000060
121092  15.878  -67.468  -21.513 0.5000000000
121257  8.918  -64.067  -16.165 0.5000000000
121402  17.517  -81.960  -10.295 0.4000000060
121547  14.394  -64.884  -15.598 0.6000000238
121929  3.359  -54.832  -3.151 0.5000000000
122131  3.906  -62.290  -6.560 0.6000000238
122277  18.835  -83.242  -3.045 0.3000000119
122458  14.342  -71.279  -10.670 0.8000000119
122671  20.814  -71.863  -8.125 0.6000000238
122697  8.738  -60.937  -10.033 0.6999999881
123083  15.012  -72.496  -18.165 0.6000000238
123113  4.172  -59.536  -4.764 0.5000000000
123116  12.550  -77.919  -7.103 0.6000000238
123144  10.950  -64.467  -20.237 0.6000000238
123299  3.262  -54.675  2.974 0.6000000238
123347  11.538  -63.701  -17.171 0.5000000000
123627  14.219  -72.142  -10.231 0.6999999881
124568  14.856  -69.853  -11.572 0.8000000119
124803  22.386  -80.354  -3.070 0.3000000119
124950  17.561  -70.511  -9.342 0.5000000000
125080  4.026  -51.154  7.371 0.5000000000
125535  21.150  -79.829  -14.540 0.4000000060
125673  5.755  -65.686  -5.492 0.6000000238
125692  6.291  -67.634  -9.211 0.6000000238
125903  18.107  -82.797  -13.447 0.3000000119
125979  7.700  -63.798  -5.380 0.6999999881
126074  21.356  -84.079  -3.197 0.3000000119
126103  2.576  -52.482  7.754 0.4000000060
126145  12.337  -63.726  -4.827 0.6999999881
126253  5.945  -64.062  -6.114 0.8000000119
126269  14.161  -74.466  -20.601 0.5000000000
126308  15.305  -71.680  -20.325 0.6000000238
126380  5.374  -51.695  4.683 0.3000000119
126426  17.422  -76.971  -14.152 0.6999999881
126441  11.785  -67.249  -21.506 0.5000000000
126581  7.376  -53.622  -1.589 0.3000000119
126598  11.774  -68.948  -18.603 0.5000000000
126748  17.595  -65.857  -21.049 0.6000000238
126825  10.116  -53.010  -2.377 0.3000000119
126860  3.398  -64.605  -5.416 0.4000000060
127003  18.069  -81.998  -7.629 0.4000000060
127026  4.098  -59.675  -5.525 0.5000000000
127214  8.364  -64.209  -12.171 0.6000000238
127243  7.044  -53.858  0.219 0.3000000119
127725  21.726  -85.034  -7.267 0.3000000119
127897  9.477  -56.614  -9.499 0.5000000000
127962  6.660  -63.166  -11.341 0.6000000238
128366  6.387  -53.432  2.540 0.3000000119
128373  5.040  -52.060  8.503 0.3000000119
128404  13.837  -73.767  -6.936 0.8000000119
128630  10.343  -92.620  5.561 0.3000000119
128670  6.145  -62.303  -6.884 0.6999999881
128784  6.857  -59.735  -11.900 0.6999999881
128885  5.062  -69.268  -8.095 0.5000000000
129162  14.450  -72.121  -7.845 0.8999999762
129165  12.422  -59.703  -8.373 0.5000000000
129226  11.459  -76.688  -14.759 0.6000000238
129308  13.824  -57.907  -7.328 0.4000000060
129542  13.402  -74.278  -9.871 0.6000000238
129619  6.445  -67.641  -12.169 0.5000000000
129799  11.442  -68.094  -20.782 0.5000000000
129817  15.332  -89.011  0.292 0.4000000060
129913  18.346  -80.168  -12.486 0.4000000060
130041  9.857  -63.947  -13.367 0.6000000238
130055  9.249  -60.259  -7.290 0.6000000238
130066  5.582  -65.204  -5.421 0.6999999881
130107  16.958  -69.981  -11.836 0.6000000238
130112  17.402  -64.105  -19.938 0.5000000000
130122  12.563  -91.473  3.141 0.4000000060
130317  18.786  -79.455  -14.521 0.4000000060
130443  18.526  -77.025  -15.169 0.6999999881
130460  13.534  -73.475  -11.620 0.6000000238
130525  19.123  -83.811  -12.882 0.3000000119
130682  14.694  -71.960  -21.464 0.5000000000
130696  15.318  -71.587  -17.649 0.5000000000
130774  11.576  -66.912  -12.383 0.5000000000
130876  12.425  -64.103  -15.559 0.5000000000
131069  15.843  -69.146  -14.200 0.6999999881
131214  23.311  -81.824  -10.948 0.3000000119
131299  10.054  -61.692  -10.042 0.8000000119
131389  21.729  -83.509  -3.015 0.3000000119
131883  11.486  -68.914  -20.563 0.5000000000
131983  7.579  -59.136  -12.618 0.6000000238
132068  11.431  -71.262  -20.662 0.6000000238
