#!ascii label  , from subject sub-v1s6x0051369_ses-1 vox2ras=TkReg
1038
136759  -21.348  -31.040  83.782 0.0000000000
53452  -38.288  -26.837  75.362 0.0000000000
60097  -36.359  -20.802  73.258 0.0000000000
58918  -31.668  -21.458  77.028 0.0000000000
69156  -41.180  -11.883  57.082 0.0000000000
64393  -37.855  -17.214  64.021 0.0000000000
55566  -39.483  -25.172  80.618 0.0000000000
56733  -35.647  -23.761  75.673 0.0000000000
151696  -46.812  -9.919  58.427 0.0000000000
77916  -50.346  -4.604  55.772 0.0000000000
80127  -53.057  -2.072  52.728 0.0000000000
64318  -38.795  -16.709  72.461 0.0000000000
62274  -35.872  -18.403  68.183 0.0000000000
146815  -41.287  -17.335  67.860 0.0000000000
69091  -42.754  -12.458  65.406 0.0000000000
55629  -26.807  -24.926  75.763 0.0000000000
129825  -21.560  -32.567  87.473 0.0000000000
56734  -38.212  -23.659  75.150 0.0000000000
63222  -37.746  -17.985  76.140 0.0000000000
56772  -29.377  -23.439  72.505 0.0000000000
56809  -32.374  -23.169  70.293 0.0000000000
142082  -48.603  -4.995  47.459 0.0000000000
131776  -56.486  1.149  50.977 0.0000000000
69113  -38.689  -12.688  60.837 0.0000000000
145808  -44.713  -10.415  62.187 0.0000000000
50012  -21.151  -29.688  80.351 0.0000000000
41813  -19.961  -36.884  89.149 0.0000000000
74577  -48.253  -6.827  57.964 0.0000000000
64344  -40.165  -16.587  70.209 0.0000000000
54533  -25.713  -25.922  74.755 0.0000000000
143948  -21.628  -32.222  85.697 0.0000000000
135601  -40.380  -24.810  75.275 0.0000000000
139917  -38.824  -25.232  76.587 0.0000000000
58939  -30.581  -21.978  74.687 0.0000000000
151988  -30.384  -22.850  71.003 0.0000000000
58973  -32.279  -21.651  73.784 0.0000000000
54524  -36.244  -26.343  75.058 0.0000000000
54554  -34.735  -26.162  72.267 0.0000000000
53460  -36.814  -26.667  73.275 0.0000000000
139918  -30.603  -22.244  77.945 0.0000000000
138097  -29.316  -22.681  75.850 0.0000000000
75757  -43.162  -6.565  52.144 0.0000000000
77976  -46.772  -4.488  47.844 0.0000000000
82044  -55.277  -0.301  52.258 0.0000000000
62291  -36.641  -18.076  66.141 0.0000000000
65637  -37.859  -15.134  62.935 0.0000000000
151655  -43.913  -10.549  63.937 0.0000000000
53422  -22.146  -26.555  76.216 0.0000000000
135055  -20.978  -26.761  77.707 0.0000000000
52274  -20.825  -27.793  79.618 0.0000000000
51161  -21.869  -29.034  78.127 0.0000000000
42865  -21.453  -36.577  86.924 0.0000000000
53412  -38.745  -26.237  78.155 0.0000000000
55613  -39.039  -25.692  78.127 0.0000000000
56686  -40.426  -24.094  80.123 0.0000000000
136327  -33.308  -20.856  78.868 0.0000000000
58943  -34.096  -21.701  75.870 0.0000000000
58922  -35.317  -21.609  77.838 0.0000000000
55596  -37.043  -24.471  78.274 0.0000000000
70220  -44.110  -11.464  57.210 0.0000000000
134173  -44.244  -9.119  56.216 0.0000000000
75749  -45.372  -6.399  54.515 0.0000000000
77938  -47.590  -4.407  52.662 0.0000000000
149912  -48.775  -2.911  51.163 0.0000000000
79059  -51.650  -3.445  54.345 0.0000000000
63266  -36.602  -18.057  73.041 0.0000000000
142539  -35.776  -18.844  70.960 0.0000000000
63305  -37.329  -17.092  70.352 0.0000000000
63329  -37.775  -17.211  68.191 0.0000000000
63364  -39.515  -17.576  65.776 0.0000000000
66869  -39.879  -15.047  65.212 0.0000000000
66865  -41.578  -14.724  66.457 0.0000000000
54499  -25.120  -25.171  77.027 0.0000000000
53434  -24.212  -26.389  74.893 0.0000000000
80176  -55.427  -2.066  46.676 0.0000000000
45779  -20.736  -33.284  88.408 0.0000000000
57870  -38.929  -23.534  74.557 0.0000000000
58955  -36.703  -21.719  74.169 0.0000000000
148807  -37.814  -22.632  77.316 0.0000000000
60075  -36.804  -20.909  75.671 0.0000000000
61161  -36.656  -19.675  74.756 0.0000000000
63268  -38.106  -16.990  73.932 0.0000000000
57901  -34.285  -22.899  72.864 0.0000000000
55611  -27.729  -24.035  77.109 0.0000000000
56742  -28.006  -23.467  74.318 0.0000000000
81111  -50.542  -1.581  49.936 0.0000000000
82077  -51.853  -0.767  47.950 0.0000000000
81147  -53.225  -1.639  46.755 0.0000000000
84994  -56.875  2.194  49.057 0.0000000000
147921  -22.276  -32.745  82.121 0.0000000000
45821  -21.717  -33.289  84.047 0.0000000000
141331  -39.545  -12.203  58.743 0.0000000000
67990  -40.082  -12.809  63.717 0.0000000000
70177  -41.699  -11.380  61.630 0.0000000000
148995  -42.626  -10.842  59.484 0.0000000000
71291  -46.012  -10.681  59.508 0.0000000000
48946  -21.137  -30.281  82.119 0.0000000000
44847  -21.716  -33.695  86.111 0.0000000000
43877  -21.426  -34.713  87.844 0.0000000000
43862  -19.814  -35.372  88.838 0.0000000000
47778  -21.533  -31.888  84.436 0.0000000000
54537  -39.076  -26.394  74.991 0.0000000000
54538  -39.846  -25.752  75.487 0.0000000000
54527  -39.417  -26.179  76.213 0.0000000000
58940  -31.472  -21.698  75.150 0.0000000000
58951  -31.424  -21.706  74.234 0.0000000000
58952  -32.195  -21.579  74.674 0.0000000000
53437  -36.863  -27.053  75.348 0.0000000000
53458  -35.948  -27.047  73.949 0.0000000000
53461  -37.402  -26.952  74.051 0.0000000000
54548  -37.699  -26.287  73.564 0.0000000000
130737  -31.935  -21.353  77.937 0.0000000000
57820  -31.308  -21.816  78.453 0.0000000000
145971  -30.970  -21.882  77.243 0.0000000000
146513  -30.372  -22.143  76.220 0.0000000000
77963  -45.583  -4.638  48.758 0.0000000000
58994  -36.532  -21.034  72.828 0.0000000000
141008  -36.582  -20.621  72.402 0.0000000000
62298  -37.064  -17.999  65.164 0.0000000000
62305  -36.858  -18.207  64.374 0.0000000000
65623  -37.656  -15.970  63.163 0.0000000000
52310  -22.434  -27.345  75.794 0.0000000000
52302  -21.534  -26.670  76.992 0.0000000000
52292  -21.842  -27.961  77.080 0.0000000000
51171  -21.518  -28.172  77.859 0.0000000000
51172  -22.174  -28.696  77.342 0.0000000000
54483  -39.220  -26.188  79.344 0.0000000000
147107  -39.717  -25.719  79.415 0.0000000000
55567  -40.050  -25.258  80.647 0.0000000000
58895  -34.113  -20.867  79.862 0.0000000000
58908  -34.764  -21.169  78.430 0.0000000000
58896  -34.953  -21.202  79.379 0.0000000000
56667  -38.145  -23.675  80.487 0.0000000000
56682  -36.855  -23.584  78.884 0.0000000000
55579  -38.106  -24.998  79.582 0.0000000000
55612  -37.618  -25.661  78.039 0.0000000000
71317  -45.656  -10.929  57.480 0.0000000000
71324  -44.776  -11.022  56.791 0.0000000000
72398  -46.041  -9.470  57.189 0.0000000000
76791  -48.664  -5.685  56.450 0.0000000000
75736  -46.802  -6.736  56.281 0.0000000000
76804  -47.780  -5.630  55.498 0.0000000000
76815  -46.290  -5.165  53.621 0.0000000000
128744  -48.966  -4.645  54.167 0.0000000000
77933  -49.587  -4.344  53.690 0.0000000000
77926  -50.464  -4.271  54.966 0.0000000000
64317  -37.873  -17.108  71.955 0.0000000000
142067  -36.997  -17.559  71.883 0.0000000000
64329  -38.040  -16.979  71.004 0.0000000000
64368  -40.473  -16.887  68.581 0.0000000000
64367  -39.383  -16.918  68.613 0.0000000000
63331  -40.046  -17.083  67.682 0.0000000000
63344  -39.394  -17.504  66.973 0.0000000000
63356  -40.433  -17.317  66.711 0.0000000000
64387  -40.375  -16.648  65.930 0.0000000000
64381  -41.288  -16.496  66.960 0.0000000000
55619  -26.651  -24.854  76.705 0.0000000000
55608  -25.665  -24.668  77.581 0.0000000000
54511  -26.114  -25.306  76.114 0.0000000000
53435  -25.066  -26.184  74.826 0.0000000000
83029  -56.612  0.384  46.400 0.0000000000
82088  -57.769  -0.437  46.206 0.0000000000
45786  -21.447  -33.038  88.115 0.0000000000
141311  -39.010  -24.419  75.259 0.0000000000
56745  -40.137  -24.403  75.154 0.0000000000
57869  -37.780  -23.089  74.305 0.0000000000
58956  -37.166  -22.253  74.651 0.0000000000
57823  -38.670  -22.940  78.955 0.0000000000
56708  -38.261  -23.843  77.307 0.0000000000
58924  -38.260  -22.209  78.127 0.0000000000
61145  -37.736  -19.050  77.188 0.0000000000
60053  -37.515  -19.911  77.240 0.0000000000
61154  -37.234  -19.383  76.026 0.0000000000
61162  -36.857  -20.003  75.532 0.0000000000
132429  -37.322  -18.605  75.689 0.0000000000
63252  -37.429  -17.695  74.364 0.0000000000
63236  -37.469  -17.774  75.298 0.0000000000
57920  -31.405  -22.584  70.555 0.0000000000
56732  -35.201  -23.023  75.086 0.0000000000
57867  -34.532  -22.298  74.582 0.0000000000
56743  -34.986  -23.320  74.202 0.0000000000
146698  -34.255  -25.551  71.566 0.0000000000
56704  -28.238  -23.726  77.612 0.0000000000
57864  -29.095  -22.642  74.050 0.0000000000
57851  -28.435  -23.001  74.718 0.0000000000
57863  -28.457  -23.194  73.961 0.0000000000
55652  -28.053  -24.564  73.086 0.0000000000
80125  -51.509  -2.539  52.311 0.0000000000
134522  -49.331  -2.380  50.784 0.0000000000
80131  -52.018  -2.240  51.608 0.0000000000
147076  -55.431  0.375  51.131 0.0000000000
82064  -53.494  -0.476  49.849 0.0000000000
82065  -54.159  -0.021  49.639 0.0000000000
81138  -52.551  -1.253  47.174 0.0000000000
83013  -54.458  0.466  48.286 0.0000000000
83027  -54.667  0.316  46.926 0.0000000000
84974  -56.927  1.994  49.982 0.0000000000
62263  -35.829  -18.665  69.458 0.0000000000
61200  -35.928  -19.458  70.375 0.0000000000
69132  -38.560  -12.565  58.876 0.0000000000
69123  -39.273  -12.295  60.398 0.0000000000
67978  -40.800  -13.714  65.172 0.0000000000
67983  -39.610  -13.602  64.024 0.0000000000
69097  -41.706  -12.360  64.345 0.0000000000
131504  -44.064  -10.797  62.642 0.0000000000
70173  -43.044  -10.955  62.870 0.0000000000
71254  -43.294  -10.581  62.087 0.0000000000
70186  -42.290  -11.213  60.265 0.0000000000
71272  -43.707  -10.524  60.463 0.0000000000
133411  -44.591  -10.552  59.762 0.0000000000
71274  -45.440  -10.327  60.753 0.0000000000
51140  -21.022  -28.648  80.074 0.0000000000
51128  -20.903  -28.969  80.992 0.0000000000
50005  -20.902  -29.489  81.815 0.0000000000
144633  -21.078  -29.920  81.181 0.0000000000
47817  -21.673  -31.235  80.734 0.0000000000
48973  -21.726  -31.007  79.813 0.0000000000
154398  -22.052  -34.694  84.079 0.0000000000
45807  -21.574  -33.443  85.055 0.0000000000
152576  -21.644  -34.258  84.947 0.0000000000
42859  -20.732  -36.352  87.906 0.0000000000
137599  -21.437  -35.588  87.091 0.0000000000
141776  -20.733  -35.525  88.487 0.0000000000
43864  -20.874  -34.848  88.629 0.0000000000
42852  -20.034  -36.122  89.102 0.0000000000
58884  -36.173  -21.092  80.671 0.0000000000
73471  -48.914  -8.641  58.904 0.0000000000
74560  -47.467  -8.000  58.264 0.0000000000
154622  -49.838  -7.323  58.768 0.0000000000
133615  -39.650  -16.622  71.064 0.0000000000
55639  -26.700  -25.042  74.691 0.0000000000
54523  -26.147  -25.409  75.167 0.0000000000
48920  -21.609  -30.889  86.222 0.0000000000
46752  -21.639  -32.133  86.761 0.0000000000
54539  -40.455  -25.062  74.977 0.0000000000
55643  -39.965  -25.468  75.918 0.0000000000
56735  -38.502  -24.446  75.857 0.0000000000
64283  -38.672  -16.750  76.191 0.0000000000
57881  -29.561  -22.546  73.005 0.0000000000
56773  -29.942  -22.931  72.329 0.0000000000
131330  -30.274  -22.148  73.126 0.0000000000
128333  -31.664  -21.945  72.016 0.0000000000
57914  -32.355  -22.258  71.446 0.0000000000
129319  -35.953  -25.392  74.929 0.0000000000
55642  -35.487  -25.225  74.289 0.0000000000
147712  -35.475  -26.585  73.509 0.0000000000
53464  -35.419  -26.606  72.654 0.0000000000
54563  -36.854  -25.908  72.398 0.0000000000
57818  -29.891  -22.783  78.552 0.0000000000
56705  -28.998  -23.223  77.451 0.0000000000
136246  -29.593  -22.747  77.013 0.0000000000
57853  -29.956  -22.268  75.508 0.0000000000
74606  -42.518  -7.726  52.662 0.0000000000
77978  -48.106  -4.470  47.419 0.0000000000
82034  -54.955  -0.751  53.700 0.0000000000
82043  -54.220  -1.146  52.524 0.0000000000
63352  -36.531  -18.168  67.106 0.0000000000
133649  -37.130  -15.354  61.644 0.0000000000
66886  -38.098  -13.858  62.025 0.0000000000
70160  -43.972  -11.673  65.644 0.0000000000
69099  -43.358  -11.798  64.962 0.0000000000
71208  -44.952  -10.748  65.026 0.0000000000
54507  -22.382  -25.753  76.558 0.0000000000
54495  -21.765  -25.558  77.235 0.0000000000
53395  -20.549  -26.085  79.142 0.0000000000
52283  -20.686  -27.002  78.671 0.0000000000
51151  -21.026  -28.649  79.194 0.0000000000
50035  -21.432  -29.247  78.794 0.0000000000
50024  -21.558  -29.853  79.081 0.0000000000
50036  -22.039  -29.761  78.497 0.0000000000
139180  -37.975  -27.265  76.498 0.0000000000
54513  -38.904  -26.095  77.178 0.0000000000
54502  -39.173  -26.068  77.828 0.0000000000
55598  -39.535  -25.372  78.834 0.0000000000
58919  -32.569  -21.202  77.328 0.0000000000
154360  -32.896  -21.424  75.705 0.0000000000
58920  -33.458  -21.145  77.509 0.0000000000
57832  -34.918  -21.863  77.089 0.0000000000
57846  -35.354  -22.667  76.771 0.0000000000
58910  -36.266  -22.000  78.994 0.0000000000
57834  -36.273  -23.368  78.150 0.0000000000
56720  -36.322  -24.283  76.977 0.0000000000
55622  -36.674  -25.378  76.696 0.0000000000
54512  -37.058  -26.484  76.386 0.0000000000
58894  -32.707  -20.925  79.195 0.0000000000
70219  -42.781  -11.374  57.373 0.0000000000
69178  -42.510  -12.116  55.907 0.0000000000
70241  -43.491  -11.575  56.149 0.0000000000
72410  -43.529  -9.866  55.636 0.0000000000
73494  -43.549  -8.799  55.320 0.0000000000
74586  -46.347  -7.389  56.888 0.0000000000
74593  -45.158  -7.548  55.809 0.0000000000
74598  -44.170  -7.338  54.540 0.0000000000
75752  -44.243  -6.330  53.436 0.0000000000
76821  -45.282  -5.249  52.550 0.0000000000
131489  -45.874  -4.406  51.065 0.0000000000
77949  -45.971  -4.219  50.157 0.0000000000
79073  -47.996  -4.003  51.975 0.0000000000
147200  -50.588  -3.441  52.853 0.0000000000
131277  -52.473  -2.544  53.362 0.0000000000
79047  -52.911  -3.571  55.283 0.0000000000
151223  -54.326  -1.820  54.882 0.0000000000
62227  -36.201  -18.973  73.119 0.0000000000
61183  -35.690  -19.970  72.172 0.0000000000
62245  -35.825  -18.547  71.591 0.0000000000
62254  -35.985  -18.228  70.756 0.0000000000
143576  -36.593  -17.542  69.285 0.0000000000
64342  -38.229  -16.762  70.181 0.0000000000
63317  -37.546  -17.056  69.310 0.0000000000
63328  -36.826  -17.480  68.513 0.0000000000
63353  -37.442  -17.761  66.659 0.0000000000
63362  -37.639  -17.682  65.866 0.0000000000
64385  -39.112  -17.108  65.203 0.0000000000
64394  -38.917  -16.479  64.568 0.0000000000
65613  -39.886  -16.116  65.418 0.0000000000
66870  -40.556  -14.614  65.504 0.0000000000
66872  -41.957  -13.953  66.055 0.0000000000
67969  -42.804  -13.890  67.182 0.0000000000
69086  -43.655  -12.585  66.422 0.0000000000
54498  -24.324  -25.038  77.215 0.0000000000
54522  -25.500  -25.679  75.473 0.0000000000
54521  -24.662  -25.874  75.549 0.0000000000
54508  -23.214  -25.708  76.164 0.0000000000
53423  -22.864  -26.218  75.784 0.0000000000
57868  -37.223  -22.403  73.732 0.0000000000
60085  -36.458  -21.107  73.884 0.0000000000
55623  -38.906  -25.852  77.332 0.0000000000
148304  -38.305  -24.182  76.545 0.0000000000
56721  -37.834  -23.502  75.943 0.0000000000
144879  -37.334  -21.733  77.033 0.0000000000
58945  -37.049  -21.848  75.590 0.0000000000
58944  -36.877  -21.483  74.976 0.0000000000
60074  -36.632  -20.744  74.721 0.0000000000
61169  -36.385  -20.320  73.945 0.0000000000
62228  -36.904  -18.369  73.804 0.0000000000
63267  -37.407  -17.580  73.497 0.0000000000
64312  -38.797  -16.597  73.398 0.0000000000
64295  -38.527  -16.591  75.286 0.0000000000
131379  -38.952  -16.300  74.028 0.0000000000
58953  -33.694  -21.637  74.586 0.0000000000
57884  -33.884  -22.104  73.285 0.0000000000
56792  -33.680  -23.468  71.246 0.0000000000
55658  -34.523  -25.142  72.337 0.0000000000
146697  -33.799  -24.712  71.005 0.0000000000
151667  -27.273  -24.248  77.867 0.0000000000
55620  -27.276  -24.443  76.530 0.0000000000
56717  -28.402  -23.482  76.795 0.0000000000
56716  -27.785  -23.775  76.202 0.0000000000
55630  -27.173  -24.376  74.958 0.0000000000
55651  -27.411  -24.458  73.688 0.0000000000
79094  -47.181  -3.194  49.349 0.0000000000
79104  -48.057  -3.214  48.002 0.0000000000
80162  -48.801  -2.968  47.726 0.0000000000
81113  -52.129  -1.424  50.354 0.0000000000
147134  -50.955  -1.253  48.788 0.0000000000
80163  -49.665  -2.862  47.480 0.0000000000
142026  -51.159  -2.931  46.809 0.0000000000
79120  -51.891  -3.440  46.884 0.0000000000
79130  -53.547  -3.454  46.829 0.0000000000
81148  -54.426  -1.854  46.599 0.0000000000
83028  -55.961  0.574  46.787 0.0000000000
47788  -21.639  -31.843  82.371 0.0000000000
46789  -21.607  -32.356  83.183 0.0000000000
46776  -21.958  -33.127  83.114 0.0000000000
61191  -35.870  -19.527  71.268 0.0000000000
69145  -40.156  -12.127  57.786 0.0000000000
66878  -38.515  -14.856  63.472 0.0000000000
67989  -39.056  -13.582  63.280 0.0000000000
69108  -39.613  -12.389  62.055 0.0000000000
69105  -42.247  -11.776  63.911 0.0000000000
69110  -41.072  -11.512  62.840 0.0000000000
69115  -40.188  -11.848  61.464 0.0000000000
70184  -40.340  -11.542  60.563 0.0000000000
136755  -41.113  -11.358  59.186 0.0000000000
70205  -42.266  -11.418  58.055 0.0000000000
71304  -44.110  -11.115  58.515 0.0000000000
71305  -44.925  -11.167  58.310 0.0000000000
153347  -47.092  -10.637  59.150 0.0000000000
48937  -20.990  -30.372  83.241 0.0000000000
51109  -20.735  -29.514  82.754 0.0000000000
132377  -21.212  -31.075  82.750 0.0000000000
47800  -21.518  -31.171  81.754 0.0000000000
47801  -22.130  -32.025  81.233 0.0000000000
46763  -21.558  -32.700  84.911 0.0000000000
45797  -21.689  -32.805  86.266 0.0000000000
127789  -21.533  -33.233  87.248 0.0000000000
43886  -21.571  -35.130  86.552 0.0000000000
127572  -21.477  -34.125  86.978 0.0000000000
44836  -21.485  -33.721  88.050 0.0000000000
44830  -21.144  -34.301  88.489 0.0000000000
44824  -20.434  -34.770  88.603 0.0000000000
41809  -18.925  -37.745  89.780 0.0000000000
42845  -18.615  -37.148  89.499 0.0000000000
53440  -39.156  -26.452  75.720 0.0000000000
53439  -38.632  -26.949  76.258 0.0000000000
58929  -31.588  -21.516  76.054 0.0000000000
58941  -32.247  -21.474  75.503 0.0000000000
53438  -37.525  -27.104  75.621 0.0000000000
53450  -36.706  -27.116  74.712 0.0000000000
53451  -37.314  -27.080  74.737 0.0000000000
154869  -38.025  -26.651  74.697 0.0000000000
57831  -31.307  -21.722  77.715 0.0000000000
57844  -30.954  -21.807  76.538 0.0000000000
76838  -44.971  -5.195  49.074 0.0000000000
60117  -36.126  -20.486  72.586 0.0000000000
63373  -37.655  -17.615  64.566 0.0000000000
131935  -37.066  -17.621  63.758 0.0000000000
64404  -37.462  -16.830  63.390 0.0000000000
51182  -22.393  -28.234  76.382 0.0000000000
52303  -21.851  -27.347  76.549 0.0000000000
55580  -38.924  -25.652  80.025 0.0000000000
54476  -39.709  -25.808  80.039 0.0000000000
128733  -34.123  -20.832  80.547 0.0000000000
58882  -34.797  -20.896  80.252 0.0000000000
55565  -38.531  -24.708  80.372 0.0000000000
56683  -37.601  -23.790  79.697 0.0000000000
54482  -38.497  -25.778  79.346 0.0000000000
72388  -46.465  -10.350  58.295 0.0000000000
71318  -46.095  -10.376  57.505 0.0000000000
72399  -46.503  -9.671  57.932 0.0000000000
127458  -49.709  -4.995  56.515 0.0000000000
154414  -48.350  -5.573  55.790 0.0000000000
140275  -49.019  -5.271  55.679 0.0000000000
77924  -48.312  -4.961  54.593 0.0000000000
146241  -49.027  -4.880  54.935 0.0000000000
77925  -49.711  -4.549  54.501 0.0000000000
137142  -51.062  -4.298  55.668 0.0000000000
64330  -38.773  -16.678  71.549 0.0000000000
63345  -40.655  -17.321  67.249 0.0000000000
129056  -40.111  -17.422  66.933 0.0000000000
64380  -40.679  -16.906  66.586 0.0000000000
64376  -41.153  -17.145  67.313 0.0000000000
83996  -57.565  1.558  46.199 0.0000000000
82087  -57.073  -0.301  46.254 0.0000000000
46743  -21.275  -32.526  88.136 0.0000000000
57856  -37.545  -22.776  75.311 0.0000000000
58911  -38.479  -21.800  78.951 0.0000000000
62202  -37.549  -18.771  76.462 0.0000000000
153451  -37.387  -19.460  76.701 0.0000000000
56771  -28.617  -23.978  72.765 0.0000000000
56744  -35.514  -24.203  74.768 0.0000000000
56756  -28.769  -23.168  73.236 0.0000000000
76861  -49.322  -5.183  47.529 0.0000000000
80126  -52.292  -2.327  52.459 0.0000000000
127669  -51.064  -2.422  51.511 0.0000000000
81105  -52.746  -1.808  51.927 0.0000000000
82999  -55.974  0.830  50.740 0.0000000000
83006  -54.688  0.339  49.985 0.0000000000
82998  -55.328  0.622  50.392 0.0000000000
137007  -54.574  0.383  49.153 0.0000000000
83007  -55.310  0.820  49.482 0.0000000000
83014  -55.018  0.704  48.688 0.0000000000
83958  -56.399  1.391  50.360 0.0000000000
61209  -36.032  -19.162  69.116 0.0000000000
62273  -35.973  -18.697  68.785 0.0000000000
68006  -37.674  -13.671  60.710 0.0000000000
68017  -37.508  -13.764  59.950 0.0000000000
68007  -38.120  -13.228  60.368 0.0000000000
69122  -38.707  -12.768  59.917 0.0000000000
67979  -41.563  -13.424  65.470 0.0000000000
67985  -41.155  -12.927  64.836 0.0000000000
69090  -41.930  -12.655  65.159 0.0000000000
129027  -44.841  -10.383  62.842 0.0000000000
71255  -44.006  -10.222  61.579 0.0000000000
142601  -43.091  -10.560  61.368 0.0000000000
71273  -44.683  -10.391  60.697 0.0000000000
71256  -45.073  -10.405  61.492 0.0000000000
152236  -21.083  -29.152  80.267 0.0000000000
48972  -21.366  -30.480  80.472 0.0000000000
48985  -21.435  -30.224  79.674 0.0000000000
44857  -21.893  -35.160  84.656 0.0000000000
143993  -20.356  -37.127  88.374 0.0000000000
42858  -20.372  -36.103  88.779 0.0000000000
64331  -40.301  -16.619  71.583 0.0000000000
47765  -21.603  -31.636  85.852 0.0000000000
54550  -39.561  -25.594  74.435 0.0000000000
55633  -39.707  -25.171  75.841 0.0000000000
131356  -29.996  -22.269  73.867 0.0000000000
58971  -30.753  -21.942  73.678 0.0000000000
58972  -31.438  -21.785  73.458 0.0000000000
58993  -31.967  -21.889  72.879 0.0000000000
57899  -32.682  -21.940  72.177 0.0000000000
54536  -35.738  -26.374  74.304 0.0000000000
53459  -35.952  -26.903  73.295 0.0000000000
140173  -35.444  -26.714  73.151 0.0000000000
53465  -36.153  -26.513  72.531 0.0000000000
53474  -35.431  -26.347  71.829 0.0000000000
54555  -37.541  -25.932  72.934 0.0000000000
57819  -30.649  -22.393  78.903 0.0000000000
57830  -29.747  -22.726  77.713 0.0000000000
130190  -30.291  -22.286  77.003 0.0000000000
58928  -30.813  -21.853  75.697 0.0000000000
57865  -29.726  -22.291  74.645 0.0000000000
74607  -42.949  -7.088  52.649 0.0000000000
128835  -36.125  -18.875  66.706 0.0000000000
65636  -37.381  -15.603  62.360 0.0000000000
66885  -37.609  -14.714  62.035 0.0000000000
70162  -45.121  -11.046  65.864 0.0000000000
70161  -44.566  -11.261  65.530 0.0000000000
71232  -45.437  -10.122  63.450 0.0000000000
53421  -21.749  -26.098  76.839 0.0000000000
53411  -21.282  -26.083  77.441 0.0000000000
51160  -21.366  -28.625  78.527 0.0000000000
143339  -21.049  -27.979  78.676 0.0000000000
131514  -38.445  -26.652  77.484 0.0000000000
53413  -38.715  -26.237  77.775 0.0000000000
53414  -39.146  -26.276  78.493 0.0000000000
56685  -40.091  -24.961  79.648 0.0000000000
58906  -32.813  -21.083  78.281 0.0000000000
58907  -33.808  -21.014  78.285 0.0000000000
58921  -34.427  -21.286  77.612 0.0000000000
57833  -35.540  -22.419  77.497 0.0000000000
58898  -36.577  -21.688  79.850 0.0000000000
56707  -36.454  -24.089  77.650 0.0000000000
56706  -35.909  -23.336  77.345 0.0000000000
132985  -36.883  -25.014  77.484 0.0000000000
54501  -37.975  -26.406  77.738 0.0000000000
54500  -37.363  -26.100  77.216 0.0000000000
53425  -37.826  -27.028  77.000 0.0000000000
142053  -33.364  -20.789  79.531 0.0000000000
134847  -43.391  -11.403  56.888 0.0000000000
70231  -43.771  -11.382  56.573 0.0000000000
72405  -44.817  -10.133  56.610 0.0000000000
134068  -44.145  -10.469  56.292 0.0000000000
152408  -47.877  -7.405  58.177 0.0000000000
73481  -46.837  -7.806  57.620 0.0000000000
74587  -47.166  -7.037  56.991 0.0000000000
75745  -46.521  -6.425  55.526 0.0000000000
74594  -46.058  -7.146  56.025 0.0000000000
75744  -45.683  -6.744  55.281 0.0000000000
74592  -44.413  -7.680  55.310 0.0000000000
75748  -44.572  -6.657  54.201 0.0000000000
74603  -43.824  -6.982  53.800 0.0000000000
75753  -45.029  -6.024  53.798 0.0000000000
128002  -46.845  -4.729  53.162 0.0000000000
76814  -45.524  -5.433  53.351 0.0000000000
77931  -46.008  -4.818  52.902 0.0000000000
77943  -45.797  -4.755  51.943 0.0000000000
77937  -46.690  -4.597  52.327 0.0000000000
77945  -47.243  -4.319  51.733 0.0000000000
77934  -50.348  -4.218  54.004 0.0000000000
79068  -50.132  -3.906  53.224 0.0000000000
79069  -50.940  -3.628  53.594 0.0000000000
79077  -51.203  -3.019  52.940 0.0000000000
79071  -52.207  -2.917  54.054 0.0000000000
80111  -53.947  -2.060  54.694 0.0000000000
154948  -36.162  -18.520  72.700 0.0000000000
62238  -35.704  -19.057  72.311 0.0000000000
63279  -36.288  -18.066  72.256 0.0000000000
63294  -37.188  -17.311  71.189 0.0000000000
63293  -36.418  -17.819  71.382 0.0000000000
149308  -36.529  -17.563  70.558 0.0000000000
63315  -35.929  -17.960  69.842 0.0000000000
63316  -36.691  -17.359  69.871 0.0000000000
133876  -39.214  -16.687  70.191 0.0000000000
64343  -38.747  -16.658  70.797 0.0000000000
64366  -38.428  -16.967  68.687 0.0000000000
63342  -37.051  -17.572  67.590 0.0000000000
63343  -38.257  -17.563  67.207 0.0000000000
63355  -39.839  -17.583  66.321 0.0000000000
63354  -38.815  -17.778  66.225 0.0000000000
63363  -38.387  -17.496  65.380 0.0000000000
64386  -39.854  -17.076  65.566 0.0000000000
65608  -40.826  -16.063  66.404 0.0000000000
65614  -40.447  -15.616  65.765 0.0000000000
65615  -40.985  -15.122  66.144 0.0000000000
66871  -41.249  -14.262  65.794 0.0000000000
67970  -43.480  -13.515  67.419 0.0000000000
69078  -44.048  -13.011  66.900 0.0000000000
67976  -43.255  -13.214  66.762 0.0000000000
146670  -44.269  -12.281  66.643 0.0000000000
54509  -24.211  -25.502  76.367 0.0000000000
54520  -23.721  -26.032  75.577 0.0000000000
53433  -23.441  -26.687  75.107 0.0000000000
56746  -41.064  -23.953  75.155 0.0000000000
57887  -39.151  -22.721  73.974 0.0000000000
58975  -36.737  -21.611  73.332 0.0000000000
56722  -38.755  -24.947  77.312 0.0000000000
151828  -37.805  -23.336  76.640 0.0000000000
60067  -37.076  -20.242  76.447 0.0000000000
144872  -37.316  -20.858  77.170 0.0000000000
58933  -37.008  -21.322  76.446 0.0000000000
148927  -37.387  -22.446  76.329 0.0000000000
144480  -36.505  -19.320  73.940 0.0000000000
63281  -38.074  -17.093  72.991 0.0000000000
64296  -39.219  -16.102  75.633 0.0000000000
64313  -39.354  -16.172  73.563 0.0000000000
56790  -30.327  -22.802  71.669 0.0000000000
130003  -29.811  -23.605  71.885 0.0000000000
56789  -29.929  -23.405  70.943 0.0000000000
58931  -33.332  -21.451  76.166 0.0000000000
58942  -33.544  -21.519  75.409 0.0000000000
57885  -34.452  -22.666  73.696 0.0000000000
57866  -34.043  -22.003  73.976 0.0000000000
57900  -33.602  -22.314  72.460 0.0000000000
56774  -34.018  -23.161  72.032 0.0000000000
55653  -34.778  -25.796  72.848 0.0000000000
143994  -34.805  -24.777  73.077 0.0000000000
150124  -27.607  -24.084  77.786 0.0000000000
55610  -27.168  -24.439  77.375 0.0000000000
56718  -29.116  -22.962  76.543 0.0000000000
56730  -27.752  -23.619  75.136 0.0000000000
142052  -27.362  -24.232  75.745 0.0000000000
56741  -27.474  -23.958  74.259 0.0000000000
55640  -27.080  -24.555  74.232 0.0000000000
79087  -47.298  -3.405  50.290 0.0000000000
79086  -46.557  -3.666  49.773 0.0000000000
79088  -48.071  -3.183  50.713 0.0000000000
80137  -49.959  -1.945  50.359 0.0000000000
80144  -48.443  -2.402  49.306 0.0000000000
80145  -49.027  -1.926  48.804 0.0000000000
80151  -48.544  -2.563  48.352 0.0000000000
131702  -54.687  -0.693  52.147 0.0000000000
81106  -53.246  -1.277  51.391 0.0000000000
82051  -54.112  -0.885  51.667 0.0000000000
82062  -51.677  -1.006  48.884 0.0000000000
82063  -52.484  -0.825  49.590 0.0000000000
81135  -50.060  -2.111  47.682 0.0000000000
81136  -50.846  -1.802  47.425 0.0000000000
79119  -50.399  -3.276  47.212 0.0000000000
80165  -51.372  -2.208  46.923 0.0000000000
81139  -53.267  -0.810  46.996 0.0000000000
80166  -52.229  -1.921  46.863 0.0000000000
148605  -52.700  -2.334  46.702 0.0000000000
79129  -52.705  -3.037  46.692 0.0000000000
80175  -53.475  -2.526  46.650 0.0000000000
147595  -53.975  -0.941  46.672 0.0000000000
83981  -56.169  1.810  48.394 0.0000000000
83023  -55.272  0.716  47.223 0.0000000000
83991  -56.345  1.722  47.555 0.0000000000
85009  -56.888  2.347  48.085 0.0000000000
61182  -35.670  -19.379  71.549 0.0000000000
60116  -35.676  -19.794  71.712 0.0000000000
69144  -39.079  -12.573  58.012 0.0000000000
69134  -40.398  -11.825  58.845 0.0000000000
65619  -39.352  -15.648  64.686 0.0000000000
65624  -38.748  -15.704  64.003 0.0000000000
65625  -39.049  -15.011  64.057 0.0000000000
151051  -39.524  -13.086  63.313 0.0000000000
67994  -39.148  -13.029  62.562 0.0000000000
69102  -39.854  -12.557  62.898 0.0000000000
71230  -43.546  -11.004  64.231 0.0000000000
70170  -42.831  -11.145  63.696 0.0000000000
129893  -41.581  -11.280  62.400 0.0000000000
70176  -40.895  -11.432  62.038 0.0000000000
69124  -39.745  -11.874  60.752 0.0000000000
148769  -41.036  -11.520  61.135 0.0000000000
70185  -41.224  -11.310  60.174 0.0000000000
140061  -41.862  -10.969  59.428 0.0000000000
70194  -41.728  -11.124  58.697 0.0000000000
70195  -42.497  -10.894  58.741 0.0000000000
71303  -43.242  -10.735  58.930 0.0000000000
129268  -45.365  -10.472  60.002 0.0000000000
139371  -44.579  -10.763  58.970 0.0000000000
128885  -46.151  -10.958  58.953 0.0000000000
71292  -46.826  -10.656  59.496 0.0000000000
47818  -22.274  -31.750  80.158 0.0000000000
46775  -21.625  -32.667  83.935 0.0000000000
42876  -21.646  -36.154  86.104 0.0000000000
133693  -21.160  -35.535  87.859 0.0000000000
43863  -20.435  -35.414  88.732 0.0000000000
40918  -18.642  -38.321  90.105 0.0000000000
54514  -39.199  -25.885  76.566 0.0000000000
53436  -36.357  -26.901  74.792 0.0000000000
128643  -36.621  -27.190  73.996 0.0000000000
54549  -38.358  -26.191  74.196 0.0000000000
58905  -32.028  -21.365  78.838 0.0000000000
76819  -43.753  -5.894  51.736 0.0000000000
76847  -46.087  -4.960  48.083 0.0000000000
58995  -37.076  -21.326  72.724 0.0000000000
132298  -36.204  -18.847  65.633 0.0000000000
62297  -36.488  -18.946  64.745 0.0000000000
64416  -37.158  -16.461  62.558 0.0000000000
52291  -21.396  -27.365  77.336 0.0000000000
142985  -21.005  -27.447  77.981 0.0000000000
53404  -39.191  -26.417  78.829 0.0000000000
53405  -39.367  -26.317  78.946 0.0000000000
53396  -39.386  -26.312  79.112 0.0000000000
55581  -40.077  -25.663  80.009 0.0000000000
55568  -40.290  -24.929  80.475 0.0000000000
143729  -34.061  -20.971  79.076 0.0000000000
58909  -35.652  -21.505  78.616 0.0000000000
57811  -36.833  -22.715  79.383 0.0000000000
56697  -37.416  -24.413  79.062 0.0000000000
55597  -37.831  -25.292  78.845 0.0000000000
54489  -38.314  -26.134  78.903 0.0000000000
58881  -33.380  -20.820  80.352 0.0000000000
70208  -45.134  -11.234  57.621 0.0000000000
70221  -44.732  -11.364  57.231 0.0000000000
71316  -45.268  -11.129  57.152 0.0000000000
71325  -45.575  -10.518  56.960 0.0000000000
72406  -45.252  -9.397  56.712 0.0000000000
75726  -48.440  -6.175  57.236 0.0000000000
75725  -47.794  -6.599  57.196 0.0000000000
75738  -48.055  -6.146  56.675 0.0000000000
75746  -47.291  -6.167  55.790 0.0000000000
76803  -47.078  -5.706  55.044 0.0000000000
76808  -45.815  -5.721  54.099 0.0000000000
76809  -46.623  -5.442  54.301 0.0000000000
76810  -47.483  -5.080  54.325 0.0000000000
77932  -48.202  -4.629  53.910 0.0000000000
127886  -48.141  -4.407  53.248 0.0000000000
79058  -50.938  -3.930  54.355 0.0000000000
63280  -37.145  -17.497  72.636 0.0000000000
64358  -40.753  -16.629  69.381 0.0000000000
64357  -39.772  -16.741  69.416 0.0000000000
63330  -38.890  -17.216  67.883 0.0000000000
63365  -40.190  -17.367  66.069 0.0000000000
65609  -41.387  -15.604  66.709 0.0000000000
55609  -26.446  -24.600  77.444 0.0000000000
55618  -25.930  -25.063  76.857 0.0000000000
54510  -25.307  -25.428  76.262 0.0000000000
53445  -23.993  -26.873  74.441 0.0000000000
143433  -56.126  -0.873  46.517 0.0000000000
80177  -56.156  -1.765  46.685 0.0000000000
147733  -57.066  -1.409  46.581 0.0000000000
154640  -57.622  -0.855  46.381 0.0000000000
45780  -21.188  -33.443  88.431 0.0000000000
56709  -38.818  -24.636  78.105 0.0000000000
57835  -38.432  -23.395  78.129 0.0000000000
133897  -36.924  -19.210  75.403 0.0000000000
62211  -36.890  -18.579  74.808 0.0000000000
63253  -37.854  -16.986  74.880 0.0000000000
65539  -39.755  -15.523  75.492 0.0000000000
57912  -30.754  -22.450  71.064 0.0000000000
57854  -34.683  -22.245  75.493 0.0000000000
58954  -34.182  -21.736  75.157 0.0000000000
56757  -34.725  -23.632  73.363 0.0000000000
53473  -34.967  -26.370  72.095 0.0000000000
57852  -29.121  -22.564  75.088 0.0000000000
56731  -28.546  -23.121  75.764 0.0000000000
56755  -28.031  -23.760  73.553 0.0000000000
80130  -49.555  -2.829  51.539 0.0000000000
127869  -50.152  -2.299  51.176 0.0000000000
80138  -50.863  -2.092  50.644 0.0000000000
129437  -54.336  -0.389  51.052 0.0000000000
82058  -54.206  -0.222  50.369 0.0000000000
82070  -52.451  -0.571  48.497 0.0000000000
152935  -52.178  -0.983  47.543 0.0000000000
82071  -53.198  -0.241  48.144 0.0000000000
83021  -53.850  0.206  47.776 0.0000000000
83026  -54.042  0.164  47.011 0.0000000000
83989  -55.079  0.823  47.963 0.0000000000
142101  -55.554  1.181  48.604 0.0000000000
63304  -35.556  -18.734  70.193 0.0000000000
61190  -35.721  -19.194  70.690 0.0000000000
61199  -35.640  -19.189  69.894 0.0000000000
61210  -36.181  -19.500  69.547 0.0000000000
68018  -37.972  -13.174  59.448 0.0000000000
141209  -39.290  -12.258  59.564 0.0000000000
66875  -40.092  -14.096  64.826 0.0000000000
66874  -39.491  -14.579  64.449 0.0000000000
67984  -40.402  -13.248  64.456 0.0000000000
69096  -40.891  -12.586  64.032 0.0000000000
145941  -43.645  -10.914  63.430 0.0000000000
71253  -42.417  -11.003  62.108 0.0000000000
140102  -41.797  -11.486  60.882 0.0000000000
70178  -42.382  -11.226  61.150 0.0000000000
71271  -42.887  -10.892  60.640 0.0000000000
71288  -43.120  -11.019  59.898 0.0000000000
71289  -43.883  -10.663  59.389 0.0000000000
145867  -46.103  -10.399  60.247 0.0000000000
48958  -21.327  -30.629  81.266 0.0000000000
45808  -21.897  -33.997  84.075 0.0000000000
145928  -21.701  -34.647  85.786 0.0000000000
43869  -21.078  -34.997  88.521 0.0000000000
42851  -19.557  -35.853  89.103 0.0000000000
129712  -35.390  -20.835  80.663 0.0000000000
57798  -38.190  -23.145  80.901 0.0000000000
72389  -47.840  -9.640  58.858 0.0000000000
73469  -47.077  -9.111  58.484 0.0000000000
73470  -48.047  -8.769  58.652 0.0000000000
74561  -48.432  -7.751  58.462 0.0000000000
75709  -49.178  -6.939  58.375 0.0000000000
76773  -50.488  -4.862  57.293 0.0000000000
76792  -50.777  -4.556  56.493 0.0000000000
77901  -51.820  -4.448  56.269 0.0000000000
138459  -39.660  -16.661  71.988 0.0000000000
128760  -40.622  -16.541  70.941 0.0000000000
63346  -42.047  -17.281  67.872 0.0000000000
54534  -26.381  -25.802  74.321 0.0000000000
127568  -40.305  -25.055  75.352 0.0000000000
63237  -38.083  -17.237  75.744 0.0000000000
57898  -30.348  -22.398  72.468 0.0000000000
57882  -30.982  -21.946  72.750 0.0000000000
132225  -30.872  -22.193  71.837 0.0000000000
57913  -31.464  -22.228  71.263 0.0000000000
57921  -32.105  -22.513  70.850 0.0000000000
55631  -36.007  -24.638  75.450 0.0000000000
54547  -35.199  -25.719  73.531 0.0000000000
54546  -34.965  -26.375  73.008 0.0000000000
53463  -35.080  -26.543  72.672 0.0000000000
56696  -29.202  -23.200  78.283 0.0000000000
57843  -29.784  -22.518  76.357 0.0000000000
74597  -42.681  -7.973  53.622 0.0000000000
81090  -54.326  -1.241  53.381 0.0000000000
130743  -53.729  -1.692  53.034 0.0000000000
130306  -54.802  -0.669  52.872 0.0000000000
147583  -57.439  1.750  51.494 0.0000000000
63341  -36.190  -17.915  67.922 0.0000000000
62284  -35.939  -18.592  67.615 0.0000000000
67998  -38.184  -13.309  61.305 0.0000000000
69092  -43.432  -12.224  65.800 0.0000000000
69098  -42.450  -12.047  64.713 0.0000000000
70166  -44.197  -11.310  64.840 0.0000000000
71219  -44.330  -10.595  64.312 0.0000000000
71231  -44.443  -10.449  63.630 0.0000000000
71240  -45.543  -10.198  62.333 0.0000000000
50023  -21.196  -29.373  79.608 0.0000000000
135796  -20.039  -37.967  88.945 0.0000000000
53426  -38.497  -26.891  77.064 0.0000000000
54490  -39.434  -26.060  78.769 0.0000000000
56698  -39.242  -24.180  78.843 0.0000000000
56669  -40.442  -24.161  80.850 0.0000000000
58930  -32.471  -21.341  76.379 0.0000000000
135534  -33.153  -21.219  76.822 0.0000000000
58932  -34.026  -21.456  76.742 0.0000000000
57845  -34.737  -22.099  76.301 0.0000000000
57855  -35.231  -22.867  75.976 0.0000000000
58883  -35.628  -21.171  79.978 0.0000000000
58897  -35.993  -21.335  79.278 0.0000000000
57821  -35.936  -22.314  78.202 0.0000000000
57822  -36.385  -22.794  78.737 0.0000000000
153090  -35.880  -22.872  77.800 0.0000000000
56719  -35.771  -23.552  76.498 0.0000000000
55621  -36.209  -24.481  76.164 0.0000000000
55632  -36.406  -25.643  75.758 0.0000000000
54525  -36.706  -26.739  75.536 0.0000000000
53424  -37.327  -27.069  76.067 0.0000000000
58893  -32.083  -21.355  79.831 0.0000000000
70218  -41.953  -11.382  57.260 0.0000000000
145479  -41.952  -11.717  56.563 0.0000000000
130569  -42.684  -11.557  56.608 0.0000000000
70230  -43.228  -11.796  56.053 0.0000000000
70242  -43.992  -11.279  56.461 0.0000000000
71330  -43.523  -11.140  55.767 0.0000000000
71329  -42.942  -11.394  55.225 0.0000000000
73480  -46.563  -8.768  57.748 0.0000000000
73491  -46.039  -8.217  57.287 0.0000000000
73490  -45.551  -8.622  56.900 0.0000000000
74585  -45.589  -7.797  56.673 0.0000000000
135782  -44.495  -8.145  55.967 0.0000000000
73495  -44.067  -8.305  55.578 0.0000000000
73499  -43.776  -8.015  54.876 0.0000000000
128866  -43.379  -7.632  54.145 0.0000000000
74602  -43.112  -7.328  53.334 0.0000000000
75751  -43.502  -6.704  53.005 0.0000000000
75758  -43.927  -6.073  52.612 0.0000000000
76813  -44.718  -5.726  53.026 0.0000000000
76820  -44.483  -5.530  52.196 0.0000000000
76825  -44.368  -5.285  51.286 0.0000000000
77942  -45.126  -4.741  51.254 0.0000000000
77948  -45.316  -4.618  50.480 0.0000000000
77955  -45.410  -4.607  49.590 0.0000000000
79080  -46.747  -4.083  50.820 0.0000000000
79081  -47.621  -3.777  51.182 0.0000000000
79082  -48.353  -3.530  51.491 0.0000000000
77939  -48.537  -4.144  52.645 0.0000000000
79074  -49.107  -3.839  52.322 0.0000000000
79083  -49.054  -3.439  51.805 0.0000000000
79076  -50.710  -2.858  52.332 0.0000000000
152245  -51.837  -2.672  52.931 0.0000000000
80119  -53.272  -2.225  53.592 0.0000000000
77917  -51.744  -4.092  55.551 0.0000000000
79046  -52.090  -3.677  55.108 0.0000000000
80109  -52.845  -2.682  54.179 0.0000000000
80110  -53.460  -2.413  54.411 0.0000000000
81089  -53.856  -1.837  53.900 0.0000000000
81080  -55.230  -0.924  54.501 0.0000000000
145913  -36.073  -20.003  73.068 0.0000000000
153153  -35.851  -19.562  72.633 0.0000000000
62264  -36.195  -18.104  68.870 0.0000000000
64356  -38.748  -16.813  69.418 0.0000000000
63374  -38.424  -17.120  64.595 0.0000000000
64395  -39.413  -16.529  65.125 0.0000000000
67980  -42.332  -13.185  65.730 0.0000000000
64377  -41.901  -16.773  67.496 0.0000000000
65603  -41.712  -15.998  67.230 0.0000000000
65610  -41.879  -15.189  67.118 0.0000000000
66861  -43.167  -14.374  67.762 0.0000000000
66866  -42.124  -14.285  66.869 0.0000000000
67975  -42.562  -13.539  66.449 0.0000000000
69085  -42.994  -12.865  66.099 0.0000000000
152035  -43.905  -11.999  66.233 0.0000000000
70154  -44.529  -11.590  66.229 0.0000000000
53432  -22.754  -26.774  75.562 0.0000000000
83039  -58.093  1.042  45.735 0.0000000000
83031  -58.167  0.114  45.941 0.0000000000
57886  -38.099  -22.726  73.722 0.0000000000
58976  -37.506  -22.001  73.168 0.0000000000
54526  -38.945  -26.410  76.748 0.0000000000
58923  -37.854  -21.503  77.608 0.0000000000
64304  -38.516  -16.607  74.470 0.0000000000
64305  -39.059  -16.181  74.738 0.0000000000
151550  -38.604  -16.637  73.955 0.0000000000
64319  -39.705  -16.498  72.864 0.0000000000
133605  -32.934  -21.410  75.005 0.0000000000
148096  -32.879  -21.588  74.371 0.0000000000
58974  -33.291  -21.776  73.851 0.0000000000
57883  -32.986  -21.777  73.050 0.0000000000
57915  -33.299  -22.545  71.646 0.0000000000
56791  -32.938  -22.855  70.928 0.0000000000
55641  -35.161  -24.444  73.854 0.0000000000
56775  -34.476  -23.936  72.554 0.0000000000
56793  -34.176  -24.306  71.752 0.0000000000
56810  -33.346  -23.769  70.512 0.0000000000
135925  -26.866  -24.347  78.016 0.0000000000
134849  -28.630  -23.543  78.107 0.0000000000
77956  -45.953  -4.016  49.231 0.0000000000
79093  -46.602  -3.608  48.884 0.0000000000
79102  -46.877  -3.890  48.218 0.0000000000
80136  -48.560  -2.571  50.307 0.0000000000
80150  -47.871  -2.896  48.854 0.0000000000
79116  -47.516  -3.942  47.695 0.0000000000
79117  -48.395  -3.687  47.558 0.0000000000
136507  -49.080  -3.459  47.526 0.0000000000
132294  -52.493  -1.775  51.053 0.0000000000
81112  -51.345  -1.572  50.212 0.0000000000
81114  -52.885  -1.009  50.579 0.0000000000
81120  -51.731  -1.160  49.764 0.0000000000
81118  -50.381  -1.378  49.090 0.0000000000
81125  -49.782  -1.744  48.496 0.0000000000
79118  -49.722  -3.704  47.464 0.0000000000
77980  -49.909  -4.569  47.540 0.0000000000
141610  -50.389  -4.026  47.437 0.0000000000
77981  -50.844  -4.761  47.567 0.0000000000
79128  -51.977  -2.623  46.742 0.0000000000
146674  -51.903  -4.437  47.454 0.0000000000
79123  -54.334  -3.022  46.780 0.0000000000
81149  -55.321  -1.298  46.576 0.0000000000
82085  -54.499  -0.234  46.743 0.0000000000
129144  -55.248  0.148  46.742 0.0000000000
140586  -55.288  -0.514  46.582 0.0000000000
82086  -56.027  -0.080  46.511 0.0000000000
83992  -57.156  2.045  47.117 0.0000000000
85010  -57.757  2.766  47.705 0.0000000000
148933  -21.400  -31.643  83.294 0.0000000000
45822  -22.250  -33.842  83.228 0.0000000000
142049  -35.891  -20.162  71.868 0.0000000000
61222  -35.783  -19.113  68.204 0.0000000000
64405  -38.247  -16.478  63.863 0.0000000000
152229  -38.204  -15.622  63.490 0.0000000000
66879  -39.069  -14.267  63.743 0.0000000000
67988  -38.639  -14.100  63.209 0.0000000000
66881  -38.201  -14.360  62.734 0.0000000000
67993  -38.587  -13.667  62.658 0.0000000000
134795  -38.542  -13.276  62.064 0.0000000000
67999  -38.854  -12.741  61.705 0.0000000000
69104  -41.446  -11.967  63.577 0.0000000000
130657  -42.002  -11.211  63.116 0.0000000000
69103  -40.582  -12.180  63.277 0.0000000000
69109  -40.375  -11.989  62.426 0.0000000000
69114  -39.343  -12.236  61.218 0.0000000000
70183  -39.776  -11.825  60.078 0.0000000000
69133  -39.889  -11.943  59.397 0.0000000000
70193  -40.397  -11.522  59.721 0.0000000000
70217  -41.196  -11.488  58.127 0.0000000000
70206  -43.441  -11.464  57.942 0.0000000000
70207  -44.454  -11.434  57.772 0.0000000000
71306  -45.649  -10.967  58.279 0.0000000000
71307  -46.456  -10.760  58.772 0.0000000000
151039  -47.246  -10.358  58.859 0.0000000000
71257  -46.049  -10.115  61.240 0.0000000000
43887  -21.850  -35.643  85.413 0.0000000000
44829  -20.667  -33.926  88.466 0.0000000000
147952  -19.684  -38.246  89.523 0.0000000000
40919  -19.258  -38.449  89.988 0.0000000000
41810  -19.502  -37.668  89.518 0.0000000000
42846  -19.331  -36.781  89.360 0.0000000000
54484  -39.530  -26.024  79.368 0.0000000000
70142  -44.760  -11.872  66.879 0.0000000000
70232  -44.303  -11.336  56.879 0.0000000000
71290  -45.391  -10.854  59.043 0.0000000000
73489  -45.006  -8.393  56.419 0.0000000000
74576  -47.533  -7.230  57.761 0.0000000000
74599  -44.869  -7.013  54.971 0.0000000000
75737  -47.507  -6.431  56.476 0.0000000000
75750  -46.210  -6.111  54.765 0.0000000000
75756  -42.715  -7.198  52.155 0.0000000000
76790  -47.936  -5.925  56.098 0.0000000000
76805  -48.369  -5.271  55.246 0.0000000000
76806  -49.721  -4.767  55.371 0.0000000000
76811  -47.783  -5.316  54.954 0.0000000000
76816  -46.953  -4.986  53.804 0.0000000000
76826  -45.021  -5.126  51.852 0.0000000000
76859  -46.640  -5.286  47.555 0.0000000000
76860  -47.963  -5.355  47.374 0.0000000000
77927  -51.302  -3.912  55.017 0.0000000000
77940  -49.356  -4.056  52.921 0.0000000000
77944  -46.499  -4.456  51.575 0.0000000000
77947  -44.723  -4.946  50.694 0.0000000000
77964  -46.287  -4.218  48.497 0.0000000000
77979  -48.989  -4.265  47.444 0.0000000000
79070  -51.692  -2.990  53.567 0.0000000000
79075  -49.850  -3.416  52.341 0.0000000000
79103  -47.333  -3.418  48.451 0.0000000000
79121  -52.748  -3.884  47.078 0.0000000000
80124  -50.251  -2.713  51.815 0.0000000000
80135  -47.836  -2.834  49.825 0.0000000000
80152  -49.220  -2.240  47.940 0.0000000000
80164  -50.582  -2.528  47.171 0.0000000000
81073  -54.866  -1.598  55.093 0.0000000000
81079  -54.476  -1.441  54.302 0.0000000000
81099  -53.545  -1.513  52.195 0.0000000000
81104  -51.752  -2.127  50.812 0.0000000000
81117  -49.767  -1.694  49.437 0.0000000000
81119  -51.087  -1.263  49.496 0.0000000000
81126  -50.509  -1.555  48.255 0.0000000000
81127  -51.213  -1.242  48.099 0.0000000000
81137  -51.727  -1.443  47.388 0.0000000000
82035  -55.620  -0.216  53.115 0.0000000000
82057  -53.699  -0.690  50.853 0.0000000000
82078  -52.659  -0.617  47.634 0.0000000000
82079  -53.469  -0.261  47.375 0.0000000000
82084  -53.829  -0.369  46.875 0.0000000000
82997  -54.776  0.139  50.776 0.0000000000
83012  -53.833  -0.024  48.824 0.0000000000
83022  -54.527  0.478  47.446 0.0000000000
83030  -57.324  0.649  46.027 0.0000000000
83969  -56.135  1.517  49.441 0.0000000000
83990  -55.685  1.308  47.801 0.0000000000
83994  -55.967  1.120  47.238 0.0000000000
83995  -56.678  1.161  46.719 0.0000000000
83997  -58.497  1.829  45.936 0.0000000000
84986  -57.660  2.517  49.637 0.0000000000
84995  -57.647  2.803  48.727 0.0000000000
130756  -49.152  -2.096  49.839 0.0000000000
134325  -53.112  -0.446  48.975 0.0000000000
135535  -48.822  -4.399  53.419 0.0000000000
137869  -51.078  -3.803  47.191 0.0000000000
137889  -47.535  -4.672  53.534 0.0000000000
141693  -54.668  -0.938  46.590 0.0000000000
143557  -58.239  -0.735  46.360 0.0000000000
146126  -46.030  -10.747  58.049 0.0000000000
149563  -42.849  -11.464  64.330 0.0000000000
150540  -55.818  1.063  50.108 0.0000000000
152563  -46.933  -8.355  58.139 0.0000000000
152808  -48.631  -3.843  52.030 0.0000000000
