#!ascii label  , from subject sub-v1s6x0051369_ses-1 vox2ras=TkReg
1570
58827  -37.008  -20.769  84.246 0.0000000000
75684  -55.404  -6.826  60.407 0.0000000000
139796  -44.910  -15.272  72.884 0.0000000000
40084  -22.271  -38.905  82.166 0.0000000000
55560  -25.376  -23.667  80.050 0.0000000000
44958  -16.553  -35.171  76.508 0.0000000000
44874  -14.040  -33.964  82.872 0.0000000000
72282  -49.522  -9.358  67.238 0.0000000000
47933  -21.253  -31.461  71.253 0.0000000000
44835  -19.643  -34.092  87.006 0.0000000000
58911  -38.479  -21.800  78.951 0.0000000000
58882  -34.797  -20.896  80.252 0.0000000000
144873  -30.960  -22.149  82.988 0.0000000000
81013  -58.653  -1.646  59.788 0.0000000000
69030  -46.876  -12.489  70.113 0.0000000000
54497  -23.264  -25.215  76.934 0.0000000000
147718  -12.884  -29.635  72.994 0.0000000000
42943  -19.927  -35.911  79.672 0.0000000000
140349  -23.270  -35.914  76.111 0.0000000000
38155  -20.008  -41.351  75.972 0.0000000000
51088  -21.235  -29.252  87.219 0.0000000000
128554  -19.659  -30.247  87.779 0.0000000000
67852  -41.579  -13.501  76.011 0.0000000000
57747  -26.626  -23.106  83.899 0.0000000000
56695  -28.599  -23.450  78.741 0.0000000000
43949  -14.758  -35.388  78.754 0.0000000000
44889  -17.970  -34.411  80.409 0.0000000000
71246  -51.570  -10.330  62.217 0.0000000000
52251  -19.792  -27.282  83.358 0.0000000000
53388  -20.367  -26.231  80.329 0.0000000000
150298  -17.900  -32.699  73.778 0.0000000000
41993  -22.556  -37.305  71.614 0.0000000000
46735  -15.034  -32.169  87.339 0.0000000000
47776  -18.559  -31.558  83.477 0.0000000000
41844  -17.850  -37.617  84.125 0.0000000000
61063  -38.294  -19.427  83.920 0.0000000000
57766  -38.517  -22.251  82.459 0.0000000000
58860  -40.339  -22.060  82.742 0.0000000000
128644  -35.950  -21.075  82.406 0.0000000000
57797  -37.421  -22.676  80.264 0.0000000000
58838  -34.527  -21.155  83.741 0.0000000000
143107  -58.011  -3.542  59.992 0.0000000000
130658  -50.856  -7.896  59.415 0.0000000000
76758  -52.288  -5.571  58.372 0.0000000000
77904  -54.097  -4.106  56.764 0.0000000000
142832  -45.628  -14.974  71.170 0.0000000000
64322  -42.104  -15.691  72.395 0.0000000000
134509  -43.308  -16.648  69.890 0.0000000000
66851  -43.377  -14.793  68.547 0.0000000000
41893  -21.994  -37.101  81.184 0.0000000000
41000  -22.879  -38.175  78.991 0.0000000000
39056  -21.463  -40.757  79.031 0.0000000000
144428  -18.213  -42.685  76.508 0.0000000000
38116  -20.030  -41.980  79.425 0.0000000000
49975  -21.095  -30.164  85.026 0.0000000000
48909  -21.638  -30.523  87.055 0.0000000000
66739  -41.837  -14.644  78.725 0.0000000000
62175  -39.940  -18.612  79.535 0.0000000000
61146  -38.101  -19.489  77.819 0.0000000000
64254  -39.523  -16.833  78.141 0.0000000000
65527  -39.665  -15.645  76.245 0.0000000000
146721  -27.461  -21.567  86.315 0.0000000000
57810  -31.300  -21.842  79.346 0.0000000000
57808  -29.780  -22.647  80.170 0.0000000000
82938  -57.293  0.273  55.225 0.0000000000
83914  -59.875  1.479  54.253 0.0000000000
44902  -14.135  -33.996  80.552 0.0000000000
45867  -17.078  -33.959  79.148 0.0000000000
46801  -16.879  -32.617  81.002 0.0000000000
72315  -50.459  -9.323  65.114 0.0000000000
71197  -45.838  -10.869  66.155 0.0000000000
72325  -47.103  -9.831  64.265 0.0000000000
72354  -48.679  -9.940  62.456 0.0000000000
130436  -19.099  -26.502  85.951 0.0000000000
54458  -19.253  -25.653  83.786 0.0000000000
44974  -13.503  -34.317  75.616 0.0000000000
46880  -14.032  -32.941  73.878 0.0000000000
45918  -17.431  -33.979  75.582 0.0000000000
40154  -21.072  -39.387  73.690 0.0000000000
41972  -22.582  -37.288  73.885 0.0000000000
41065  -19.712  -39.229  70.921 0.0000000000
47726  -15.206  -30.614  90.258 0.0000000000
46741  -20.217  -31.861  86.945 0.0000000000
47750  -18.739  -30.886  85.256 0.0000000000
134220  -19.778  -32.768  85.574 0.0000000000
44855  -19.254  -34.776  83.663 0.0000000000
43875  -18.865  -35.765  86.235 0.0000000000
60016  -40.510  -20.348  81.353 0.0000000000
57723  -30.084  -22.452  85.883 0.0000000000
58821  -31.828  -21.770  85.117 0.0000000000
131109  -33.191  -21.128  81.665 0.0000000000
82906  -59.352  1.085  59.051 0.0000000000
81057  -55.514  -1.583  56.070 0.0000000000
70127  -48.295  -10.860  69.140 0.0000000000
69079  -44.522  -12.436  67.250 0.0000000000
129540  -26.148  -24.434  78.231 0.0000000000
55591  -24.556  -24.055  78.589 0.0000000000
50133  -16.488  -29.952  71.918 0.0000000000
43986  -18.379  -35.640  78.128 0.0000000000
45892  -19.603  -33.989  77.417 0.0000000000
43972  -22.424  -35.351  78.623 0.0000000000
40137  -22.095  -39.042  75.798 0.0000000000
39108  -18.633  -41.034  73.189 0.0000000000
52221  -20.072  -28.348  89.323 0.0000000000
49952  -19.110  -29.381  89.440 0.0000000000
48892  -21.151  -30.307  88.963 0.0000000000
133000  -21.167  -32.113  88.332 0.0000000000
66784  -43.430  -14.165  73.832 0.0000000000
133690  -40.200  -15.427  74.045 0.0000000000
55550  -26.332  -23.698  81.802 0.0000000000
56625  -28.775  -22.972  83.184 0.0000000000
151109  -27.754  -23.533  81.397 0.0000000000
55577  -27.017  -23.866  79.400 0.0000000000
44004  -12.861  -35.933  76.630 0.0000000000
41921  -12.247  -37.157  78.251 0.0000000000
43983  -15.810  -36.318  77.761 0.0000000000
43967  -17.321  -35.820  78.161 0.0000000000
43940  -18.794  -36.165  79.848 0.0000000000
42916  -18.909  -36.697  81.608 0.0000000000
72371  -53.441  -9.362  60.996 0.0000000000
134101  -50.160  -10.481  60.186 0.0000000000
52230  -19.773  -27.429  87.532 0.0000000000
52246  -20.036  -28.217  85.020 0.0000000000
144342  -20.519  -29.025  83.542 0.0000000000
56677  -22.313  -23.231  79.038 0.0000000000
56659  -20.610  -23.485  80.573 0.0000000000
54464  -19.693  -24.930  82.085 0.0000000000
53379  -19.940  -26.446  82.099 0.0000000000
51116  -20.716  -28.816  82.021 0.0000000000
47911  -11.417  -31.144  73.352 0.0000000000
47894  -15.744  -31.842  72.885 0.0000000000
47917  -19.214  -31.659  72.185 0.0000000000
46861  -21.313  -32.814  75.814 0.0000000000
45942  -22.605  -33.470  74.299 0.0000000000
45008  -24.026  -34.584  71.649 0.0000000000
44845  -14.577  -33.219  85.278 0.0000000000
48905  -16.962  -30.368  87.071 0.0000000000
47761  -17.041  -31.160  84.841 0.0000000000
46770  -15.997  -32.250  83.481 0.0000000000
45831  -19.218  -32.867  81.998 0.0000000000
43916  -18.262  -35.818  82.134 0.0000000000
41858  -20.020  -37.740  83.310 0.0000000000
41817  -17.857  -37.406  88.225 0.0000000000
40938  -17.693  -38.404  86.090 0.0000000000
38102  -21.268  -41.141  82.653 0.0000000000
59979  -37.976  -20.114  84.195 0.0000000000
61049  -36.575  -19.795  85.018 0.0000000000
58841  -37.613  -21.113  83.642 0.0000000000
131274  -39.140  -21.168  83.591 0.0000000000
58840  -36.647  -21.090  83.879 0.0000000000
58858  -37.269  -21.248  83.095 0.0000000000
59976  -35.842  -20.524  85.076 0.0000000000
58825  -35.590  -20.824  84.615 0.0000000000
131704  -56.016  -5.711  59.666 0.0000000000
140688  -52.933  -7.714  60.007 0.0000000000
75712  -51.700  -6.141  59.093 0.0000000000
76746  -54.300  -5.901  59.159 0.0000000000
76760  -54.524  -5.340  58.580 0.0000000000
65575  -45.293  -14.955  71.949 0.0000000000
66805  -47.515  -14.352  73.447 0.0000000000
66787  -46.643  -14.422  74.136 0.0000000000
64334  -42.859  -15.805  71.163 0.0000000000
152814  -43.824  -15.756  71.006 0.0000000000
65581  -44.641  -15.592  70.749 0.0000000000
41882  -22.416  -37.742  81.336 0.0000000000
40982  -22.702  -38.252  80.652 0.0000000000
134497  -22.196  -39.959  80.542 0.0000000000
38127  -20.693  -41.414  78.943 0.0000000000
39037  -21.335  -40.851  80.376 0.0000000000
48927  -21.201  -30.447  84.148 0.0000000000
137806  -21.389  -31.008  84.890 0.0000000000
63185  -41.001  -17.491  79.699 0.0000000000
63194  -39.613  -17.529  78.650 0.0000000000
64239  -41.010  -16.683  79.404 0.0000000000
65512  -40.433  -15.625  77.778 0.0000000000
83896  -59.720  1.232  56.349 0.0000000000
82952  -58.867  0.844  54.797 0.0000000000
133410  -60.622  4.141  55.101 0.0000000000
44888  -13.943  -33.972  82.070 0.0000000000
152360  -14.881  -33.424  80.695 0.0000000000
153103  -15.601  -32.816  82.102 0.0000000000
72314  -49.622  -9.271  65.729 0.0000000000
72298  -51.783  -9.490  66.433 0.0000000000
71199  -47.797  -9.995  66.822 0.0000000000
71210  -46.341  -10.354  65.577 0.0000000000
72312  -47.667  -9.626  65.570 0.0000000000
72313  -48.779  -9.333  65.177 0.0000000000
54453  -18.996  -25.350  84.727 0.0000000000
135216  -19.130  -24.720  83.995 0.0000000000
56647  -24.817  -23.238  81.678 0.0000000000
56662  -24.618  -23.390  80.682 0.0000000000
153960  -19.080  -30.675  70.868 0.0000000000
44976  -15.435  -34.599  75.981 0.0000000000
45916  -15.893  -34.221  75.324 0.0000000000
45917  -16.630  -34.348  75.603 0.0000000000
40164  -19.435  -40.086  72.202 0.0000000000
40165  -20.222  -39.643  72.598 0.0000000000
40178  -18.371  -39.858  71.130 0.0000000000
49943  -13.730  -29.800  90.030 0.0000000000
49939  -15.377  -29.245  90.453 0.0000000000
45785  -20.205  -33.286  87.552 0.0000000000
129974  -20.097  -32.622  86.708 0.0000000000
45796  -19.730  -33.385  86.215 0.0000000000
44846  -19.488  -34.223  85.508 0.0000000000
43876  -19.137  -34.885  87.227 0.0000000000
61082  -40.608  -19.921  82.460 0.0000000000
58886  -40.505  -21.363  81.569 0.0000000000
61083  -40.823  -19.237  81.826 0.0000000000
62155  -41.307  -18.453  81.241 0.0000000000
58855  -34.299  -21.252  82.777 0.0000000000
58854  -33.426  -21.291  82.497 0.0000000000
58869  -33.735  -20.908  81.093 0.0000000000
58881  -33.380  -20.820  80.352 0.0000000000
153492  -59.198  -0.320  59.461 0.0000000000
79021  -56.300  -3.043  57.966 0.0000000000
79033  -54.966  -3.101  56.826 0.0000000000
81040  -57.803  -1.205  57.975 0.0000000000
81991  -58.246  -0.597  57.646 0.0000000000
127600  -47.769  -11.437  69.517 0.0000000000
151115  -49.496  -11.686  70.079 0.0000000000
134007  -49.500  -12.720  70.972 0.0000000000
146553  -45.354  -13.191  69.658 0.0000000000
67959  -43.662  -13.805  68.202 0.0000000000
69047  -45.703  -12.237  69.262 0.0000000000
70144  -46.270  -11.232  67.803 0.0000000000
51215  -13.164  -28.474  72.554 0.0000000000
51217  -15.016  -28.968  72.276 0.0000000000
50122  -14.328  -29.491  72.587 0.0000000000
43969  -18.676  -35.821  78.800 0.0000000000
44926  -20.436  -34.861  78.591 0.0000000000
43971  -20.651  -35.402  79.208 0.0000000000
40116  -22.031  -39.797  77.171 0.0000000000
41009  -22.845  -38.345  77.894 0.0000000000
39091  -21.101  -40.190  75.931 0.0000000000
39099  -20.209  -40.473  74.700 0.0000000000
39089  -19.901  -40.937  75.216 0.0000000000
38153  -18.776  -41.912  75.325 0.0000000000
51080  -20.833  -28.798  88.234 0.0000000000
49948  -20.655  -29.642  89.089 0.0000000000
49959  -21.535  -29.765  87.981 0.0000000000
145422  -21.672  -31.621  86.929 0.0000000000
47734  -21.408  -31.166  88.424 0.0000000000
129659  -21.574  -31.989  87.757 0.0000000000
46736  -21.147  -32.979  88.404 0.0000000000
67865  -42.632  -13.663  74.609 0.0000000000
66760  -40.530  -14.505  76.321 0.0000000000
142272  -39.607  -15.684  74.880 0.0000000000
66783  -41.000  -14.747  74.616 0.0000000000
135356  -41.630  -14.744  73.913 0.0000000000
57730  -25.305  -22.406  84.379 0.0000000000
57762  -25.445  -23.172  82.980 0.0000000000
56622  -26.225  -23.352  83.071 0.0000000000
57749  -30.720  -22.484  83.923 0.0000000000
57748  -29.851  -22.720  84.205 0.0000000000
144877  -30.194  -22.723  83.280 0.0000000000
148161  -29.277  -22.979  79.733 0.0000000000
56651  -28.957  -23.065  81.423 0.0000000000
56665  -28.258  -23.440  80.354 0.0000000000
56664  -27.643  -23.576  80.739 0.0000000000
55578  -27.791  -23.500  79.039 0.0000000000
55594  -27.287  -23.981  78.407 0.0000000000
42941  -13.313  -36.056  79.436 0.0000000000
42958  -13.790  -36.621  78.395 0.0000000000
42978  -14.744  -36.573  77.866 0.0000000000
43965  -15.549  -36.029  78.315 0.0000000000
43966  -16.618  -36.057  78.075 0.0000000000
44922  -16.245  -35.809  78.310 0.0000000000
45854  -17.463  -33.690  80.000 0.0000000000
44903  -17.748  -34.804  79.422 0.0000000000
43928  -18.202  -35.273  80.150 0.0000000000
153916  -19.069  -36.485  80.706 0.0000000000
136469  -18.441  -36.289  81.499 0.0000000000
71263  -52.574  -10.129  61.426 0.0000000000
71265  -54.630  -9.683  62.012 0.0000000000
71236  -53.516  -10.026  62.962 0.0000000000
71245  -50.212  -10.371  62.527 0.0000000000
71259  -48.810  -10.597  60.894 0.0000000000
71262  -51.168  -10.172  61.320 0.0000000000
71280  -51.425  -9.978  60.803 0.0000000000
54437  -18.707  -25.804  87.448 0.0000000000
53372  -19.585  -27.340  84.715 0.0000000000
53367  -19.653  -27.503  85.698 0.0000000000
148349  -19.888  -27.810  84.074 0.0000000000
51103  -20.290  -28.577  84.194 0.0000000000
138273  -20.203  -28.152  83.233 0.0000000000
55590  -23.667  -24.285  78.047 0.0000000000
56694  -23.525  -23.736  78.577 0.0000000000
149402  -22.928  -24.109  78.211 0.0000000000
54481  -20.991  -25.270  78.715 0.0000000000
55574  -21.145  -24.322  79.079 0.0000000000
54475  -20.240  -25.041  80.492 0.0000000000
55542  -19.917  -24.125  81.620 0.0000000000
136112  -20.130  -25.649  81.038 0.0000000000
131348  -19.891  -25.671  81.712 0.0000000000
53383  -20.150  -26.381  81.341 0.0000000000
52261  -20.819  -28.015  80.624 0.0000000000
46898  -10.934  -32.482  73.573 0.0000000000
46883  -16.793  -33.072  74.234 0.0000000000
137341  -15.067  -32.114  73.266 0.0000000000
47896  -17.352  -32.226  73.174 0.0000000000
135113  -18.015  -31.951  72.699 0.0000000000
153332  -18.735  -31.998  73.283 0.0000000000
45893  -21.306  -33.754  77.282 0.0000000000
45904  -20.498  -33.365  76.891 0.0000000000
44962  -22.745  -34.528  76.470 0.0000000000
139688  -22.676  -37.190  72.417 0.0000000000
44042  -23.192  -35.593  74.002 0.0000000000
43020  -23.448  -36.109  72.323 0.0000000000
45955  -23.200  -33.681  72.931 0.0000000000
43024  -23.512  -36.210  71.640 0.0000000000
43037  -23.412  -36.226  70.211 0.0000000000
46740  -15.098  -32.350  86.442 0.0000000000
49958  -19.705  -29.933  88.722 0.0000000000
49957  -18.354  -29.551  88.447 0.0000000000
48907  -18.814  -30.295  86.717 0.0000000000
47763  -18.478  -31.047  84.230 0.0000000000
128655  -17.901  -30.760  84.940 0.0000000000
47762  -17.642  -30.992  84.264 0.0000000000
145391  -16.936  -31.321  84.114 0.0000000000
47775  -17.736  -31.300  83.530 0.0000000000
46787  -17.766  -32.105  82.164 0.0000000000
46773  -18.805  -32.190  82.839 0.0000000000
43893  -18.713  -35.818  83.833 0.0000000000
131968  -18.697  -35.307  82.860 0.0000000000
131422  -18.210  -36.507  83.558 0.0000000000
41866  -18.688  -37.154  82.708 0.0000000000
40957  -18.363  -37.954  83.918 0.0000000000
40926  -17.174  -38.998  88.266 0.0000000000
41825  -17.641  -37.856  86.832 0.0000000000
62140  -38.505  -18.569  83.494 0.0000000000
56652  -39.690  -23.791  81.812 0.0000000000
56653  -40.163  -24.044  81.679 0.0000000000
57768  -39.895  -22.515  82.825 0.0000000000
59990  -39.942  -20.752  83.337 0.0000000000
58871  -35.651  -20.880  81.405 0.0000000000
58872  -36.391  -21.247  81.540 0.0000000000
57783  -37.690  -22.018  81.909 0.0000000000
58856  -35.185  -21.140  83.100 0.0000000000
80048  -57.951  -2.814  59.505 0.0000000000
76756  -50.428  -5.803  58.071 0.0000000000
77885  -51.346  -4.717  57.167 0.0000000000
77901  -51.820  -4.448  56.269 0.0000000000
77888  -53.832  -4.545  57.208 0.0000000000
79007  -56.077  -3.838  58.248 0.0000000000
133429  -46.301  -13.706  70.792 0.0000000000
67932  -48.846  -13.194  71.389 0.0000000000
66830  -47.862  -14.431  72.171 0.0000000000
130071  -48.526  -13.372  73.711 0.0000000000
129902  -40.435  -16.478  72.163 0.0000000000
128760  -40.622  -16.541  70.941 0.0000000000
150441  -41.529  -16.773  69.413 0.0000000000
63333  -42.522  -17.210  68.487 0.0000000000
63347  -42.512  -16.998  67.944 0.0000000000
65589  -43.367  -16.320  69.470 0.0000000000
66845  -44.385  -14.732  69.861 0.0000000000
42929  -20.470  -36.262  80.475 0.0000000000
42944  -21.921  -36.037  79.952 0.0000000000
42931  -22.576  -36.675  80.171 0.0000000000
40109  -22.549  -39.265  79.027 0.0000000000
39081  -20.967  -40.963  77.317 0.0000000000
38145  -19.288  -41.906  76.099 0.0000000000
38137  -20.525  -41.562  77.912 0.0000000000
37160  -19.143  -42.358  78.237 0.0000000000
51097  -21.128  -29.333  86.347 0.0000000000
49963  -21.524  -29.880  87.114 0.0000000000
49971  -21.437  -29.996  86.170 0.0000000000
66761  -41.005  -13.945  76.750 0.0000000000
61138  -38.963  -19.964  79.199 0.0000000000
60027  -38.483  -20.752  78.709 0.0000000000
61137  -38.706  -19.078  78.492 0.0000000000
62192  -38.337  -18.507  77.753 0.0000000000
63209  -38.397  -17.746  77.368 0.0000000000
133093  -39.234  -16.279  76.638 0.0000000000
65528  -40.125  -15.171  76.769 0.0000000000
57732  -26.835  -22.631  84.822 0.0000000000
57781  -31.127  -21.949  81.169 0.0000000000
57780  -30.377  -22.337  81.533 0.0000000000
57809  -30.516  -22.260  79.789 0.0000000000
132388  -29.900  -22.747  79.359 0.0000000000
82027  -56.330  0.055  53.863 0.0000000000
82974  -57.171  1.054  52.995 0.0000000000
83931  -57.305  1.471  52.168 0.0000000000
137050  -58.862  2.277  51.739 0.0000000000
44910  -14.354  -34.553  79.541 0.0000000000
45865  -15.740  -34.221  78.881 0.0000000000
45851  -15.131  -33.805  79.678 0.0000000000
45853  -16.814  -33.160  80.052 0.0000000000
46817  -17.353  -33.011  80.609 0.0000000000
72345  -51.309  -9.811  63.844 0.0000000000
140598  -52.105  -9.568  65.078 0.0000000000
71220  -45.023  -10.251  64.311 0.0000000000
71232  -45.437  -10.122  63.450 0.0000000000
71241  -46.521  -10.090  62.079 0.0000000000
72341  -47.889  -9.660  63.760 0.0000000000
72343  -49.494  -9.664  63.688 0.0000000000
54442  -18.766  -25.605  86.639 0.0000000000
54447  -18.846  -25.476  85.712 0.0000000000
140312  -18.956  -26.188  85.124 0.0000000000
53375  -19.499  -26.498  83.582 0.0000000000
53403  -20.797  -26.086  78.184 0.0000000000
142525  -20.575  -26.874  79.608 0.0000000000
45934  -11.926  -33.515  74.324 0.0000000000
45952  -12.316  -33.040  73.786 0.0000000000
131433  -13.967  -33.278  74.532 0.0000000000
45938  -16.301  -33.659  74.792 0.0000000000
45940  -17.762  -33.250  74.988 0.0000000000
41038  -21.978  -38.520  74.380 0.0000000000
43014  -22.798  -36.777  74.826 0.0000000000
41049  -22.144  -38.129  73.716 0.0000000000
41057  -21.712  -38.478  72.811 0.0000000000
41067  -21.248  -38.342  71.148 0.0000000000
48894  -13.273  -30.952  88.671 0.0000000000
48879  -12.937  -31.242  90.060 0.0000000000
47728  -15.418  -31.454  88.557 0.0000000000
47740  -20.001  -31.138  87.036 0.0000000000
48919  -19.200  -30.616  86.161 0.0000000000
47751  -19.531  -31.306  85.927 0.0000000000
46751  -19.723  -32.055  85.732 0.0000000000
46762  -19.545  -32.278  84.587 0.0000000000
45820  -19.486  -32.945  83.945 0.0000000000
44856  -19.460  -34.291  84.472 0.0000000000
43894  -19.154  -35.019  84.720 0.0000000000
42885  -17.836  -37.238  84.494 0.0000000000
57812  -39.267  -22.430  79.505 0.0000000000
57800  -40.463  -23.365  81.134 0.0000000000
58885  -40.186  -21.727  80.716 0.0000000000
60028  -39.513  -20.380  80.081 0.0000000000
62176  -40.468  -18.927  80.249 0.0000000000
62177  -41.740  -17.870  80.510 0.0000000000
57750  -31.466  -22.107  83.665 0.0000000000
58836  -32.873  -21.525  83.880 0.0000000000
58852  -32.093  -21.600  83.260 0.0000000000
58867  -31.744  -21.610  81.689 0.0000000000
58879  -31.818  -21.397  80.805 0.0000000000
79048  -53.749  -2.782  55.087 0.0000000000
82018  -56.542  -0.349  55.539 0.0000000000
130827  -59.319  0.380  57.135 0.0000000000
71188  -48.212  -9.908  67.675 0.0000000000
71190  -50.675  -10.145  68.326 0.0000000000
71161  -50.513  -11.063  69.568 0.0000000000
66860  -42.513  -14.822  67.464 0.0000000000
140016  -45.249  -11.356  66.622 0.0000000000
71186  -46.656  -10.573  67.329 0.0000000000
55592  -25.934  -24.485  79.153 0.0000000000
56679  -24.831  -23.788  79.331 0.0000000000
132203  -25.349  -24.439  78.334 0.0000000000
134291  -25.016  -24.812  77.634 0.0000000000
50134  -17.092  -29.436  71.524 0.0000000000
47930  -18.667  -31.322  71.702 0.0000000000
44938  -17.553  -35.592  77.129 0.0000000000
44959  -18.034  -34.762  76.752 0.0000000000
44940  -18.957  -34.836  77.797 0.0000000000
44941  -20.927  -34.122  78.022 0.0000000000
43987  -22.813  -35.324  77.848 0.0000000000
143512  -23.028  -36.644  78.683 0.0000000000
41933  -23.271  -36.939  77.372 0.0000000000
41943  -23.097  -37.278  76.486 0.0000000000
40145  -21.282  -39.544  74.555 0.0000000000
49942  -18.118  -28.878  90.363 0.0000000000
49947  -19.415  -29.138  89.789 0.0000000000
49953  -20.012  -29.598  89.379 0.0000000000
48900  -20.667  -30.702  88.758 0.0000000000
48902  -21.631  -30.548  88.027 0.0000000000
47733  -21.007  -31.308  88.729 0.0000000000
47732  -20.354  -30.992  88.119 0.0000000000
47741  -20.736  -31.731  88.272 0.0000000000
46742  -20.727  -32.552  88.169 0.0000000000
45778  -20.145  -33.711  88.144 0.0000000000
137246  -44.200  -14.683  73.506 0.0000000000
66786  -45.753  -14.385  74.121 0.0000000000
67858  -44.202  -12.920  74.713 0.0000000000
58923  -37.854  -21.503  77.608 0.0000000000
64319  -39.705  -16.498  72.864 0.0000000000
129296  -42.278  -15.472  72.933 0.0000000000
56630  -25.330  -23.318  82.315 0.0000000000
55549  -25.949  -24.109  81.183 0.0000000000
57721  -28.676  -22.144  86.191 0.0000000000
56614  -27.968  -22.895  84.371 0.0000000000
56624  -28.039  -23.018  83.542 0.0000000000
57779  -29.572  -22.619  81.900 0.0000000000
56634  -27.989  -23.246  82.685 0.0000000000
56633  -27.234  -23.523  82.732 0.0000000000
55543  -26.933  -23.596  81.902 0.0000000000
143397  -26.561  -23.865  81.177 0.0000000000
55576  -26.373  -24.160  79.749 0.0000000000
55593  -26.585  -24.251  78.839 0.0000000000
129899  -59.089  2.553  50.913 0.0000000000
84977  -59.398  2.890  50.006 0.0000000000
85969  -60.048  3.155  49.371 0.0000000000
44025  -13.171  -35.245  76.170 0.0000000000
44956  -14.993  -35.093  76.392 0.0000000000
42994  -12.356  -36.446  77.173 0.0000000000
42996  -14.389  -36.405  77.391 0.0000000000
141993  -16.054  -36.069  77.384 0.0000000000
144122  -16.992  -35.902  77.591 0.0000000000
43968  -17.959  -35.817  78.469 0.0000000000
43952  -18.476  -35.866  79.142 0.0000000000
44924  -17.289  -35.121  78.688 0.0000000000
43951  -17.882  -35.699  78.835 0.0000000000
42928  -19.318  -36.304  79.987 0.0000000000
42918  -21.087  -36.686  81.366 0.0000000000
41869  -21.328  -37.708  82.472 0.0000000000
140780  -53.990  -7.882  60.412 0.0000000000
144370  -46.926  -10.096  61.302 0.0000000000
71277  -48.366  -10.615  60.201 0.0000000000
72376  -48.185  -10.125  59.342 0.0000000000
72379  -50.890  -10.043  59.532 0.0000000000
73440  -52.136  -9.178  60.424 0.0000000000
144532  -19.578  -27.370  88.375 0.0000000000
151962  -20.393  -28.213  87.687 0.0000000000
133951  -19.169  -26.521  87.015 0.0000000000
52236  -20.267  -27.944  86.738 0.0000000000
51087  -20.747  -28.718  86.537 0.0000000000
49982  -20.658  -29.347  84.485 0.0000000000
128599  -24.373  -23.349  79.748 0.0000000000
57792  -23.000  -22.491  79.873 0.0000000000
57806  -21.822  -22.737  79.953 0.0000000000
56692  -21.818  -23.781  78.670 0.0000000000
56676  -21.583  -23.347  79.441 0.0000000000
56645  -20.844  -22.789  80.819 0.0000000000
56644  -20.306  -23.386  81.198 0.0000000000
55541  -19.635  -24.094  82.505 0.0000000000
143439  -19.292  -23.982  83.442 0.0000000000
54463  -19.470  -25.003  83.052 0.0000000000
132080  -19.713  -26.555  82.844 0.0000000000
52256  -20.100  -27.342  82.479 0.0000000000
52260  -20.461  -27.276  81.103 0.0000000000
149388  -20.416  -27.601  81.834 0.0000000000
51115  -20.460  -28.131  82.302 0.0000000000
51108  -20.512  -28.719  82.761 0.0000000000
47912  -12.113  -30.590  73.290 0.0000000000
46900  -13.603  -32.170  73.510 0.0000000000
47892  -13.612  -31.317  73.323 0.0000000000
49052  -14.464  -30.416  72.820 0.0000000000
49053  -16.019  -30.563  72.378 0.0000000000
47929  -18.005  -31.526  72.194 0.0000000000
135897  -19.626  -31.450  71.550 0.0000000000
45902  -18.519  -33.909  76.395 0.0000000000
45920  -19.023  -33.135  75.936 0.0000000000
46868  -19.461  -32.551  75.339 0.0000000000
44979  -22.787  -34.397  75.521 0.0000000000
46870  -21.421  -32.695  75.055 0.0000000000
46887  -20.703  -32.136  74.494 0.0000000000
46907  -20.823  -31.946  73.594 0.0000000000
46917  -21.899  -31.982  72.656 0.0000000000
46931  -22.943  -32.219  71.669 0.0000000000
44056  -24.256  -34.764  70.155 0.0000000000
48886  -16.964  -29.692  89.669 0.0000000000
48897  -16.694  -30.328  87.882 0.0000000000
47738  -16.212  -30.871  87.132 0.0000000000
48918  -18.270  -30.473  85.785 0.0000000000
47749  -17.151  -30.742  85.666 0.0000000000
47737  -15.593  -31.610  86.739 0.0000000000
147951  -15.737  -32.062  84.975 0.0000000000
45805  -15.521  -32.497  84.245 0.0000000000
45818  -15.217  -32.883  83.471 0.0000000000
46785  -15.883  -32.496  82.584 0.0000000000
46802  -17.684  -32.628  81.321 0.0000000000
44890  -18.263  -34.179  81.255 0.0000000000
44864  -19.174  -34.042  82.635 0.0000000000
44875  -18.388  -34.835  81.979 0.0000000000
42907  -18.597  -36.669  82.200 0.0000000000
41867  -19.495  -37.308  82.563 0.0000000000
40966  -20.943  -38.110  83.071 0.0000000000
43868  -19.403  -35.193  88.263 0.0000000000
43861  -18.971  -35.722  88.923 0.0000000000
144682  -18.817  -35.574  87.296 0.0000000000
42864  -18.443  -36.338  86.728 0.0000000000
42863  -18.015  -37.206  86.185 0.0000000000
41843  -17.882  -37.790  84.849 0.0000000000
40066  -18.764  -39.511  85.607 0.0000000000
40949  -18.794  -38.483  84.533 0.0000000000
40950  -19.987  -38.743  84.472 0.0000000000
40079  -21.469  -39.625  83.550 0.0000000000
39030  -21.574  -40.553  81.976 0.0000000000
38105  -20.281  -41.833  81.011 0.0000000000
37151  -18.490  -42.602  79.687 0.0000000000
59978  -37.228  -20.266  84.501 0.0000000000
59988  -38.012  -20.745  83.896 0.0000000000
59977  -36.452  -20.334  84.798 0.0000000000
58826  -36.233  -20.746  84.495 0.0000000000
59968  -36.042  -20.096  85.431 0.0000000000
149161  -55.480  -6.180  59.856 0.0000000000
76747  -57.111  -5.832  60.205 0.0000000000
75701  -56.391  -6.351  60.274 0.0000000000
74546  -53.520  -7.398  59.926 0.0000000000
75699  -53.725  -6.516  59.422 0.0000000000
75700  -54.655  -6.347  59.695 0.0000000000
140686  -55.029  -5.734  59.316 0.0000000000
65567  -45.383  -15.100  72.766 0.0000000000
65559  -45.992  -14.828  73.166 0.0000000000
66803  -45.976  -14.724  73.625 0.0000000000
65566  -44.202  -15.253  72.660 0.0000000000
64335  -43.437  -15.617  71.486 0.0000000000
65573  -44.081  -15.310  71.830 0.0000000000
65574  -44.698  -15.507  71.247 0.0000000000
40975  -22.506  -38.569  81.426 0.0000000000
40089  -22.370  -39.356  81.471 0.0000000000
39038  -21.727  -40.456  80.634 0.0000000000
40095  -21.978  -40.115  81.273 0.0000000000
45829  -14.570  -33.513  82.289 0.0000000000
72296  -49.290  -9.222  66.529 0.0000000000
72297  -50.082  -9.221  66.613 0.0000000000
72283  -50.580  -9.548  67.445 0.0000000000
72281  -48.620  -9.486  66.894 0.0000000000
72295  -47.991  -9.491  66.180 0.0000000000
128647  -48.693  -9.252  66.048 0.0000000000
134379  -18.781  -23.662  85.337 0.0000000000
150832  -19.008  -24.408  84.798 0.0000000000
55532  -19.041  -23.765  84.408 0.0000000000
56663  -25.348  -23.916  81.050 0.0000000000
47946  -19.747  -31.461  70.946 0.0000000000
134302  -20.181  -31.107  70.311 0.0000000000
134400  -16.079  -34.715  76.067 0.0000000000
40163  -18.700  -40.144  71.718 0.0000000000
51063  -15.955  -28.465  90.445 0.0000000000
61081  -40.107  -19.341  82.629 0.0000000000
138998  -40.720  -19.232  82.128 0.0000000000
62148  -40.956  -18.618  81.545 0.0000000000
58870  -34.671  -20.824  81.142 0.0000000000
128201  -34.044  -21.030  81.880 0.0000000000
128733  -34.123  -20.832  80.547 0.0000000000
81971  -58.987  -0.851  59.771 0.0000000000
80062  -57.793  -2.336  58.809 0.0000000000
81024  -57.378  -1.876  58.233 0.0000000000
81025  -58.237  -1.659  58.586 0.0000000000
81979  -58.703  -1.059  58.299 0.0000000000
69049  -47.299  -11.978  69.830 0.0000000000
69050  -48.127  -11.963  70.143 0.0000000000
69031  -47.579  -12.532  70.424 0.0000000000
67949  -46.208  -12.934  69.987 0.0000000000
67961  -44.949  -12.790  68.941 0.0000000000
69048  -46.535  -12.119  69.571 0.0000000000
69064  -46.232  -11.621  69.151 0.0000000000
130725  -11.562  -29.009  72.685 0.0000000000
50121  -13.454  -29.199  72.714 0.0000000000
43970  -19.594  -35.607  79.019 0.0000000000
39082  -21.389  -40.349  76.793 0.0000000000
131836  -20.684  -40.819  76.422 0.0000000000
39090  -20.483  -40.661  75.548 0.0000000000
38154  -19.411  -41.416  75.317 0.0000000000
38167  -18.958  -41.488  74.704 0.0000000000
141856  -20.839  -28.694  87.379 0.0000000000
146402  -21.277  -29.212  87.942 0.0000000000
151410  -42.080  -13.684  75.312 0.0000000000
68976  -42.717  -12.587  75.927 0.0000000000
67853  -42.156  -13.046  76.496 0.0000000000
57823  -38.670  -22.940  78.955 0.0000000000
66771  -40.693  -14.549  75.391 0.0000000000
66773  -41.614  -14.144  74.918 0.0000000000
57731  -26.014  -22.613  84.565 0.0000000000
132028  -25.752  -22.905  83.746 0.0000000000
145374  -26.812  -23.528  83.152 0.0000000000
57764  -30.267  -22.409  82.403 0.0000000000
56681  -29.262  -23.193  79.051 0.0000000000
56680  -28.578  -23.363  79.613 0.0000000000
55595  -28.030  -23.749  78.281 0.0000000000
134849  -28.630  -23.543  78.107 0.0000000000
44909  -13.831  -35.377  79.345 0.0000000000
131642  -13.284  -36.471  78.906 0.0000000000
43948  -14.049  -36.088  78.678 0.0000000000
43964  -14.880  -36.194  78.329 0.0000000000
43950  -15.679  -35.097  78.593 0.0000000000
43939  -18.445  -35.992  80.453 0.0000000000
43929  -18.237  -35.301  81.147 0.0000000000
71247  -52.347  -10.260  62.179 0.0000000000
71248  -53.058  -10.130  62.099 0.0000000000
71235  -52.753  -10.038  62.804 0.0000000000
72344  -50.903  -10.228  63.064 0.0000000000
127558  -50.211  -10.521  61.676 0.0000000000
128718  -52.086  -10.293  61.527 0.0000000000
153933  -19.592  -27.092  84.020 0.0000000000
55606  -23.709  -24.706  77.500 0.0000000000
55605  -22.823  -24.582  77.607 0.0000000000
55573  -20.538  -25.147  79.579 0.0000000000
46897  -9.980  -32.246  73.615 0.0000000000
46904  -17.400  -32.655  73.714 0.0000000000
46903  -16.654  -32.567  73.613 0.0000000000
136942  -17.947  -32.346  73.264 0.0000000000
46905  -18.423  -32.356  73.616 0.0000000000
44009  -23.020  -35.438  76.856 0.0000000000
44961  -22.171  -33.963  76.938 0.0000000000
41992  -21.830  -37.873  71.351 0.0000000000
145925  -23.002  -36.589  72.610 0.0000000000
43023  -23.133  -36.738  71.949 0.0000000000
42005  -22.298  -37.371  70.753 0.0000000000
43027  -23.073  -36.679  71.032 0.0000000000
46730  -14.457  -32.427  88.867 0.0000000000
48899  -18.621  -29.932  87.536 0.0000000000
48908  -19.602  -30.568  87.109 0.0000000000
47777  -19.117  -31.454  84.016 0.0000000000
47787  -18.162  -31.754  82.796 0.0000000000
140179  -18.044  -36.567  84.264 0.0000000000
42886  -17.809  -37.029  83.745 0.0000000000
41856  -18.275  -37.342  83.461 0.0000000000
40051  -16.676  -40.029  88.526 0.0000000000
56636  -39.422  -22.911  82.379 0.0000000000
57767  -39.137  -22.337  82.956 0.0000000000
59989  -38.933  -20.307  83.736 0.0000000000
61064  -39.347  -19.474  83.383 0.0000000000
154491  -37.697  -21.660  82.566 0.0000000000
57784  -38.637  -22.974  81.710 0.0000000000
131393  -35.949  -21.086  83.478 0.0000000000
58839  -35.372  -21.026  83.987 0.0000000000
78997  -57.558  -3.718  59.399 0.0000000000
80036  -58.112  -2.843  60.424 0.0000000000
73455  -49.709  -8.684  59.353 0.0000000000
74562  -49.371  -7.872  58.845 0.0000000000
74543  -50.110  -7.951  59.260 0.0000000000
75711  -50.807  -6.323  58.834 0.0000000000
76757  -51.348  -5.696  58.308 0.0000000000
136408  -50.971  -5.209  57.705 0.0000000000
76774  -51.875  -5.192  57.680 0.0000000000
77886  -52.346  -4.764  57.038 0.0000000000
76776  -53.513  -4.937  57.707 0.0000000000
77874  -55.812  -4.545  58.622 0.0000000000
77873  -54.977  -4.847  58.108 0.0000000000
77875  -56.790  -4.217  59.015 0.0000000000
79008  -56.881  -3.410  58.653 0.0000000000
66839  -46.261  -14.502  71.379 0.0000000000
67909  -47.200  -13.986  71.418 0.0000000000
66829  -46.926  -14.838  72.082 0.0000000000
67870  -47.922  -13.373  74.180 0.0000000000
67877  -48.143  -13.890  73.639 0.0000000000
67871  -48.383  -12.791  73.992 0.0000000000
64321  -41.270  -16.054  72.204 0.0000000000
64332  -40.992  -16.381  71.555 0.0000000000
64347  -42.617  -16.278  70.457 0.0000000000
64346  -41.963  -16.498  69.879 0.0000000000
128003  -42.729  -16.715  69.655 0.0000000000
63318  -42.263  -17.207  69.083 0.0000000000
64359  -42.964  -16.788  69.322 0.0000000000
64360  -43.716  -16.547  69.949 0.0000000000
65582  -45.253  -15.304  71.204 0.0000000000
66838  -45.150  -14.965  70.600 0.0000000000
67929  -45.676  -14.363  70.753 0.0000000000
42930  -21.821  -36.556  80.709 0.0000000000
41894  -22.618  -37.325  80.591 0.0000000000
40102  -22.397  -39.667  79.831 0.0000000000
40103  -22.693  -38.766  79.856 0.0000000000
130967  -22.136  -40.118  79.048 0.0000000000
146246  -21.740  -40.413  78.412 0.0000000000
39068  -21.240  -41.018  78.182 0.0000000000
38117  -20.563  -41.589  79.774 0.0000000000
38126  -19.948  -42.003  78.524 0.0000000000
37159  -18.346  -42.667  77.987 0.0000000000
37152  -19.245  -42.327  79.101 0.0000000000
49970  -20.857  -29.460  85.444 0.0000000000
66752  -41.381  -14.295  77.711 0.0000000000
141968  -39.401  -19.098  79.064 0.0000000000
62193  -38.885  -17.685  78.101 0.0000000000
63210  -38.823  -16.960  77.263 0.0000000000
64269  -39.397  -16.390  77.386 0.0000000000
65513  -41.196  -15.117  78.283 0.0000000000
57719  -26.229  -22.191  85.332 0.0000000000
57720  -27.072  -22.216  85.692 0.0000000000
57795  -31.202  -21.816  80.274 0.0000000000
134839  -56.641  0.032  54.689 0.0000000000
130274  -55.614  -0.438  53.950 0.0000000000
83913  -59.180  1.189  54.146 0.0000000000
82951  -58.193  1.031  54.134 0.0000000000
83921  -57.876  1.285  53.439 0.0000000000
83934  -59.249  1.792  52.945 0.0000000000
84947  -60.176  1.943  53.739 0.0000000000
45839  -16.193  -32.827  80.868 0.0000000000
45852  -15.759  -33.140  80.269 0.0000000000
72329  -50.443  -9.613  64.033 0.0000000000
72330  -51.271  -9.490  64.667 0.0000000000
150724  -45.606  -10.681  65.517 0.0000000000
71221  -46.374  -10.121  64.674 0.0000000000
71209  -45.678  -10.401  64.907 0.0000000000
132122  -45.828  -10.345  64.205 0.0000000000
71233  -46.364  -10.167  63.811 0.0000000000
72340  -47.072  -9.758  63.332 0.0000000000
72328  -49.588  -9.384  64.651 0.0000000000
72327  -48.727  -9.541  64.223 0.0000000000
55521  -18.608  -24.620  86.422 0.0000000000
53371  -19.273  -26.440  84.411 0.0000000000
52283  -20.686  -27.002  78.671 0.0000000000
45913  -12.617  -33.796  75.042 0.0000000000
45914  -13.484  -33.528  75.045 0.0000000000
45915  -14.254  -33.677  75.215 0.0000000000
45937  -15.611  -33.649  74.757 0.0000000000
45939  -17.064  -33.597  74.850 0.0000000000
153857  -21.528  -39.031  74.216 0.0000000000
41048  -21.585  -38.761  73.649 0.0000000000
40180  -20.031  -39.484  71.752 0.0000000000
41056  -20.841  -39.036  72.328 0.0000000000
133099  -21.367  -38.390  71.863 0.0000000000
40198  -18.850  -39.415  70.641 0.0000000000
141582  -13.933  -30.054  90.350 0.0000000000
48884  -13.300  -30.527  90.096 0.0000000000
47721  -14.467  -30.960  90.348 0.0000000000
47724  -14.278  -31.764  90.183 0.0000000000
138648  -15.540  -30.991  89.419 0.0000000000
45806  -19.732  -33.423  84.818 0.0000000000
43885  -19.230  -35.017  85.934 0.0000000000
43884  -18.717  -35.856  85.031 0.0000000000
42875  -18.314  -36.696  85.411 0.0000000000
56684  -39.727  -23.618  79.466 0.0000000000
57799  -40.210  -23.043  79.960 0.0000000000
57769  -40.275  -22.901  82.326 0.0000000000
56654  -40.331  -23.915  81.528 0.0000000000
141157  -40.506  -22.299  82.205 0.0000000000
60015  -40.073  -20.783  80.752 0.0000000000
134214  -39.639  -21.186  80.276 0.0000000000
61128  -40.230  -19.797  80.633 0.0000000000
62165  -41.624  -18.349  81.053 0.0000000000
58898  -36.577  -21.688  79.850 0.0000000000
57737  -31.264  -22.214  84.524 0.0000000000
58835  -32.098  -21.929  84.197 0.0000000000
58823  -33.740  -21.200  84.505 0.0000000000
131110  -32.896  -21.460  83.052 0.0000000000
58853  -32.479  -21.423  82.282 0.0000000000
58868  -32.448  -21.229  81.313 0.0000000000
129819  -32.787  -20.864  79.872 0.0000000000
83875  -59.447  1.426  58.244 0.0000000000
77903  -53.564  -4.285  56.527 0.0000000000
77918  -52.461  -4.028  55.747 0.0000000000
79031  -53.908  -3.832  56.036 0.0000000000
80090  -55.306  -2.328  56.464 0.0000000000
80089  -54.651  -2.784  56.054 0.0000000000
80102  -54.933  -2.019  55.782 0.0000000000
149897  -55.230  -1.558  55.567 0.0000000000
82017  -55.609  -1.028  55.388 0.0000000000
82006  -56.195  -1.042  56.221 0.0000000000
146845  -59.443  -0.135  58.411 0.0000000000
82916  -58.751  -0.030  57.192 0.0000000000
82917  -59.401  0.091  57.763 0.0000000000
82918  -59.594  0.731  57.589 0.0000000000
71174  -47.817  -10.432  68.348 0.0000000000
71175  -48.866  -10.055  68.606 0.0000000000
71160  -49.426  -11.002  69.476 0.0000000000
70091  -50.008  -12.250  70.536 0.0000000000
70107  -50.264  -11.659  70.087 0.0000000000
67912  -49.786  -13.340  72.507 0.0000000000
69019  -49.823  -13.145  71.785 0.0000000000
65597  -43.068  -15.808  68.757 0.0000000000
65604  -42.340  -15.962  67.630 0.0000000000
65605  -42.923  -15.389  67.996 0.0000000000
67971  -44.021  -12.997  67.751 0.0000000000
69078  -44.048  -13.011  66.900 0.0000000000
70142  -44.760  -11.872  66.879 0.0000000000
70126  -47.374  -10.976  68.875 0.0000000000
70145  -46.983  -10.728  68.123 0.0000000000
71187  -47.398  -10.275  67.527 0.0000000000
52342  -14.316  -27.753  72.087 0.0000000000
50132  -15.868  -29.282  72.011 0.0000000000
151233  -16.442  -29.332  71.723 0.0000000000
49061  -17.246  -30.214  71.696 0.0000000000
50135  -17.816  -29.967  71.399 0.0000000000
49062  -17.905  -30.786  71.720 0.0000000000
44939  -18.200  -35.334  77.440 0.0000000000
133321  -19.911  -34.457  78.001 0.0000000000
153626  -21.469  -34.501  78.316 0.0000000000
44928  -22.229  -34.727  78.178 0.0000000000
42945  -22.792  -36.603  79.474 0.0000000000
43954  -22.555  -35.991  79.077 0.0000000000
41922  -23.008  -37.253  79.011 0.0000000000
40128  -22.319  -39.110  76.695 0.0000000000
135867  -22.991  -37.799  77.232 0.0000000000
41018  -22.642  -38.259  76.295 0.0000000000
41028  -21.880  -39.092  74.896 0.0000000000
140779  -19.238  -40.856  73.649 0.0000000000
39109  -19.875  -40.355  73.740 0.0000000000
37178  -18.816  -42.371  76.681 0.0000000000
37177  -18.514  -42.336  75.985 0.0000000000
37176  -17.790  -42.714  75.935 0.0000000000
51068  -19.053  -28.725  90.152 0.0000000000
51069  -19.975  -28.946  89.607 0.0000000000
48891  -20.657  -30.249  89.058 0.0000000000
154875  -21.042  -30.645  89.064 0.0000000000
47742  -21.273  -31.635  88.303 0.0000000000
45779  -20.736  -33.284  88.408 0.0000000000
66785  -44.545  -13.983  74.028 0.0000000000
67866  -43.562  -13.478  74.365 0.0000000000
60054  -38.026  -20.507  77.845 0.0000000000
152249  -39.884  -15.493  74.477 0.0000000000
65545  -39.505  -15.759  74.133 0.0000000000
65552  -40.029  -15.896  73.475 0.0000000000
128809  -42.433  -14.403  73.843 0.0000000000
66800  -42.367  -15.163  73.309 0.0000000000
66801  -43.319  -15.118  73.323 0.0000000000
56631  -25.983  -23.486  82.383 0.0000000000
56648  -25.655  -23.644  81.781 0.0000000000
56615  -28.871  -22.922  84.251 0.0000000000
57793  -29.743  -22.765  81.027 0.0000000000
143982  -28.297  -23.364  81.035 0.0000000000
56650  -28.245  -23.440  81.823 0.0000000000
56649  -27.525  -23.575  82.002 0.0000000000
55551  -27.173  -23.607  81.264 0.0000000000
55563  -26.881  -23.925  80.422 0.0000000000
55562  -26.198  -24.086  80.529 0.0000000000
150124  -27.607  -24.084  77.786 0.0000000000
151667  -27.273  -24.248  77.867 0.0000000000
84955  -60.106  2.519  52.388 0.0000000000
84965  -59.666  2.587  51.668 0.0000000000
147394  -60.126  3.259  50.083 0.0000000000
149535  -60.511  4.463  51.039 0.0000000000
44023  -11.524  -35.324  75.908 0.0000000000
44026  -14.180  -35.137  76.331 0.0000000000
44005  -13.858  -35.943  76.728 0.0000000000
41920  -11.560  -37.333  78.628 0.0000000000
42976  -11.901  -36.839  77.623 0.0000000000
42960  -15.327  -36.460  78.051 0.0000000000
42997  -15.188  -36.364  77.585 0.0000000000
152317  -15.593  -36.108  77.299 0.0000000000
43984  -16.359  -36.158  77.740 0.0000000000
44923  -16.816  -35.662  78.330 0.0000000000
45866  -16.258  -33.643  79.257 0.0000000000
44911  -16.492  -34.684  78.638 0.0000000000
43938  -18.346  -35.738  79.599 0.0000000000
42917  -19.839  -36.692  81.364 0.0000000000
41881  -21.638  -37.337  81.808 0.0000000000
41880  -20.500  -37.072  82.104 0.0000000000
133027  -53.746  -8.668  60.723 0.0000000000
139465  -54.393  -8.321  60.836 0.0000000000
73442  -54.238  -8.912  61.221 0.0000000000
67868  -46.378  -13.745  74.479 0.0000000000
71242  -47.378  -10.027  61.875 0.0000000000
71260  -49.717  -10.542  60.871 0.0000000000
71278  -49.280  -10.573  60.275 0.0000000000
71294  -48.733  -10.470  59.855 0.0000000000
71295  -49.706  -10.379  59.981 0.0000000000
72377  -49.065  -9.928  59.619 0.0000000000
71296  -50.589  -10.372  59.839 0.0000000000
72370  -52.659  -9.760  60.834 0.0000000000
72369  -51.741  -9.794  60.577 0.0000000000
73441  -52.978  -8.965  60.607 0.0000000000
74528  -53.305  -8.158  60.346 0.0000000000
53348  -19.137  -26.852  88.716 0.0000000000
52242  -20.203  -28.291  85.936 0.0000000000
51096  -20.560  -28.831  85.707 0.0000000000
49983  -20.877  -29.821  83.860 0.0000000000
150475  -24.126  -23.540  79.049 0.0000000000
56693  -22.634  -23.632  78.598 0.0000000000
56678  -23.291  -23.059  79.246 0.0000000000
57807  -22.405  -22.786  79.581 0.0000000000
55589  -22.223  -24.225  78.157 0.0000000000
55588  -21.534  -24.597  78.329 0.0000000000
55559  -20.737  -24.074  80.007 0.0000000000
56660  -21.194  -23.126  80.202 0.0000000000
54459  -19.681  -25.742  82.485 0.0000000000
52268  -20.613  -27.252  80.272 0.0000000000
51127  -20.661  -28.141  81.489 0.0000000000
49038  -9.924  -30.800  73.405 0.0000000000
47910  -10.570  -30.958  73.318 0.0000000000
143873  -11.179  -30.371  73.131 0.0000000000
45953  -13.140  -32.828  73.724 0.0000000000
47893  -14.322  -31.719  73.324 0.0000000000
141258  -14.969  -31.311  72.951 0.0000000000
150716  -14.191  -31.048  73.166 0.0000000000
144256  -15.282  -30.669  72.648 0.0000000000
47913  -15.677  -31.197  72.648 0.0000000000
47915  -17.266  -31.707  72.675 0.0000000000
47916  -18.651  -31.690  72.195 0.0000000000
47931  -19.217  -31.472  71.650 0.0000000000
47918  -20.159  -31.431  72.090 0.0000000000
44960  -18.729  -34.333  77.145 0.0000000000
44978  -17.869  -34.236  76.135 0.0000000000
45903  -19.381  -33.524  76.701 0.0000000000
46860  -20.855  -32.816  76.222 0.0000000000
46859  -20.016  -32.816  76.177 0.0000000000
46869  -20.556  -32.500  75.427 0.0000000000
136467  -23.104  -35.934  75.328 0.0000000000
132785  -23.044  -35.977  74.613 0.0000000000
44036  -23.178  -34.768  73.955 0.0000000000
44989  -22.850  -34.225  74.612 0.0000000000
45941  -22.114  -32.997  74.736 0.0000000000
46888  -21.599  -32.404  74.245 0.0000000000
46889  -22.275  -32.761  73.930 0.0000000000
45004  -23.753  -34.073  72.313 0.0000000000
45963  -22.881  -33.010  72.843 0.0000000000
45964  -23.343  -33.118  72.166 0.0000000000
46918  -22.674  -32.376  72.442 0.0000000000
45972  -23.863  -33.710  71.490 0.0000000000
46932  -23.574  -32.818  71.232 0.0000000000
44854  -14.196  -33.741  84.546 0.0000000000
49946  -18.631  -29.168  90.090 0.0000000000
49945  -17.616  -29.307  90.170 0.0000000000
49951  -17.990  -29.368  89.367 0.0000000000
48898  -17.577  -29.961  87.590 0.0000000000
48890  -17.279  -29.762  88.589 0.0000000000
47731  -16.020  -30.970  88.286 0.0000000000
133694  -16.227  -31.125  86.166 0.0000000000
149480  -16.312  -31.404  85.345 0.0000000000
47748  -15.650  -31.831  85.861 0.0000000000
46771  -16.768  -31.742  83.498 0.0000000000
46761  -16.208  -31.908  84.175 0.0000000000
133096  -16.611  -32.082  82.841 0.0000000000
46788  -18.644  -32.132  82.157 0.0000000000
46803  -18.430  -32.503  81.727 0.0000000000
45841  -18.436  -33.220  81.421 0.0000000000
44865  -19.438  -33.795  83.756 0.0000000000
45819  -19.289  -32.987  83.091 0.0000000000
137678  -18.403  -36.411  82.342 0.0000000000
41857  -18.947  -37.669  83.249 0.0000000000
41868  -20.468  -37.549  82.715 0.0000000000
43862  -19.814  -35.372  88.838 0.0000000000
41812  -17.976  -37.145  89.277 0.0000000000
42857  -18.245  -36.359  88.834 0.0000000000
43867  -18.788  -36.068  87.938 0.0000000000
41826  -18.189  -36.901  87.455 0.0000000000
41834  -17.780  -37.858  85.672 0.0000000000
42874  -17.970  -37.423  85.262 0.0000000000
40947  -17.833  -38.195  85.294 0.0000000000
40072  -18.379  -38.785  85.250 0.0000000000
40073  -19.330  -39.142  85.025 0.0000000000
40074  -20.363  -39.679  84.789 0.0000000000
40075  -21.191  -39.993  84.238 0.0000000000
38099  -21.362  -40.806  83.374 0.0000000000
39026  -21.640  -40.242  82.882 0.0000000000
38107  -21.206  -41.156  81.851 0.0000000000
62134  -37.774  -18.613  84.254 0.0000000000
61050  -37.363  -19.499  84.596 0.0000000000
61036  -36.639  -19.067  85.222 0.0000000000
58859  -38.279  -21.715  83.159 0.0000000000
57751  -39.200  -21.863  83.322 0.0000000000
58842  -38.444  -21.343  83.560 0.0000000000
58857  -36.524  -21.106  83.028 0.0000000000
58809  -35.082  -20.677  85.227 0.0000000000
136681  -35.966  -21.024  84.170 0.0000000000
77865  -56.633  -5.044  59.513 0.0000000000
78998  -57.940  -4.229  60.085 0.0000000000
76748  -57.997  -4.960  60.592 0.0000000000
74544  -51.558  -7.736  59.656 0.0000000000
75696  -51.194  -6.928  59.379 0.0000000000
75697  -52.037  -6.844  59.561 0.0000000000
75713  -52.768  -6.091  59.129 0.0000000000
76759  -53.709  -5.710  58.821 0.0000000000
146712  -53.812  -5.178  58.293 0.0000000000
76761  -55.461  -5.169  58.959 0.0000000000
65583  -45.851  -14.848  71.739 0.0000000000
65576  -46.035  -14.887  72.466 0.0000000000
66804  -46.694  -14.572  73.684 0.0000000000
67869  -47.245  -13.737  74.432 0.0000000000
133988  -41.982  -15.918  71.514 0.0000000000
64323  -42.763  -15.649  72.062 0.0000000000
64348  -43.578  -16.180  70.499 0.0000000000
64349  -44.125  -15.904  70.501 0.0000000000
40096  -22.529  -39.185  80.672 0.0000000000
39046  -21.766  -40.422  79.881 0.0000000000
39045  -21.111  -41.089  79.749 0.0000000000
62184  -40.100  -17.827  79.321 0.0000000000
63195  -40.180  -17.056  79.039 0.0000000000
64270  -39.880  -16.202  77.762 0.0000000000
64255  -40.319  -16.354  78.524 0.0000000000
64256  -41.033  -15.871  78.935 0.0000000000
151126  -58.680  0.615  55.438 0.0000000000
139000  -58.022  0.720  54.975 0.0000000000
82940  -59.228  0.820  55.470 0.0000000000
83903  -59.509  1.150  54.821 0.0000000000
149038  -60.348  4.001  55.698 0.0000000000
150527  -13.876  -34.068  81.398 0.0000000000
45838  -14.404  -33.619  81.446 0.0000000000
151993  -15.307  -33.098  81.521 0.0000000000
46800  -16.102  -32.609  81.663 0.0000000000
149757  -50.496  -9.289  65.957 0.0000000000
72316  -51.351  -9.350  65.692 0.0000000000
132852  -51.006  -9.295  66.595 0.0000000000
71198  -46.516  -10.499  66.505 0.0000000000
71211  -47.234  -10.047  66.082 0.0000000000
72311  -47.077  -9.854  65.173 0.0000000000
72326  -47.914  -9.583  64.819 0.0000000000
144666  -48.195  -9.403  65.576 0.0000000000
55527  -18.803  -24.537  85.531 0.0000000000
50146  -18.327  -29.718  70.992 0.0000000000
50147  -18.899  -30.048  70.534 0.0000000000
44975  -14.584  -34.427  75.817 0.0000000000
134397  -15.142  -34.000  75.206 0.0000000000
40152  -19.829  -40.032  72.980 0.0000000000
40179  -19.189  -39.702  71.384 0.0000000000
49938  -14.681  -29.383  90.373 0.0000000000
48883  -15.652  -29.772  90.384 0.0000000000
59991  -40.430  -20.533  82.882 0.0000000000
131466  -40.589  -21.380  82.458 0.0000000000
59997  -40.591  -20.614  82.512 0.0000000000
61095  -40.759  -19.935  82.093 0.0000000000
130246  -40.760  -19.937  81.818 0.0000000000
61112  -40.656  -19.653  81.311 0.0000000000
61096  -40.892  -19.134  81.536 0.0000000000
58837  -33.633  -21.355  83.397 0.0000000000
148308  -33.051  -20.982  80.986 0.0000000000
82905  -59.360  0.211  59.176 0.0000000000
79020  -55.479  -3.463  57.535 0.0000000000
80077  -55.795  -2.682  57.212 0.0000000000
139251  -56.572  -2.227  57.741 0.0000000000
81058  -56.153  -1.808  56.853 0.0000000000
147621  -56.730  -1.178  56.847 0.0000000000
81992  -59.097  -0.497  57.973 0.0000000000
70106  -48.686  -11.495  69.794 0.0000000000
70090  -49.056  -12.119  70.369 0.0000000000
69033  -50.472  -12.530  71.367 0.0000000000
67960  -44.318  -13.318  68.547 0.0000000000
69063  -44.655  -12.501  68.110 0.0000000000
70143  -45.286  -11.754  67.581 0.0000000000
70125  -45.847  -11.641  68.525 0.0000000000
138389  -46.597  -11.217  68.634 0.0000000000
55609  -26.446  -24.600  77.444 0.0000000000
51229  -14.841  -28.269  72.104 0.0000000000
51216  -14.123  -28.569  72.432 0.0000000000
152085  -15.918  -29.890  72.226 0.0000000000
44925  -19.270  -35.253  78.405 0.0000000000
44927  -21.545  -34.997  78.751 0.0000000000
152352  -22.611  -38.944  78.313 0.0000000000
40117  -22.472  -39.111  77.546 0.0000000000
40127  -21.726  -39.671  76.306 0.0000000000
40136  -21.516  -39.621  75.416 0.0000000000
39098  -19.477  -40.946  74.478 0.0000000000
39097  -18.827  -41.371  73.960 0.0000000000
38166  -18.306  -41.964  74.443 0.0000000000
51072  -20.610  -28.896  89.012 0.0000000000
49954  -21.197  -29.581  88.588 0.0000000000
48893  -21.470  -30.244  88.557 0.0000000000
47752  -21.634  -31.239  87.617 0.0000000000
46743  -21.275  -32.526  88.136 0.0000000000
136158  -43.135  -12.990  75.065 0.0000000000
61145  -37.736  -19.050  77.188 0.0000000000
65540  -40.121  -15.054  75.842 0.0000000000
154179  -40.253  -15.181  74.860 0.0000000000
65546  -40.952  -15.177  74.037 0.0000000000
57736  -30.411  -22.584  84.934 0.0000000000
57735  -29.518  -22.752  85.198 0.0000000000
154561  -29.465  -22.889  83.535 0.0000000000
57763  -29.557  -22.858  82.758 0.0000000000
56666  -29.003  -23.130  80.479 0.0000000000
55564  -27.695  -23.661  79.938 0.0000000000
147991  -55.528  0.145  51.743 0.0000000000
42957  -13.060  -36.913  78.497 0.0000000000
145127  -12.825  -36.900  77.792 0.0000000000
42959  -14.506  -36.554  78.140 0.0000000000
138142  -16.031  -36.258  78.090 0.0000000000
72361  -53.069  -9.931  61.189 0.0000000000
72362  -53.940  -9.455  61.598 0.0000000000
71264  -53.661  -9.760  61.909 0.0000000000
148302  -53.937  -9.883  62.434 0.0000000000
72355  -49.454  -10.103  62.753 0.0000000000
71243  -48.282  -10.075  61.751 0.0000000000
152132  -49.792  -10.455  62.206 0.0000000000
71261  -50.440  -10.340  60.776 0.0000000000
71279  -50.885  -10.377  60.227 0.0000000000
133335  -51.973  -10.240  61.165 0.0000000000
53355  -19.206  -26.632  87.894 0.0000000000
53366  -19.267  -26.845  85.135 0.0000000000
55548  -20.260  -24.169  80.841 0.0000000000
54469  -20.005  -24.928  81.293 0.0000000000
51128  -20.903  -28.969  80.992 0.0000000000
47890  -10.725  -31.717  73.453 0.0000000000
46882  -15.863  -33.031  74.160 0.0000000000
46881  -15.022  -32.738  73.746 0.0000000000
46902  -15.831  -32.423  73.410 0.0000000000
47895  -16.556  -32.085  73.009 0.0000000000
47897  -18.497  -31.905  72.839 0.0000000000
47898  -19.185  -31.762  73.085 0.0000000000
154856  -20.454  -33.888  77.550 0.0000000000
45905  -21.596  -33.296  76.447 0.0000000000
45906  -22.384  -33.778  76.055 0.0000000000
43019  -22.762  -36.857  73.167 0.0000000000
43017  -22.951  -36.410  73.956 0.0000000000
44043  -23.296  -35.234  73.370 0.0000000000
44997  -23.006  -33.989  73.724 0.0000000000
45954  -22.737  -33.257  73.483 0.0000000000
44998  -23.371  -34.563  73.028 0.0000000000
153101  -23.865  -34.828  72.334 0.0000000000
44051  -23.901  -35.495  71.837 0.0000000000
44055  -24.008  -35.100  70.940 0.0000000000
43028  -23.652  -35.877  70.977 0.0000000000
48906  -17.742  -30.231  86.587 0.0000000000
47764  -19.220  -31.428  84.890 0.0000000000
153405  -16.416  -31.573  84.691 0.0000000000
46772  -17.340  -31.811  82.883 0.0000000000
43903  -18.427  -36.082  83.055 0.0000000000
42896  -18.353  -36.792  82.978 0.0000000000
41811  -17.410  -37.915  88.902 0.0000000000
41816  -17.507  -38.239  87.812 0.0000000000
40933  -17.249  -38.742  86.989 0.0000000000
40064  -17.533  -39.030  86.433 0.0000000000
39020  -20.759  -40.551  84.704 0.0000000000
56668  -39.028  -24.173  81.158 0.0000000000
55552  -39.915  -24.646  81.265 0.0000000000
56637  -40.090  -23.366  82.198 0.0000000000
58843  -39.953  -21.667  83.221 0.0000000000
58844  -40.418  -21.197  82.929 0.0000000000
61065  -40.146  -20.061  83.087 0.0000000000
129712  -35.390  -20.835  80.663 0.0000000000
58884  -36.173  -21.092  80.671 0.0000000000
57796  -36.729  -21.989  80.942 0.0000000000
58873  -36.880  -21.413  82.287 0.0000000000
57782  -36.934  -21.869  81.568 0.0000000000
130316  -37.576  -22.415  81.172 0.0000000000
58824  -34.784  -20.946  84.607 0.0000000000
128200  -34.965  -21.091  82.118 0.0000000000
81026  -58.360  -2.009  59.225 0.0000000000
81003  -58.589  -1.285  60.553 0.0000000000
80037  -58.400  -2.009  60.519 0.0000000000
74563  -50.444  -7.164  59.054 0.0000000000
75710  -50.028  -6.610  58.516 0.0000000000
144896  -48.910  -6.331  57.782 0.0000000000
134936  -49.918  -5.305  57.554 0.0000000000
77887  -53.205  -4.771  57.015 0.0000000000
76777  -54.159  -4.752  57.942 0.0000000000
77889  -54.419  -4.374  57.517 0.0000000000
77890  -55.229  -4.220  57.817 0.0000000000
153473  -57.467  -2.984  58.939 0.0000000000
67930  -46.948  -13.065  70.690 0.0000000000
67931  -47.887  -13.238  71.031 0.0000000000
67910  -48.249  -13.812  71.732 0.0000000000
67891  -49.095  -13.956  72.838 0.0000000000
66818  -47.646  -14.482  72.757 0.0000000000
67878  -49.077  -13.715  73.346 0.0000000000
64333  -41.527  -16.241  70.748 0.0000000000
64345  -41.081  -16.426  70.078 0.0000000000
63332  -41.502  -17.168  68.721 0.0000000000
149144  -42.045  -17.384  68.350 0.0000000000
64369  -42.807  -16.661  68.679 0.0000000000
65590  -44.185  -15.908  70.140 0.0000000000
66846  -45.068  -14.060  70.152 0.0000000000
153774  -45.686  -13.613  70.272 0.0000000000
49049  -11.974  -29.764  73.055 0.0000000000
154334  -20.923  -35.730  79.782 0.0000000000
41908  -22.902  -37.313  79.730 0.0000000000
40990  -22.873  -37.984  79.969 0.0000000000
40108  -22.219  -39.759  78.155 0.0000000000
39069  -21.619  -40.408  77.664 0.0000000000
153923  -19.673  -41.635  76.488 0.0000000000
38147  -20.066  -41.342  76.991 0.0000000000
38146  -19.407  -41.904  76.918 0.0000000000
38136  -19.707  -41.964  77.659 0.0000000000
37170  -18.979  -42.367  77.433 0.0000000000
37169  -18.288  -42.795  77.165 0.0000000000
48920  -21.609  -30.889  86.222 0.0000000000
67845  -41.669  -13.458  77.193 0.0000000000
139534  -42.172  -12.992  77.257 0.0000000000
67846  -42.148  -13.291  77.822 0.0000000000
141579  -38.403  -19.930  78.434 0.0000000000
62183  -39.390  -18.321  78.731 0.0000000000
152796  -38.786  -18.369  78.284 0.0000000000
62203  -37.906  -18.217  76.971 0.0000000000
63223  -38.257  -17.461  76.627 0.0000000000
64283  -38.672  -16.750  76.191 0.0000000000
65511  -39.710  -15.822  77.103 0.0000000000
57765  -30.998  -21.979  82.056 0.0000000000
57794  -30.504  -22.377  80.672 0.0000000000
56696  -29.202  -23.200  78.283 0.0000000000
82044  -55.277  -0.301  52.258 0.0000000000
82950  -57.233  0.525  54.291 0.0000000000
82963  -56.893  0.572  53.551 0.0000000000
82973  -55.906  0.269  52.305 0.0000000000
139040  -56.585  0.870  52.241 0.0000000000
82985  -56.112  0.675  51.506 0.0000000000
83945  -56.799  1.293  51.526 0.0000000000
84964  -58.036  2.007  51.975 0.0000000000
130616  -59.480  2.185  52.370 0.0000000000
85924  -60.705  3.473  54.429 0.0000000000
45864  -15.123  -34.551  79.081 0.0000000000
45840  -17.923  -33.453  80.782 0.0000000000
71234  -51.965  -10.028  63.140 0.0000000000
145538  -52.022  -9.732  64.188 0.0000000000
72317  -52.373  -9.579  65.918 0.0000000000
72339  -46.276  -9.879  62.946 0.0000000000
72352  -47.003  -9.876  62.600 0.0000000000
72353  -47.834  -9.626  62.676 0.0000000000
72342  -48.673  -9.676  63.247 0.0000000000
146920  -50.094  -10.019  63.233 0.0000000000
55516  -18.421  -24.880  87.112 0.0000000000
54496  -22.371  -25.183  77.187 0.0000000000
54495  -21.765  -25.558  77.235 0.0000000000
54488  -21.337  -25.409  77.919 0.0000000000
53395  -20.549  -26.085  79.142 0.0000000000
45950  -10.350  -33.050  73.800 0.0000000000
45951  -11.324  -33.132  73.820 0.0000000000
45935  -13.070  -33.350  74.153 0.0000000000
45936  -14.855  -33.342  74.444 0.0000000000
46884  -17.518  -33.015  74.278 0.0000000000
46885  -18.146  -32.824  74.306 0.0000000000
43009  -23.135  -36.649  75.822 0.0000000000
41962  -22.431  -37.777  74.594 0.0000000000
130005  -21.265  -39.102  73.056 0.0000000000
41983  -22.395  -37.689  73.016 0.0000000000
41982  -22.075  -37.827  72.175 0.0000000000
42004  -21.466  -37.965  70.523 0.0000000000
48887  -12.928  -30.993  89.605 0.0000000000
47723  -12.738  -31.646  89.539 0.0000000000
130224  -13.754  -31.961  90.132 0.0000000000
46726  -14.417  -32.129  89.684 0.0000000000
46731  -15.021  -32.036  88.273 0.0000000000
46774  -19.191  -32.148  83.588 0.0000000000
55553  -40.253  -24.611  81.150 0.0000000000
57813  -40.436  -23.486  80.486 0.0000000000
141254  -40.429  -22.443  81.364 0.0000000000
145866  -40.340  -22.674  80.562 0.0000000000
58900  -39.795  -22.036  80.103 0.0000000000
58899  -39.060  -21.198  79.604 0.0000000000
61127  -39.681  -19.451  79.816 0.0000000000
62164  -40.919  -19.039  80.952 0.0000000000
129039  -40.794  -18.221  79.972 0.0000000000
58822  -32.726  -21.465  84.839 0.0000000000
144988  -31.614  -21.717  82.564 0.0000000000
58893  -32.083  -21.355  79.831 0.0000000000
58880  -32.575  -21.051  80.525 0.0000000000
79049  -54.151  -3.242  55.636 0.0000000000
144289  -53.578  -3.443  55.462 0.0000000000
79060  -52.498  -3.216  54.641 0.0000000000
82019  -57.439  0.007  56.078 0.0000000000
82008  -57.813  -0.280  56.878 0.0000000000
82929  -58.191  0.171  56.471 0.0000000000
82930  -58.977  0.458  56.284 0.0000000000
82931  -59.590  0.779  56.768 0.0000000000
150996  -59.834  1.451  57.163 0.0000000000
141924  -48.964  -9.627  67.713 0.0000000000
71189  -49.740  -9.844  68.000 0.0000000000
71176  -49.969  -10.281  68.925 0.0000000000
70155  -45.966  -11.040  66.987 0.0000000000
146420  -47.076  -10.209  66.874 0.0000000000
55575  -25.947  -24.084  79.915 0.0000000000
128329  -25.416  -24.222  79.261 0.0000000000
55608  -25.665  -24.668  77.581 0.0000000000
55607  -24.488  -24.543  77.865 0.0000000000
51230  -15.536  -28.443  71.790 0.0000000000
49063  -18.601  -30.527  71.239 0.0000000000
44008  -17.030  -35.651  76.935 0.0000000000
44977  -17.263  -34.832  76.402 0.0000000000
44942  -21.860  -34.195  77.739 0.0000000000
44943  -22.550  -34.629  77.385 0.0000000000
43953  -21.722  -35.499  79.286 0.0000000000
142337  -23.180  -37.405  78.180 0.0000000000
136214  -23.260  -36.620  78.024 0.0000000000
42961  -22.972  -35.984  78.315 0.0000000000
42979  -23.196  -36.114  77.529 0.0000000000
42998  -23.242  -36.404  76.695 0.0000000000
41952  -22.734  -37.514  75.542 0.0000000000
40144  -20.619  -39.930  74.158 0.0000000000
40153  -20.390  -39.781  73.351 0.0000000000
39123  -19.275  -40.515  72.997 0.0000000000
48901  -21.261  -30.808  88.816 0.0000000000
44828  -19.823  -34.334  88.150 0.0000000000
65557  -44.432  -15.235  73.092 0.0000000000
66802  -45.100  -14.723  73.519 0.0000000000
67867  -45.333  -13.452  74.475 0.0000000000
144550  -38.244  -21.305  78.191 0.0000000000
144872  -37.316  -20.858  77.170 0.0000000000
64320  -40.618  -15.992  72.803 0.0000000000
65554  -41.624  -15.266  73.344 0.0000000000
65565  -41.447  -15.608  72.813 0.0000000000
65555  -42.852  -15.602  72.783 0.0000000000
65556  -43.509  -15.439  72.931 0.0000000000
57746  -24.880  -22.477  83.647 0.0000000000
57761  -24.629  -22.817  82.672 0.0000000000
55561  -25.815  -24.077  80.592 0.0000000000
139061  -27.966  -22.183  85.941 0.0000000000
57734  -28.578  -22.616  85.353 0.0000000000
57733  -27.663  -22.586  85.077 0.0000000000
56613  -27.326  -22.933  84.345 0.0000000000
56623  -27.370  -23.212  83.584 0.0000000000
56635  -28.836  -23.004  82.294 0.0000000000
154022  -27.587  -23.211  83.133 0.0000000000
56632  -26.632  -23.582  82.483 0.0000000000
135925  -26.866  -24.347  78.016 0.0000000000
83946  -58.048  2.238  51.083 0.0000000000
84975  -57.640  2.202  50.353 0.0000000000
85957  -59.978  3.034  50.879 0.0000000000
84986  -57.660  2.517  49.637 0.0000000000
134840  -60.586  3.771  49.742 0.0000000000
44973  -12.248  -34.720  75.551 0.0000000000
44957  -15.792  -35.498  76.711 0.0000000000
42995  -13.400  -36.462  77.265 0.0000000000
44006  -14.900  -35.910  76.884 0.0000000000
44007  -16.505  -35.860  77.165 0.0000000000
43985  -17.667  -35.826  77.802 0.0000000000
42942  -19.013  -36.122  79.390 0.0000000000
40974  -22.115  -38.116  82.021 0.0000000000
74547  -54.297  -7.050  60.108 0.0000000000
75685  -56.574  -6.922  60.768 0.0000000000
74529  -54.862  -7.635  60.693 0.0000000000
152486  -51.353  -10.074  67.952 0.0000000000
68990  -47.060  -13.075  74.823 0.0000000000
71257  -46.049  -10.115  61.240 0.0000000000
71275  -46.895  -10.328  60.486 0.0000000000
71258  -47.773  -10.375  60.877 0.0000000000
71276  -47.581  -10.587  60.040 0.0000000000
71293  -47.712  -10.505  59.592 0.0000000000
72390  -48.565  -9.426  59.099 0.0000000000
72391  -49.249  -9.259  59.368 0.0000000000
73456  -50.647  -8.989  59.417 0.0000000000
72368  -51.139  -10.260  59.890 0.0000000000
72380  -51.348  -9.609  59.730 0.0000000000
73457  -51.271  -8.644  59.540 0.0000000000
74527  -52.561  -8.363  60.251 0.0000000000
52224  -19.644  -27.680  89.117 0.0000000000
52225  -20.217  -28.106  88.584 0.0000000000
53361  -19.580  -27.181  86.569 0.0000000000
147029  -20.425  -28.917  84.955 0.0000000000
56661  -23.754  -22.825  80.181 0.0000000000
57790  -21.582  -22.355  80.487 0.0000000000
56629  -19.947  -23.266  82.013 0.0000000000
153513  -19.473  -25.890  83.129 0.0000000000
145445  -20.210  -27.008  81.768 0.0000000000
51109  -20.735  -29.514  82.754 0.0000000000
50119  -10.907  -29.678  72.815 0.0000000000
137318  -11.756  -32.595  73.624 0.0000000000
138355  -11.623  -31.927  73.478 0.0000000000
47891  -12.286  -31.370  73.401 0.0000000000
46901  -14.429  -32.366  73.545 0.0000000000
127861  -13.016  -31.587  73.378 0.0000000000
49039  -12.923  -30.915  73.272 0.0000000000
49051  -13.601  -30.613  73.137 0.0000000000
134308  -13.589  -29.938  72.884 0.0000000000
49054  -17.059  -30.895  72.196 0.0000000000
47932  -20.304  -31.507  71.304 0.0000000000
45919  -18.200  -33.544  75.684 0.0000000000
46867  -18.539  -32.855  75.164 0.0000000000
131928  -18.890  -32.443  74.449 0.0000000000
44027  -23.099  -35.199  75.871 0.0000000000
44035  -22.987  -35.152  74.853 0.0000000000
45922  -22.464  -33.677  75.150 0.0000000000
45921  -21.936  -33.188  75.562 0.0000000000
46886  -19.795  -32.114  74.592 0.0000000000
46906  -19.127  -32.028  73.787 0.0000000000
47877  -19.928  -31.701  73.795 0.0000000000
47899  -20.005  -31.593  72.901 0.0000000000
46909  -22.424  -32.562  73.164 0.0000000000
47900  -20.929  -31.917  72.746 0.0000000000
47919  -21.074  -31.621  71.978 0.0000000000
46930  -22.071  -31.805  71.892 0.0000000000
45976  -24.045  -33.395  70.658 0.0000000000
44061  -23.964  -35.244  69.456 0.0000000000
135308  -23.927  -35.537  70.207 0.0000000000
146074  -23.624  -35.825  69.600 0.0000000000
44863  -14.102  -33.884  83.685 0.0000000000
49941  -17.143  -28.956  90.414 0.0000000000
49944  -16.617  -29.504  90.255 0.0000000000
48885  -16.047  -30.188  89.983 0.0000000000
48889  -16.381  -30.300  88.996 0.0000000000
47730  -15.537  -31.498  87.682 0.0000000000
47739  -16.799  -30.586  86.463 0.0000000000
45784  -15.114  -32.514  85.594 0.0000000000
45795  -15.104  -32.627  84.886 0.0000000000
45804  -14.843  -33.046  84.379 0.0000000000
133370  -14.586  -33.394  83.847 0.0000000000
45817  -14.614  -33.448  83.130 0.0000000000
45830  -15.190  -33.054  82.539 0.0000000000
154687  -17.110  -32.052  82.488 0.0000000000
46786  -16.833  -32.265  81.986 0.0000000000
138113  -18.847  -33.773  81.762 0.0000000000
41878  -18.996  -36.923  82.126 0.0000000000
41879  -19.449  -36.875  81.969 0.0000000000
40967  -21.691  -38.510  82.658 0.0000000000
42850  -18.674  -36.361  89.210 0.0000000000
40065  -18.019  -39.134  86.018 0.0000000000
40939  -17.913  -38.574  85.621 0.0000000000
40948  -18.039  -38.154  84.740 0.0000000000
40958  -19.418  -38.142  83.896 0.0000000000
40078  -20.904  -39.185  84.091 0.0000000000
40959  -20.518  -38.402  83.780 0.0000000000
40960  -21.323  -38.830  83.388 0.0000000000
40083  -21.786  -39.318  82.803 0.0000000000
40088  -21.996  -39.757  82.111 0.0000000000
39029  -21.348  -40.872  81.140 0.0000000000
146664  -20.804  -41.400  80.526 0.0000000000
137472  -18.470  -42.702  78.816 0.0000000000
38106  -20.793  -41.496  81.411 0.0000000000
39024  -21.446  -40.303  83.635 0.0000000000
40135  -20.932  -40.133  75.020 0.0000000000
40166  -20.784  -39.427  72.987 0.0000000000
41066  -20.590  -38.810  71.320 0.0000000000
41932  -11.538  -37.193  77.956 0.0000000000
42977  -13.881  -36.790  77.922 0.0000000000
43018  -23.102  -35.997  73.151 0.0000000000
44024  -12.344  -35.420  76.145 0.0000000000
44047  -23.538  -35.375  72.699 0.0000000000
45012  -24.135  -34.261  70.824 0.0000000000
45769  -13.953  -32.433  89.970 0.0000000000
46724  -13.380  -32.427  90.015 0.0000000000
46727  -14.941  -31.754  89.188 0.0000000000
46899  -12.563  -32.245  73.529 0.0000000000
46908  -21.737  -32.235  73.424 0.0000000000
47718  -12.710  -31.925  89.872 0.0000000000
47719  -13.205  -31.698  90.103 0.0000000000
47720  -13.844  -31.288  90.297 0.0000000000
47725  -14.836  -31.424  89.965 0.0000000000
47914  -16.397  -31.419  72.607 0.0000000000
48880  -13.444  -30.837  90.266 0.0000000000
48881  -14.001  -30.599  90.439 0.0000000000
48882  -14.691  -30.079  90.503 0.0000000000
49048  -10.363  -30.234  73.068 0.0000000000
49050  -12.849  -30.214  73.152 0.0000000000
49064  -19.200  -31.155  71.179 0.0000000000
49073  -19.512  -30.822  70.506 0.0000000000
49940  -16.224  -29.078  90.482 0.0000000000
50120  -12.535  -29.059  72.810 0.0000000000
50123  -15.274  -29.876  72.445 0.0000000000
51060  -14.283  -29.352  90.165 0.0000000000
56638  -40.290  -23.546  81.953 0.0000000000
57785  -40.415  -23.183  81.873 0.0000000000
60005  -40.749  -20.611  82.084 0.0000000000
62147  -40.233  -18.524  82.095 0.0000000000
65558  -45.340  -15.065  73.143 0.0000000000
65596  -42.757  -16.264  68.181 0.0000000000
66788  -47.388  -14.185  74.007 0.0000000000
66806  -48.392  -14.219  73.177 0.0000000000
66817  -46.751  -14.577  72.959 0.0000000000
66819  -48.336  -14.292  72.699 0.0000000000
66831  -48.533  -14.050  72.347 0.0000000000
67857  -42.383  -13.271  75.585 0.0000000000
67892  -49.647  -13.477  72.938 0.0000000000
67911  -49.067  -13.581  72.121 0.0000000000
67948  -44.657  -13.703  69.379 0.0000000000
68992  -48.516  -12.334  74.532 0.0000000000
69032  -48.504  -12.648  70.686 0.0000000000
70092  -50.821  -12.059  70.678 0.0000000000
70105  -46.934  -11.491  69.292 0.0000000000
71244  -49.281  -10.412  61.808 0.0000000000
71249  -54.780  -9.850  62.435 0.0000000000
71281  -52.230  -10.134  61.078 0.0000000000
72378  -49.973  -9.640  59.721 0.0000000000
73458  -51.813  -8.546  59.966 0.0000000000
74530  -55.929  -7.480  61.097 0.0000000000
74545  -52.288  -7.690  59.881 0.0000000000
75698  -52.910  -7.049  59.607 0.0000000000
75727  -49.591  -6.108  57.937 0.0000000000
76772  -49.132  -5.663  57.302 0.0000000000
76775  -52.781  -5.149  57.644 0.0000000000
77866  -57.562  -4.630  59.789 0.0000000000
77902  -52.816  -4.402  56.399 0.0000000000
78990  -57.992  -3.916  60.653 0.0000000000
79019  -54.646  -3.787  57.185 0.0000000000
79030  -53.241  -3.881  55.940 0.0000000000
79032  -54.381  -3.566  56.347 0.0000000000
79061  -53.215  -3.052  54.845 0.0000000000
80027  -58.341  -1.669  61.169 0.0000000000
80049  -58.323  -2.267  59.871 0.0000000000
80061  -57.034  -2.614  58.436 0.0000000000
80101  -54.323  -2.331  55.338 0.0000000000
81039  -56.956  -1.478  57.538 0.0000000000
81980  -59.264  -0.658  58.839 0.0000000000
81990  -57.388  -0.845  57.264 0.0000000000
82007  -57.001  -0.610  56.459 0.0000000000
82026  -55.968  -0.418  54.645 0.0000000000
82052  -54.892  -0.254  51.538 0.0000000000
82939  -58.082  0.405  55.754 0.0000000000
82941  -59.467  0.862  56.082 0.0000000000
82962  -56.416  0.400  52.990 0.0000000000
82964  -57.447  0.888  53.688 0.0000000000
83904  -59.729  1.305  55.557 0.0000000000
83923  -59.566  1.601  53.577 0.0000000000
83932  -58.051  1.645  52.793 0.0000000000
83933  -58.778  1.940  52.446 0.0000000000
83959  -57.082  1.732  50.823 0.0000000000
84939  -60.505  2.581  54.053 0.0000000000
84954  -59.898  2.036  53.008 0.0000000000
85958  -60.455  3.752  50.540 0.0000000000
127867  -22.330  -38.387  75.239 0.0000000000
128919  -43.438  -15.444  72.417 0.0000000000
131651  -58.877  -1.397  59.023 0.0000000000
132219  -53.152  -5.392  58.349 0.0000000000
132484  -41.209  -18.480  80.611 0.0000000000
132550  -22.677  -38.548  77.124 0.0000000000
132986  -59.515  0.499  58.364 0.0000000000
137605  -44.769  -15.100  72.264 0.0000000000
138630  -50.815  -10.447  62.175 0.0000000000
143019  -9.584  -30.555  73.693 0.0000000000
146046  -57.603  -5.308  60.215 0.0000000000
149291  -31.511  -21.813  83.111 0.0000000000
151244  -50.437  -5.248  57.651 0.0000000000
151484  -22.329  -39.664  80.991 0.0000000000
151942  -39.667  -20.151  83.448 0.0000000000
152829  -58.734  1.713  52.899 0.0000000000
153040  -42.885  -15.548  73.070 0.0000000000
153403  -45.257  -12.143  68.505 0.0000000000
154977  -52.508  -10.223  61.716 0.0000000000
