#!ascii label  , from subject sub-v1s6x0051369_ses-1 vox2ras=TkReg
1566
38279  12.193  -45.214  78.659 0.0000000000
133627  40.030  -21.452  65.013 0.0000000000
52906  30.178  -31.604  78.671 0.0000000000
151232  35.180  -33.905  75.735 0.0000000000
51894  21.821  -31.319  73.952 0.0000000000
37220  19.528  -45.458  80.511 0.0000000000
154392  49.216  -14.266  54.293 0.0000000000
63273  48.979  -22.164  71.135 0.0000000000
55284  31.057  -28.254  68.927 0.0000000000
75483  51.242  -11.468  44.686 0.0000000000
50672  25.451  -33.509  80.223 0.0000000000
35070  16.208  -47.671  78.607 0.0000000000
137446  48.695  -17.706  62.315 0.0000000000
66882  44.609  -18.965  65.300 0.0000000000
64573  36.431  -19.949  60.632 0.0000000000
63405  40.923  -21.254  61.781 0.0000000000
63407  31.248  -21.327  61.332 0.0000000000
51840  32.418  -31.519  76.565 0.0000000000
144563  33.436  -33.264  80.446 0.0000000000
136101  21.031  -33.654  79.369 0.0000000000
40126  21.708  -42.516  83.180 0.0000000000
43934  19.904  -38.739  77.281 0.0000000000
41146  17.099  -41.404  75.452 0.0000000000
51856  26.622  -31.684  76.084 0.0000000000
70723  54.037  -14.658  53.700 0.0000000000
70654  53.395  -15.556  59.291 0.0000000000
61076  43.976  -23.496  67.141 0.0000000000
58982  32.590  -25.263  65.802 0.0000000000
51929  32.613  -31.612  71.780 0.0000000000
69516  50.075  -16.477  47.627 0.0000000000
69526  54.719  -16.342  46.498 0.0000000000
72160  55.428  -13.990  40.330 0.0000000000
46035  22.236  -36.257  78.800 0.0000000000
35071  14.321  -47.321  78.445 0.0000000000
32923  15.395  -49.864  80.449 0.0000000000
34005  13.295  -48.603  80.417 0.0000000000
68171  44.401  -18.189  59.161 0.0000000000
64613  35.187  -20.289  59.167 0.0000000000
161091  37.045  -20.271  58.937 0.0000000000
155359  11.896  -42.450  83.572 0.0000000000
65742  34.629  -19.891  63.272 0.0000000000
54066  32.551  -30.200  79.433 0.0000000000
51776  34.217  -30.811  81.246 0.0000000000
51786  32.095  -31.523  80.675 0.0000000000
50738  21.645  -32.607  76.733 0.0000000000
46037  20.492  -36.413  78.234 0.0000000000
48444  20.553  -34.417  75.195 0.0000000000
51869  25.166  -31.635  74.809 0.0000000000
51826  24.133  -32.100  77.400 0.0000000000
38230  20.817  -44.516  83.044 0.0000000000
73184  51.630  -13.408  54.007 0.0000000000
73152  54.371  -13.375  55.747 0.0000000000
70665  52.189  -15.992  57.088 0.0000000000
66862  48.196  -18.314  66.550 0.0000000000
68088  50.495  -17.179  64.946 0.0000000000
61070  41.941  -24.078  68.618 0.0000000000
59970  43.558  -24.793  70.121 0.0000000000
62236  41.922  -22.919  66.381 0.0000000000
57835  28.888  -26.852  67.243 0.0000000000
58984  30.409  -25.251  65.500 0.0000000000
143538  31.912  -26.631  67.449 0.0000000000
49614  32.501  -33.364  75.573 0.0000000000
157899  31.780  -32.476  73.635 0.0000000000
49629  33.962  -32.931  73.665 0.0000000000
72054  47.050  -14.787  51.924 0.0000000000
72069  47.093  -15.153  48.626 0.0000000000
69454  50.171  -16.166  51.597 0.0000000000
69465  52.778  -17.270  50.915 0.0000000000
75504  53.720  -11.363  41.270 0.0000000000
73270  52.329  -13.531  41.308 0.0000000000
70856  55.678  -15.263  43.679 0.0000000000
70859  52.727  -15.393  43.702 0.0000000000
51796  28.403  -32.508  78.575 0.0000000000
50668  29.971  -33.333  79.922 0.0000000000
48367  27.296  -34.750  80.343 0.0000000000
36157  17.833  -47.047  79.213 0.0000000000
33993  19.111  -49.054  82.111 0.0000000000
32921  17.531  -50.239  81.254 0.0000000000
70697  46.500  -16.178  55.211 0.0000000000
153927  49.409  -17.487  57.402 0.0000000000
135453  46.709  -18.331  58.411 0.0000000000
66920  46.913  -18.146  62.781 0.0000000000
65663  46.942  -19.839  68.551 0.0000000000
64534  38.562  -20.636  63.520 0.0000000000
63378  40.779  -21.378  63.502 0.0000000000
133607  39.000  -20.618  60.956 0.0000000000
54177  29.328  -29.068  70.898 0.0000000000
143366  36.727  -32.059  73.219 0.0000000000
39247  11.545  -43.236  80.069 0.0000000000
36144  12.615  -46.402  81.690 0.0000000000
39230  12.444  -43.905  82.210 0.0000000000
64496  38.550  -20.715  65.120 0.0000000000
64536  36.871  -20.300  63.447 0.0000000000
65773  34.567  -19.692  60.643 0.0000000000
62275  32.623  -22.488  60.768 0.0000000000
51804  33.930  -31.099  78.924 0.0000000000
153724  33.094  -32.392  78.576 0.0000000000
161804  33.516  -34.408  78.211 0.0000000000
48349  31.819  -34.293  80.881 0.0000000000
47171  33.965  -35.506  79.361 0.0000000000
44943  21.558  -37.308  81.582 0.0000000000
42022  22.371  -40.633  81.774 0.0000000000
42954  20.886  -38.746  82.847 0.0000000000
141343  20.317  -40.649  80.844 0.0000000000
159391  19.767  -42.666  79.479 0.0000000000
46076  19.674  -36.439  73.317 0.0000000000
43007  18.728  -39.785  76.215 0.0000000000
38276  18.833  -44.100  78.474 0.0000000000
37264  17.071  -45.346  77.527 0.0000000000
37289  14.829  -45.223  76.592 0.0000000000
39304  12.034  -43.104  76.704 0.0000000000
52921  30.659  -30.334  77.766 0.0000000000
52937  29.004  -29.894  76.155 0.0000000000
52923  29.135  -31.130  77.259 0.0000000000
142311  25.932  -32.339  77.795 0.0000000000
50675  22.996  -33.117  80.960 0.0000000000
71955  56.501  -13.213  59.205 0.0000000000
69345  50.791  -16.910  60.752 0.0000000000
65710  43.577  -19.549  66.253 0.0000000000
63289  45.166  -22.620  69.746 0.0000000000
62202  45.938  -23.885  69.165 0.0000000000
133500  42.105  -21.777  64.062 0.0000000000
63345  43.799  -22.060  64.869 0.0000000000
61105  29.348  -23.463  63.303 0.0000000000
61102  31.823  -23.911  63.129 0.0000000000
60040  33.685  -24.089  63.576 0.0000000000
52991  30.557  -30.952  72.020 0.0000000000
150473  31.680  -29.773  70.305 0.0000000000
53008  35.636  -30.484  71.540 0.0000000000
54172  34.668  -29.471  70.338 0.0000000000
56530  32.871  -27.975  68.746 0.0000000000
57832  34.039  -26.420  67.587 0.0000000000
60006  34.454  -24.878  65.108 0.0000000000
70843  49.943  -14.828  44.682 0.0000000000
69513  53.281  -16.809  47.512 0.0000000000
69481  55.329  -17.126  49.949 0.0000000000
44962  21.974  -37.910  77.889 0.0000000000
36158  13.076  -46.741  78.898 0.0000000000
34014  13.804  -48.286  79.638 0.0000000000
35059  12.761  -47.031  79.738 0.0000000000
63435  34.248  -21.325  59.238 0.0000000000
62307  34.809  -21.709  58.766 0.0000000000
42003  11.514  -40.978  84.257 0.0000000000
52905  30.829  -31.083  78.900 0.0000000000
52904  32.292  -30.802  80.012 0.0000000000
51793  30.544  -31.746  79.363 0.0000000000
51861  21.730  -32.053  75.600 0.0000000000
49601  20.839  -33.058  76.145 0.0000000000
50765  20.953  -32.178  74.797 0.0000000000
51870  24.838  -31.259  73.844 0.0000000000
51871  23.202  -31.506  74.371 0.0000000000
134170  22.643  -31.730  75.918 0.0000000000
38235  20.120  -44.938  81.477 0.0000000000
147806  19.813  -46.450  82.392 0.0000000000
72008  50.443  -13.758  54.344 0.0000000000
71993  51.868  -14.026  55.098 0.0000000000
70693  50.600  -15.392  55.532 0.0000000000
66826  48.846  -19.217  69.013 0.0000000000
66825  49.755  -19.022  69.367 0.0000000000
62238  40.583  -22.246  66.525 0.0000000000
61079  41.692  -23.322  67.361 0.0000000000
63347  40.757  -21.829  65.507 0.0000000000
55286  29.091  -28.277  68.829 0.0000000000
56545  29.690  -27.824  68.283 0.0000000000
157441  31.003  -26.714  67.327 0.0000000000
57822  31.568  -27.219  67.989 0.0000000000
49613  33.232  -33.692  75.712 0.0000000000
49623  33.298  -33.319  74.499 0.0000000000
138814  34.318  -33.503  74.690 0.0000000000
134797  47.978  -14.281  53.058 0.0000000000
70758  48.399  -15.248  51.652 0.0000000000
72039  49.322  -14.196  53.531 0.0000000000
143114  50.681  -15.266  52.964 0.0000000000
141897  52.460  -11.311  42.979 0.0000000000
74335  51.560  -12.868  42.212 0.0000000000
72128  52.447  -14.541  42.282 0.0000000000
72112  50.896  -14.175  43.119 0.0000000000
147329  26.802  -33.182  79.603 0.0000000000
50670  27.317  -33.553  80.028 0.0000000000
49553  25.923  -34.017  80.499 0.0000000000
35069  17.046  -47.403  78.770 0.0000000000
35043  18.043  -48.343  80.487 0.0000000000
34011  17.260  -48.627  79.864 0.0000000000
31929  14.886  -50.476  80.914 0.0000000000
31928  15.714  -50.884  81.134 0.0000000000
69425  45.002  -16.393  54.794 0.0000000000
68236  46.689  -17.424  56.048 0.0000000000
68227  44.897  -17.948  56.805 0.0000000000
66936  44.459  -18.314  61.435 0.0000000000
66950  45.324  -18.271  61.228 0.0000000000
153063  45.667  -18.577  64.057 0.0000000000
66880  46.365  -18.661  65.734 0.0000000000
66865  45.672  -19.082  66.212 0.0000000000
142871  37.748  -20.321  61.928 0.0000000000
135916  39.023  -20.691  62.227 0.0000000000
139140  38.256  -20.445  61.352 0.0000000000
70727  44.949  -15.050  53.677 0.0000000000
39246  12.004  -43.740  80.952 0.0000000000
39231  11.908  -43.120  81.776 0.0000000000
64497  37.660  -20.706  65.394 0.0000000000
64517  37.434  -20.485  64.101 0.0000000000
64518  36.696  -20.419  64.401 0.0000000000
65750  32.793  -19.832  61.936 0.0000000000
65747  34.952  -19.720  62.368 0.0000000000
64574  32.971  -19.976  61.044 0.0000000000
63423  33.015  -21.222  60.100 0.0000000000
63424  32.365  -21.418  60.607 0.0000000000
52902  34.450  -30.428  80.083 0.0000000000
51777  33.949  -31.581  81.181 0.0000000000
51791  34.220  -31.626  79.985 0.0000000000
50687  33.828  -32.431  80.370 0.0000000000
49576  32.933  -33.202  78.575 0.0000000000
49575  33.522  -33.707  79.547 0.0000000000
48365  29.438  -34.474  80.588 0.0000000000
49548  30.448  -33.514  80.704 0.0000000000
48364  30.362  -34.702  80.699 0.0000000000
159447  33.540  -35.907  79.386 0.0000000000
48409  34.977  -35.672  78.528 0.0000000000
48353  21.337  -34.992  82.182 0.0000000000
43912  21.166  -38.058  82.771 0.0000000000
149843  20.676  -36.097  81.959 0.0000000000
44964  20.322  -37.986  77.937 0.0000000000
43923  20.269  -38.383  80.354 0.0000000000
42976  20.172  -39.678  79.369 0.0000000000
133715  20.331  -41.644  80.751 0.0000000000
42048  19.644  -40.511  78.334 0.0000000000
48463  19.887  -34.152  72.511 0.0000000000
43039  17.304  -39.643  74.108 0.0000000000
43038  18.053  -39.287  74.552 0.0000000000
42081  17.751  -40.905  75.936 0.0000000000
139529  18.680  -42.307  77.789 0.0000000000
40185  17.900  -43.005  76.978 0.0000000000
38278  17.868  -44.916  77.957 0.0000000000
40194  16.780  -42.846  76.056 0.0000000000
38319  13.359  -44.482  76.535 0.0000000000
54076  31.272  -29.934  77.953 0.0000000000
54086  30.819  -29.494  77.485 0.0000000000
52953  26.713  -31.020  75.295 0.0000000000
52938  27.892  -30.972  76.270 0.0000000000
136773  28.688  -30.681  76.550 0.0000000000
51841  27.307  -31.731  76.713 0.0000000000
51823  27.668  -32.205  77.644 0.0000000000
135655  26.382  -32.076  76.896 0.0000000000
51812  22.610  -32.060  78.230 0.0000000000
50713  23.038  -32.298  79.175 0.0000000000
49565  21.865  -33.434  80.902 0.0000000000
48352  22.065  -34.574  82.260 0.0000000000
41053  22.182  -41.798  82.993 0.0000000000
135804  12.664  -47.108  82.557 0.0000000000
35035  12.544  -47.890  81.925 0.0000000000
72020  55.627  -13.379  54.332 0.0000000000
157758  53.713  -15.079  58.223 0.0000000000
71978  55.169  -13.437  57.358 0.0000000000
70652  55.330  -13.880  59.344 0.0000000000
70627  55.292  -14.095  61.465 0.0000000000
68146  48.911  -17.719  59.699 0.0000000000
68167  50.338  -17.572  58.897 0.0000000000
68127  50.152  -17.226  61.153 0.0000000000
147538  52.379  -15.970  64.575 0.0000000000
61068  43.650  -24.183  67.962 0.0000000000
59969  44.155  -24.554  70.000 0.0000000000
61053  44.605  -24.633  69.315 0.0000000000
62178  46.216  -24.003  71.082 0.0000000000
61066  45.120  -23.971  68.608 0.0000000000
63392  40.607  -21.284  62.557 0.0000000000
63377  41.526  -21.604  63.800 0.0000000000
140404  41.434  -21.519  62.906 0.0000000000
60027  29.001  -24.467  64.378 0.0000000000
58983  31.603  -25.098  65.514 0.0000000000
151379  30.729  -24.736  64.705 0.0000000000
60025  31.837  -24.645  64.649 0.0000000000
140086  32.803  -23.999  63.355 0.0000000000
60024  32.776  -24.615  64.572 0.0000000000
52935  32.694  -30.767  76.553 0.0000000000
51854  32.221  -31.032  75.773 0.0000000000
51910  32.027  -32.191  72.400 0.0000000000
51889  31.461  -32.213  73.103 0.0000000000
157636  31.618  -31.691  71.884 0.0000000000
147944  31.241  -30.702  71.208 0.0000000000
53011  32.052  -31.013  71.318 0.0000000000
51907  36.420  -31.558  72.667 0.0000000000
55266  34.874  -28.286  69.532 0.0000000000
54196  33.300  -29.070  69.685 0.0000000000
56528  34.533  -27.801  69.026 0.0000000000
56542  33.240  -27.466  68.386 0.0000000000
57819  34.577  -26.812  68.121 0.0000000000
136205  48.414  -16.025  48.020 0.0000000000
69529  50.799  -16.215  46.703 0.0000000000
70813  51.314  -16.092  46.033 0.0000000000
69514  51.641  -16.610  47.756 0.0000000000
69440  54.140  -16.219  52.450 0.0000000000
69464  53.760  -17.290  50.631 0.0000000000
69450  54.628  -16.701  51.745 0.0000000000
69448  56.416  -16.172  51.312 0.0000000000
73308  54.061  -12.729  39.586 0.0000000000
70838  55.300  -15.443  44.450 0.0000000000
69535  56.612  -15.821  45.886 0.0000000000
69510  55.919  -16.722  47.431 0.0000000000
48387  23.814  -34.349  80.961 0.0000000000
47180  24.212  -34.794  79.866 0.0000000000
47216  22.919  -35.743  77.894 0.0000000000
161211  14.964  -47.554  78.354 0.0000000000
34013  15.419  -48.617  79.262 0.0000000000
32938  14.554  -48.769  79.623 0.0000000000
32924  14.503  -49.562  80.377 0.0000000000
32925  13.635  -49.414  80.830 0.0000000000
155538  43.228  -17.904  60.485 0.0000000000
142293  43.897  -18.352  63.120 0.0000000000
64596  35.703  -19.941  59.782 0.0000000000
64595  37.248  -20.201  60.089 0.0000000000
64612  35.995  -20.203  59.018 0.0000000000
64638  35.814  -20.923  57.994 0.0000000000
41056  11.581  -41.644  82.808 0.0000000000
42010  11.556  -40.828  83.169 0.0000000000
41046  11.735  -41.926  83.984 0.0000000000
133270  35.115  -20.240  64.190 0.0000000000
64556  32.026  -20.125  62.265 0.0000000000
54055  33.956  -30.188  80.759 0.0000000000
52903  33.167  -30.373  80.422 0.0000000000
51785  33.012  -31.284  81.302 0.0000000000
51778  33.208  -31.840  81.434 0.0000000000
50716  21.386  -32.684  77.929 0.0000000000
47200  20.521  -35.077  79.160 0.0000000000
49587  20.959  -33.150  77.062 0.0000000000
47235  20.593  -35.107  76.647 0.0000000000
157172  20.364  -36.579  75.722 0.0000000000
41164  15.942  -41.298  74.419 0.0000000000
43073  15.043  -39.021  72.801 0.0000000000
52954  26.018  -31.215  74.806 0.0000000000
51857  25.955  -31.683  75.491 0.0000000000
51842  25.820  -32.027  76.348 0.0000000000
51843  24.232  -31.908  76.391 0.0000000000
51844  22.836  -31.928  76.601 0.0000000000
39217  20.869  -43.535  83.002 0.0000000000
70724  53.019  -14.596  53.572 0.0000000000
72005  53.997  -13.279  54.727 0.0000000000
134490  52.876  -13.464  54.694 0.0000000000
71980  53.309  -14.478  56.004 0.0000000000
69363  53.002  -15.828  58.348 0.0000000000
68090  48.657  -17.855  64.279 0.0000000000
68099  49.532  -17.380  63.459 0.0000000000
161185  49.610  -17.584  65.776 0.0000000000
68057  50.470  -17.778  67.813 0.0000000000
62181  43.149  -24.598  70.281 0.0000000000
59986  42.699  -24.381  68.843 0.0000000000
61069  42.953  -24.171  67.837 0.0000000000
62235  42.710  -22.984  66.236 0.0000000000
153067  41.689  -21.327  62.072 0.0000000000
58970  28.713  -25.844  66.215 0.0000000000
58985  29.182  -25.407  65.508 0.0000000000
58969  29.896  -25.782  66.123 0.0000000000
58968  31.046  -25.669  66.162 0.0000000000
161600  32.277  -25.923  66.698 0.0000000000
155599  31.955  -33.004  75.512 0.0000000000
50749  31.681  -32.553  75.094 0.0000000000
49615  32.107  -33.206  74.918 0.0000000000
157851  32.748  -32.685  73.355 0.0000000000
51909  33.215  -32.056  72.312 0.0000000000
72071  45.723  -14.141  50.061 0.0000000000
73212  45.958  -13.625  48.315 0.0000000000
70771  46.782  -15.353  50.152 0.0000000000
69487  48.916  -16.344  49.715 0.0000000000
69486  49.828  -16.604  49.691 0.0000000000
153096  51.577  -16.995  49.695 0.0000000000
157550  51.321  -16.918  51.059 0.0000000000
69442  52.192  -16.245  52.471 0.0000000000
75493  53.341  -11.097  42.570 0.0000000000
75505  52.877  -11.838  41.249 0.0000000000
72162  53.468  -13.603  40.405 0.0000000000
72125  55.995  -14.722  42.186 0.0000000000
146948  54.256  -14.637  41.964 0.0000000000
70858  53.602  -15.325  43.445 0.0000000000
70825  53.481  -15.825  45.170 0.0000000000
51805  29.425  -32.022  78.395 0.0000000000
51794  29.855  -32.264  78.992 0.0000000000
50690  28.567  -32.966  79.258 0.0000000000
151463  28.165  -33.758  80.162 0.0000000000
47163  28.042  -35.127  80.208 0.0000000000
37221  18.881  -46.184  80.040 0.0000000000
36143  19.367  -47.260  82.009 0.0000000000
35042  18.646  -47.875  81.342 0.0000000000
33994  18.518  -49.644  81.658 0.0000000000
32922  16.344  -50.188  80.640 0.0000000000
31927  16.794  -51.164  81.385 0.0000000000
70707  47.716  -15.111  54.523 0.0000000000
139971  49.229  -16.602  56.048 0.0000000000
69394  47.582  -17.098  56.141 0.0000000000
68209  47.770  -17.977  57.466 0.0000000000
141658  47.475  -18.158  59.723 0.0000000000
68170  45.331  -18.381  59.118 0.0000000000
66949  46.496  -18.238  60.607 0.0000000000
68112  47.772  -17.872  62.273 0.0000000000
142031  47.481  -18.295  64.239 0.0000000000
65683  47.325  -19.420  68.029 0.0000000000
64419  48.575  -21.461  71.024 0.0000000000
64515  39.349  -20.971  64.637 0.0000000000
63364  40.103  -21.195  64.103 0.0000000000
64551  39.211  -20.690  62.981 0.0000000000
63393  39.795  -20.970  62.400 0.0000000000
64570  39.916  -20.817  61.101 0.0000000000
134721  38.009  -20.336  59.654 0.0000000000
64593  39.588  -20.622  60.183 0.0000000000
64592  40.420  -20.842  60.567 0.0000000000
55270  30.188  -29.104  69.790 0.0000000000
50762  36.457  -33.395  74.475 0.0000000000
73201  44.641  -13.460  50.551 0.0000000000
72056  45.595  -14.269  51.839 0.0000000000
72011  46.782  -14.689  53.718 0.0000000000
76601  53.852  -10.551  46.729 0.0000000000
76602  52.871  -10.496  46.976 0.0000000000
39259  11.634  -43.584  79.022 0.0000000000
36150  12.493  -46.314  80.311 0.0000000000
38247  12.166  -44.609  80.622 0.0000000000
37217  12.792  -45.598  82.283 0.0000000000
37210  13.225  -45.554  83.663 0.0000000000
39219  12.379  -43.396  82.989 0.0000000000
140176  39.939  -21.503  66.030 0.0000000000
133405  39.127  -21.374  66.331 0.0000000000
63348  39.243  -21.099  65.556 0.0000000000
64516  38.635  -20.737  64.269 0.0000000000
64535  37.770  -20.436  63.408 0.0000000000
64553  36.765  -20.051  61.804 0.0000000000
150526  35.466  -19.958  63.182 0.0000000000
65746  35.878  -19.933  62.271 0.0000000000
65772  35.444  -19.748  60.595 0.0000000000
64597  34.839  -19.861  59.834 0.0000000000
63436  33.537  -21.775  59.597 0.0000000000
139485  33.354  -22.826  60.625 0.0000000000
51839  32.900  -31.090  77.242 0.0000000000
52892  34.484  -30.634  80.927 0.0000000000
50725  33.580  -31.816  79.064 0.0000000000
51822  32.601  -31.857  77.276 0.0000000000
49599  32.445  -33.313  77.194 0.0000000000
48419  33.101  -34.141  77.349 0.0000000000
49598  33.658  -34.145  76.654 0.0000000000
50667  30.699  -32.792  80.486 0.0000000000
50655  31.965  -32.695  81.270 0.0000000000
49533  32.919  -33.346  81.112 0.0000000000
47159  32.107  -35.396  80.374 0.0000000000
48362  32.670  -34.507  80.707 0.0000000000
49546  33.315  -34.124  80.417 0.0000000000
48398  33.744  -34.778  79.439 0.0000000000
48418  34.306  -34.695  77.894 0.0000000000
49597  35.486  -34.340  76.809 0.0000000000
42975  21.821  -39.344  80.351 0.0000000000
42968  21.726  -39.061  81.671 0.0000000000
42015  22.053  -40.304  82.771 0.0000000000
158421  21.537  -40.808  83.123 0.0000000000
44950  20.341  -37.510  81.060 0.0000000000
42961  20.480  -39.316  82.237 0.0000000000
41063  20.735  -41.712  82.606 0.0000000000
143599  20.660  -42.564  82.392 0.0000000000
39244  20.475  -43.345  81.553 0.0000000000
160161  19.800  -44.687  80.427 0.0000000000
49631  20.317  -33.095  73.703 0.0000000000
46063  20.184  -36.281  74.238 0.0000000000
139458  19.832  -37.619  75.392 0.0000000000
46077  18.932  -36.956  72.817 0.0000000000
137075  18.984  -38.323  74.634 0.0000000000
43006  19.361  -39.310  76.724 0.0000000000
41096  19.347  -41.239  78.200 0.0000000000
39274  19.232  -43.454  78.648 0.0000000000
37231  19.400  -44.770  79.632 0.0000000000
37243  18.351  -45.276  78.605 0.0000000000
37244  17.603  -45.748  78.237 0.0000000000
37245  16.748  -46.210  77.853 0.0000000000
39315  16.228  -43.437  75.855 0.0000000000
37288  15.688  -45.093  76.656 0.0000000000
36167  15.818  -46.615  77.735 0.0000000000
36185  14.270  -46.353  77.610 0.0000000000
38299  13.130  -45.147  77.193 0.0000000000
38301  12.170  -44.176  77.457 0.0000000000
40170  11.545  -42.750  78.451 0.0000000000
41086  11.571  -41.070  79.136 0.0000000000
54075  31.838  -29.868  78.555 0.0000000000
52914  31.104  -30.498  78.429 0.0000000000
141372  30.365  -31.075  78.202 0.0000000000
54087  30.138  -29.897  77.158 0.0000000000
52922  29.909  -30.722  77.533 0.0000000000
52915  29.624  -31.454  77.888 0.0000000000
161370  28.077  -32.363  78.117 0.0000000000
51807  27.529  -32.564  78.500 0.0000000000
50710  25.735  -32.714  78.834 0.0000000000
51825  25.056  -32.238  77.654 0.0000000000
50711  24.702  -32.554  79.158 0.0000000000
50673  24.559  -33.220  80.484 0.0000000000
161602  23.020  -33.700  82.075 0.0000000000
44949  21.759  -37.494  80.030 0.0000000000
35045  12.556  -47.280  80.945 0.0000000000
33995  12.852  -49.078  81.328 0.0000000000
144057  55.694  -12.643  55.379 0.0000000000
68207  50.234  -17.248  57.380 0.0000000000
69364  51.800  -16.702  58.472 0.0000000000
69343  52.436  -16.224  60.439 0.0000000000
69322  50.872  -16.818  62.628 0.0000000000
69333  51.805  -16.224  61.867 0.0000000000
70629  53.231  -15.523  61.517 0.0000000000
148252  43.121  -18.698  64.856 0.0000000000
66867  43.948  -19.239  65.742 0.0000000000
151597  43.670  -22.547  68.852 0.0000000000
64437  44.177  -20.875  67.782 0.0000000000
65686  44.762  -19.745  66.953 0.0000000000
64435  45.761  -20.585  68.498 0.0000000000
62163  47.231  -23.577  71.184 0.0000000000
62200  47.881  -23.206  70.249 0.0000000000
63346  41.570  -21.911  65.142 0.0000000000
62247  42.154  -22.460  65.599 0.0000000000
62246  43.107  -22.453  65.398 0.0000000000
159647  42.703  -21.664  63.214 0.0000000000
62254  43.120  -22.076  64.607 0.0000000000
62234  44.367  -22.671  66.539 0.0000000000
62233  45.187  -22.394  66.855 0.0000000000
63312  45.973  -22.099  67.246 0.0000000000
63395  29.418  -21.961  62.706 0.0000000000
61117  30.011  -22.760  62.288 0.0000000000
157489  29.851  -24.562  64.357 0.0000000000
60043  30.160  -23.979  63.367 0.0000000000
61128  30.602  -22.583  61.776 0.0000000000
61126  32.204  -23.232  61.725 0.0000000000
61114  33.199  -23.500  61.998 0.0000000000
134928  33.855  -23.298  61.392 0.0000000000
51868  31.181  -31.579  74.473 0.0000000000
53013  30.124  -30.267  71.710 0.0000000000
54175  30.813  -30.200  70.764 0.0000000000
55269  31.148  -28.837  69.460 0.0000000000
51888  35.610  -32.297  72.959 0.0000000000
51908  34.456  -31.946  72.439 0.0000000000
51928  33.854  -31.335  71.717 0.0000000000
54156  35.021  -30.138  70.853 0.0000000000
53010  33.983  -30.629  71.080 0.0000000000
54174  32.634  -29.699  70.228 0.0000000000
54197  32.115  -29.000  69.790 0.0000000000
55283  32.058  -28.233  69.065 0.0000000000
56543  32.363  -27.590  68.448 0.0000000000
143701  33.287  -26.526  67.534 0.0000000000
58967  32.858  -25.735  66.501 0.0000000000
57831  35.015  -26.315  67.616 0.0000000000
58957  34.384  -25.994  67.039 0.0000000000
151487  33.318  -25.371  65.984 0.0000000000
60023  33.806  -24.508  64.389 0.0000000000
157202  50.863  -11.312  45.651 0.0000000000
73233  50.310  -13.517  44.031 0.0000000000
70842  51.236  -15.366  44.453 0.0000000000
69539  52.855  -16.208  45.796 0.0000000000
69527  53.847  -16.462  46.684 0.0000000000
142396  52.536  -16.961  49.092 0.0000000000
69498  54.041  -17.185  48.290 0.0000000000
142954  54.770  -17.051  47.858 0.0000000000
69496  56.075  -16.966  48.764 0.0000000000
42982  21.764  -39.615  79.231 0.0000000000
43927  21.765  -38.866  78.538 0.0000000000
37247  12.675  -46.064  78.701 0.0000000000
36159  12.617  -46.400  79.383 0.0000000000
62284  33.712  -22.611  59.820 0.0000000000
62293  34.279  -22.201  59.285 0.0000000000
51792  31.417  -31.316  79.639 0.0000000000
51873  21.589  -31.639  74.747 0.0000000000
51874  21.440  -32.038  75.197 0.0000000000
134556  21.167  -31.649  74.337 0.0000000000
51872  22.332  -31.490  74.627 0.0000000000
37216  19.925  -45.737  81.903 0.0000000000
37209  20.252  -45.938  82.742 0.0000000000
71995  49.833  -14.386  54.611 0.0000000000
71994  50.545  -14.551  55.009 0.0000000000
70694  49.954  -15.306  55.226 0.0000000000
139820  49.368  -21.254  70.975 0.0000000000
65648  49.881  -20.504  70.699 0.0000000000
64418  49.619  -21.299  70.872 0.0000000000
62237  41.303  -22.730  66.632 0.0000000000
55285  30.078  -28.319  68.771 0.0000000000
56544  30.772  -27.790  68.367 0.0000000000
49612  34.248  -33.930  75.916 0.0000000000
160557  48.373  -14.356  54.027 0.0000000000
159952  48.598  -14.309  53.472 0.0000000000
135980  48.985  -14.086  53.844 0.0000000000
72025  49.776  -13.712  53.918 0.0000000000
133550  51.587  -11.539  43.593 0.0000000000
74325  51.034  -12.634  43.057 0.0000000000
73254  51.182  -13.556  42.627 0.0000000000
74322  50.792  -12.216  43.998 0.0000000000
50692  26.003  -33.151  79.525 0.0000000000
50671  26.377  -33.650  80.070 0.0000000000
35055  16.708  -48.060  79.160 0.0000000000
69411  44.307  -17.001  55.335 0.0000000000
145206  45.141  -17.085  55.522 0.0000000000
68238  44.579  -17.527  56.003 0.0000000000
66909  44.691  -18.385  63.201 0.0000000000
66922  45.215  -18.346  62.609 0.0000000000
66895  45.214  -18.685  64.715 0.0000000000
66881  45.469  -18.845  65.486 0.0000000000
65708  45.127  -19.426  66.569 0.0000000000
64572  37.431  -20.201  61.065 0.0000000000
40139  11.605  -42.291  81.285 0.0000000000
63350  37.180  -21.160  66.221 0.0000000000
64498  36.641  -20.758  65.425 0.0000000000
159297  37.276  -20.535  64.798 0.0000000000
64575  32.272  -20.332  61.378 0.0000000000
65762  33.540  -19.690  61.664 0.0000000000
64601  31.847  -20.882  60.951 0.0000000000
64600  32.601  -20.685  60.687 0.0000000000
63425  31.738  -21.553  60.910 0.0000000000
50665  33.725  -32.416  80.817 0.0000000000
143043  33.558  -33.250  80.136 0.0000000000
48351  30.227  -34.122  80.939 0.0000000000
47161  29.825  -35.150  80.319 0.0000000000
48374  20.948  -34.601  81.297 0.0000000000
47165  20.738  -35.438  81.701 0.0000000000
48389  20.708  -34.396  79.931 0.0000000000
43929  20.189  -38.886  78.231 0.0000000000
42038  20.017  -40.317  79.113 0.0000000000
42984  19.974  -39.713  78.480 0.0000000000
135521  16.946  -40.326  74.449 0.0000000000
43025  17.650  -39.910  74.936 0.0000000000
42098  17.345  -40.629  75.210 0.0000000000
41132  17.600  -41.678  76.185 0.0000000000
157813  17.287  -42.373  76.222 0.0000000000
136125  17.344  -42.956  76.498 0.0000000000
40202  16.876  -42.141  75.745 0.0000000000
52939  27.225  -31.180  75.982 0.0000000000
52952  27.541  -30.594  75.518 0.0000000000
50715  21.746  -32.541  78.441 0.0000000000
50714  22.309  -32.415  78.916 0.0000000000
49566  21.508  -33.312  79.854 0.0000000000
48373  21.710  -34.031  81.872 0.0000000000
36138  13.017  -46.811  84.033 0.0000000000
35028  12.567  -47.859  83.578 0.0000000000
70741  54.633  -15.440  53.097 0.0000000000
70722  55.138  -14.453  53.668 0.0000000000
71956  54.515  -14.357  58.552 0.0000000000
70653  54.325  -14.624  59.347 0.0000000000
70641  55.269  -14.025  60.396 0.0000000000
70642  54.298  -14.799  60.402 0.0000000000
147858  48.738  -17.838  60.699 0.0000000000
137532  49.526  -17.515  60.524 0.0000000000
68128  49.326  -17.619  61.547 0.0000000000
61054  44.076  -24.703  68.882 0.0000000000
61067  44.350  -24.039  68.201 0.0000000000
61052  45.290  -24.427  69.813 0.0000000000
158684  41.141  -21.372  62.338 0.0000000000
60010  28.612  -24.837  65.064 0.0000000000
60008  32.428  -24.898  65.186 0.0000000000
143199  33.112  -31.031  71.273 0.0000000000
55245  35.255  -28.758  70.066 0.0000000000
56541  34.131  -27.379  68.498 0.0000000000
56540  35.104  -27.211  68.720 0.0000000000
70791  49.269  -16.346  48.259 0.0000000000
70800  49.042  -16.133  47.204 0.0000000000
69530  49.931  -16.175  46.689 0.0000000000
152629  50.450  -16.374  47.094 0.0000000000
69501  50.881  -16.610  48.197 0.0000000000
70742  53.617  -15.485  53.062 0.0000000000
69439  55.113  -16.030  52.375 0.0000000000
73285  54.803  -13.495  39.604 0.0000000000
73307  54.593  -13.028  39.075 0.0000000000
73284  55.784  -13.629  39.481 0.0000000000
72159  56.592  -14.033  40.111 0.0000000000
69536  55.428  -15.830  45.831 0.0000000000
140829  56.136  -15.456  45.048 0.0000000000
69525  55.902  -16.338  46.643 0.0000000000
47199  22.650  -35.482  79.007 0.0000000000
47181  23.121  -34.876  80.025 0.0000000000
35057  14.594  -48.002  78.974 0.0000000000
34004  13.957  -48.928  80.073 0.0000000000
66937  43.041  -17.930  61.183 0.0000000000
142585  43.636  -18.248  61.701 0.0000000000
66924  43.395  -18.269  62.496 0.0000000000
153575  11.755  -42.166  84.870 0.0000000000
134314  32.860  -30.855  80.868 0.0000000000
51779  32.411  -32.037  81.352 0.0000000000
50728  21.386  -32.776  77.253 0.0000000000
141218  20.790  -33.857  77.752 0.0000000000
145652  20.698  -33.519  75.759 0.0000000000
48433  20.688  -34.252  76.129 0.0000000000
47251  20.582  -35.206  75.658 0.0000000000
148593  20.547  -35.968  76.076 0.0000000000
52965  25.690  -30.927  74.134 0.0000000000
134171  25.083  -31.924  75.862 0.0000000000
51858  24.188  -31.797  75.460 0.0000000000
51845  22.310  -32.019  76.195 0.0000000000
51846  22.155  -32.374  76.889 0.0000000000
50727  21.644  -32.544  77.539 0.0000000000
72023  52.349  -13.638  53.884 0.0000000000
72006  53.021  -13.496  54.487 0.0000000000
73175  52.289  -13.507  54.243 0.0000000000
70679  51.857  -15.563  56.241 0.0000000000
71981  52.345  -14.688  55.713 0.0000000000
70678  52.705  -15.234  56.567 0.0000000000
70664  52.893  -15.539  57.545 0.0000000000
69376  52.390  -16.250  57.963 0.0000000000
66878  48.098  -18.238  65.544 0.0000000000
68082  48.919  -17.785  65.111 0.0000000000
66877  48.946  -17.910  66.120 0.0000000000
66843  49.988  -18.352  68.555 0.0000000000
59972  42.471  -24.823  69.824 0.0000000000
61032  42.865  -24.908  70.373 0.0000000000
159820  42.323  -23.907  67.824 0.0000000000
61078  42.461  -23.496  67.023 0.0000000000
57846  28.457  -26.262  66.910 0.0000000000
57845  29.340  -26.376  66.664 0.0000000000
57844  30.493  -26.259  66.693 0.0000000000
57843  31.637  -26.150  66.819 0.0000000000
49600  32.190  -33.070  76.206 0.0000000000
158917  33.647  -33.157  74.159 0.0000000000
49630  33.109  -32.954  73.843 0.0000000000
50772  33.264  -32.728  73.290 0.0000000000
50783  32.834  -32.452  72.882 0.0000000000
50782  33.697  -32.501  72.896 0.0000000000
72055  46.279  -14.626  51.471 0.0000000000
72061  46.908  -15.144  51.036 0.0000000000
70757  49.352  -15.533  51.875 0.0000000000
69469  48.510  -15.899  50.413 0.0000000000
69468  49.254  -16.201  50.473 0.0000000000
69467  49.956  -16.567  50.689 0.0000000000
136939  50.686  -16.758  50.954 0.0000000000
72024  51.329  -13.816  53.738 0.0000000000
70744  51.394  -15.726  52.692 0.0000000000
70725  52.106  -14.653  53.472 0.0000000000
70743  52.686  -15.489  53.040 0.0000000000
74334  52.135  -12.335  41.787 0.0000000000
75494  52.515  -11.590  42.096 0.0000000000
74344  52.461  -12.670  41.149 0.0000000000
73287  52.865  -13.078  40.509 0.0000000000
72163  52.924  -13.789  40.907 0.0000000000
72143  53.682  -14.239  41.185 0.0000000000
72144  52.737  -14.199  41.541 0.0000000000
72110  52.114  -14.912  43.038 0.0000000000
70872  53.056  -15.022  42.870 0.0000000000
70840  53.589  -15.560  44.213 0.0000000000
70839  54.391  -15.634  44.733 0.0000000000
139172  52.816  -15.628  44.539 0.0000000000
51795  29.135  -32.599  78.826 0.0000000000
49551  27.566  -34.083  80.390 0.0000000000
48366  28.335  -34.473  80.422 0.0000000000
155785  18.425  -46.786  79.724 0.0000000000
36149  18.768  -46.960  80.743 0.0000000000
35053  18.308  -47.539  80.044 0.0000000000
34002  17.850  -49.232  80.903 0.0000000000
32937  15.127  -49.202  79.849 0.0000000000
32936  15.892  -49.306  79.924 0.0000000000
70696  47.261  -15.750  55.053 0.0000000000
69408  47.869  -16.360  55.534 0.0000000000
69409  47.074  -16.651  55.557 0.0000000000
68210  46.782  -18.170  57.568 0.0000000000
68225  47.260  -17.743  56.760 0.0000000000
68189  47.465  -18.168  58.289 0.0000000000
135454  48.014  -17.978  59.106 0.0000000000
68168  47.120  -18.208  59.046 0.0000000000
68191  43.989  -18.055  58.399 0.0000000000
68212  44.411  -18.023  57.697 0.0000000000
134986  44.844  -18.234  58.390 0.0000000000
66934  46.236  -18.173  61.409 0.0000000000
156068  45.844  -18.220  60.747 0.0000000000
68131  46.932  -18.110  61.156 0.0000000000
66919  47.656  -18.045  63.087 0.0000000000
66906  47.232  -18.277  63.621 0.0000000000
65684  46.467  -19.439  67.450 0.0000000000
66846  47.138  -19.014  67.354 0.0000000000
65662  48.116  -19.662  69.266 0.0000000000
64433  47.534  -20.623  69.809 0.0000000000
64533  39.335  -20.899  63.786 0.0000000000
161438  38.848  -20.627  61.637 0.0000000000
64571  39.514  -20.804  61.688 0.0000000000
63406  40.229  -21.070  61.805 0.0000000000
64611  38.904  -20.404  59.328 0.0000000000
158013  39.628  -20.533  59.471 0.0000000000
64610  40.319  -20.645  59.501 0.0000000000
55247  29.298  -28.976  70.093 0.0000000000
152664  44.280  -13.680  51.315 0.0000000000
73195  44.953  -14.045  51.218 0.0000000000
72057  44.844  -14.035  52.010 0.0000000000
70709  46.245  -15.227  54.305 0.0000000000
72012  45.861  -14.856  53.668 0.0000000000
70708  47.029  -15.108  54.401 0.0000000000
76590  53.486  -10.494  47.513 0.0000000000
40160  11.519  -42.579  79.404 0.0000000000
38248  11.744  -44.117  79.894 0.0000000000
150209  12.412  -44.399  81.542 0.0000000000
38236  12.880  -44.775  82.664 0.0000000000
40129  11.796  -42.520  82.559 0.0000000000
40128  12.432  -43.226  83.999 0.0000000000
62227  40.211  -22.674  67.544 0.0000000000
63349  38.290  -21.061  66.106 0.0000000000
140163  38.062  -20.588  63.983 0.0000000000
64552  37.331  -20.291  62.661 0.0000000000
145666  36.594  -20.149  62.650 0.0000000000
64537  36.033  -20.220  63.839 0.0000000000
65761  34.340  -19.616  61.537 0.0000000000
65760  35.195  -19.691  61.461 0.0000000000
65759  35.949  -19.845  61.359 0.0000000000
64598  34.027  -20.029  59.986 0.0000000000
64615  33.690  -20.838  59.663 0.0000000000
62285  32.858  -22.097  60.173 0.0000000000
52912  34.761  -30.405  79.194 0.0000000000
144036  33.693  -30.713  77.872 0.0000000000
52893  34.223  -30.431  81.085 0.0000000000
51821  33.222  -31.647  78.070 0.0000000000
50726  32.527  -32.596  77.780 0.0000000000
48410  32.806  -33.773  78.014 0.0000000000
50688  30.271  -32.560  79.671 0.0000000000
49535  31.064  -33.807  81.009 0.0000000000
50656  31.221  -33.071  81.065 0.0000000000
49534  32.035  -33.401  81.180 0.0000000000
48348  32.556  -33.933  80.917 0.0000000000
47172  33.621  -35.497  79.565 0.0000000000
47158  32.802  -35.077  80.461 0.0000000000
47157  33.310  -35.152  80.088 0.0000000000
48361  33.187  -34.660  80.422 0.0000000000
48383  33.547  -34.895  79.936 0.0000000000
48399  34.254  -34.985  78.891 0.0000000000
150805  34.669  -34.440  77.036 0.0000000000
43922  21.591  -38.335  80.872 0.0000000000
43908  21.015  -38.167  82.901 0.0000000000
42960  21.440  -38.853  82.601 0.0000000000
144735  21.263  -39.262  82.904 0.0000000000
42016  21.582  -40.105  82.972 0.0000000000
47217  20.535  -35.655  78.478 0.0000000000
46028  20.435  -36.085  79.444 0.0000000000
139240  20.310  -37.638  79.921 0.0000000000
133342  20.229  -39.313  80.229 0.0000000000
42969  20.322  -38.932  81.354 0.0000000000
158652  20.325  -40.420  81.586 0.0000000000
42023  20.422  -40.169  82.171 0.0000000000
135733  20.352  -41.015  81.930 0.0000000000
152465  20.415  -41.844  81.927 0.0000000000
41085  19.869  -41.896  79.498 0.0000000000
40147  20.068  -42.703  80.323 0.0000000000
39245  20.079  -43.565  80.379 0.0000000000
38245  20.313  -44.198  80.913 0.0000000000
39258  19.682  -43.345  79.467 0.0000000000
47281  19.699  -35.613  72.758 0.0000000000
47280  20.176  -35.557  73.586 0.0000000000
46056  20.019  -36.919  75.030 0.0000000000
46064  19.879  -37.013  74.073 0.0000000000
46092  18.490  -36.614  72.122 0.0000000000
45012  18.147  -37.329  72.466 0.0000000000
43024  18.388  -39.515  75.409 0.0000000000
43970  18.717  -38.855  75.040 0.0000000000
43953  19.120  -39.114  75.844 0.0000000000
42993  19.103  -40.108  77.055 0.0000000000
42059  19.167  -40.711  77.667 0.0000000000
39275  18.674  -43.507  78.190 0.0000000000
40169  18.875  -42.822  78.246 0.0000000000
38260  19.379  -44.124  79.078 0.0000000000
38261  18.941  -44.740  78.853 0.0000000000
37232  18.895  -45.432  79.390 0.0000000000
38277  18.443  -44.617  78.347 0.0000000000
38298  17.415  -44.395  77.286 0.0000000000
36166  17.350  -46.603  78.504 0.0000000000
41165  15.372  -41.757  74.557 0.0000000000
40203  16.228  -42.675  75.509 0.0000000000
38337  14.758  -44.078  75.772 0.0000000000
38317  15.226  -44.572  76.187 0.0000000000
37265  15.240  -45.641  76.964 0.0000000000
36184  15.122  -46.222  77.357 0.0000000000
37266  14.508  -45.756  77.118 0.0000000000
38320  12.513  -43.859  76.683 0.0000000000
158070  12.669  -44.585  77.049 0.0000000000
38300  12.476  -44.891  77.718 0.0000000000
39291  11.947  -43.553  77.228 0.0000000000
140160  11.492  -42.060  77.960 0.0000000000
41098  11.567  -41.262  78.274 0.0000000000
136709  11.528  -41.897  78.832 0.0000000000
54093  29.659  -29.477  76.512 0.0000000000
52936  29.420  -30.292  76.864 0.0000000000
51806  28.671  -31.913  77.819 0.0000000000
51824  26.820  -32.245  77.420 0.0000000000
51808  26.749  -32.532  78.204 0.0000000000
50709  26.742  -32.770  79.024 0.0000000000
135331  25.008  -32.044  76.798 0.0000000000
161028  25.646  -32.135  77.106 0.0000000000
50695  23.398  -32.626  80.055 0.0000000000
50712  23.874  -32.317  79.267 0.0000000000
50694  24.201  -32.665  79.959 0.0000000000
50674  23.684  -33.093  80.693 0.0000000000
49556  23.246  -33.532  81.591 0.0000000000
47164  21.704  -35.881  82.176 0.0000000000
46027  21.838  -36.421  81.066 0.0000000000
35034  19.237  -48.305  82.270 0.0000000000
35033  19.747  -47.754  82.766 0.0000000000
33996  12.448  -48.660  82.170 0.0000000000
32915  12.548  -49.658  82.491 0.0000000000
32914  13.098  -50.177  81.731 0.0000000000
31917  12.763  -50.923  83.026 0.0000000000
73173  54.841  -12.766  55.076 0.0000000000
73164  54.805  -12.930  55.487 0.0000000000
71968  56.095  -13.062  58.079 0.0000000000
68223  48.929  -17.272  56.712 0.0000000000
69392  49.761  -16.956  56.669 0.0000000000
69355  50.780  -17.106  59.774 0.0000000000
69365  51.138  -17.196  58.795 0.0000000000
69354  51.792  -16.629  59.487 0.0000000000
69344  51.516  -16.649  60.449 0.0000000000
142942  50.271  -17.037  64.056 0.0000000000
68098  50.344  -17.084  63.175 0.0000000000
158267  50.743  -16.765  63.868 0.0000000000
69321  51.633  -16.327  62.664 0.0000000000
69320  52.559  -15.749  62.715 0.0000000000
69332  52.596  -15.814  61.955 0.0000000000
70616  53.454  -15.172  62.656 0.0000000000
70615  54.389  -14.616  62.536 0.0000000000
65726  43.110  -19.259  65.794 0.0000000000
66884  42.704  -18.905  65.331 0.0000000000
154704  43.328  -19.026  65.382 0.0000000000
66883  43.836  -18.874  65.065 0.0000000000
65687  44.018  -19.841  66.764 0.0000000000
62204  43.526  -23.783  69.846 0.0000000000
62179  45.127  -24.029  70.452 0.0000000000
63290  44.333  -21.810  68.665 0.0000000000
155798  44.987  -21.613  68.863 0.0000000000
64457  44.470  -20.242  67.366 0.0000000000
64436  44.906  -20.845  68.242 0.0000000000
64456  45.253  -20.170  67.618 0.0000000000
63288  45.548  -21.438  69.153 0.0000000000
61051  46.273  -24.227  70.363 0.0000000000
63264  46.812  -23.216  71.004 0.0000000000
62177  47.279  -23.789  70.800 0.0000000000
62162  47.889  -23.317  71.420 0.0000000000
62201  46.837  -23.470  69.675 0.0000000000
63363  40.938  -21.563  64.495 0.0000000000
63362  41.715  -21.732  64.452 0.0000000000
62255  42.361  -21.989  64.757 0.0000000000
63360  43.561  -21.739  64.163 0.0000000000
62245  44.032  -22.345  65.667 0.0000000000
63333  44.754  -21.858  66.061 0.0000000000
62263  28.788  -22.921  63.396 0.0000000000
61118  29.404  -22.688  62.746 0.0000000000
62269  29.871  -22.152  62.127 0.0000000000
60009  29.654  -24.903  64.896 0.0000000000
60042  31.145  -24.342  63.774 0.0000000000
61103  30.815  -23.736  62.885 0.0000000000
140883  30.501  -23.193  62.308 0.0000000000
61116  31.361  -23.388  62.193 0.0000000000
61127  31.448  -22.821  61.528 0.0000000000
61115  32.487  -23.647  62.565 0.0000000000
61101  33.496  -23.753  62.840 0.0000000000
50764  31.827  -32.703  74.303 0.0000000000
144267  31.405  -32.185  74.625 0.0000000000
50774  31.304  -32.225  73.906 0.0000000000
51911  31.011  -31.744  72.379 0.0000000000
51890  30.911  -31.588  73.457 0.0000000000
51891  30.625  -30.990  72.726 0.0000000000
53036  31.912  -30.308  70.746 0.0000000000
54198  30.928  -29.483  70.107 0.0000000000
50771  36.531  -32.739  73.730 0.0000000000
50763  35.293  -33.095  73.870 0.0000000000
52990  36.109  -31.016  72.071 0.0000000000
134191  35.473  -31.603  72.396 0.0000000000
51927  35.008  -31.240  71.859 0.0000000000
54157  34.085  -30.069  70.601 0.0000000000
53035  33.063  -30.344  70.757 0.0000000000
54173  33.677  -29.614  70.212 0.0000000000
55268  33.000  -28.466  69.202 0.0000000000
57820  33.662  -26.939  67.975 0.0000000000
58958  33.473  -26.090  67.069 0.0000000000
58965  34.779  -25.599  66.379 0.0000000000
58966  33.790  -25.678  66.471 0.0000000000
58981  34.104  -25.279  65.823 0.0000000000
60007  33.331  -24.951  65.284 0.0000000000
76603  51.765  -10.679  47.202 0.0000000000
72074  46.524  -14.402  48.382 0.0000000000
72080  46.567  -13.869  47.761 0.0000000000
73234  49.519  -13.414  44.623 0.0000000000
74319  49.773  -12.451  45.001 0.0000000000
138399  50.049  -14.119  44.307 0.0000000000
72097  50.758  -14.696  43.994 0.0000000000
135975  50.612  -15.327  44.777 0.0000000000
137800  52.205  -16.314  46.361 0.0000000000
69540  52.090  -15.969  45.552 0.0000000000
69528  53.026  -16.475  46.593 0.0000000000
69538  53.632  -16.131  46.038 0.0000000000
152263  52.354  -17.328  50.006 0.0000000000
69484  53.131  -17.379  49.913 0.0000000000
69463  54.628  -17.225  50.388 0.0000000000
135858  53.904  -17.371  49.865 0.0000000000
69482  54.534  -17.429  49.352 0.0000000000
69497  55.055  -17.311  48.584 0.0000000000
68272  55.399  -17.254  49.278 0.0000000000
156554  56.011  -16.883  49.672 0.0000000000
69461  56.552  -16.420  50.351 0.0000000000
76642  54.264  -10.771  41.953 0.0000000000
76641  55.433  -10.475  42.639 0.0000000000
76657  54.852  -11.214  41.095 0.0000000000
160337  55.592  -14.910  42.620 0.0000000000
35072  13.704  -46.961  78.510 0.0000000000
35058  13.580  -47.473  79.146 0.0000000000
35044  13.024  -47.789  80.121 0.0000000000
63452  34.845  -20.923  58.803 0.0000000000
52913  31.660  -30.628  79.114 0.0000000000
51787  31.078  -32.058  80.131 0.0000000000
50739  21.208  -32.839  76.558 0.0000000000
50750  21.239  -32.473  75.719 0.0000000000
49616  20.785  -32.852  75.373 0.0000000000
148200  20.575  -33.652  74.839 0.0000000000
51892  23.851  -31.382  73.675 0.0000000000
157282  24.088  -31.642  74.512 0.0000000000
137353  23.094  -31.609  75.218 0.0000000000
51860  22.139  -31.730  75.399 0.0000000000
38234  20.587  -44.330  82.375 0.0000000000
37215  20.519  -45.237  82.767 0.0000000000
36137  20.210  -46.449  82.849 0.0000000000
35027  20.113  -47.151  82.928 0.0000000000
73185  50.959  -13.470  53.959 0.0000000000
73166  51.930  -13.590  54.465 0.0000000000
72007  51.174  -13.931  54.744 0.0000000000
70692  51.337  -14.856  55.482 0.0000000000
70680  51.021  -15.906  56.052 0.0000000000
66844  48.937  -18.617  68.235 0.0000000000
65661  49.468  -19.714  70.194 0.0000000000
62226  40.944  -22.864  67.221 0.0000000000
62248  41.375  -22.364  65.921 0.0000000000
56552  29.259  -27.386  67.699 0.0000000000
57834  29.865  -26.859  67.186 0.0000000000
56551  30.380  -27.300  67.791 0.0000000000
146315  32.809  -33.467  74.979 0.0000000000
160831  33.540  -33.593  75.117 0.0000000000
72041  47.184  -14.395  52.712 0.0000000000
70759  47.712  -15.178  51.425 0.0000000000
72053  47.923  -14.761  52.320 0.0000000000
70747  48.700  -15.125  52.271 0.0000000000
70756  50.021  -15.459  52.459 0.0000000000
70745  50.007  -14.677  53.231 0.0000000000
72038  50.346  -13.780  53.755 0.0000000000
75495  51.762  -12.000  42.550 0.0000000000
73271  51.743  -13.585  41.976 0.0000000000
72145  52.084  -14.101  41.836 0.0000000000
72129  51.612  -14.260  42.520 0.0000000000
72111  51.362  -14.666  43.259 0.0000000000
50691  27.604  -32.912  79.303 0.0000000000
49552  26.803  -34.110  80.401 0.0000000000
35054  17.528  -47.817  79.541 0.0000000000
34003  16.846  -49.392  80.278 0.0000000000
69410  45.798  -16.583  55.303 0.0000000000
154766  46.400  -16.865  55.554 0.0000000000
68237  45.888  -17.321  55.737 0.0000000000
68226  45.869  -17.751  56.424 0.0000000000
68211  45.847  -18.043  57.258 0.0000000000
66951  44.637  -18.117  60.640 0.0000000000
68150  44.927  -17.877  59.942 0.0000000000
160144  45.011  -18.373  61.923 0.0000000000
66935  45.703  -18.281  62.024 0.0000000000
140360  46.016  -18.297  62.770 0.0000000000
161446  46.756  -18.475  64.648 0.0000000000
66894  46.232  -18.575  64.694 0.0000000000
65707  45.860  -19.348  66.765 0.0000000000
65664  46.109  -20.092  67.887 0.0000000000
136969  38.304  -20.473  62.681 0.0000000000
155158  38.427  -20.518  61.966 0.0000000000
64594  38.113  -20.371  60.548 0.0000000000
134966  38.046  -20.371  58.840 0.0000000000
138532  45.381  -15.471  54.277 0.0000000000
40148  11.492  -42.355  80.310 0.0000000000
138667  11.647  -42.946  80.846 0.0000000000
146355  37.940  -20.577  64.614 0.0000000000
65749  33.408  -19.733  62.453 0.0000000000
65748  34.125  -19.679  62.425 0.0000000000
65774  33.744  -19.782  60.798 0.0000000000
64599  33.312  -20.395  60.324 0.0000000000
62286  32.099  -22.054  60.728 0.0000000000
157781  34.545  -30.412  79.899 0.0000000000
52886  33.665  -31.158  81.328 0.0000000000
51784  34.499  -31.087  81.075 0.0000000000
50664  34.252  -31.645  80.739 0.0000000000
50708  33.532  -32.640  79.537 0.0000000000
152404  33.478  -34.122  78.827 0.0000000000
49549  29.649  -33.847  80.393 0.0000000000
48350  30.918  -34.385  80.901 0.0000000000
46033  33.678  -36.274  79.108 0.0000000000
46020  21.490  -36.580  82.118 0.0000000000
43917  21.479  -38.096  82.216 0.0000000000
46013  21.102  -36.877  82.512 0.0000000000
44937  21.028  -37.482  82.632 0.0000000000
44944  20.666  -37.390  82.197 0.0000000000
44963  20.445  -37.147  77.910 0.0000000000
44957  20.324  -37.193  78.952 0.0000000000
43928  20.267  -38.189  79.084 0.0000000000
42983  20.209  -39.018  79.255 0.0000000000
42037  20.218  -40.109  80.051 0.0000000000
41084  20.111  -40.924  79.819 0.0000000000
133551  19.757  -41.080  78.909 0.0000000000
43985  17.353  -38.686  72.992 0.0000000000
134492  18.105  -38.348  73.456 0.0000000000
43971  17.704  -39.011  73.741 0.0000000000
42097  18.051  -40.215  75.689 0.0000000000
42080  18.407  -40.491  76.423 0.0000000000
42060  18.617  -40.894  77.037 0.0000000000
41131  18.267  -41.637  76.803 0.0000000000
40192  18.341  -42.294  77.225 0.0000000000
38297  18.255  -44.062  77.852 0.0000000000
39290  17.867  -43.641  77.317 0.0000000000
38315  16.884  -44.167  76.701 0.0000000000
39301  13.956  -43.979  75.883 0.0000000000
37290  13.947  -45.203  76.841 0.0000000000
39303  12.556  -43.126  76.094 0.0000000000
52951  28.305  -30.262  75.796 0.0000000000
52924  28.271  -31.498  76.987 0.0000000000
51827  23.130  -32.003  77.442 0.0000000000
51811  23.508  -32.085  78.367 0.0000000000
50696  22.682  -32.706  80.013 0.0000000000
50676  22.416  -33.234  80.956 0.0000000000
140059  22.705  -33.534  81.915 0.0000000000
49557  22.189  -33.572  81.775 0.0000000000
47149  21.570  -35.493  82.260 0.0000000000
71979  54.224  -13.860  56.525 0.0000000000
73151  55.152  -13.166  56.367 0.0000000000
71969  54.352  -14.249  57.666 0.0000000000
145419  55.290  -13.730  58.339 0.0000000000
156458  49.042  -17.719  58.159 0.0000000000
68187  49.879  -17.648  58.136 0.0000000000
138276  49.460  -17.695  58.905 0.0000000000
158873  50.209  -17.249  60.374 0.0000000000
69303  51.491  -16.892  65.697 0.0000000000
69310  51.289  -16.658  64.570 0.0000000000
64479  43.189  -19.980  66.684 0.0000000000
59991  43.479  -24.697  69.125 0.0000000000
62180  43.971  -24.386  70.076 0.0000000000
59985  44.142  -24.773  69.721 0.0000000000
61031  44.483  -24.208  70.159 0.0000000000
143329  45.920  -23.548  70.798 0.0000000000
61030  45.481  -24.198  70.475 0.0000000000
63376  42.125  -21.703  63.426 0.0000000000
63344  44.564  -21.750  65.163 0.0000000000
61093  28.612  -23.691  63.982 0.0000000000
60044  29.482  -24.154  63.820 0.0000000000
60041  32.248  -24.320  63.919 0.0000000000
143824  33.052  -24.326  63.964 0.0000000000
144145  32.177  -32.486  73.154 0.0000000000
51930  31.014  -31.259  71.712 0.0000000000
55246  34.306  -29.007  69.766 0.0000000000
55267  33.953  -28.446  69.296 0.0000000000
56529  33.640  -27.973  68.799 0.0000000000
70802  47.662  -15.457  47.788 0.0000000000
70801  48.211  -15.690  47.230 0.0000000000
133523  49.680  -15.546  45.991 0.0000000000
70828  50.073  -15.442  45.328 0.0000000000
138482  50.753  -15.725  45.478 0.0000000000
70814  50.432  -15.895  46.043 0.0000000000
136817  51.552  -16.339  46.936 0.0000000000
137359  52.352  -16.569  47.226 0.0000000000
69451  53.675  -16.911  51.643 0.0000000000
155662  54.342  -17.109  51.117 0.0000000000
157333  54.963  -17.000  51.146 0.0000000000
69462  55.614  -16.836  50.717 0.0000000000
69449  55.487  -16.506  51.602 0.0000000000
75522  53.893  -11.695  40.434 0.0000000000
74371  54.364  -11.957  39.601 0.0000000000
74370  54.922  -12.294  38.989 0.0000000000
48370  24.469  -34.104  80.863 0.0000000000
49554  25.004  -33.808  80.763 0.0000000000
154388  24.447  -34.428  80.638 0.0000000000
47198  23.336  -35.289  78.713 0.0000000000
44955  22.214  -36.811  77.922 0.0000000000
35056  15.460  -47.903  78.688 0.0000000000
34031  16.038  -48.268  78.899 0.0000000000
32913  14.097  -50.616  81.419 0.0000000000
68172  43.494  -17.910  59.106 0.0000000000
144141  43.973  -17.792  60.001 0.0000000000
66952  43.830  -18.175  60.888 0.0000000000
66923  44.331  -18.366  62.353 0.0000000000
137865  44.209  -18.441  63.809 0.0000000000
161230  36.470  -20.108  59.695 0.0000000000
64625  36.251  -20.526  58.329 0.0000000000
64626  35.540  -20.682  58.557 0.0000000000
146273  36.897  -20.483  58.024 0.0000000000
41064  11.547  -41.495  81.735 0.0000000000
42018  11.584  -40.692  82.159 0.0000000000
40117  12.289  -42.932  84.579 0.0000000000
64576  31.512  -20.684  61.660 0.0000000000
52894  33.682  -30.614  81.171 0.0000000000
50653  33.360  -32.535  81.195 0.0000000000
50698  21.410  -33.016  78.745 0.0000000000
149277  20.961  -33.482  78.448 0.0000000000
141376  20.656  -34.868  78.150 0.0000000000
140010  20.625  -34.685  77.387 0.0000000000
151185  20.779  -33.384  76.493 0.0000000000
48422  20.663  -33.979  76.910 0.0000000000
146318  20.550  -35.653  77.547 0.0000000000
46043  20.463  -36.680  77.244 0.0000000000
156941  20.361  -37.466  77.309 0.0000000000
44969  20.325  -37.360  76.626 0.0000000000
43051  16.916  -39.318  73.326 0.0000000000
42134  16.540  -39.979  73.723 0.0000000000
42099  16.629  -41.055  74.749 0.0000000000
42112  16.194  -40.692  74.063 0.0000000000
42113  15.288  -40.987  73.962 0.0000000000
51859  23.399  -31.721  76.072 0.0000000000
135330  23.540  -31.946  76.765 0.0000000000
51828  22.415  -32.203  77.215 0.0000000000
72021  54.493  -13.794  54.326 0.0000000000
72022  53.403  -13.822  54.174 0.0000000000
73174  53.812  -13.140  54.968 0.0000000000
71991  53.697  -13.745  55.674 0.0000000000
71970  53.467  -14.709  57.106 0.0000000000
68110  49.497  -17.461  62.597 0.0000000000
68100  48.816  -17.698  63.627 0.0000000000
68089  49.465  -17.455  64.366 0.0000000000
68081  49.785  -17.436  65.220 0.0000000000
66861  49.205  -18.138  67.287 0.0000000000
68072  49.986  -17.696  66.624 0.0000000000
68080  50.602  -17.239  66.014 0.0000000000
59971  43.021  -25.008  69.860 0.0000000000
61077  43.199  -23.640  66.974 0.0000000000
63422  40.998  -21.103  60.987 0.0000000000
58986  28.111  -25.272  65.747 0.0000000000
146177  32.013  -25.611  66.268 0.0000000000
50737  32.007  -32.199  75.858 0.0000000000
49624  32.568  -33.091  74.366 0.0000000000
50773  32.363  -32.746  73.748 0.0000000000
73207  46.004  -14.263  49.090 0.0000000000
150675  46.807  -15.171  49.428 0.0000000000
70783  47.358  -15.596  49.532 0.0000000000
158485  48.257  -15.475  50.996 0.0000000000
70782  48.111  -16.042  49.663 0.0000000000
70792  48.622  -16.289  48.924 0.0000000000
69503  49.315  -16.528  49.045 0.0000000000
69502  50.027  -16.622  48.650 0.0000000000
142143  50.810  -16.690  49.133 0.0000000000
160663  51.211  -16.976  50.457 0.0000000000
69452  51.890  -16.909  51.612 0.0000000000
69443  50.758  -15.999  52.299 0.0000000000
149219  51.418  -16.411  52.223 0.0000000000
149400  52.758  -16.877  51.907 0.0000000000
69441  53.188  -16.287  52.483 0.0000000000
143213  54.394  -10.796  43.062 0.0000000000
133650  53.246  -11.302  41.799 0.0000000000
75486  53.413  -10.882  43.382 0.0000000000
74356  53.541  -12.506  40.130 0.0000000000
73286  54.005  -13.328  39.762 0.0000000000
72161  54.339  -13.904  40.396 0.0000000000
157659  56.207  -14.334  40.826 0.0000000000
72142  55.152  -14.452  41.342 0.0000000000
72126  55.026  -14.831  42.324 0.0000000000
70870  55.188  -15.136  42.995 0.0000000000
72127  53.372  -14.624  42.106 0.0000000000
70871  54.138  -15.059  42.763 0.0000000000
70857  54.537  -15.375  43.750 0.0000000000
69537  54.403  -15.833  45.694 0.0000000000
50689  29.470  -32.949  79.331 0.0000000000
151624  28.077  -33.330  79.755 0.0000000000
50669  28.963  -33.526  79.788 0.0000000000
49550  28.902  -33.976  80.253 0.0000000000
47162  28.879  -35.145  80.249 0.0000000000
48369  25.485  -34.293  80.490 0.0000000000
48385  25.924  -34.864  80.247 0.0000000000
48384  26.707  -35.108  80.179 0.0000000000
47178  26.204  -35.347  79.637 0.0000000000
133467  26.964  -35.413  79.518 0.0000000000
154386  21.226  -31.381  73.984 0.0000000000
36148  19.388  -46.336  81.228 0.0000000000
34001  18.596  -48.804  81.639 0.0000000000
34012  16.340  -48.676  79.523 0.0000000000
71996  48.450  -14.606  54.328 0.0000000000
155309  49.445  -15.960  55.472 0.0000000000
69407  48.711  -16.144  55.463 0.0000000000
69393  48.387  -16.805  56.159 0.0000000000
68224  48.109  -17.541  56.732 0.0000000000
68208  48.604  -17.735  57.423 0.0000000000
159164  48.728  -17.802  58.814 0.0000000000
68147  48.086  -17.928  60.099 0.0000000000
154896  48.035  -17.963  60.833 0.0000000000
154742  45.165  -18.117  57.667 0.0000000000
68190  45.847  -18.310  58.192 0.0000000000
68149  45.849  -18.328  59.970 0.0000000000
68169  46.261  -18.359  59.072 0.0000000000
68148  47.348  -18.145  60.519 0.0000000000
68130  47.574  -17.970  61.358 0.0000000000
68129  48.365  -17.839  61.497 0.0000000000
68111  48.309  -17.816  63.003 0.0000000000
66892  48.060  -18.138  64.631 0.0000000000
66893  47.146  -18.423  64.974 0.0000000000
66879  47.301  -18.502  66.072 0.0000000000
66845  48.010  -19.054  67.943 0.0000000000
65649  48.951  -20.507  70.558 0.0000000000
64409  48.932  -22.075  71.226 0.0000000000
63379  39.980  -21.123  63.203 0.0000000000
154102  40.508  -21.029  61.273 0.0000000000
152827  38.723  -20.478  60.147 0.0000000000
55271  28.864  -28.438  69.528 0.0000000000
146530  29.618  -28.687  69.331 0.0000000000
155819  30.434  -28.665  69.240 0.0000000000
49622  35.759  -33.684  75.077 0.0000000000
73200  45.226  -13.905  50.595 0.0000000000
72063  45.570  -14.419  50.941 0.0000000000
72042  46.354  -14.454  52.309 0.0000000000
72043  45.635  -14.402  52.460 0.0000000000
138064  46.399  -14.391  53.036 0.0000000000
72027  47.425  -14.353  53.290 0.0000000000
72010  47.698  -14.492  53.953 0.0000000000
75482  52.101  -10.901  44.537 0.0000000000
75479  51.791  -10.929  45.483 0.0000000000
38263  11.780  -44.483  79.085 0.0000000000
37233  12.316  -45.749  79.473 0.0000000000
38262  11.954  -44.982  79.660 0.0000000000
37222  12.290  -45.423  80.381 0.0000000000
159087  12.544  -45.746  81.161 0.0000000000
148645  12.541  -45.056  81.410 0.0000000000
143115  13.015  -46.258  83.202 0.0000000000
136767  13.237  -46.111  84.327 0.0000000000
61071  40.969  -23.534  68.293 0.0000000000
64554  36.176  -20.075  63.082 0.0000000000
64614  34.455  -20.506  59.418 0.0000000000
54054  34.253  -30.362  80.681 0.0000000000
143514  34.569  -30.683  80.417 0.0000000000
51803  34.514  -31.031  80.072 0.0000000000
51790  34.587  -31.051  80.630 0.0000000000
50736  32.261  -32.430  76.800 0.0000000000
49586  32.524  -33.230  77.872 0.0000000000
134802  32.793  -33.671  76.391 0.0000000000
50666  31.552  -32.366  80.910 0.0000000000
50654  32.677  -32.640  81.349 0.0000000000
49532  33.286  -33.300  80.777 0.0000000000
48363  31.316  -34.960  80.654 0.0000000000
141925  32.173  -34.896  80.685 0.0000000000
49547  33.064  -34.018  80.730 0.0000000000
49564  33.512  -34.102  80.078 0.0000000000
144672  34.255  -35.530  79.102 0.0000000000
42967  22.124  -40.009  81.116 0.0000000000
42959  21.903  -39.703  82.322 0.0000000000
153228  22.045  -40.916  83.105 0.0000000000
41054  21.445  -41.567  83.164 0.0000000000
149095  20.421  -36.063  80.956 0.0000000000
146267  20.505  -36.729  81.602 0.0000000000
43918  20.436  -38.137  81.705 0.0000000000
154383  20.546  -38.618  82.296 0.0000000000
41055  20.892  -40.713  82.786 0.0000000000
40127  21.056  -42.548  83.080 0.0000000000
40146  20.442  -42.435  81.363 0.0000000000
136855  20.743  -31.744  73.891 0.0000000000
49625  20.567  -32.948  74.509 0.0000000000
155795  20.400  -33.677  74.049 0.0000000000
48454  20.387  -34.546  74.028 0.0000000000
47266  20.382  -35.372  74.612 0.0000000000
46055  20.352  -36.065  75.225 0.0000000000
44976  20.253  -37.218  75.859 0.0000000000
139847  20.030  -37.926  76.068 0.0000000000
46091  19.208  -36.210  72.442 0.0000000000
44996  19.293  -37.334  73.607 0.0000000000
154893  18.409  -38.653  74.206 0.0000000000
43984  18.863  -38.059  73.892 0.0000000000
44984  19.472  -37.669  74.587 0.0000000000
43952  19.407  -38.314  75.427 0.0000000000
43940  19.664  -38.608  76.375 0.0000000000
137937  19.703  -39.477  77.567 0.0000000000
133323  19.550  -40.101  77.792 0.0000000000
153590  19.540  -41.753  78.677 0.0000000000
41115  18.761  -41.535  77.587 0.0000000000
41097  19.148  -42.019  78.183 0.0000000000
38246  19.761  -44.123  79.927 0.0000000000
36165  18.322  -46.234  78.938 0.0000000000
149468  16.449  -46.964  78.266 0.0000000000
41147  16.237  -41.849  75.045 0.0000000000
39300  16.787  -43.545  76.387 0.0000000000
37287  16.561  -44.864  76.914 0.0000000000
150981  15.520  -43.856  75.839 0.0000000000
38316  16.149  -44.250  76.330 0.0000000000
36183  16.059  -45.743  77.242 0.0000000000
133697  15.608  -47.303  78.214 0.0000000000
36168  14.874  -46.958  77.881 0.0000000000
36169  14.115  -46.829  78.065 0.0000000000
37267  13.685  -45.769  77.443 0.0000000000
37246  13.466  -46.361  78.132 0.0000000000
37268  12.921  -45.607  77.938 0.0000000000
38280  11.950  -44.347  78.283 0.0000000000
40186  11.675  -42.822  77.482 0.0000000000
39276  11.744  -43.564  77.973 0.0000000000
148583  11.495  -41.688  79.707 0.0000000000
41073  11.526  -41.375  80.623 0.0000000000
159735  29.969  -31.586  78.266 0.0000000000
50693  25.061  -32.898  79.748 0.0000000000
51810  24.406  -32.276  78.406 0.0000000000
51809  25.150  -32.476  78.382 0.0000000000
49555  23.981  -33.653  80.985 0.0000000000
48388  23.158  -34.445  81.553 0.0000000000
47182  22.671  -35.113  80.645 0.0000000000
47148  22.462  -34.714  82.078 0.0000000000
47183  22.189  -35.522  81.604 0.0000000000
46036  21.988  -36.611  79.649 0.0000000000
144148  19.865  -47.022  82.801 0.0000000000
34006  12.675  -48.214  81.050 0.0000000000
72004  54.921  -12.980  54.766 0.0000000000
69406  50.128  -16.224  55.866 0.0000000000
69391  50.626  -16.684  56.645 0.0000000000
69390  51.445  -16.387  56.778 0.0000000000
68186  50.704  -17.444  58.088 0.0000000000
154486  51.331  -17.119  58.051 0.0000000000
69377  51.723  -16.633  57.605 0.0000000000
69353  52.719  -16.202  59.687 0.0000000000
70643  53.367  -15.571  60.445 0.0000000000
68109  50.192  -17.229  62.119 0.0000000000
69334  50.938  -16.758  61.733 0.0000000000
69318  51.358  -16.492  63.583 0.0000000000
154703  51.394  -16.578  61.168 0.0000000000
138632  52.115  -16.202  61.196 0.0000000000
70628  54.318  -14.711  61.501 0.0000000000
152854  42.614  -18.120  62.702 0.0000000000
147195  43.582  -18.418  63.678 0.0000000000
63313  43.396  -21.432  67.949 0.0000000000
64458  43.686  -20.403  67.244 0.0000000000
62203  44.308  -23.279  69.657 0.0000000000
65709  44.361  -19.499  66.370 0.0000000000
66866  44.835  -19.191  65.982 0.0000000000
64420  46.458  -21.139  69.520 0.0000000000
63276  46.205  -22.364  70.252 0.0000000000
63275  47.381  -21.982  70.811 0.0000000000
63263  47.694  -22.913  71.432 0.0000000000
63262  48.343  -22.840  71.426 0.0000000000
62199  48.654  -22.770  70.848 0.0000000000
139494  43.540  -22.904  66.304 0.0000000000
63361  42.739  -21.833  63.940 0.0000000000
62225  44.783  -23.264  67.448 0.0000000000
62224  45.545  -23.008  67.911 0.0000000000
62223  46.393  -22.778  68.354 0.0000000000
63287  47.358  -22.514  68.892 0.0000000000
63286  48.384  -22.254  69.684 0.0000000000
161852  30.589  -21.056  62.388 0.0000000000
64558  30.750  -21.094  61.859 0.0000000000
63408  30.529  -21.758  61.653 0.0000000000
60026  30.296  -24.411  63.998 0.0000000000
61104  29.964  -23.376  62.715 0.0000000000
62277  31.271  -22.109  61.148 0.0000000000
62276  32.033  -22.632  61.125 0.0000000000
61125  32.867  -23.024  61.257 0.0000000000
51855  31.576  -31.733  75.191 0.0000000000
54159  29.730  -29.710  71.356 0.0000000000
53012  30.578  -30.602  71.483 0.0000000000
54158  30.082  -30.178  71.184 0.0000000000
54176  29.876  -29.645  70.608 0.0000000000
50781  34.571  -32.618  73.089 0.0000000000
54171  35.693  -29.259  70.599 0.0000000000
53009  34.678  -30.735  71.430 0.0000000000
151274  31.611  -27.798  68.566 0.0000000000
57821  32.678  -26.948  67.847 0.0000000000
57833  32.590  -26.263  67.153 0.0000000000
58956  35.504  -25.955  66.930 0.0000000000
60039  34.623  -24.186  63.743 0.0000000000
75472  51.499  -10.911  46.316 0.0000000000
75484  50.499  -11.996  44.866 0.0000000000
74326  50.562  -12.956  43.691 0.0000000000
73242  50.690  -13.539  43.300 0.0000000000
70860  51.723  -15.270  43.842 0.0000000000
70827  51.336  -15.712  45.174 0.0000000000
70841  52.028  -15.595  44.726 0.0000000000
158091  54.146  -16.121  46.234 0.0000000000
69500  51.672  -16.674  48.669 0.0000000000
69499  52.419  -16.831  48.099 0.0000000000
155780  53.121  -17.069  48.406 0.0000000000
69483  53.507  -17.383  49.122 0.0000000000
69512  54.280  -16.838  47.320 0.0000000000
69511  55.161  -16.836  47.239 0.0000000000
140141  55.536  -17.053  47.959 0.0000000000
139606  56.355  -16.825  47.984 0.0000000000
159295  55.857  -16.844  50.162 0.0000000000
38318  14.324  -44.645  76.252 0.0000000000
39299  17.399  -43.648  76.788 0.0000000000
40168  19.544  -42.608  78.789 0.0000000000
40184  18.404  -43.103  77.631 0.0000000000
40193  17.828  -42.320  76.605 0.0000000000
42017  20.877  -39.673  82.777 0.0000000000
42030  20.306  -39.837  81.224 0.0000000000
42952  21.552  -39.464  82.771 0.0000000000
42953  21.212  -38.694  82.891 0.0000000000
43913  20.789  -38.058  82.664 0.0000000000
44940  21.205  -37.188  82.458 0.0000000000
44970  20.180  -38.073  76.915 0.0000000000
44997  18.519  -37.672  73.173 0.0000000000
46016  21.230  -36.350  82.329 0.0000000000
46017  20.945  -36.630  82.414 0.0000000000
46026  22.288  -35.845  80.017 0.0000000000
46050  20.444  -36.654  76.390 0.0000000000
47150  21.081  -35.821  82.325 0.0000000000
47173  32.944  -35.614  79.898 0.0000000000
47184  20.507  -35.251  80.424 0.0000000000
48368  26.362  -34.562  80.352 0.0000000000
48371  23.425  -33.879  81.677 0.0000000000
48372  22.754  -33.979  82.194 0.0000000000
48386  25.054  -34.558  80.392 0.0000000000
48400  20.729  -34.198  78.773 0.0000000000
48455  20.030  -34.839  73.023 0.0000000000
49536  22.295  -33.835  82.188 0.0000000000
49577  21.008  -33.163  77.839 0.0000000000
50697  21.982  -32.868  79.711 0.0000000000
50775  20.566  -32.385  74.092 0.0000000000
51829  22.077  -32.185  77.949 0.0000000000
59968  44.619  -24.520  69.956 0.0000000000
61021  47.675  -23.628  71.145 0.0000000000
61022  46.745  -24.030  70.972 0.0000000000
62160  48.590  -22.834  71.281 0.0000000000
62161  48.212  -23.281  71.374 0.0000000000
62176  48.191  -23.469  71.096 0.0000000000
63274  48.286  -22.265  71.360 0.0000000000
63394  30.136  -21.535  62.322 0.0000000000
64434  46.505  -20.350  68.820 0.0000000000
64557  31.178  -20.614  62.565 0.0000000000
65685  45.561  -19.689  67.172 0.0000000000
66863  47.502  -18.564  67.020 0.0000000000
66864  46.572  -18.878  66.670 0.0000000000
66896  44.413  -18.657  64.568 0.0000000000
66897  43.682  -18.568  64.339 0.0000000000
66905  48.041  -18.068  63.767 0.0000000000
66907  46.358  -18.458  63.637 0.0000000000
66908  45.493  -18.413  63.364 0.0000000000
66910  43.157  -18.299  63.206 0.0000000000
66921  46.369  -18.162  62.179 0.0000000000
66933  46.956  -17.965  61.866 0.0000000000
68145  49.866  -17.487  59.702 0.0000000000
68188  48.272  -17.912  58.211 0.0000000000
69378  51.045  -17.013  57.387 0.0000000000
69424  45.907  -15.862  54.827 0.0000000000
69453  51.007  -16.619  51.691 0.0000000000
69455  49.512  -16.048  51.157 0.0000000000
69466  51.846  -17.161  50.600 0.0000000000
69485  50.656  -16.829  50.095 0.0000000000
69515  50.927  -16.434  47.399 0.0000000000
70695  48.186  -15.561  54.947 0.0000000000
70726  50.723  -14.432  53.426 0.0000000000
70746  49.256  -15.029  52.829 0.0000000000
70769  48.903  -15.615  51.151 0.0000000000
70770  47.620  -15.594  50.462 0.0000000000
70793  47.857  -15.817  48.766 0.0000000000
70824  55.102  -15.597  45.172 0.0000000000
70826  52.676  -15.827  45.169 0.0000000000
71992  52.755  -13.704  55.211 0.0000000000
72009  49.747  -13.685  54.061 0.0000000000
72026  48.222  -14.265  53.574 0.0000000000
72028  45.416  -14.608  53.054 0.0000000000
72040  48.564  -14.738  52.805 0.0000000000
72062  46.245  -14.785  50.592 0.0000000000
72070  46.313  -14.794  49.728 0.0000000000
72079  47.149  -14.548  47.607 0.0000000000
73165  53.698  -13.274  55.211 0.0000000000
73176  51.071  -13.487  54.123 0.0000000000
73177  50.398  -13.532  53.971 0.0000000000
74323  50.218  -12.789  44.357 0.0000000000
74345  51.934  -13.001  41.605 0.0000000000
74357  53.043  -12.354  40.675 0.0000000000
76615  52.346  -10.703  46.286 0.0000000000
134102  43.735  -17.846  57.773 0.0000000000
135859  44.953  -18.468  63.957 0.0000000000
137361  46.506  -17.859  56.810 0.0000000000
137470  42.933  -18.505  63.983 0.0000000000
137535  46.881  -18.452  64.283 0.0000000000
139304  49.123  -15.192  54.894 0.0000000000
140099  22.554  -36.116  78.121 0.0000000000
141259  46.757  -18.328  59.822 0.0000000000
141549  46.548  -14.757  49.038 0.0000000000
141713  20.533  -36.038  76.783 0.0000000000
142117  48.315  -18.486  67.372 0.0000000000
144634  21.262  -33.863  80.583 0.0000000000
146262  20.355  -36.875  80.308 0.0000000000
146613  45.317  -18.136  60.502 0.0000000000
148287  21.565  -32.390  75.987 0.0000000000
149805  45.279  -17.590  56.058 0.0000000000
150297  18.160  -41.099  76.475 0.0000000000
150712  52.520  -16.280  58.856 0.0000000000
153467  49.254  -15.685  46.491 0.0000000000
153504  22.052  -32.203  76.194 0.0000000000
154251  45.248  -13.491  50.116 0.0000000000
156142  50.489  -14.040  43.682 0.0000000000
156312  53.482  -13.073  40.004 0.0000000000
157030  51.359  -14.928  53.290 0.0000000000
159759  48.931  -17.552  62.992 0.0000000000
160022  22.001  -35.231  82.326 0.0000000000
160306  52.319  -15.504  44.196 0.0000000000
160765  48.842  -15.381  51.727 0.0000000000
161094  46.579  -15.598  54.792 0.0000000000
161367  51.952  -15.456  53.032 0.0000000000
161585  20.916  -33.110  76.639 0.0000000000
