#!ascii label  , from subject sub-v1s6x0051369_ses-1 vox2ras=TkReg
1557
61109  49.111  -22.541  62.839 0.0000000000
47332  33.459  -35.679  67.876 0.0000000000
37344  27.998  -45.956  72.208 0.0000000000
38334  20.344  -44.285  76.190 0.0000000000
48460  29.653  -34.490  72.510 0.0000000000
45044  26.576  -37.009  70.699 0.0000000000
55398  42.152  -27.920  59.710 0.0000000000
68107  54.512  -16.782  62.794 0.0000000000
59058  36.316  -25.674  59.115 0.0000000000
55334  29.465  -28.253  64.878 0.0000000000
52033  26.065  -31.496  62.495 0.0000000000
40182  26.336  -42.324  77.787 0.0000000000
38360  24.082  -43.997  74.144 0.0000000000
37242  24.155  -46.392  78.760 0.0000000000
42093  30.194  -40.535  75.980 0.0000000000
61169  39.239  -23.900  57.130 0.0000000000
144185  39.323  -33.877  74.107 0.0000000000
51951  35.560  -31.319  69.976 0.0000000000
152516  33.357  -29.173  67.024 0.0000000000
51978  30.366  -32.176  67.562 0.0000000000
52022  29.558  -31.586  62.527 0.0000000000
48540  30.396  -34.204  64.304 0.0000000000
44060  21.923  -39.094  69.549 0.0000000000
139900  22.332  -35.008  67.871 0.0000000000
64492  52.805  -21.081  65.628 0.0000000000
147393  51.490  -19.140  60.998 0.0000000000
40277  24.654  -42.413  67.544 0.0000000000
40263  21.730  -42.351  69.371 0.0000000000
45007  36.029  -37.476  71.696 0.0000000000
46142  30.428  -36.779  68.391 0.0000000000
42149  33.130  -41.606  72.550 0.0000000000
42133  26.024  -40.937  73.486 0.0000000000
59034  45.368  -25.613  60.419 0.0000000000
32918  22.249  -49.630  80.165 0.0000000000
35104  17.234  -47.819  76.272 0.0000000000
64511  48.401  -19.976  64.763 0.0000000000
63430  45.664  -21.424  59.492 0.0000000000
60089  42.243  -24.682  58.155 0.0000000000
56692  38.901  -27.456  58.105 0.0000000000
56634  34.474  -28.640  61.659 0.0000000000
57861  36.940  -26.652  64.302 0.0000000000
150316  33.044  -26.348  63.513 0.0000000000
57925  31.487  -26.704  61.176 0.0000000000
57929  28.096  -26.743  60.010 0.0000000000
49679  26.918  -33.398  67.196 0.0000000000
139320  24.584  -41.619  78.575 0.0000000000
39272  25.793  -43.078  78.670 0.0000000000
40159  24.135  -42.241  80.001 0.0000000000
43003  24.222  -40.092  75.829 0.0000000000
48473  36.961  -35.343  70.979 0.0000000000
49650  34.848  -33.625  70.388 0.0000000000
51954  32.689  -32.084  69.115 0.0000000000
49667  32.340  -33.941  68.761 0.0000000000
136131  31.150  -33.695  65.171 0.0000000000
48518  32.355  -34.814  66.000 0.0000000000
43133  24.226  -39.613  66.570 0.0000000000
44091  22.008  -38.647  67.045 0.0000000000
63372  50.149  -21.421  63.726 0.0000000000
63369  52.722  -22.053  65.178 0.0000000000
61091  51.134  -23.348  65.038 0.0000000000
151166  25.901  -44.178  69.432 0.0000000000
39372  22.630  -43.960  67.548 0.0000000000
39364  23.559  -44.270  69.871 0.0000000000
38332  22.505  -43.944  75.889 0.0000000000
40224  21.247  -42.199  73.362 0.0000000000
39335  19.253  -42.890  74.349 0.0000000000
39337  17.645  -43.725  73.776 0.0000000000
47259  34.890  -35.556  74.553 0.0000000000
47301  32.948  -35.510  71.414 0.0000000000
43085  34.335  -39.203  70.791 0.0000000000
45010  30.702  -37.023  71.957 0.0000000000
38327  31.080  -44.188  76.567 0.0000000000
40211  30.630  -42.416  75.133 0.0000000000
38344  26.706  -43.771  73.756 0.0000000000
40252  24.954  -42.449  70.771 0.0000000000
57921  43.582  -26.540  60.701 0.0000000000
57888  45.053  -27.218  62.369 0.0000000000
56633  43.963  -27.641  61.683 0.0000000000
32981  15.744  -49.341  76.391 0.0000000000
61153  44.480  -23.138  58.402 0.0000000000
61167  41.905  -23.148  57.378 0.0000000000
60090  37.116  -24.889  57.829 0.0000000000
59093  38.784  -25.421  57.463 0.0000000000
57967  37.143  -26.586  58.207 0.0000000000
56675  36.921  -27.873  59.134 0.0000000000
56677  35.377  -27.084  59.882 0.0000000000
55322  31.576  -28.350  65.741 0.0000000000
56579  32.984  -27.754  65.365 0.0000000000
57865  31.161  -26.753  63.896 0.0000000000
57904  31.816  -26.857  62.101 0.0000000000
57882  30.039  -26.759  62.918 0.0000000000
57927  29.597  -26.274  60.626 0.0000000000
56624  28.361  -27.462  62.387 0.0000000000
54298  29.071  -29.911  59.538 0.0000000000
46110  28.335  -36.539  70.162 0.0000000000
47335  28.439  -34.888  68.512 0.0000000000
47337  26.521  -34.993  69.115 0.0000000000
49713  22.046  -33.033  65.437 0.0000000000
70677  56.517  -15.200  57.088 0.0000000000
69362  55.288  -16.326  58.906 0.0000000000
150813  29.095  -44.871  76.831 0.0000000000
38369  25.483  -45.414  72.589 0.0000000000
36175  27.429  -47.030  76.322 0.0000000000
35101  25.584  -47.766  76.906 0.0000000000
143855  23.381  -46.687  77.325 0.0000000000
48453  26.825  -35.048  73.553 0.0000000000
46072  28.281  -36.768  72.729 0.0000000000
43968  25.599  -38.192  74.194 0.0000000000
42075  27.627  -41.234  76.654 0.0000000000
62314  40.201  -22.462  56.832 0.0000000000
139276  36.553  -25.040  59.319 0.0000000000
53071  34.360  -30.443  68.729 0.0000000000
53086  32.290  -30.396  67.772 0.0000000000
54222  29.194  -30.270  66.257 0.0000000000
53126  27.951  -30.038  64.172 0.0000000000
52001  29.258  -31.844  65.267 0.0000000000
136294  30.096  -32.839  63.012 0.0000000000
49732  29.350  -33.138  63.153 0.0000000000
154320  24.144  -37.485  71.006 0.0000000000
47325  24.045  -35.782  69.523 0.0000000000
46130  21.533  -37.012  68.833 0.0000000000
65740  53.309  -19.226  64.916 0.0000000000
68126  53.047  -17.961  61.859 0.0000000000
64544  52.582  -20.143  63.830 0.0000000000
40232  22.441  -42.627  72.039 0.0000000000
46070  38.318  -36.597  73.110 0.0000000000
45054  36.140  -37.992  69.397 0.0000000000
45081  32.454  -36.844  67.267 0.0000000000
44056  33.635  -39.158  69.007 0.0000000000
44039  30.636  -38.638  70.418 0.0000000000
44020  28.302  -38.631  71.459 0.0000000000
43033  32.219  -40.203  74.726 0.0000000000
42152  28.575  -40.247  72.855 0.0000000000
43091  26.667  -38.831  72.028 0.0000000000
43093  23.369  -39.692  71.247 0.0000000000
42189  24.450  -40.895  68.458 0.0000000000
60056  47.423  -23.912  61.131 0.0000000000
60035  48.600  -24.645  63.334 0.0000000000
59007  46.949  -25.669  62.068 0.0000000000
35052  23.205  -48.014  79.735 0.0000000000
35086  21.309  -47.653  78.148 0.0000000000
34029  19.695  -49.173  78.484 0.0000000000
36200  19.114  -46.206  76.687 0.0000000000
133630  52.843  -19.355  66.625 0.0000000000
65735  50.861  -19.903  65.200 0.0000000000
63388  48.727  -20.934  62.494 0.0000000000
62282  47.504  -22.308  60.750 0.0000000000
156015  46.323  -23.693  59.725 0.0000000000
60074  43.873  -24.835  59.246 0.0000000000
59057  42.153  -25.911  59.030 0.0000000000
60105  40.696  -24.286  57.446 0.0000000000
59071  41.029  -25.778  58.090 0.0000000000
56690  40.695  -27.379  58.632 0.0000000000
55401  38.932  -28.658  59.289 0.0000000000
55403  37.077  -28.577  60.120 0.0000000000
157660  36.240  -25.619  61.988 0.0000000000
56577  35.090  -27.560  65.615 0.0000000000
57877  34.793  -26.393  63.643 0.0000000000
59024  34.696  -25.869  61.012 0.0000000000
57903  32.810  -26.605  61.576 0.0000000000
55363  32.993  -28.055  61.186 0.0000000000
54282  27.774  -29.305  61.397 0.0000000000
47351  30.470  -35.649  66.331 0.0000000000
49694  28.481  -33.985  66.063 0.0000000000
50844  26.437  -32.661  65.097 0.0000000000
48509  24.487  -33.966  68.065 0.0000000000
50846  24.164  -32.526  65.295 0.0000000000
41082  24.450  -41.795  79.168 0.0000000000
41071  23.362  -41.536  80.168 0.0000000000
47317  35.419  -35.378  69.774 0.0000000000
144503  35.750  -34.763  70.296 0.0000000000
48481  34.188  -34.368  69.710 0.0000000000
49660  32.764  -33.847  69.382 0.0000000000
48490  33.206  -35.111  68.125 0.0000000000
48503  32.165  -34.499  66.410 0.0000000000
47333  33.041  -35.361  67.283 0.0000000000
62261  49.889  -22.324  63.551 0.0000000000
62260  50.701  -22.373  64.424 0.0000000000
61098  49.554  -23.299  63.568 0.0000000000
38385  26.559  -45.033  70.366 0.0000000000
38394  25.020  -44.958  69.408 0.0000000000
37361  25.514  -45.459  70.579 0.0000000000
39298  20.877  -43.845  76.329 0.0000000000
39326  20.479  -43.170  74.976 0.0000000000
133842  19.587  -43.300  74.981 0.0000000000
39336  18.473  -43.142  73.849 0.0000000000
38336  19.219  -43.921  75.325 0.0000000000
48441  29.636  -34.206  74.181 0.0000000000
48448  31.025  -34.498  73.276 0.0000000000
47276  32.834  -34.970  73.530 0.0000000000
48458  31.455  -34.778  72.356 0.0000000000
159805  31.630  -35.667  71.546 0.0000000000
46087  30.413  -35.933  71.601 0.0000000000
133517  29.649  -45.604  74.895 0.0000000000
143150  28.489  -44.209  75.290 0.0000000000
38357  27.337  -44.637  72.788 0.0000000000
39351  26.567  -44.068  70.827 0.0000000000
56672  42.654  -27.234  60.136 0.0000000000
57901  43.904  -26.953  61.329 0.0000000000
55378  42.708  -28.084  60.439 0.0000000000
152749  43.348  -21.404  57.961 0.0000000000
62311  43.322  -21.987  57.699 0.0000000000
63460  42.744  -21.542  57.728 0.0000000000
59072  37.110  -25.773  57.958 0.0000000000
57968  36.638  -26.138  58.544 0.0000000000
57945  36.054  -26.582  59.113 0.0000000000
57946  35.734  -26.174  59.675 0.0000000000
55323  30.722  -28.442  65.600 0.0000000000
56581  31.175  -27.811  65.183 0.0000000000
56599  29.934  -27.568  64.406 0.0000000000
57881  30.514  -26.700  63.376 0.0000000000
56612  29.714  -27.200  63.585 0.0000000000
56623  29.322  -27.105  62.753 0.0000000000
56613  28.764  -27.683  63.316 0.0000000000
46111  27.494  -36.777  70.468 0.0000000000
145993  27.615  -35.983  69.790 0.0000000000
46125  26.199  -36.141  69.849 0.0000000000
69351  56.032  -15.646  59.973 0.0000000000
68143  54.754  -16.581  60.794 0.0000000000
39287  27.539  -43.326  77.519 0.0000000000
37279  28.245  -46.577  76.265 0.0000000000
148231  26.893  -43.363  77.607 0.0000000000
38274  24.673  -44.098  78.826 0.0000000000
37240  25.671  -45.408  77.866 0.0000000000
36163  25.673  -47.922  78.038 0.0000000000
35083  25.053  -48.058  77.312 0.0000000000
35064  25.180  -48.457  78.399 0.0000000000
46060  24.767  -36.252  74.099 0.0000000000
44995  25.807  -36.852  73.497 0.0000000000
44974  24.678  -37.928  74.347 0.0000000000
42058  25.396  -41.502  77.530 0.0000000000
42076  26.515  -41.032  76.628 0.0000000000
136335  26.816  -42.083  77.372 0.0000000000
40180  28.494  -42.678  77.470 0.0000000000
50795  37.502  -31.788  71.150 0.0000000000
51942  37.621  -31.041  70.609 0.0000000000
53055  36.011  -30.544  69.546 0.0000000000
53070  35.433  -30.164  68.985 0.0000000000
53056  34.954  -30.870  69.476 0.0000000000
51966  31.876  -31.915  68.599 0.0000000000
53073  32.675  -31.024  68.447 0.0000000000
53074  31.666  -31.159  68.102 0.0000000000
53099  30.485  -30.270  67.108 0.0000000000
53088  30.168  -31.192  67.376 0.0000000000
53101  29.193  -31.183  66.267 0.0000000000
51989  29.823  -32.217  66.857 0.0000000000
49708  31.249  -33.955  64.672 0.0000000000
50841  30.813  -33.580  64.476 0.0000000000
49720  30.642  -33.690  64.158 0.0000000000
49731  30.026  -32.864  62.868 0.0000000000
49722  29.542  -33.604  63.807 0.0000000000
144322  23.031  -38.209  70.463 0.0000000000
45057  22.722  -37.488  69.985 0.0000000000
45058  21.808  -38.172  69.541 0.0000000000
133927  53.013  -20.533  65.818 0.0000000000
65741  53.122  -19.260  64.238 0.0000000000
64507  52.845  -21.291  65.496 0.0000000000
63370  52.513  -21.853  64.224 0.0000000000
40285  24.420  -41.551  67.142 0.0000000000
39384  22.857  -43.626  66.815 0.0000000000
38359  24.691  -44.588  73.847 0.0000000000
39343  23.650  -43.597  72.502 0.0000000000
154246  23.303  -43.182  73.335 0.0000000000
41192  19.851  -41.518  72.217 0.0000000000
41191  20.563  -41.589  72.050 0.0000000000
157498  35.171  -35.352  72.977 0.0000000000
47273  36.659  -35.573  73.969 0.0000000000
45006  37.484  -37.684  72.239 0.0000000000
150770  37.713  -37.775  71.286 0.0000000000
44037  36.921  -39.033  70.687 0.0000000000
44073  34.762  -38.740  68.830 0.0000000000
43101  35.848  -39.837  70.191 0.0000000000
42147  33.835  -41.075  71.979 0.0000000000
42176  33.434  -40.985  71.008 0.0000000000
43086  31.740  -40.254  71.195 0.0000000000
44018  30.204  -38.989  71.140 0.0000000000
43088  29.705  -39.419  71.717 0.0000000000
43965  28.557  -38.474  74.177 0.0000000000
43982  30.040  -38.285  73.661 0.0000000000
43016  30.673  -40.124  75.414 0.0000000000
41162  28.170  -41.800  74.450 0.0000000000
41179  29.653  -41.385  73.870 0.0000000000
42131  28.017  -40.704  73.509 0.0000000000
43069  27.131  -39.559  72.489 0.0000000000
43070  26.027  -39.598  72.638 0.0000000000
145360  24.572  -39.160  72.126 0.0000000000
42169  24.024  -40.644  72.251 0.0000000000
41222  25.372  -42.070  68.795 0.0000000000
41223  24.878  -41.580  69.097 0.0000000000
41246  24.895  -41.504  67.668 0.0000000000
59033  46.164  -25.233  60.477 0.0000000000
59019  47.185  -24.860  61.625 0.0000000000
57898  46.376  -26.093  61.742 0.0000000000
135938  45.900  -27.222  62.793 0.0000000000
35040  22.619  -48.696  80.204 0.0000000000
34026  23.629  -49.488  79.075 0.0000000000
32952  22.706  -49.683  79.463 0.0000000000
34046  17.350  -49.042  77.194 0.0000000000
35089  18.481  -47.920  77.366 0.0000000000
35088  19.375  -47.695  77.666 0.0000000000
142485  17.655  -46.912  76.157 0.0000000000
36219  17.675  -45.703  75.385 0.0000000000
35118  16.823  -47.246  75.551 0.0000000000
148167  53.730  -17.513  65.555 0.0000000000
65724  50.196  -19.456  65.656 0.0000000000
65737  49.110  -19.816  64.301 0.0000000000
154623  49.576  -20.083  64.149 0.0000000000
64528  49.037  -20.100  63.555 0.0000000000
156403  46.429  -20.935  60.513 0.0000000000
63400  47.699  -21.084  61.465 0.0000000000
62283  46.812  -22.216  60.251 0.0000000000
61133  46.560  -22.999  59.912 0.0000000000
62290  46.233  -22.196  59.608 0.0000000000
61154  42.841  -24.138  58.040 0.0000000000
60087  44.267  -24.081  58.680 0.0000000000
59068  43.098  -25.003  59.157 0.0000000000
59056  42.828  -25.676  59.459 0.0000000000
59069  42.478  -25.231  58.789 0.0000000000
62315  39.562  -23.105  56.893 0.0000000000
61168  40.206  -23.540  57.161 0.0000000000
60106  39.933  -24.299  57.334 0.0000000000
57990  39.032  -26.174  57.588 0.0000000000
59092  39.599  -25.574  57.544 0.0000000000
57989  39.802  -26.354  57.786 0.0000000000
57964  40.645  -26.492  58.242 0.0000000000
56691  39.835  -27.247  58.185 0.0000000000
55416  40.126  -27.944  58.654 0.0000000000
55418  38.381  -28.103  58.653 0.0000000000
56650  35.448  -28.020  60.873 0.0000000000
55404  36.188  -28.417  60.485 0.0000000000
153100  34.934  -28.758  61.881 0.0000000000
55360  34.666  -29.297  62.035 0.0000000000
58999  36.940  -25.879  62.710 0.0000000000
55295  35.066  -28.756  67.214 0.0000000000
159000  34.944  -28.367  66.655 0.0000000000
55307  34.325  -28.165  66.182 0.0000000000
57863  33.209  -26.701  64.275 0.0000000000
56595  33.567  -27.250  64.854 0.0000000000
142738  33.801  -26.410  63.849 0.0000000000
57878  33.929  -26.127  63.054 0.0000000000
59011  33.815  -25.785  62.055 0.0000000000
138863  33.702  -25.970  61.653 0.0000000000
59012  32.883  -25.984  61.927 0.0000000000
57905  31.737  -26.921  61.736 0.0000000000
56637  32.371  -27.078  61.404 0.0000000000
56654  32.311  -27.139  61.266 0.0000000000
56653  33.090  -28.255  60.836 0.0000000000
157468  32.679  -27.542  60.767 0.0000000000
57970  31.923  -26.161  59.515 0.0000000000
136020  28.802  -26.381  60.084 0.0000000000
59060  30.071  -25.677  59.024 0.0000000000
142861  28.376  -30.719  63.281 0.0000000000
54248  27.502  -29.299  63.066 0.0000000000
54260  29.124  -30.182  61.152 0.0000000000
54322  28.347  -29.390  59.281 0.0000000000
45069  31.837  -37.461  67.907 0.0000000000
46155  31.697  -36.532  66.930 0.0000000000
46156  30.723  -36.482  67.367 0.0000000000
48506  27.415  -34.020  67.857 0.0000000000
48505  28.440  -34.476  67.610 0.0000000000
49678  28.042  -33.806  66.972 0.0000000000
159367  27.181  -32.748  65.214 0.0000000000
50832  26.018  -32.608  66.115 0.0000000000
47341  22.649  -35.489  68.645 0.0000000000
48496  24.026  -34.565  68.509 0.0000000000
143605  22.975  -34.432  67.719 0.0000000000
50847  23.447  -32.621  65.425 0.0000000000
136585  24.056  -32.139  64.056 0.0000000000
65756  52.239  -18.578  61.558 0.0000000000
68166  53.099  -17.594  59.902 0.0000000000
158673  50.156  -24.349  64.546 0.0000000000
41114  25.036  -41.714  78.256 0.0000000000
145061  25.972  -42.575  78.285 0.0000000000
40167  25.499  -42.285  78.752 0.0000000000
39273  25.195  -43.256  79.203 0.0000000000
38257  24.336  -43.461  79.501 0.0000000000
158346  24.393  -41.170  77.764 0.0000000000
47298  38.606  -35.545  72.580 0.0000000000
49640  38.968  -33.306  72.963 0.0000000000
48466  37.273  -34.305  71.476 0.0000000000
50789  36.496  -32.790  71.188 0.0000000000
51944  35.229  -32.004  70.356 0.0000000000
51952  34.540  -31.792  69.888 0.0000000000
50805  33.841  -32.682  70.066 0.0000000000
50807  32.346  -33.162  69.214 0.0000000000
50815  31.325  -32.885  68.417 0.0000000000
50824  30.461  -33.133  66.663 0.0000000000
49676  31.412  -33.841  67.495 0.0000000000
48519  31.931  -34.459  65.557 0.0000000000
47373  31.709  -34.635  65.348 0.0000000000
43130  23.608  -39.886  67.467 0.0000000000
44061  21.494  -38.972  68.754 0.0000000000
44090  23.112  -38.964  66.673 0.0000000000
63356  51.622  -21.582  65.111 0.0000000000
63341  52.669  -21.970  65.235 0.0000000000
147812  52.428  -22.142  65.299 0.0000000000
62244  52.451  -22.774  65.134 0.0000000000
39370  25.067  -43.594  68.372 0.0000000000
39378  23.453  -43.935  67.388 0.0000000000
38403  23.835  -44.513  68.128 0.0000000000
38404  23.617  -44.338  68.782 0.0000000000
40262  22.414  -43.020  69.383 0.0000000000
39311  22.927  -43.542  75.132 0.0000000000
39334  22.654  -42.781  73.642 0.0000000000
159253  21.766  -42.625  74.290 0.0000000000
141476  19.993  -42.115  73.387 0.0000000000
40228  17.829  -43.090  73.324 0.0000000000
47275  33.775  -35.121  73.402 0.0000000000
46084  34.477  -36.110  71.527 0.0000000000
44015  34.610  -38.265  70.685 0.0000000000
46101  32.805  -36.434  70.928 0.0000000000
45008  32.326  -37.707  71.562 0.0000000000
43979  32.652  -39.378  73.016 0.0000000000
41107  31.409  -42.280  76.941 0.0000000000
41125  31.733  -42.017  76.192 0.0000000000
40201  30.203  -43.045  75.607 0.0000000000
137290  28.326  -42.551  74.910 0.0000000000
147354  26.105  -42.477  73.886 0.0000000000
157725  24.732  -41.584  72.817 0.0000000000
40230  25.386  -42.926  72.489 0.0000000000
40251  25.815  -43.047  70.111 0.0000000000
57920  44.318  -26.460  60.965 0.0000000000
57919  45.054  -26.651  61.493 0.0000000000
57900  44.483  -26.993  61.682 0.0000000000
56632  44.498  -27.514  62.187 0.0000000000
32969  17.066  -49.868  77.451 0.0000000000
157474  16.390  -48.896  76.217 0.0000000000
35119  16.068  -47.781  75.154 0.0000000000
34061  15.905  -48.862  75.841 0.0000000000
137109  45.071  -21.082  59.099 0.0000000000
61142  45.265  -22.687  58.672 0.0000000000
62303  44.573  -22.181  58.411 0.0000000000
152055  43.249  -22.729  57.657 0.0000000000
60103  42.107  -23.966  57.659 0.0000000000
60108  37.645  -24.353  57.461 0.0000000000
60107  38.519  -24.601  57.340 0.0000000000
59094  37.846  -25.351  57.600 0.0000000000
57991  37.724  -26.279  57.787 0.0000000000
141521  37.694  -27.040  58.032 0.0000000000
56693  37.677  -27.673  58.538 0.0000000000
154604  37.202  -27.260  58.466 0.0000000000
56676  36.072  -27.532  59.552 0.0000000000
56651  34.880  -27.677  61.067 0.0000000000
55309  32.854  -28.755  66.410 0.0000000000
55320  33.347  -28.250  65.938 0.0000000000
55321  32.475  -28.320  65.818 0.0000000000
56597  31.661  -27.268  64.601 0.0000000000
57864  32.212  -26.679  63.953 0.0000000000
57879  32.254  -26.288  63.143 0.0000000000
57880  31.085  -26.438  63.228 0.0000000000
139484  30.680  -26.463  62.728 0.0000000000
159628  30.569  -26.555  62.049 0.0000000000
57926  30.635  -26.248  60.872 0.0000000000
57907  30.154  -26.392  61.480 0.0000000000
57908  29.294  -26.645  61.462 0.0000000000
56655  27.883  -27.132  60.793 0.0000000000
50892  30.114  -31.619  61.357 0.0000000000
53167  29.669  -30.711  60.604 0.0000000000
52064  29.371  -30.883  60.109 0.0000000000
157068  28.400  -30.397  59.454 0.0000000000
54324  27.141  -29.554  59.101 0.0000000000
46122  29.958  -36.797  69.272 0.0000000000
46143  29.578  -36.158  68.934 0.0000000000
47320  28.923  -35.795  69.331 0.0000000000
135247  27.787  -34.928  68.906 0.0000000000
48493  26.869  -34.392  68.548 0.0000000000
48522  22.073  -34.153  66.734 0.0000000000
49715  20.826  -33.887  65.089 0.0000000000
70651  56.478  -15.132  59.110 0.0000000000
69361  55.703  -15.821  58.238 0.0000000000
69375  55.064  -16.629  57.818 0.0000000000
36215  29.548  -46.298  74.800 0.0000000000
37345  26.940  -46.397  72.145 0.0000000000
36234  28.524  -46.752  74.162 0.0000000000
37315  26.990  -46.530  74.365 0.0000000000
147366  26.265  -46.043  75.016 0.0000000000
143112  26.358  -45.283  77.460 0.0000000000
36176  26.500  -47.351  76.757 0.0000000000
37304  24.829  -45.687  75.807 0.0000000000
37305  23.870  -45.134  76.098 0.0000000000
37282  22.520  -45.067  76.736 0.0000000000
37283  21.720  -44.995  76.894 0.0000000000
48451  28.263  -34.420  73.218 0.0000000000
47292  28.890  -35.334  72.210 0.0000000000
46073  26.896  -36.164  72.911 0.0000000000
44980  26.996  -37.817  73.689 0.0000000000
43037  28.106  -39.195  74.841 0.0000000000
43021  25.725  -39.601  75.382 0.0000000000
43020  26.687  -39.721  75.457 0.0000000000
42074  28.693  -41.118  76.529 0.0000000000
41109  29.827  -41.990  77.299 0.0000000000
37254  30.352  -45.053  76.513 0.0000000000
55399  41.412  -28.490  59.477 0.0000000000
55379  42.069  -28.862  59.952 0.0000000000
54294  41.774  -29.633  60.401 0.0000000000
133234  41.058  -21.967  56.917 0.0000000000
153487  36.683  -24.491  58.146 0.0000000000
152127  36.403  -25.302  59.916 0.0000000000
54212  35.285  -29.235  67.932 0.0000000000
54213  34.231  -29.354  67.534 0.0000000000
51965  33.509  -31.209  68.923 0.0000000000
53085  33.103  -30.190  67.972 0.0000000000
144347  32.783  -29.738  67.444 0.0000000000
54221  31.352  -29.610  66.841 0.0000000000
142210  30.174  -29.670  66.541 0.0000000000
54229  29.504  -29.404  65.915 0.0000000000
142056  28.671  -28.650  64.652 0.0000000000
54230  28.691  -29.923  65.627 0.0000000000
53114  28.317  -30.469  64.982 0.0000000000
157630  29.475  -31.848  63.458 0.0000000000
50831  30.302  -32.947  65.623 0.0000000000
52012  29.828  -32.513  63.736 0.0000000000
52021  29.980  -32.343  62.652 0.0000000000
50881  29.906  -32.208  61.866 0.0000000000
50882  29.091  -32.412  61.922 0.0000000000
50883  27.824  -32.242  62.405 0.0000000000
45046  24.827  -37.281  71.029 0.0000000000
46126  25.500  -36.167  69.967 0.0000000000
46114  24.276  -36.897  70.623 0.0000000000
47326  22.966  -36.032  69.361 0.0000000000
47342  21.944  -35.778  68.309 0.0000000000
45071  21.189  -37.375  68.274 0.0000000000
46158  20.852  -36.782  67.601 0.0000000000
68097  54.240  -17.295  63.761 0.0000000000
68125  53.862  -17.255  61.805 0.0000000000
66917  53.418  -18.377  63.510 0.0000000000
155650  52.345  -19.059  62.387 0.0000000000
65757  51.775  -19.376  61.862 0.0000000000
64525  52.757  -21.167  64.728 0.0000000000
64545  52.110  -20.402  63.004 0.0000000000
38387  24.103  -44.674  70.911 0.0000000000
39360  23.019  -43.703  70.507 0.0000000000
40254  21.807  -42.417  70.295 0.0000000000
150224  21.752  -42.194  72.140 0.0000000000
41200  21.360  -41.931  70.978 0.0000000000
47270  38.723  -35.499  73.601 0.0000000000
46097  38.436  -36.560  72.590 0.0000000000
47311  36.865  -36.385  70.462 0.0000000000
46121  34.992  -36.624  68.864 0.0000000000
46140  33.526  -36.383  67.773 0.0000000000
138054  33.738  -37.083  68.062 0.0000000000
45068  33.201  -37.815  68.152 0.0000000000
45055  31.434  -37.942  68.762 0.0000000000
42188  34.559  -40.351  70.317 0.0000000000
43121  32.381  -39.424  69.784 0.0000000000
44059  31.034  -38.291  69.605 0.0000000000
45040  30.232  -37.912  70.096 0.0000000000
45043  28.303  -37.374  70.682 0.0000000000
45027  27.258  -37.650  71.015 0.0000000000
45011  29.793  -36.783  72.307 0.0000000000
43981  30.899  -38.522  73.570 0.0000000000
41176  33.139  -41.616  73.513 0.0000000000
41160  32.779  -42.174  74.985 0.0000000000
41178  30.937  -41.630  73.670 0.0000000000
42128  30.875  -40.918  72.790 0.0000000000
43067  29.143  -39.830  72.276 0.0000000000
43090  27.736  -39.074  71.907 0.0000000000
150924  26.729  -38.177  71.498 0.0000000000
44023  24.918  -38.437  71.863 0.0000000000
44024  23.982  -38.822  71.599 0.0000000000
43107  22.740  -39.754  70.480 0.0000000000
41199  23.773  -41.334  71.614 0.0000000000
42190  23.418  -40.721  69.326 0.0000000000
42191  23.069  -40.295  68.779 0.0000000000
43129  24.431  -40.026  67.000 0.0000000000
61111  48.121  -23.415  61.839 0.0000000000
61099  48.881  -23.803  63.218 0.0000000000
60050  47.763  -24.359  62.073 0.0000000000
57899  45.788  -26.667  61.976 0.0000000000
57873  46.725  -26.993  63.263 0.0000000000
54271  43.426  -29.103  61.601 0.0000000000
40144  23.558  -41.882  80.555 0.0000000000
39242  23.769  -42.847  80.224 0.0000000000
38258  23.328  -43.833  79.777 0.0000000000
37230  22.484  -45.405  79.933 0.0000000000
36155  23.769  -47.308  79.364 0.0000000000
34025  24.402  -49.105  78.645 0.0000000000
35085  22.538  -48.046  78.136 0.0000000000
37263  20.890  -45.928  77.361 0.0000000000
32954  21.164  -49.941  79.408 0.0000000000
35067  20.975  -48.478  78.480 0.0000000000
36182  19.689  -46.813  77.414 0.0000000000
37285  19.657  -45.464  76.558 0.0000000000
37318  18.010  -44.915  75.153 0.0000000000
68106  54.805  -15.995  63.523 0.0000000000
68087  53.978  -17.384  64.720 0.0000000000
65732  53.321  -19.600  65.565 0.0000000000
65722  52.721  -20.144  66.221 0.0000000000
65703  52.170  -19.435  67.554 0.0000000000
65723  51.486  -19.658  66.091 0.0000000000
65734  52.103  -20.603  65.791 0.0000000000
63371  50.636  -21.025  64.466 0.0000000000
64546  49.315  -20.732  63.116 0.0000000000
62268  48.715  -21.687  62.284 0.0000000000
64566  48.095  -20.663  62.113 0.0000000000
63399  48.347  -21.110  61.915 0.0000000000
61121  48.064  -22.470  61.366 0.0000000000
134794  47.728  -23.053  61.069 0.0000000000
60061  46.763  -23.770  60.334 0.0000000000
60063  45.579  -24.873  59.932 0.0000000000
61143  45.171  -23.658  58.834 0.0000000000
59053  44.832  -24.611  59.394 0.0000000000
152911  44.910  -25.288  59.980 0.0000000000
59036  43.822  -25.877  60.412 0.0000000000
57942  43.242  -26.139  60.069 0.0000000000
156560  42.172  -27.158  59.576 0.0000000000
62313  41.673  -22.398  57.255 0.0000000000
153044  41.332  -23.774  57.424 0.0000000000
60104  41.512  -24.567  57.713 0.0000000000
141705  40.166  -24.981  57.491 0.0000000000
59090  40.932  -25.142  57.716 0.0000000000
59070  41.676  -25.346  58.309 0.0000000000
57963  41.443  -26.158  58.595 0.0000000000
57944  41.840  -26.643  59.193 0.0000000000
56673  41.482  -27.503  59.197 0.0000000000
56674  40.751  -28.178  59.039 0.0000000000
55400  39.947  -28.714  59.129 0.0000000000
55419  37.621  -28.209  59.092 0.0000000000
55402  38.004  -28.597  59.684 0.0000000000
59037  36.481  -25.250  60.674 0.0000000000
59023  36.168  -25.475  61.178 0.0000000000
56593  36.001  -27.085  65.015 0.0000000000
56578  33.948  -27.715  65.479 0.0000000000
56594  34.649  -27.196  64.945 0.0000000000
141421  35.441  -26.747  64.316 0.0000000000
59000  35.278  -25.883  62.614 0.0000000000
59010  34.984  -25.709  61.567 0.0000000000
59038  35.591  -25.838  60.351 0.0000000000
159712  34.626  -26.320  60.788 0.0000000000
56652  34.280  -27.299  61.104 0.0000000000
56635  33.798  -28.297  61.509 0.0000000000
157594  32.282  -26.774  61.987 0.0000000000
56636  33.125  -27.746  61.281 0.0000000000
54280  33.936  -29.099  61.598 0.0000000000
59059  31.004  -25.807  59.279 0.0000000000
59074  31.649  -25.809  58.575 0.0000000000
55344  27.661  -28.707  63.298 0.0000000000
155549  27.619  -27.926  62.270 0.0000000000
56639  27.536  -27.815  60.773 0.0000000000
54281  29.055  -29.791  60.194 0.0000000000
55385  27.950  -28.504  59.745 0.0000000000
46154  32.506  -36.055  66.650 0.0000000000
47363  31.437  -35.313  65.671 0.0000000000
47364  30.521  -35.214  65.612 0.0000000000
47352  29.748  -35.553  67.058 0.0000000000
48520  29.662  -34.954  65.870 0.0000000000
48531  29.371  -34.484  65.214 0.0000000000
147000  28.707  -33.677  64.513 0.0000000000
50843  27.419  -32.799  64.642 0.0000000000
50872  26.109  -32.254  63.706 0.0000000000
47324  25.930  -35.595  69.545 0.0000000000
48495  24.980  -34.417  68.652 0.0000000000
49681  24.903  -33.399  67.483 0.0000000000
49700  22.781  -33.633  66.620 0.0000000000
49698  24.329  -33.084  66.666 0.0000000000
49697  25.375  -32.973  66.815 0.0000000000
50845  25.378  -32.613  65.303 0.0000000000
133513  25.096  -32.175  63.916 0.0000000000
157947  53.828  -17.220  60.796 0.0000000000
161499  53.720  -17.503  59.295 0.0000000000
68205  54.362  -17.269  57.313 0.0000000000
61092  50.266  -23.770  64.408 0.0000000000
47318  34.602  -35.279  69.374 0.0000000000
47319  33.780  -35.255  68.834 0.0000000000
48482  33.326  -34.551  69.136 0.0000000000
48491  32.849  -34.947  67.567 0.0000000000
38376  27.073  -45.174  71.037 0.0000000000
37371  26.180  -45.419  70.344 0.0000000000
37370  26.631  -45.427  70.805 0.0000000000
39314  20.183  -43.771  75.611 0.0000000000
38335  19.683  -44.447  75.849 0.0000000000
48450  29.188  -34.135  73.129 0.0000000000
48440  30.584  -34.324  74.187 0.0000000000
48449  30.089  -34.277  73.223 0.0000000000
48459  30.484  -34.650  72.299 0.0000000000
47290  31.045  -35.284  71.656 0.0000000000
47302  29.954  -34.780  72.166 0.0000000000
38355  28.682  -45.860  73.590 0.0000000000
133360  28.245  -45.155  73.983 0.0000000000
38356  28.278  -45.388  72.945 0.0000000000
38368  27.519  -45.070  71.674 0.0000000000
56649  43.310  -27.296  60.856 0.0000000000
63461  41.813  -21.625  57.526 0.0000000000
55333  30.314  -27.966  65.049 0.0000000000
56600  29.094  -27.899  64.170 0.0000000000
145737  26.773  -36.361  70.122 0.0000000000
46112  25.991  -36.583  70.349 0.0000000000
69331  55.441  -15.980  61.805 0.0000000000
155348  54.541  -16.732  61.465 0.0000000000
39288  26.747  -42.781  77.703 0.0000000000
37241  24.855  -45.494  78.399 0.0000000000
36164  25.162  -47.375  78.433 0.0000000000
47265  24.951  -35.765  74.786 0.0000000000
44983  24.303  -37.016  74.312 0.0000000000
41112  26.109  -41.893  77.705 0.0000000000
42057  26.111  -41.468  77.138 0.0000000000
40181  27.080  -42.439  77.433 0.0000000000
51943  36.278  -31.775  70.594 0.0000000000
51950  36.661  -30.850  70.134 0.0000000000
51977  30.980  -32.071  68.222 0.0000000000
146937  30.857  -31.367  67.831 0.0000000000
159179  29.574  -31.454  66.784 0.0000000000
48530  31.114  -34.140  64.583 0.0000000000
157022  30.256  -33.788  63.832 0.0000000000
45048  22.319  -38.394  70.018 0.0000000000
65733  53.118  -20.264  65.043 0.0000000000
40278  23.806  -42.932  67.350 0.0000000000
39333  23.877  -43.688  73.415 0.0000000000
147034  19.355  -41.270  71.762 0.0000000000
46083  35.402  -36.280  71.993 0.0000000000
46082  36.562  -36.627  72.592 0.0000000000
160104  37.571  -38.099  72.012 0.0000000000
43996  36.952  -38.403  71.623 0.0000000000
43116  36.254  -39.499  70.167 0.0000000000
44014  36.409  -38.822  70.889 0.0000000000
42148  33.614  -41.407  72.722 0.0000000000
42167  32.719  -41.150  71.704 0.0000000000
43087  30.732  -39.756  71.503 0.0000000000
42168  31.414  -40.648  71.941 0.0000000000
43036  29.095  -39.269  74.844 0.0000000000
43035  30.092  -39.431  74.879 0.0000000000
43017  29.628  -39.933  75.421 0.0000000000
151076  26.531  -41.363  73.803 0.0000000000
41180  28.568  -41.277  74.000 0.0000000000
42132  27.003  -40.721  73.547 0.0000000000
42154  26.534  -40.200  73.045 0.0000000000
42155  25.500  -40.466  72.984 0.0000000000
42156  24.705  -40.922  72.703 0.0000000000
40269  25.059  -42.613  67.985 0.0000000000
157657  25.213  -41.985  68.269 0.0000000000
59020  46.564  -25.433  61.291 0.0000000000
59021  45.851  -26.108  61.063 0.0000000000
35041  21.551  -47.729  81.019 0.0000000000
149100  23.222  -49.415  79.405 0.0000000000
34060  16.923  -48.630  76.498 0.0000000000
34045  18.176  -48.751  77.596 0.0000000000
34059  17.625  -48.231  77.005 0.0000000000
35103  18.030  -47.447  76.729 0.0000000000
68069  52.692  -17.181  67.123 0.0000000000
66841  52.452  -17.886  67.949 0.0000000000
65725  49.223  -19.677  65.150 0.0000000000
138150  48.486  -19.914  63.985 0.0000000000
63416  46.367  -21.453  60.076 0.0000000000
60088  43.402  -24.397  58.636 0.0000000000
137704  42.806  -24.694  58.585 0.0000000000
57965  39.207  -26.829  57.796 0.0000000000
55296  34.211  -28.746  66.852 0.0000000000
57889  32.968  -26.031  62.638 0.0000000000
57924  32.106  -26.701  60.524 0.0000000000
57951  29.406  -26.049  59.629 0.0000000000
57952  28.544  -26.399  59.275 0.0000000000
53142  28.841  -30.693  62.167 0.0000000000
45070  31.061  -37.414  68.338 0.0000000000
46141  31.200  -37.043  67.667 0.0000000000
49696  26.736  -33.034  66.446 0.0000000000
147574  26.174  -33.013  66.851 0.0000000000
48497  23.179  -34.792  68.268 0.0000000000
66948  51.887  -18.489  60.536 0.0000000000
41095  25.067  -41.974  78.814 0.0000000000
41083  24.131  -41.889  79.814 0.0000000000
40158  24.861  -42.195  79.365 0.0000000000
39257  24.732  -42.659  79.616 0.0000000000
42991  23.227  -40.632  77.614 0.0000000000
42079  23.732  -40.416  76.710 0.0000000000
47299  37.839  -35.323  71.722 0.0000000000
48465  38.347  -34.428  72.345 0.0000000000
49649  35.761  -33.844  70.647 0.0000000000
50796  35.478  -32.754  70.668 0.0000000000
50797  34.632  -32.684  70.344 0.0000000000
49658  34.135  -33.403  70.255 0.0000000000
49668  31.853  -33.523  68.524 0.0000000000
50814  31.986  -32.666  68.866 0.0000000000
43134  23.648  -39.360  66.759 0.0000000000
152865  50.951  -21.745  64.601 0.0000000000
62253  51.746  -22.509  65.183 0.0000000000
39369  25.736  -43.566  68.987 0.0000000000
38402  24.393  -44.332  68.172 0.0000000000
38401  25.239  -44.375  68.911 0.0000000000
38395  24.243  -44.669  69.506 0.0000000000
39365  23.016  -43.706  69.542 0.0000000000
39324  22.312  -42.909  74.497 0.0000000000
39312  21.970  -43.388  75.359 0.0000000000
40217  19.985  -42.942  74.510 0.0000000000
40216  20.646  -42.665  74.341 0.0000000000
40226  19.969  -42.616  73.912 0.0000000000
40235  19.615  -41.856  72.854 0.0000000000
40227  19.210  -42.426  73.477 0.0000000000
40236  18.896  -42.091  72.780 0.0000000000
39328  18.198  -43.767  74.337 0.0000000000
39345  17.141  -43.318  73.200 0.0000000000
160522  17.256  -44.235  73.922 0.0000000000
47261  32.536  -35.040  74.648 0.0000000000
48457  32.241  -34.876  72.634 0.0000000000
133457  32.931  -35.025  72.389 0.0000000000
47288  33.822  -35.134  72.215 0.0000000000
47300  33.815  -35.718  71.511 0.0000000000
46100  33.729  -36.510  70.958 0.0000000000
46086  31.326  -36.224  71.444 0.0000000000
45026  32.086  -36.793  71.246 0.0000000000
45009  31.528  -37.378  71.767 0.0000000000
43998  32.867  -38.719  72.006 0.0000000000
43999  32.020  -38.343  72.448 0.0000000000
40177  31.499  -42.901  77.130 0.0000000000
144892  31.605  -43.071  76.799 0.0000000000
39308  30.811  -43.613  76.171 0.0000000000
39322  27.250  -43.664  74.449 0.0000000000
39321  27.984  -43.507  74.988 0.0000000000
40212  27.429  -42.913  74.740 0.0000000000
41163  27.380  -42.203  74.492 0.0000000000
40221  26.149  -43.115  73.712 0.0000000000
40222  25.670  -42.704  73.374 0.0000000000
39358  26.354  -43.851  70.259 0.0000000000
39363  26.054  -43.660  69.627 0.0000000000
143560  44.230  -27.279  61.720 0.0000000000
56622  44.398  -28.109  62.571 0.0000000000
32970  16.268  -49.781  76.988 0.0000000000
32979  16.646  -49.255  76.767 0.0000000000
32980  16.177  -49.255  76.387 0.0000000000
63448  43.937  -21.675  58.127 0.0000000000
62312  42.510  -22.359  57.492 0.0000000000
61166  42.734  -23.334  57.613 0.0000000000
56694  36.606  -27.052  58.699 0.0000000000
55310  31.962  -28.883  66.308 0.0000000000
56598  30.774  -27.403  64.513 0.0000000000
150993  31.639  -26.476  63.385 0.0000000000
57892  29.882  -26.648  62.208 0.0000000000
152136  29.050  -26.934  62.093 0.0000000000
56638  28.430  -27.042  61.541 0.0000000000
52042  29.800  -31.335  60.754 0.0000000000
157715  27.689  -30.467  59.688 0.0000000000
53204  27.856  -30.063  59.247 0.0000000000
54300  26.713  -30.066  59.756 0.0000000000
46123  29.186  -36.407  69.746 0.0000000000
46124  28.455  -35.976  69.688 0.0000000000
47322  27.352  -35.267  69.271 0.0000000000
47336  27.241  -34.783  68.892 0.0000000000
69352  54.994  -16.438  59.916 0.0000000000
36194  29.505  -46.385  75.526 0.0000000000
36216  29.015  -46.775  74.883 0.0000000000
36195  28.688  -46.756  75.715 0.0000000000
37257  27.584  -45.637  76.746 0.0000000000
36196  28.036  -47.159  75.929 0.0000000000
151740  27.445  -47.242  76.015 0.0000000000
37302  26.866  -46.935  75.580 0.0000000000
39289  26.329  -43.166  77.981 0.0000000000
38296  25.991  -44.040  77.944 0.0000000000
36177  25.728  -47.919  77.445 0.0000000000
37259  26.111  -46.944  77.502 0.0000000000
35081  26.000  -47.881  76.987 0.0000000000
160121  26.236  -47.021  76.204 0.0000000000
37280  25.430  -46.822  76.348 0.0000000000
37281  24.407  -46.208  76.484 0.0000000000
158443  24.192  -47.703  77.418 0.0000000000
37260  23.373  -45.718  76.763 0.0000000000
37261  22.507  -45.768  77.163 0.0000000000
47262  26.735  -34.922  74.314 0.0000000000
48432  27.548  -34.659  74.778 0.0000000000
48443  27.479  -34.657  73.824 0.0000000000
48442  28.266  -34.435  74.291 0.0000000000
48452  27.464  -34.817  73.040 0.0000000000
46090  27.605  -35.429  72.668 0.0000000000
47277  26.971  -35.324  73.037 0.0000000000
44981  26.068  -37.595  73.704 0.0000000000
44994  26.534  -36.976  73.338 0.0000000000
43967  26.595  -38.426  74.235 0.0000000000
43966  27.546  -38.515  74.276 0.0000000000
43946  27.133  -39.140  74.846 0.0000000000
43023  23.930  -39.099  75.456 0.0000000000
43022  24.772  -39.432  75.358 0.0000000000
161175  27.028  -41.140  76.637 0.0000000000
43001  26.208  -40.346  76.041 0.0000000000
42096  27.143  -40.506  76.161 0.0000000000
42095  28.157  -40.469  76.067 0.0000000000
41128  29.245  -41.596  76.944 0.0000000000
41129  28.214  -41.729  76.959 0.0000000000
38272  29.022  -43.665  77.502 0.0000000000
38271  29.791  -43.780  77.567 0.0000000000
37255  29.961  -45.026  76.837 0.0000000000
37278  29.998  -45.732  76.121 0.0000000000
54316  41.227  -29.381  59.732 0.0000000000
60075  36.464  -24.527  58.913 0.0000000000
49641  38.019  -33.393  72.110 0.0000000000
134272  35.068  -29.827  68.462 0.0000000000
54206  34.514  -29.742  68.174 0.0000000000
51953  33.615  -31.959  69.528 0.0000000000
51964  34.178  -31.244  69.318 0.0000000000
53072  33.506  -30.543  68.437 0.0000000000
153511  33.467  -29.684  67.600 0.0000000000
54220  32.405  -29.337  66.870 0.0000000000
54214  32.029  -29.863  67.315 0.0000000000
53113  28.725  -30.859  65.631 0.0000000000
52002  28.851  -31.435  64.644 0.0000000000
52013  28.638  -31.038  63.950 0.0000000000
50856  30.326  -33.236  63.732 0.0000000000
50842  30.182  -32.777  64.651 0.0000000000
52029  30.130  -31.968  61.970 0.0000000000
50868  30.058  -32.472  62.492 0.0000000000
50869  29.674  -32.667  62.458 0.0000000000
50870  28.550  -32.674  62.772 0.0000000000
46129  22.027  -37.132  69.383 0.0000000000
46128  22.747  -36.725  69.638 0.0000000000
160017  22.447  -36.526  69.353 0.0000000000
46144  22.091  -36.311  68.940 0.0000000000
44077  21.274  -38.437  68.034 0.0000000000
45082  21.157  -37.874  67.442 0.0000000000
47354  21.340  -35.672  67.659 0.0000000000
66904  53.589  -18.339  64.425 0.0000000000
150273  52.736  -19.172  63.226 0.0000000000
65745  52.221  -19.748  62.712 0.0000000000
64526  52.273  -21.007  63.643 0.0000000000
39379  23.003  -44.118  67.292 0.0000000000
37346  26.088  -45.898  71.744 0.0000000000
37347  25.528  -45.583  71.227 0.0000000000
147795  25.030  -45.126  72.022 0.0000000000
143553  23.076  -43.248  71.885 0.0000000000
39353  23.106  -43.694  71.176 0.0000000000
40244  22.625  -43.136  71.229 0.0000000000
40253  22.424  -43.086  70.394 0.0000000000
40245  21.943  -42.417  71.274 0.0000000000
40214  21.908  -42.452  73.878 0.0000000000
40223  21.962  -42.502  72.925 0.0000000000
40233  21.198  -41.915  72.574 0.0000000000
41202  19.909  -41.254  71.411 0.0000000000
41201  20.732  -41.532  71.190 0.0000000000
47258  36.300  -35.758  75.066 0.0000000000
47285  36.904  -36.024  73.322 0.0000000000
47272  37.820  -35.757  73.778 0.0000000000
47271  38.494  -35.713  73.673 0.0000000000
46069  38.576  -36.257  73.161 0.0000000000
46081  38.228  -37.000  72.563 0.0000000000
45039  37.334  -38.066  70.571 0.0000000000
46108  37.277  -37.319  70.605 0.0000000000
46119  36.609  -37.362  69.882 0.0000000000
47316  35.824  -36.332  69.618 0.0000000000
46120  35.651  -37.282  69.172 0.0000000000
46139  34.267  -36.835  68.353 0.0000000000
46138  34.942  -37.310  68.661 0.0000000000
43128  34.314  -39.201  68.983 0.0000000000
44074  33.874  -38.389  68.500 0.0000000000
44075  33.193  -38.437  68.655 0.0000000000
44076  32.428  -38.102  68.490 0.0000000000
44057  32.806  -38.884  69.164 0.0000000000
133577  35.288  -39.349  70.530 0.0000000000
43084  34.511  -40.185  70.694 0.0000000000
43105  32.011  -39.867  70.459 0.0000000000
43104  32.955  -40.285  70.310 0.0000000000
44038  31.507  -39.014  70.060 0.0000000000
44019  29.235  -38.765  71.358 0.0000000000
44041  28.815  -38.105  71.039 0.0000000000
44042  28.023  -38.022  71.164 0.0000000000
46088  28.963  -36.269  72.334 0.0000000000
44991  29.057  -37.231  72.907 0.0000000000
43963  30.520  -39.018  74.244 0.0000000000
43962  31.525  -39.316  74.194 0.0000000000
43050  32.497  -39.811  73.972 0.0000000000
43032  33.126  -40.837  74.443 0.0000000000
40210  31.989  -42.386  75.413 0.0000000000
41145  32.319  -42.059  75.457 0.0000000000
42130  29.045  -40.828  73.344 0.0000000000
42129  29.987  -41.027  73.240 0.0000000000
41188  31.809  -41.586  73.177 0.0000000000
42151  29.621  -40.479  72.748 0.0000000000
44022  25.919  -38.282  71.746 0.0000000000
141786  24.016  -39.779  71.925 0.0000000000
44025  23.283  -38.932  70.807 0.0000000000
143923  24.331  -41.985  71.564 0.0000000000
41198  24.296  -41.512  72.308 0.0000000000
41210  24.281  -41.801  70.477 0.0000000000
41224  23.831  -41.231  69.765 0.0000000000
158668  23.958  -40.555  68.492 0.0000000000
42202  24.307  -40.360  67.720 0.0000000000
59006  47.547  -25.163  62.409 0.0000000000
57872  47.533  -26.739  63.863 0.0000000000
54293  42.676  -29.155  60.798 0.0000000000
41072  22.982  -41.384  81.183 0.0000000000
40145  23.439  -42.337  80.883 0.0000000000
38243  23.071  -43.461  80.673 0.0000000000
36156  22.692  -46.550  79.782 0.0000000000
37229  23.283  -45.814  79.363 0.0000000000
35051  24.160  -48.604  79.256 0.0000000000
157674  23.137  -49.301  78.788 0.0000000000
35065  23.836  -49.040  78.483 0.0000000000
36180  21.544  -46.773  77.652 0.0000000000
32955  19.583  -50.058  78.810 0.0000000000
141860  20.315  -49.771  79.051 0.0000000000
32934  21.471  -50.546  79.916 0.0000000000
34027  21.674  -49.374  79.153 0.0000000000
35068  19.956  -48.373  78.288 0.0000000000
35102  18.782  -47.035  77.161 0.0000000000
36199  20.042  -46.003  77.199 0.0000000000
37286  18.921  -45.465  76.108 0.0000000000
37306  18.353  -45.389  75.638 0.0000000000
37319  17.239  -45.284  74.721 0.0000000000
134787  53.377  -18.738  66.097 0.0000000000
65721  53.107  -19.800  66.090 0.0000000000
65704  51.315  -19.397  66.979 0.0000000000
64509  51.313  -20.699  65.081 0.0000000000
64510  50.287  -20.297  64.524 0.0000000000
64527  49.809  -20.575  63.855 0.0000000000
63387  49.381  -21.533  62.917 0.0000000000
64548  47.586  -20.395  62.679 0.0000000000
64567  47.301  -20.578  61.776 0.0000000000
62274  47.764  -21.755  61.140 0.0000000000
62273  48.263  -21.705  61.626 0.0000000000
60062  46.266  -24.385  60.061 0.0000000000
59054  44.213  -25.331  59.884 0.0000000000
57943  42.592  -26.490  59.694 0.0000000000
134389  41.042  -22.988  57.108 0.0000000000
160565  40.803  -23.653  57.288 0.0000000000
145143  39.378  -24.797  57.369 0.0000000000
59091  40.380  -25.729  57.758 0.0000000000
56689  41.247  -26.844  58.725 0.0000000000
55417  39.357  -28.073  58.586 0.0000000000
155510  39.371  -29.000  59.928 0.0000000000
56564  35.537  -27.883  66.232 0.0000000000
56576  36.514  -27.434  65.674 0.0000000000
57862  34.192  -26.726  64.374 0.0000000000
57876  36.244  -26.310  63.510 0.0000000000
57902  33.628  -26.721  61.220 0.0000000000
57891  31.517  -26.351  62.813 0.0000000000
57890  32.251  -26.409  62.534 0.0000000000
55362  33.670  -28.714  61.403 0.0000000000
55361  34.193  -29.153  61.702 0.0000000000
57949  31.270  -26.144  60.250 0.0000000000
57950  30.327  -25.951  59.959 0.0000000000
59075  30.750  -25.615  58.376 0.0000000000
54238  28.061  -29.118  64.372 0.0000000000
55335  28.217  -28.429  63.851 0.0000000000
53127  27.698  -29.264  63.733 0.0000000000
55349  27.453  -28.716  62.491 0.0000000000
136654  27.449  -28.296  61.579 0.0000000000
55348  27.745  -27.565  61.596 0.0000000000
154874  29.365  -30.320  59.890 0.0000000000
161493  27.713  -28.374  59.214 0.0000000000
46153  33.010  -36.287  67.083 0.0000000000
46172  31.115  -36.048  66.510 0.0000000000
46171  31.968  -35.701  66.222 0.0000000000
47334  29.071  -35.447  68.695 0.0000000000
46157  29.866  -35.898  67.940 0.0000000000
47353  29.199  -35.091  67.860 0.0000000000
48521  28.818  -34.457  66.465 0.0000000000
145599  29.491  -34.061  64.377 0.0000000000
49709  28.544  -33.889  65.226 0.0000000000
50858  26.778  -32.569  64.191 0.0000000000
46127  24.589  -36.238  70.102 0.0000000000
143680  25.031  -35.611  69.588 0.0000000000
48508  25.424  -33.787  68.175 0.0000000000
156422  21.922  -33.651  66.069 0.0000000000
49699  23.481  -33.024  66.231 0.0000000000
50834  24.142  -32.690  65.886 0.0000000000
50833  24.950  -32.688  66.062 0.0000000000
151681  24.650  -32.592  65.459 0.0000000000
50873  24.596  -32.037  63.184 0.0000000000
52024  25.540  -31.966  63.136 0.0000000000
70691  56.464  -15.359  56.162 0.0000000000
68184  53.788  -17.587  58.598 0.0000000000
68183  54.492  -17.177  58.248 0.0000000000
60034  49.507  -24.273  63.928 0.0000000000
42046  23.772  -41.242  78.673 0.0000000000
142497  23.798  -41.551  79.488 0.0000000000
47312  36.187  -35.444  70.281 0.0000000000
48474  36.406  -34.560  70.729 0.0000000000
48480  35.112  -34.538  69.992 0.0000000000
49659  33.481  -33.678  69.871 0.0000000000
48483  32.772  -34.557  68.479 0.0000000000
49675  32.241  -34.445  67.735 0.0000000000
48502  32.661  -34.986  66.734 0.0000000000
61097  50.369  -23.040  64.133 0.0000000000
38392  26.331  -44.462  69.916 0.0000000000
38393  25.748  -44.776  69.601 0.0000000000
37372  25.596  -45.267  69.960 0.0000000000
38386  24.728  -45.121  70.202 0.0000000000
38333  21.618  -43.773  76.155 0.0000000000
39313  21.058  -43.393  75.670 0.0000000000
39327  18.778  -43.400  74.755 0.0000000000
38348  18.440  -44.161  74.950 0.0000000000
48439  31.479  -34.626  74.344 0.0000000000
48438  31.944  -34.713  73.449 0.0000000000
47289  32.048  -35.267  71.831 0.0000000000
46085  32.123  -35.938  71.315 0.0000000000
161281  30.553  -44.889  76.075 0.0000000000
38328  30.364  -44.610  75.837 0.0000000000
38329  29.436  -44.579  75.394 0.0000000000
135236  27.931  -44.370  74.654 0.0000000000
38343  27.446  -44.570  73.906 0.0000000000
39331  26.167  -43.697  72.974 0.0000000000
39341  26.940  -44.421  72.023 0.0000000000
39357  26.678  -44.553  70.519 0.0000000000
57922  43.049  -26.707  60.353 0.0000000000
55377  43.355  -28.246  61.195 0.0000000000
32971  15.602  -49.776  77.094 0.0000000000
59073  36.714  -25.221  58.508 0.0000000000
57923  34.974  -26.618  60.347 0.0000000000
56611  30.403  -27.071  63.972 0.0000000000
47323  26.735  -35.718  69.600 0.0000000000
38293  28.398  -44.161  77.350 0.0000000000
37256  28.387  -45.289  76.676 0.0000000000
158932  27.899  -44.739  76.979 0.0000000000
38294  27.401  -44.240  77.339 0.0000000000
150518  26.944  -45.071  77.188 0.0000000000
38273  25.344  -44.130  78.436 0.0000000000
150366  25.535  -46.780  77.955 0.0000000000
35082  25.505  -48.191  77.491 0.0000000000
36198  24.943  -47.257  76.730 0.0000000000
35063  25.439  -48.550  77.948 0.0000000000
34023  25.261  -48.636  77.831 0.0000000000
35084  24.682  -48.756  77.934 0.0000000000
47248  25.892  -35.285  74.794 0.0000000000
47279  25.816  -35.689  73.638 0.0000000000
46074  26.110  -36.249  73.320 0.0000000000
46075  25.426  -36.230  73.667 0.0000000000
44982  25.112  -37.159  73.747 0.0000000000
42078  24.785  -40.768  76.705 0.0000000000
43002  25.253  -40.224  75.967 0.0000000000
42077  25.730  -40.951  76.654 0.0000000000
41130  26.782  -41.625  77.023 0.0000000000
156799  27.390  -41.834  77.052 0.0000000000
41110  28.673  -42.154  77.296 0.0000000000
134554  27.858  -42.454  77.354 0.0000000000
39286  28.354  -43.226  77.517 0.0000000000
50788  37.779  -32.557  71.636 0.0000000000
51941  38.515  -31.050  71.135 0.0000000000
53054  37.250  -30.133  69.653 0.0000000000
54195  36.589  -29.797  69.071 0.0000000000
53087  31.271  -30.489  67.524 0.0000000000
53100  29.704  -30.636  66.833 0.0000000000
51990  29.533  -32.101  66.062 0.0000000000
49721  30.181  -33.224  63.461 0.0000000000
45047  23.556  -37.410  70.592 0.0000000000
45059  21.419  -37.851  68.891 0.0000000000
62252  52.494  -22.749  65.133 0.0000000000
38358  25.365  -45.224  73.430 0.0000000000
38378  24.270  -44.427  71.798 0.0000000000
39332  24.347  -44.248  72.713 0.0000000000
39344  22.898  -42.896  72.747 0.0000000000
40234  20.469  -41.791  72.909 0.0000000000
136102  35.564  -35.513  73.713 0.0000000000
47286  35.802  -35.718  72.960 0.0000000000
46071  37.729  -36.766  72.937 0.0000000000
45005  37.887  -37.849  72.065 0.0000000000
45038  37.532  -38.389  70.935 0.0000000000
45053  36.689  -38.152  69.861 0.0000000000
45065  35.396  -38.186  68.928 0.0000000000
44072  35.531  -39.208  69.331 0.0000000000
43126  35.582  -39.842  69.715 0.0000000000
43118  35.206  -40.217  69.879 0.0000000000
43064  33.924  -40.137  71.670 0.0000000000
42165  33.983  -40.989  71.322 0.0000000000
42177  32.596  -40.618  70.896 0.0000000000
43106  31.120  -39.387  70.803 0.0000000000
44992  28.418  -37.618  73.416 0.0000000000
43983  29.233  -38.006  73.643 0.0000000000
43964  29.580  -38.755  74.261 0.0000000000
43034  31.135  -39.732  74.841 0.0000000000
141159  29.266  -41.952  74.558 0.0000000000
42153  27.560  -40.148  72.975 0.0000000000
43092  25.466  -38.966  72.282 0.0000000000
43071  24.827  -39.926  72.498 0.0000000000
40261  25.284  -42.319  69.629 0.0000000000
41235  25.014  -41.379  68.229 0.0000000000
42201  24.711  -40.752  67.595 0.0000000000
42212  24.550  -40.644  67.129 0.0000000000
60057  46.741  -24.596  60.800 0.0000000000
56620  45.295  -27.786  63.180 0.0000000000
36146  22.070  -47.115  80.509 0.0000000000
155859  23.570  -48.924  79.478 0.0000000000
35066  22.076  -48.776  78.708 0.0000000000
32968  17.913  -49.581  77.809 0.0000000000
34044  19.050  -48.501  77.963 0.0000000000
146231  18.363  -46.705  76.542 0.0000000000
36201  18.233  -46.105  76.005 0.0000000000
36220  17.452  -46.433  75.624 0.0000000000
66876  53.340  -17.423  66.365 0.0000000000
66860  52.926  -18.297  66.976 0.0000000000
65705  50.271  -19.344  66.515 0.0000000000
65736  49.838  -19.817  64.764 0.0000000000
64547  48.529  -20.413  62.830 0.0000000000
64588  46.960  -20.743  61.050 0.0000000000
63415  47.130  -21.407  60.672 0.0000000000
61141  45.874  -23.090  59.300 0.0000000000
61165  43.578  -23.514  58.080 0.0000000000
59055  43.517  -25.497  59.695 0.0000000000
55382  35.422  -28.933  61.921 0.0000000000
55306  35.922  -28.196  66.825 0.0000000000
56596  32.602  -27.225  64.743 0.0000000000
143779  31.180  -26.569  62.209 0.0000000000
56679  33.143  -27.611  60.129 0.0000000000
53143  27.718  -30.029  63.195 0.0000000000
54261  27.877  -29.725  62.290 0.0000000000
53203  28.660  -29.990  59.237 0.0000000000
160117  31.784  -36.998  67.428 0.0000000000
153412  30.343  -36.009  67.016 0.0000000000
48492  27.700  -34.523  68.437 0.0000000000
49695  27.617  -33.481  66.122 0.0000000000
49711  26.970  -32.842  65.751 0.0000000000
47340  23.543  -35.243  68.919 0.0000000000
47339  24.524  -35.060  69.088 0.0000000000
48510  23.645  -34.242  67.851 0.0000000000
49724  21.774  -32.844  64.718 0.0000000000
49712  22.690  -33.049  65.835 0.0000000000
137942  23.918  -32.399  64.840 0.0000000000
68144  52.826  -17.859  60.901 0.0000000000
60018  49.141  -24.988  64.013 0.0000000000
40183  25.814  -42.225  78.200 0.0000000000
159286  25.690  -42.564  78.763 0.0000000000
39256  25.381  -42.596  79.127 0.0000000000
38275  23.763  -44.716  78.927 0.0000000000
147975  39.043  -34.451  73.383 0.0000000000
49648  36.528  -33.771  71.140 0.0000000000
50806  33.045  -32.877  69.670 0.0000000000
50823  30.719  -33.018  67.700 0.0000000000
49677  30.959  -33.624  66.864 0.0000000000
49693  31.281  -33.722  65.855 0.0000000000
49692  31.720  -34.087  66.237 0.0000000000
49707  31.641  -34.048  65.176 0.0000000000
48529  31.523  -34.193  65.026 0.0000000000
43122  22.155  -39.756  68.641 0.0000000000
154081  22.167  -39.380  67.645 0.0000000000
43138  24.040  -38.948  66.174 0.0000000000
44104  23.236  -38.533  66.131 0.0000000000
64508  52.411  -21.434  65.480 0.0000000000
39377  24.372  -43.615  67.680 0.0000000000
38409  23.654  -44.247  67.709 0.0000000000
38410  23.275  -44.308  67.820 0.0000000000
141734  24.405  -44.511  68.762 0.0000000000
39371  22.843  -43.941  68.441 0.0000000000
38347  23.827  -43.913  74.937 0.0000000000
39323  23.308  -43.349  74.209 0.0000000000
40215  21.318  -42.439  74.068 0.0000000000
39325  21.377  -42.915  74.758 0.0000000000
40225  20.637  -42.247  73.672 0.0000000000
47274  34.652  -35.226  73.138 0.0000000000
47287  34.730  -35.511  72.299 0.0000000000
46099  34.744  -36.839  71.115 0.0000000000
45022  34.974  -37.596  70.774 0.0000000000
45023  34.082  -37.389  70.697 0.0000000000
44016  33.780  -38.067  70.668 0.0000000000
45025  32.648  -37.191  70.933 0.0000000000
43997  33.698  -38.996  71.397 0.0000000000
43065  33.493  -39.928  72.462 0.0000000000
42126  33.711  -40.885  72.723 0.0000000000
42072  30.712  -41.124  76.407 0.0000000000
42071  31.451  -41.404  76.172 0.0000000000
41126  31.168  -41.699  76.657 0.0000000000
40199  31.550  -42.369  76.137 0.0000000000
40200  31.109  -42.708  75.781 0.0000000000
39309  29.960  -43.813  75.752 0.0000000000
149676  29.424  -42.563  75.233 0.0000000000
41182  26.549  -41.967  74.209 0.0000000000
41183  25.796  -41.835  73.659 0.0000000000
41189  25.216  -41.317  73.205 0.0000000000
150138  25.077  -42.130  73.121 0.0000000000
40231  24.691  -42.141  72.509 0.0000000000
40243  24.890  -42.555  71.737 0.0000000000
40242  25.847  -43.357  71.126 0.0000000000
161729  25.390  -42.844  70.950 0.0000000000
40260  25.741  -42.869  69.236 0.0000000000
40268  25.458  -42.732  68.603 0.0000000000
155119  45.067  -26.227  60.798 0.0000000000
31954  17.208  -50.605  77.945 0.0000000000
35105  16.449  -48.290  75.791 0.0000000000
34071  15.833  -48.309  75.387 0.0000000000
34062  15.278  -48.900  75.897 0.0000000000
62291  45.673  -22.228  59.134 0.0000000000
63447  45.196  -21.780  58.813 0.0000000000
62304  43.896  -22.535  57.974 0.0000000000
157803  38.351  -26.010  57.597 0.0000000000
57966  38.430  -26.774  57.772 0.0000000000
155067  38.212  -27.432  58.160 0.0000000000
57850  37.544  -26.989  65.059 0.0000000000
55308  33.592  -28.614  66.488 0.0000000000
56580  32.060  -27.731  65.304 0.0000000000
57906  30.961  -26.546  61.598 0.0000000000
57928  28.617  -26.663  60.777 0.0000000000
52030  30.018  -31.344  61.533 0.0000000000
53155  29.913  -30.828  61.160 0.0000000000
53154  30.064  -31.127  61.046 0.0000000000
53183  29.034  -30.381  59.572 0.0000000000
53184  28.351  -30.863  59.957 0.0000000000
47321  28.240  -35.393  69.229 0.0000000000
48507  26.411  -33.795  68.084 0.0000000000
48512  21.711  -34.728  67.219 0.0000000000
48523  21.398  -34.428  66.501 0.0000000000
48532  21.111  -34.102  65.797 0.0000000000
49714  21.465  -33.438  65.325 0.0000000000
145941  21.198  -33.384  64.722 0.0000000000
70663  56.504  -15.087  58.051 0.0000000000
69374  55.638  -15.947  57.399 0.0000000000
69389  54.828  -16.638  56.830 0.0000000000
66962  51.755  -18.599  59.711 0.0000000000
36247  28.686  -46.282  73.669 0.0000000000
36262  27.606  -46.193  72.012 0.0000000000
36248  28.240  -46.523  73.054 0.0000000000
36249  27.622  -46.532  72.658 0.0000000000
37332  26.940  -46.497  73.181 0.0000000000
36217  28.311  -46.891  75.323 0.0000000000
36218  27.702  -46.762  74.875 0.0000000000
37316  26.024  -45.773  74.046 0.0000000000
38345  25.131  -45.052  74.249 0.0000000000
37317  25.324  -45.278  75.053 0.0000000000
38295  26.644  -44.022  77.586 0.0000000000
37258  26.844  -46.446  76.932 0.0000000000
36197  26.514  -47.294  76.554 0.0000000000
37303  25.870  -46.224  75.662 0.0000000000
38330  24.306  -44.700  75.373 0.0000000000
38331  23.400  -44.259  75.635 0.0000000000
38311  22.959  -44.689  76.301 0.0000000000
36178  24.246  -46.828  77.123 0.0000000000
38312  22.111  -44.396  76.459 0.0000000000
38313  20.846  -44.640  76.658 0.0000000000
136191  28.947  -34.313  74.636 0.0000000000
138896  28.881  -34.231  73.875 0.0000000000
48461  28.804  -34.609  72.542 0.0000000000
155267  29.502  -34.931  72.128 0.0000000000
47293  28.304  -35.113  72.460 0.0000000000
46089  28.263  -35.888  72.425 0.0000000000
143105  27.659  -36.297  72.671 0.0000000000
44993  27.488  -37.121  73.154 0.0000000000
44979  27.798  -37.945  73.727 0.0000000000
43018  28.627  -39.836  75.452 0.0000000000
43949  24.344  -38.539  74.963 0.0000000000
43948  25.192  -38.853  74.751 0.0000000000
43947  26.153  -39.033  74.776 0.0000000000
43019  27.647  -39.794  75.482 0.0000000000
42094  29.168  -40.504  75.967 0.0000000000
42073  29.721  -41.039  76.487 0.0000000000
41108  30.797  -41.999  77.135 0.0000000000
38270  31.072  -43.585  77.400 0.0000000000
40179  29.468  -42.549  77.510 0.0000000000
39270  30.273  -43.180  77.618 0.0000000000
38310  30.716  -44.665  76.539 0.0000000000
37277  30.352  -45.367  76.017 0.0000000000
37314  29.313  -46.062  74.372 0.0000000000
61188  38.799  -23.077  56.819 0.0000000000
61170  38.247  -23.732  57.111 0.0000000000
54207  33.849  -29.960  68.099 0.0000000000
55311  31.000  -28.910  66.242 0.0000000000
161688  30.270  -28.970  65.981 0.0000000000
141080  29.883  -28.652  65.470 0.0000000000
55324  28.999  -28.992  65.353 0.0000000000
55325  28.348  -29.511  64.944 0.0000000000
52031  28.380  -32.031  61.517 0.0000000000
45045  25.687  -37.127  70.924 0.0000000000
46113  25.143  -36.685  70.538 0.0000000000
137218  23.535  -36.586  70.047 0.0000000000
46145  21.445  -36.477  68.306 0.0000000000
68124  54.824  -16.547  62.153 0.0000000000
68108  53.671  -17.697  62.685 0.0000000000
66918  52.901  -18.478  62.520 0.0000000000
37360  26.218  -45.648  70.939 0.0000000000
38377  24.807  -45.217  71.083 0.0000000000
152976  24.002  -44.644  70.226 0.0000000000
39359  23.514  -44.218  70.697 0.0000000000
41190  21.272  -41.813  71.738 0.0000000000
41212  21.133  -41.729  70.272 0.0000000000
41225  21.117  -41.701  69.461 0.0000000000
47255  38.792  -35.056  74.140 0.0000000000
48447  39.066  -34.886  73.913 0.0000000000
47284  38.796  -35.653  73.300 0.0000000000
47310  37.566  -36.169  71.313 0.0000000000
46107  38.097  -36.972  71.769 0.0000000000
147013  37.523  -36.938  71.075 0.0000000000
161335  34.986  -35.964  69.257 0.0000000000
47331  34.233  -36.025  68.555 0.0000000000
45080  33.217  -37.074  67.616 0.0000000000
45066  34.357  -37.718  68.426 0.0000000000
45067  33.631  -37.562  68.165 0.0000000000
149373  32.673  -37.474  67.796 0.0000000000
43102  35.227  -40.232  70.178 0.0000000000
43119  34.310  -39.933  69.616 0.0000000000
42175  34.108  -40.698  70.807 0.0000000000
43120  33.334  -39.764  69.663 0.0000000000
44058  31.908  -38.610  69.290 0.0000000000
45056  30.602  -37.460  69.231 0.0000000000
45041  29.792  -37.172  69.910 0.0000000000
46109  28.986  -37.010  70.249 0.0000000000
44040  29.742  -38.335  70.766 0.0000000000
45042  29.327  -37.659  70.476 0.0000000000
136388  29.608  -35.646  71.954 0.0000000000
157924  29.690  -37.654  73.097 0.0000000000
44990  30.361  -37.734  72.895 0.0000000000
44989  31.212  -37.961  72.722 0.0000000000
43980  31.781  -38.882  73.400 0.0000000000
42127  33.383  -41.156  73.569 0.0000000000
42092  31.225  -40.810  75.896 0.0000000000
43015  31.800  -40.550  75.340 0.0000000000
41144  32.995  -41.763  75.128 0.0000000000
147894  30.403  -41.909  74.376 0.0000000000
42110  33.217  -41.440  74.862 0.0000000000
41177  32.394  -41.758  74.013 0.0000000000
42150  32.193  -41.385  72.526 0.0000000000
43066  30.253  -40.106  72.178 0.0000000000
43089  28.683  -39.241  71.828 0.0000000000
43068  28.129  -39.677  72.353 0.0000000000
44021  27.454  -38.430  71.481 0.0000000000
45028  26.265  -37.627  71.285 0.0000000000
45029  25.341  -37.752  71.413 0.0000000000
45030  24.460  -37.940  71.401 0.0000000000
45031  23.724  -38.096  71.046 0.0000000000
44043  22.404  -39.040  70.312 0.0000000000
43108  22.307  -39.812  69.649 0.0000000000
42170  23.544  -40.501  71.491 0.0000000000
41211  23.543  -41.162  70.821 0.0000000000
42178  23.131  -40.582  70.489 0.0000000000
42179  22.670  -40.382  69.803 0.0000000000
153662  24.488  -40.336  67.126 0.0000000000
42213  24.390  -40.071  66.763 0.0000000000
61110  48.657  -23.295  62.631 0.0000000000
60049  48.385  -24.078  62.605 0.0000000000
60036  48.073  -24.722  62.686 0.0000000000
57887  46.557  -26.465  62.428 0.0000000000
152936  47.402  -26.091  62.881 0.0000000000
42029  22.656  -40.839  80.576 0.0000000000
38259  22.665  -44.387  80.537 0.0000000000
142830  23.023  -44.757  79.630 0.0000000000
36154  24.668  -48.035  78.915 0.0000000000
34009  24.689  -48.898  78.760 0.0000000000
34010  24.133  -49.323  79.069 0.0000000000
135589  23.528  -47.942  77.736 0.0000000000
36179  22.487  -46.787  77.518 0.0000000000
147924  21.104  -45.282  77.111 0.0000000000
37284  20.442  -45.347  76.884 0.0000000000
32933  21.994  -50.151  79.843 0.0000000000
32953  22.120  -49.953  79.690 0.0000000000
35087  20.303  -47.594  77.931 0.0000000000
36181  20.612  -46.740  77.599 0.0000000000
38314  20.065  -44.855  76.380 0.0000000000
147266  18.847  -44.749  75.605 0.0000000000
38349  17.650  -44.403  74.407 0.0000000000
36236  16.201  -47.106  74.809 0.0000000000
144636  55.154  -15.827  62.683 0.0000000000
66891  53.549  -18.504  65.211 0.0000000000
65702  52.439  -18.977  67.631 0.0000000000
159662  52.529  -19.574  66.882 0.0000000000
159660  50.714  -19.273  66.209 0.0000000000
152515  52.302  -19.743  66.824 0.0000000000
137990  48.539  -22.531  62.060 0.0000000000
64529  48.141  -20.078  63.397 0.0000000000
61132  47.201  -23.061  60.492 0.0000000000
60073  45.721  -24.073  59.485 0.0000000000
59035  44.561  -25.812  60.413 0.0000000000
55384  33.499  -28.729  61.236 0.0000000000
55343  27.923  -28.087  62.997 0.0000000000
55364  27.862  -28.780  60.635 0.0000000000
54299  28.654  -29.353  59.726 0.0000000000
47349  33.189  -35.830  67.226 0.0000000000
47350  32.862  -35.598  66.784 0.0000000000
47361  32.483  -35.324  66.270 0.0000000000
47362  32.109  -35.018  65.699 0.0000000000
47374  31.087  -34.660  65.025 0.0000000000
47375  30.434  -34.683  64.997 0.0000000000
48504  29.243  -35.000  66.882 0.0000000000
140384  29.874  -35.337  66.324 0.0000000000
49723  28.413  -33.277  64.129 0.0000000000
49710  27.802  -33.204  65.126 0.0000000000
50857  27.927  -32.844  63.705 0.0000000000
50871  27.263  -32.366  63.332 0.0000000000
52023  26.618  -31.892  62.956 0.0000000000
47338  25.501  -34.984  69.134 0.0000000000
48494  25.953  -34.391  68.639 0.0000000000
49680  25.864  -33.289  67.517 0.0000000000
48511  22.519  -34.316  67.245 0.0000000000
49683  23.267  -34.003  67.240 0.0000000000
49682  24.032  -33.718  67.327 0.0000000000
151736  23.575  -33.483  66.818 0.0000000000
50859  25.709  -32.483  64.503 0.0000000000
137693  24.699  -32.435  64.770 0.0000000000
68165  54.198  -17.222  59.963 0.0000000000
68164  54.407  -17.093  59.129 0.0000000000
157885  49.003  -23.263  63.084 0.0000000000
34024  25.054  -48.927  78.239 0.0000000000
34028  20.635  -49.204  78.775 0.0000000000
36233  29.056  -46.490  74.351 0.0000000000
36235  27.757  -46.786  73.595 0.0000000000
36261  28.032  -46.262  72.420 0.0000000000
37262  21.673  -45.844  77.334 0.0000000000
37300  30.195  -45.398  75.540 0.0000000000
37301  30.029  -45.947  75.399 0.0000000000
37313  29.874  -45.875  74.941 0.0000000000
37331  28.394  -45.997  72.676 0.0000000000
37333  26.176  -45.928  72.784 0.0000000000
37359  27.012  -45.921  71.342 0.0000000000
37380  26.177  -45.091  69.958 0.0000000000
38290  31.252  -44.047  77.237 0.0000000000
38291  30.794  -44.563  77.088 0.0000000000
38292  29.441  -44.303  77.311 0.0000000000
38309  31.384  -44.192  76.932 0.0000000000
38341  29.997  -45.331  75.253 0.0000000000
38342  28.833  -45.221  74.689 0.0000000000
38346  24.529  -44.526  74.665 0.0000000000
38367  27.563  -45.647  71.800 0.0000000000
39269  30.654  -43.980  77.460 0.0000000000
39271  29.197  -43.127  77.595 0.0000000000
39285  31.513  -43.544  77.102 0.0000000000
39297  31.491  -43.726  76.849 0.0000000000
39307  31.414  -43.297  76.559 0.0000000000
39310  29.013  -43.412  75.445 0.0000000000
39342  26.267  -43.896  71.812 0.0000000000
39350  26.980  -44.610  71.142 0.0000000000
39352  23.592  -43.979  71.506 0.0000000000
40166  31.177  -43.000  77.379 0.0000000000
40178  30.475  -42.463  77.445 0.0000000000
40191  31.540  -42.502  76.655 0.0000000000
40213  26.661  -42.862  74.311 0.0000000000
41111  27.637  -42.154  77.238 0.0000000000
41113  25.525  -41.985  78.301 0.0000000000
41127  30.271  -41.524  76.881 0.0000000000
41159  33.124  -41.781  74.583 0.0000000000
41161  31.718  -42.223  74.653 0.0000000000
41181  27.434  -41.378  74.067 0.0000000000
41187  32.628  -41.754  73.078 0.0000000000
42091  32.172  -41.427  75.637 0.0000000000
42111  32.913  -41.068  75.209 0.0000000000
42164  34.069  -40.770  71.237 0.0000000000
42166  33.615  -41.275  71.935 0.0000000000
42174  34.327  -40.401  70.631 0.0000000000
43049  33.230  -40.455  73.469 0.0000000000
43083  36.505  -39.207  70.364 0.0000000000
43103  33.890  -40.452  70.333 0.0000000000
43117  35.760  -40.021  69.984 0.0000000000
43125  36.031  -39.586  69.782 0.0000000000
43127  34.971  -39.576  69.364 0.0000000000
43995  37.527  -38.378  71.483 0.0000000000
44012  37.396  -38.684  71.129 0.0000000000
44013  37.189  -38.995  71.084 0.0000000000
44017  33.098  -37.885  71.122 0.0000000000
44036  37.211  -38.710  70.678 0.0000000000
44054  36.493  -38.955  69.882 0.0000000000
44055  36.131  -38.821  69.499 0.0000000000
44988  38.062  -37.237  72.531 0.0000000000
45021  37.644  -38.181  71.496 0.0000000000
45024  33.281  -37.228  70.740 0.0000000000
46098  38.109  -37.506  72.048 0.0000000000
47263  26.096  -35.287  73.887 0.0000000000
47264  25.357  -35.593  73.996 0.0000000000
47278  26.413  -35.576  73.367 0.0000000000
47291  30.172  -35.160  71.904 0.0000000000
48462  28.042  -34.758  72.722 0.0000000000
49642  37.141  -33.370  71.498 0.0000000000
137528  35.253  -40.112  70.325 0.0000000000
143399  27.958  -45.546  72.231 0.0000000000
146362  24.904  -44.713  73.014 0.0000000000
147920  22.791  -49.553  79.303 0.0000000000
148461  35.736  -38.367  70.886 0.0000000000
148536  30.183  -44.366  77.335 0.0000000000
148990  27.621  -42.778  77.495 0.0000000000
151421  33.211  -41.410  74.245 0.0000000000
153838  29.215  -45.976  76.374 0.0000000000
155723  38.268  -36.202  72.003 0.0000000000
155888  31.224  -42.469  77.222 0.0000000000
156253  26.011  -47.503  76.623 0.0000000000
156784  35.827  -39.677  70.358 0.0000000000
157932  24.362  -44.213  73.444 0.0000000000
158450  19.433  -45.008  76.080 0.0000000000
159777  33.302  -36.006  71.135 0.0000000000
160042  24.474  -42.025  72.096 0.0000000000
161767  21.407  -44.287  76.518 0.0000000000
