#!ascii label  , from subject sub-v1s6x0051369_ses-1 vox2ras=TkReg
1084
134158  20.998  -27.326  75.706 0.0000000000
142179  29.329  -26.224  83.843 0.0000000000
65650  39.637  -20.005  69.461 0.0000000000
64384  32.231  -20.836  72.596 0.0000000000
62056  36.826  -22.043  79.229 0.0000000000
81988  50.338  -5.440  49.971 0.0000000000
158362  40.710  -21.322  73.534 0.0000000000
66828  35.343  -18.638  68.265 0.0000000000
56474  15.490  -26.638  72.793 0.0000000000
56353  24.599  -27.194  79.690 0.0000000000
58859  29.188  -24.755  79.734 0.0000000000
57760  25.630  -26.777  75.492 0.0000000000
154619  41.009  -10.920  56.035 0.0000000000
136580  20.265  -27.231  79.699 0.0000000000
151633  16.036  -26.151  78.691 0.0000000000
73106  40.365  -13.826  60.520 0.0000000000
156471  11.653  -27.256  77.542 0.0000000000
141224  14.158  -34.090  77.129 0.0000000000
69243  34.073  -16.499  71.188 0.0000000000
63183  33.694  -21.174  75.608 0.0000000000
57741  36.939  -26.649  76.831 0.0000000000
59892  34.974  -23.860  79.778 0.0000000000
66774  39.101  -18.706  72.246 0.0000000000
140044  37.634  -19.437  70.346 0.0000000000
68019  37.322  -17.406  70.564 0.0000000000
67998  42.751  -18.617  72.727 0.0000000000
134150  21.236  -27.309  72.877 0.0000000000
56502  18.484  -27.352  71.282 0.0000000000
153836  18.530  -27.182  74.223 0.0000000000
56392  22.929  -27.416  77.645 0.0000000000
140247  25.185  -27.022  77.598 0.0000000000
56431  23.547  -27.356  75.795 0.0000000000
56467  24.495  -27.556  73.219 0.0000000000
65665  39.375  -19.677  68.204 0.0000000000
69265  39.561  -16.878  69.005 0.0000000000
69280  38.684  -16.940  66.816 0.0000000000
70600  37.503  -16.010  63.164 0.0000000000
58845  13.973  -25.524  80.500 0.0000000000
58877  13.870  -25.319  78.251 0.0000000000
57676  11.018  -25.513  79.988 0.0000000000
54042  10.560  -29.477  82.615 0.0000000000
54057  11.366  -29.532  80.092 0.0000000000
50699  14.314  -32.847  79.190 0.0000000000
154960  13.442  -36.260  79.533 0.0000000000
48354  13.973  -34.181  82.032 0.0000000000
66714  34.051  -19.152  76.478 0.0000000000
63166  34.837  -21.579  77.092 0.0000000000
60961  34.514  -23.892  75.779 0.0000000000
59914  37.111  -24.884  77.722 0.0000000000
59906  29.754  -24.210  77.939 0.0000000000
59894  31.461  -23.676  79.746 0.0000000000
59904  32.395  -23.819  78.225 0.0000000000
58871  34.601  -25.237  78.560 0.0000000000
66776  32.606  -18.816  72.196 0.0000000000
66801  32.431  -18.256  70.325 0.0000000000
64412  31.306  -20.321  70.458 0.0000000000
83051  55.134  -4.540  49.432 0.0000000000
158608  50.508  -5.497  48.670 0.0000000000
64396  41.058  -21.922  72.756 0.0000000000
64411  37.652  -21.273  70.289 0.0000000000
68017  40.850  -17.446  71.019 0.0000000000
136827  26.303  -27.007  81.469 0.0000000000
158337  29.025  -25.886  81.744 0.0000000000
57690  27.297  -26.192  79.581 0.0000000000
57728  27.126  -26.075  77.829 0.0000000000
157025  28.555  -25.238  76.139 0.0000000000
77681  45.929  -9.584  56.175 0.0000000000
78764  45.890  -8.875  54.278 0.0000000000
79861  45.508  -7.832  52.088 0.0000000000
79887  45.221  -7.383  49.520 0.0000000000
152928  19.973  -27.252  77.870 0.0000000000
56398  17.719  -27.009  77.114 0.0000000000
56357  17.743  -26.590  79.297 0.0000000000
135502  22.120  -27.240  79.664 0.0000000000
74242  40.814  -12.565  58.293 0.0000000000
57761  16.065  -26.122  75.637 0.0000000000
57764  13.586  -26.519  75.050 0.0000000000
54118  14.035  -30.281  74.279 0.0000000000
56359  10.300  -27.453  79.285 0.0000000000
54094  12.856  -30.062  76.856 0.0000000000
48321  14.190  -34.458  85.718 0.0000000000
70534  36.423  -15.713  71.948 0.0000000000
66760  33.152  -18.334  73.685 0.0000000000
65581  34.043  -18.850  74.913 0.0000000000
150003  33.199  -21.086  73.964 0.0000000000
60989  33.078  -23.548  74.145 0.0000000000
57767  34.703  -26.260  74.616 0.0000000000
55184  35.786  -28.250  77.116 0.0000000000
59872  31.637  -24.232  81.661 0.0000000000
59869  34.516  -24.398  82.052 0.0000000000
58840  38.513  -25.748  80.816 0.0000000000
57685  37.871  -27.022  79.941 0.0000000000
56348  36.514  -28.298  79.247 0.0000000000
69266  34.687  -16.575  69.765 0.0000000000
66830  33.465  -18.106  68.159 0.0000000000
67999  39.843  -17.857  72.833 0.0000000000
142111  38.024  -17.906  71.186 0.0000000000
69238  38.291  -17.236  71.821 0.0000000000
66758  41.647  -20.047  74.242 0.0000000000
134152  21.137  -27.414  73.985 0.0000000000
56450  20.057  -27.304  73.919 0.0000000000
134154  19.341  -27.442  74.795 0.0000000000
153518  21.653  -27.426  76.885 0.0000000000
56410  23.268  -27.297  76.687 0.0000000000
56432  22.291  -27.347  75.221 0.0000000000
134155  22.186  -27.412  74.320 0.0000000000
158480  39.421  -19.876  68.877 0.0000000000
66811  39.527  -18.465  69.607 0.0000000000
69273  39.314  -16.626  68.384 0.0000000000
140278  38.963  -18.577  68.762 0.0000000000
68059  38.632  -17.639  67.243 0.0000000000
142935  12.066  -30.180  82.808 0.0000000000
52888  12.745  -30.399  81.437 0.0000000000
154337  14.234  -31.735  80.957 0.0000000000
48391  13.624  -34.929  79.237 0.0000000000
48375  13.835  -33.933  80.686 0.0000000000
47166  13.509  -35.803  80.606 0.0000000000
65554  35.005  -19.785  77.706 0.0000000000
62071  36.138  -21.947  78.443 0.0000000000
60928  35.585  -23.283  77.444 0.0000000000
60912  36.877  -23.449  78.538 0.0000000000
57606  30.547  -25.894  84.034 0.0000000000
59918  29.868  -24.362  76.973 0.0000000000
59905  30.703  -23.953  78.294 0.0000000000
59916  31.729  -24.510  77.175 0.0000000000
59915  32.374  -24.341  77.653 0.0000000000
65613  32.368  -19.765  72.599 0.0000000000
150154  32.168  -19.343  71.667 0.0000000000
80936  51.107  -6.252  51.757 0.0000000000
81970  53.313  -5.437  52.227 0.0000000000
81973  52.642  -5.323  50.804 0.0000000000
81985  52.986  -5.117  49.779 0.0000000000
152148  50.698  -5.219  49.353 0.0000000000
64395  41.264  -20.961  72.836 0.0000000000
63234  39.683  -22.140  72.493 0.0000000000
64397  38.449  -21.064  71.514 0.0000000000
157689  36.762  -19.486  69.254 0.0000000000
65651  37.263  -19.913  69.647 0.0000000000
65666  36.141  -19.362  68.667 0.0000000000
66772  42.060  -19.985  72.879 0.0000000000
66786  41.529  -19.420  72.120 0.0000000000
68010  40.487  -18.280  71.053 0.0000000000
56504  16.557  -27.367  71.513 0.0000000000
55238  14.658  -28.406  71.650 0.0000000000
156830  25.644  -26.989  80.310 0.0000000000
57671  26.746  -26.592  80.139 0.0000000000
56351  26.039  -26.786  79.830 0.0000000000
56390  25.135  -27.083  76.796 0.0000000000
57729  26.467  -26.464  77.465 0.0000000000
57745  26.418  -26.437  76.583 0.0000000000
58890  27.815  -25.453  77.347 0.0000000000
57758  27.117  -26.001  75.921 0.0000000000
157834  26.114  -26.543  75.076 0.0000000000
59952  32.470  -24.239  73.128 0.0000000000
76551  43.402  -10.164  55.778 0.0000000000
77698  46.166  -9.197  54.868 0.0000000000
77694  43.038  -9.756  55.048 0.0000000000
77711  42.929  -9.013  52.870 0.0000000000
78780  42.668  -8.903  51.447 0.0000000000
79867  45.945  -7.625  51.396 0.0000000000
143013  19.927  -27.269  78.709 0.0000000000
149071  19.004  -27.161  78.761 0.0000000000
56356  18.546  -26.934  79.456 0.0000000000
56354  21.195  -27.225  79.930 0.0000000000
56374  21.531  -27.299  78.350 0.0000000000
75400  42.746  -11.625  57.493 0.0000000000
133314  40.523  -13.378  59.697 0.0000000000
70618  37.465  -15.832  61.420 0.0000000000
56399  17.063  -26.765  77.713 0.0000000000
56417  16.961  -26.667  76.833 0.0000000000
57732  15.689  -25.943  77.173 0.0000000000
144144  12.254  -26.263  77.635 0.0000000000
133268  13.728  -25.707  76.527 0.0000000000
56418  13.015  -26.872  75.619 0.0000000000
55208  13.237  -28.586  74.341 0.0000000000
54107  12.456  -28.796  75.797 0.0000000000
56341  9.345  -27.744  80.832 0.0000000000
51813  14.263  -31.449  78.383 0.0000000000
149426  12.163  -29.883  78.824 0.0000000000
51830  14.542  -31.954  77.202 0.0000000000
51847  14.273  -31.485  76.016 0.0000000000
67988  33.261  -17.365  73.345 0.0000000000
64340  34.032  -20.263  76.159 0.0000000000
66729  33.947  -18.690  75.661 0.0000000000
64341  33.767  -20.305  75.233 0.0000000000
64352  33.442  -20.298  74.421 0.0000000000
63184  33.437  -21.128  74.758 0.0000000000
62129  32.839  -22.682  73.938 0.0000000000
62102  33.606  -22.894  75.268 0.0000000000
58899  35.886  -25.603  76.111 0.0000000000
58908  35.078  -25.359  75.173 0.0000000000
57754  35.634  -26.674  75.539 0.0000000000
56423  35.271  -27.325  75.475 0.0000000000
56404  36.673  -27.291  76.807 0.0000000000
58843  29.354  -25.058  80.661 0.0000000000
58825  30.332  -25.131  81.880 0.0000000000
58842  30.082  -24.756  81.002 0.0000000000
60896  32.952  -23.408  79.398 0.0000000000
59881  32.918  -23.557  81.010 0.0000000000
59879  34.616  -23.957  80.900 0.0000000000
59867  36.609  -24.500  80.814 0.0000000000
59891  36.275  -24.986  80.010 0.0000000000
57667  38.327  -26.477  80.383 0.0000000000
58857  36.067  -25.621  79.486 0.0000000000
57705  34.331  -26.209  78.237 0.0000000000
57688  35.218  -26.391  78.865 0.0000000000
69242  35.019  -15.934  71.578 0.0000000000
69253  35.885  -16.453  70.669 0.0000000000
69255  34.349  -16.428  70.430 0.0000000000
65654  31.649  -18.989  69.316 0.0000000000
66816  32.370  -18.306  69.296 0.0000000000
81995  55.493  -5.706  49.026 0.0000000000
142463  40.231  -20.681  73.311 0.0000000000
65627  38.055  -20.114  71.053 0.0000000000
66789  37.986  -19.000  71.032 0.0000000000
66800  37.610  -18.373  70.393 0.0000000000
68032  37.111  -17.894  69.743 0.0000000000
67997  43.507  -18.646  73.274 0.0000000000
133376  41.413  -20.777  74.059 0.0000000000
56490  19.709  -27.271  72.260 0.0000000000
134148  18.260  -27.264  72.898 0.0000000000
134215  16.913  -27.003  72.921 0.0000000000
56372  23.626  -27.296  78.255 0.0000000000
139423  24.510  -27.147  78.102 0.0000000000
56391  23.849  -27.226  77.414 0.0000000000
56409  24.253  -27.209  76.498 0.0000000000
56430  24.370  -27.235  75.508 0.0000000000
56429  25.109  -27.144  75.121 0.0000000000
56448  23.752  -27.288  74.937 0.0000000000
56469  22.746  -27.474  73.483 0.0000000000
74271  38.884  -12.272  55.568 0.0000000000
56338  18.583  -26.523  80.819 0.0000000000
70579  40.073  -15.090  66.607 0.0000000000
70580  39.316  -15.536  66.288 0.0000000000
71886  38.631  -15.085  64.259 0.0000000000
71920  38.492  -14.619  61.748 0.0000000000
69304  38.308  -16.869  65.556 0.0000000000
68083  38.490  -17.772  65.599 0.0000000000
57675  14.733  -25.690  79.932 0.0000000000
159979  14.538  -25.539  78.408 0.0000000000
58862  13.907  -25.423  79.621 0.0000000000
58864  12.412  -25.356  79.112 0.0000000000
57696  11.475  -25.974  79.074 0.0000000000
55136  9.699  -28.684  81.185 0.0000000000
54047  10.579  -29.332  81.620 0.0000000000
52895  13.816  -31.125  79.659 0.0000000000
48411  14.019  -33.994  77.827 0.0000000000
48402  13.632  -34.924  78.571 0.0000000000
65555  34.514  -19.795  76.871 0.0000000000
63167  34.199  -21.328  76.331 0.0000000000
62101  34.208  -23.028  75.816 0.0000000000
60945  34.712  -23.298  76.355 0.0000000000
59925  35.798  -24.904  76.489 0.0000000000
58885  37.038  -25.687  77.152 0.0000000000
139949  29.073  -24.618  78.824 0.0000000000
59883  30.676  -24.094  80.421 0.0000000000
59895  30.668  -23.964  79.368 0.0000000000
60897  32.316  -23.508  79.063 0.0000000000
60913  33.133  -23.627  78.636 0.0000000000
59901  34.890  -24.408  78.996 0.0000000000
59903  33.108  -24.230  78.116 0.0000000000
58873  32.940  -25.051  77.775 0.0000000000
68012  33.510  -17.144  71.422 0.0000000000
69256  33.662  -16.853  70.562 0.0000000000
66791  32.545  -18.490  71.254 0.0000000000
65639  31.602  -19.405  70.181 0.0000000000
84169  54.931  -3.967  49.807 0.0000000000
138434  53.048  -5.365  49.043 0.0000000000
65637  40.033  -20.303  70.535 0.0000000000
64410  40.596  -21.659  71.048 0.0000000000
62149  40.127  -22.924  72.423 0.0000000000
142901  37.589  -20.431  70.305 0.0000000000
64423  37.290  -20.845  69.610 0.0000000000
70532  42.827  -15.966  71.333 0.0000000000
70543  41.658  -15.910  70.252 0.0000000000
70558  41.139  -15.271  68.745 0.0000000000
69251  40.564  -17.008  70.296 0.0000000000
66810  39.932  -18.349  70.369 0.0000000000
57638  27.790  -26.710  82.467 0.0000000000
57650  29.191  -25.956  82.430 0.0000000000
57652  27.614  -26.465  81.468 0.0000000000
57669  28.120  -25.902  80.909 0.0000000000
57689  27.986  -25.793  79.945 0.0000000000
57709  26.494  -26.495  78.342 0.0000000000
57708  27.192  -26.173  78.692 0.0000000000
156084  28.505  -25.085  78.706 0.0000000000
58874  29.021  -24.959  78.059 0.0000000000
140446  29.286  -24.596  77.367 0.0000000000
58902  29.377  -25.171  75.931 0.0000000000
78766  48.739  -8.153  53.684 0.0000000000
77707  43.218  -9.013  53.708 0.0000000000
78770  44.803  -8.515  53.253 0.0000000000
78767  48.464  -7.875  53.010 0.0000000000
79859  48.038  -7.664  52.319 0.0000000000
80940  47.912  -6.644  51.069 0.0000000000
80952  47.620  -6.349  50.126 0.0000000000
82002  47.875  -5.671  48.852 0.0000000000
56395  20.391  -27.395  77.296 0.0000000000
56414  19.073  -27.293  76.415 0.0000000000
56396  19.574  -27.292  77.247 0.0000000000
148462  17.924  -27.080  77.936 0.0000000000
155476  16.925  -26.358  79.070 0.0000000000
56339  18.035  -26.567  80.183 0.0000000000
57674  15.627  -25.918  80.222 0.0000000000
57658  14.962  -25.690  80.817 0.0000000000
57628  27.993  -26.658  83.859 0.0000000000
156225  26.328  -27.009  82.417 0.0000000000
148247  25.644  -27.190  80.980 0.0000000000
56333  24.261  -27.226  80.475 0.0000000000
56334  23.418  -27.283  80.482 0.0000000000
152169  23.357  -27.109  79.007 0.0000000000
56373  22.372  -27.334  78.301 0.0000000000
56394  21.194  -27.406  77.459 0.0000000000
76533  45.239  -10.613  56.957 0.0000000000
75412  42.317  -11.163  56.775 0.0000000000
74259  40.174  -12.012  56.802 0.0000000000
71944  38.599  -14.329  60.083 0.0000000000
73133  38.625  -13.790  58.760 0.0000000000
74254  39.049  -12.807  56.937 0.0000000000
56415  18.298  -27.222  75.867 0.0000000000
56454  16.950  -26.704  74.702 0.0000000000
57784  16.081  -26.443  74.136 0.0000000000
57733  14.686  -25.613  76.915 0.0000000000
57762  15.061  -25.999  75.400 0.0000000000
57786  14.486  -26.386  73.731 0.0000000000
55218  14.053  -28.460  72.781 0.0000000000
54130  14.255  -29.948  73.590 0.0000000000
57697  10.499  -26.521  79.512 0.0000000000
56358  10.896  -26.925  78.840 0.0000000000
55168  10.879  -28.387  78.597 0.0000000000
140196  11.934  -28.642  76.909 0.0000000000
52956  13.600  -30.557  75.672 0.0000000000
48333  14.172  -34.140  83.872 0.0000000000
69227  37.812  -16.281  71.995 0.0000000000
69229  33.867  -16.619  71.979 0.0000000000
68001  33.400  -17.380  72.322 0.0000000000
66775  32.828  -18.116  72.781 0.0000000000
65598  32.750  -19.755  73.371 0.0000000000
142596  33.537  -18.440  74.423 0.0000000000
64366  33.016  -20.314  73.724 0.0000000000
149163  32.637  -21.013  73.355 0.0000000000
63216  32.742  -21.825  73.633 0.0000000000
60990  32.617  -23.463  73.534 0.0000000000
58917  33.433  -25.021  73.820 0.0000000000
60962  33.914  -23.716  75.349 0.0000000000
58914  33.943  -25.120  74.403 0.0000000000
57768  34.029  -25.983  74.229 0.0000000000
56441  34.280  -26.878  74.432 0.0000000000
55193  34.591  -27.967  75.714 0.0000000000
62021  38.570  -22.828  80.846 0.0000000000
58806  30.614  -25.428  82.752 0.0000000000
58805  31.417  -25.442  83.003 0.0000000000
153612  33.368  -25.291  83.212 0.0000000000
59882  31.454  -23.847  80.781 0.0000000000
59871  32.507  -24.068  81.840 0.0000000000
59860  34.490  -24.877  82.750 0.0000000000
58821  36.109  -24.217  81.864 0.0000000000
59858  38.884  -24.202  81.440 0.0000000000
60893  38.607  -23.935  79.901 0.0000000000
133802  39.078  -25.347  79.472 0.0000000000
58883  38.405  -26.251  78.297 0.0000000000
56385  38.276  -27.430  78.447 0.0000000000
148901  35.895  -26.229  79.218 0.0000000000
139994  37.333  -27.610  79.367 0.0000000000
55162  37.762  -28.205  78.162 0.0000000000
140769  37.071  -28.723  78.371 0.0000000000
69252  36.773  -16.623  70.896 0.0000000000
68020  36.473  -17.088  70.219 0.0000000000
68034  35.232  -17.146  69.207 0.0000000000
161698  33.408  -17.182  69.989 0.0000000000
68045  33.957  -17.576  68.363 0.0000000000
66829  34.533  -18.238  67.993 0.0000000000
79902  47.466  -6.992  47.831 0.0000000000
68000  39.091  -17.716  72.364 0.0000000000
69226  38.579  -16.800  72.342 0.0000000000
66759  40.412  -18.784  73.464 0.0000000000
56434  20.435  -27.512  75.003 0.0000000000
56412  20.920  -27.410  76.552 0.0000000000
134159  21.774  -27.429  76.033 0.0000000000
56433  21.466  -27.388  75.050 0.0000000000
64422  40.064  -20.929  69.851 0.0000000000
66799  39.712  -19.262  69.941 0.0000000000
68043  39.006  -17.491  68.653 0.0000000000
141072  39.307  -19.339  69.142 0.0000000000
52881  12.730  -30.574  82.360 0.0000000000
52880  13.264  -31.068  81.866 0.0000000000
49537  14.237  -33.017  80.798 0.0000000000
51780  14.235  -32.041  81.784 0.0000000000
151670  14.075  -33.592  81.464 0.0000000000
159222  36.354  -21.556  78.953 0.0000000000
63151  35.988  -21.117  78.624 0.0000000000
142607  36.109  -22.948  78.162 0.0000000000
141682  37.267  -22.935  79.164 0.0000000000
57607  29.689  -26.019  84.105 0.0000000000
57626  29.997  -26.011  83.768 0.0000000000
59928  30.569  -24.650  76.467 0.0000000000
59917  30.791  -24.254  77.299 0.0000000000
59927  31.272  -24.704  76.689 0.0000000000
64399  31.804  -20.220  71.964 0.0000000000
81975  50.760  -5.678  50.951 0.0000000000
81971  52.502  -5.772  51.950 0.0000000000
81974  51.726  -5.641  51.123 0.0000000000
81987  51.186  -5.422  50.066 0.0000000000
81986  52.063  -5.286  49.950 0.0000000000
63215  40.887  -21.796  73.341 0.0000000000
64383  39.158  -21.319  72.341 0.0000000000
66813  36.558  -18.593  69.271 0.0000000000
65667  35.447  -19.669  68.062 0.0000000000
64380  41.574  -20.768  73.311 0.0000000000
65624  41.533  -20.223  72.599 0.0000000000
56493  16.129  -26.945  72.316 0.0000000000
55254  16.118  -27.920  70.806 0.0000000000
56505  15.637  -27.405  71.572 0.0000000000
55237  15.203  -28.224  71.128 0.0000000000
56495  14.858  -27.655  71.812 0.0000000000
56352  25.346  -27.046  79.687 0.0000000000
57746  25.699  -26.745  76.275 0.0000000000
57759  26.254  -26.383  75.726 0.0000000000
143243  26.740  -26.125  74.986 0.0000000000
58918  32.800  -25.029  73.383 0.0000000000
76542  41.849  -10.742  55.961 0.0000000000
76552  42.517  -10.247  55.532 0.0000000000
142014  41.764  -10.284  55.268 0.0000000000
149480  43.194  -8.294  51.048 0.0000000000
56355  19.388  -27.162  79.551 0.0000000000
142379  20.854  -27.355  78.989 0.0000000000
71906  40.013  -14.064  62.137 0.0000000000
73120  41.544  -13.149  59.808 0.0000000000
74226  41.127  -12.830  59.093 0.0000000000
155184  16.752  -26.475  78.376 0.0000000000
57731  16.263  -26.296  77.869 0.0000000000
57711  15.496  -25.901  77.932 0.0000000000
146094  13.005  -25.976  77.084 0.0000000000
57751  12.305  -26.750  76.899 0.0000000000
55199  12.588  -27.882  75.598 0.0000000000
56400  11.978  -27.670  76.834 0.0000000000
56326  9.042  -27.190  81.447 0.0000000000
50729  14.524  -32.501  77.580 0.0000000000
145815  14.265  -31.443  77.561 0.0000000000
146765  14.642  -32.620  76.930 0.0000000000
49602  14.511  -33.437  76.646 0.0000000000
65566  33.954  -19.439  75.675 0.0000000000
148073  33.454  -22.007  75.052 0.0000000000
58898  36.588  -26.074  76.440 0.0000000000
150335  35.867  -26.123  75.783 0.0000000000
57742  36.291  -26.635  76.203 0.0000000000
59884  29.916  -24.398  80.068 0.0000000000
60895  33.710  -23.461  79.212 0.0000000000
60877  34.184  -23.468  79.948 0.0000000000
59878  35.616  -24.269  80.390 0.0000000000
138881  35.558  -24.706  79.549 0.0000000000
136865  34.724  -16.134  71.055 0.0000000000
65611  39.647  -19.639  72.761 0.0000000000
141151  38.952  -19.539  72.111 0.0000000000
66788  38.565  -18.751  71.594 0.0000000000
154666  43.881  -17.873  73.180 0.0000000000
65595  40.870  -20.028  73.930 0.0000000000
160419  41.954  -20.501  74.272 0.0000000000
65596  40.312  -19.843  73.448 0.0000000000
153665  40.767  -20.803  73.801 0.0000000000
56451  19.233  -27.229  73.950 0.0000000000
134151  18.691  -27.263  73.445 0.0000000000
56472  17.798  -27.098  73.497 0.0000000000
134160  22.709  -27.458  75.951 0.0000000000
134153  21.950  -27.430  73.313 0.0000000000
69272  39.866  -16.139  68.841 0.0000000000
70560  39.591  -15.795  68.094 0.0000000000
69279  39.030  -16.558  67.489 0.0000000000
69293  38.937  -16.226  66.664 0.0000000000
70587  39.077  -15.461  65.505 0.0000000000
70581  38.686  -16.088  65.956 0.0000000000
70588  38.365  -15.972  65.255 0.0000000000
69294  38.567  -16.821  66.233 0.0000000000
66848  38.723  -18.617  67.234 0.0000000000
68073  38.533  -17.644  66.344 0.0000000000
66869  38.654  -18.343  66.619 0.0000000000
152903  13.349  -25.273  79.948 0.0000000000
138093  12.646  -25.155  79.791 0.0000000000
58865  11.879  -25.286  79.611 0.0000000000
57714  12.270  -25.803  78.406 0.0000000000
55128  9.810  -28.952  82.134 0.0000000000
51788  13.805  -31.251  80.542 0.0000000000
52897  12.783  -30.281  80.546 0.0000000000
155058  14.345  -32.101  79.484 0.0000000000
139934  14.450  -32.061  78.765 0.0000000000
49578  14.127  -33.580  78.476 0.0000000000
141952  13.846  -34.312  78.308 0.0000000000
48401  13.786  -34.288  78.936 0.0000000000
139139  13.674  -35.507  79.880 0.0000000000
47185  13.436  -35.581  79.023 0.0000000000
48355  13.606  -34.944  81.676 0.0000000000
47151  13.481  -35.715  81.301 0.0000000000
48341  13.699  -34.852  82.522 0.0000000000
64324  35.000  -20.512  77.390 0.0000000000
64325  34.552  -20.627  76.765 0.0000000000
62088  34.445  -22.335  76.407 0.0000000000
62087  34.911  -22.743  77.065 0.0000000000
60927  36.417  -23.976  77.723 0.0000000000
60943  35.767  -24.123  76.948 0.0000000000
59924  36.467  -24.820  77.033 0.0000000000
141601  36.408  -25.438  76.593 0.0000000000
59896  29.836  -24.215  79.032 0.0000000000
146898  31.624  -24.000  77.802 0.0000000000
137592  31.547  -23.725  78.661 0.0000000000
59902  33.998  -24.112  78.569 0.0000000000
66790  33.056  -17.987  71.799 0.0000000000
65628  31.788  -19.860  71.058 0.0000000000
65638  32.048  -18.973  70.757 0.0000000000
81998  52.300  -5.324  49.095 0.0000000000
82009  51.631  -5.545  48.782 0.0000000000
142733  51.704  -6.143  48.487 0.0000000000
80970  50.348  -6.024  48.335 0.0000000000
145771  40.643  -21.159  71.646 0.0000000000
63248  40.956  -22.759  72.552 0.0000000000
62139  40.920  -22.729  72.626 0.0000000000
63250  38.225  -21.755  71.103 0.0000000000
63249  39.184  -22.506  71.744 0.0000000000
63267  37.844  -21.887  70.265 0.0000000000
147108  37.468  -21.463  69.612 0.0000000000
65652  36.661  -20.428  69.038 0.0000000000
64424  36.923  -21.216  69.128 0.0000000000
68007  43.133  -17.567  72.585 0.0000000000
69236  42.524  -16.905  71.718 0.0000000000
69237  41.636  -17.211  71.403 0.0000000000
69249  42.000  -16.333  71.017 0.0000000000
69250  41.248  -16.671  70.660 0.0000000000
70552  41.414  -15.589  69.463 0.0000000000
69263  41.051  -16.358  69.819 0.0000000000
70553  40.740  -15.943  69.161 0.0000000000
65636  40.533  -20.053  71.383 0.0000000000
66798  40.161  -19.185  70.801 0.0000000000
56320  26.981  -26.790  82.002 0.0000000000
57670  27.433  -26.296  80.519 0.0000000000
56370  25.243  -27.015  78.285 0.0000000000
57710  25.797  -26.715  77.958 0.0000000000
58876  27.680  -25.788  78.192 0.0000000000
58861  27.880  -25.608  78.960 0.0000000000
58875  28.269  -25.351  78.118 0.0000000000
58904  27.781  -25.480  76.449 0.0000000000
58903  28.335  -25.074  76.785 0.0000000000
58888  29.097  -24.758  76.683 0.0000000000
150976  24.730  -27.243  73.873 0.0000000000
56446  25.233  -27.043  74.224 0.0000000000
77680  46.713  -9.558  56.489 0.0000000000
77699  45.544  -9.202  54.735 0.0000000000
77697  46.895  -8.966  54.977 0.0000000000
134841  47.178  -8.687  54.273 0.0000000000
78763  48.560  -8.426  54.540 0.0000000000
136082  47.959  -8.477  54.055 0.0000000000
134468  40.543  -10.477  54.065 0.0000000000
77703  41.918  -9.771  53.956 0.0000000000
78775  44.362  -8.406  52.389 0.0000000000
78771  43.801  -8.718  53.059 0.0000000000
133516  45.817  -8.337  52.850 0.0000000000
78774  46.823  -8.277  52.827 0.0000000000
78773  47.658  -8.007  52.896 0.0000000000
79860  47.202  -7.829  52.181 0.0000000000
79878  45.441  -7.506  50.567 0.0000000000
79877  46.340  -7.199  50.658 0.0000000000
79876  47.137  -6.918  50.817 0.0000000000
80953  46.816  -6.667  49.987 0.0000000000
56377  18.225  -26.941  78.686 0.0000000000
152328  18.624  -27.135  78.151 0.0000000000
56378  17.447  -26.709  78.519 0.0000000000
57673  16.506  -26.083  80.477 0.0000000000
57693  16.275  -26.145  79.626 0.0000000000
56306  27.093  -27.085  83.026 0.0000000000
56332  25.047  -27.143  80.408 0.0000000000
135503  22.984  -27.376  79.726 0.0000000000
142362  22.642  -27.080  79.003 0.0000000000
142361  22.059  -27.147  78.902 0.0000000000
56375  20.651  -27.254  78.102 0.0000000000
62164  41.045  -23.258  72.096 0.0000000000
74251  41.352  -12.158  57.776 0.0000000000
75411  43.224  -11.124  57.011 0.0000000000
75401  41.829  -11.640  57.299 0.0000000000
74252  40.514  -12.268  57.554 0.0000000000
70599  37.867  -15.358  62.891 0.0000000000
136722  38.576  -14.483  60.951 0.0000000000
70617  37.855  -15.116  61.176 0.0000000000
70631  37.422  -15.682  60.382 0.0000000000
71946  37.731  -15.029  59.738 0.0000000000
71957  37.902  -14.407  58.415 0.0000000000
73142  39.121  -12.991  57.593 0.0000000000
73143  38.381  -13.730  57.807 0.0000000000
140003  18.248  -27.157  76.598 0.0000000000
157874  16.734  -26.557  76.152 0.0000000000
56437  16.880  -26.607  75.499 0.0000000000
154446  16.355  -26.274  74.936 0.0000000000
57773  15.600  -26.131  74.791 0.0000000000
57712  14.671  -25.519  77.820 0.0000000000
58891  13.809  -25.445  77.366 0.0000000000
153208  13.630  -26.069  75.731 0.0000000000
57749  14.409  -25.659  75.928 0.0000000000
57763  14.194  -26.081  75.167 0.0000000000
57774  14.679  -26.132  74.585 0.0000000000
57787  13.756  -26.716  73.757 0.0000000000
56476  13.818  -27.503  73.262 0.0000000000
56455  13.325  -27.503  73.930 0.0000000000
54131  13.699  -29.427  73.946 0.0000000000
52982  14.475  -30.653  73.880 0.0000000000
151187  14.540  -31.205  74.098 0.0000000000
56340  9.720  -27.315  79.982 0.0000000000
55135  10.230  -28.993  80.748 0.0000000000
55144  10.476  -28.891  79.985 0.0000000000
54088  12.883  -30.172  77.768 0.0000000000
54079  11.440  -29.230  78.477 0.0000000000
55167  11.623  -29.027  77.593 0.0000000000
55180  11.282  -28.268  77.912 0.0000000000
54089  12.269  -29.530  77.249 0.0000000000
54095  12.335  -29.209  76.438 0.0000000000
52941  13.519  -30.582  76.545 0.0000000000
49510  14.404  -33.475  84.427 0.0000000000
48327  14.191  -34.317  84.774 0.0000000000
147463  35.756  -15.475  72.500 0.0000000000
136142  33.621  -16.725  72.712 0.0000000000
66761  32.707  -19.000  73.165 0.0000000000
62116  33.241  -22.780  74.552 0.0000000000
59949  32.969  -24.284  73.731 0.0000000000
59948  33.478  -24.350  74.249 0.0000000000
59939  34.300  -24.335  75.312 0.0000000000
58913  34.630  -25.608  74.699 0.0000000000
59944  34.470  -24.918  74.971 0.0000000000
55192  35.441  -27.785  76.245 0.0000000000
155958  29.598  -25.781  82.955 0.0000000000
58807  29.876  -25.587  82.512 0.0000000000
58824  31.131  -24.966  82.165 0.0000000000
58823  31.994  -24.762  82.489 0.0000000000
58804  32.440  -25.555  83.411 0.0000000000
59880  33.780  -23.468  80.787 0.0000000000
59870  33.619  -24.045  81.778 0.0000000000
59861  33.876  -24.879  82.646 0.0000000000
58822  35.041  -24.496  82.377 0.0000000000
135570  37.671  -25.223  80.928 0.0000000000
58800  37.482  -24.660  81.380 0.0000000000
58820  38.645  -25.040  81.256 0.0000000000
60860  39.288  -24.345  81.024 0.0000000000
58838  39.298  -25.535  80.451 0.0000000000
157433  38.748  -24.588  79.508 0.0000000000
57665  39.250  -26.105  80.295 0.0000000000
57704  39.080  -26.570  79.462 0.0000000000
56346  38.658  -27.106  79.379 0.0000000000
57724  38.247  -26.886  77.931 0.0000000000
160784  38.196  -27.298  79.541 0.0000000000
58858  35.367  -25.427  79.021 0.0000000000
57687  36.203  -27.168  79.383 0.0000000000
150030  37.357  -28.377  78.799 0.0000000000
55174  37.211  -28.513  77.857 0.0000000000
69239  37.008  -16.170  71.549 0.0000000000
69254  35.076  -16.233  70.432 0.0000000000
68021  35.541  -16.720  69.940 0.0000000000
68013  33.060  -17.654  70.742 0.0000000000
68022  32.976  -17.743  69.737 0.0000000000
66831  32.859  -18.318  68.417 0.0000000000
66815  33.173  -17.844  68.830 0.0000000000
140122  33.900  -18.152  67.784 0.0000000000
146674  56.588  -5.995  49.553 0.0000000000
80959  56.136  -6.932  49.389 0.0000000000
139677  58.294  -6.420  50.155 0.0000000000
80972  48.052  -6.147  48.433 0.0000000000
157475  46.807  -7.522  47.746 0.0000000000
66773  39.777  -18.720  72.817 0.0000000000
68011  38.617  -18.044  71.827 0.0000000000
56470  20.620  -27.321  73.272 0.0000000000
56411  22.383  -27.371  76.796 0.0000000000
134156  23.000  -27.302  75.170 0.0000000000
68031  39.481  -17.608  69.369 0.0000000000
68058  38.826  -17.276  67.992 0.0000000000
66827  38.552  -18.107  68.040 0.0000000000
151535  38.763  -18.941  67.912 0.0000000000
137350  12.639  -25.210  81.341 0.0000000000
58846  13.033  -25.250  80.514 0.0000000000
52887  13.354  -30.783  80.982 0.0000000000
50677  14.205  -32.526  80.084 0.0000000000
49567  13.990  -33.679  79.260 0.0000000000
49558  14.004  -33.378  79.963 0.0000000000
48390  13.767  -34.380  79.803 0.0000000000
48376  13.559  -34.937  80.749 0.0000000000
157757  13.759  -34.314  81.321 0.0000000000
49523  14.245  -33.367  82.253 0.0000000000
64311  35.619  -20.384  78.085 0.0000000000
63152  35.594  -21.235  77.802 0.0000000000
62072  35.515  -22.269  77.675 0.0000000000
60926  37.172  -24.237  78.314 0.0000000000
80932  50.623  -6.640  52.159 0.0000000000
80930  52.261  -6.420  52.694 0.0000000000
80935  51.761  -6.330  52.204 0.0000000000
158255  54.081  -4.632  50.569 0.0000000000
83047  53.428  -5.010  50.619 0.0000000000
81999  51.439  -5.279  49.248 0.0000000000
143908  49.988  -5.181  48.778 0.0000000000
139055  40.819  -20.809  72.157 0.0000000000
142198  38.859  -21.830  71.902 0.0000000000
64398  37.856  -20.977  70.910 0.0000000000
66812  37.268  -18.888  69.679 0.0000000000
64440  36.000  -20.463  68.350 0.0000000000
161737  42.526  -19.409  72.926 0.0000000000
68008  42.298  -17.954  71.967 0.0000000000
68009  41.389  -18.316  71.604 0.0000000000
66787  40.800  -19.147  71.516 0.0000000000
65625  41.019  -20.026  72.133 0.0000000000
56503  17.542  -27.371  71.574 0.0000000000
54166  14.838  -29.100  71.447 0.0000000000
54146  14.435  -28.975  72.125 0.0000000000
56331  26.228  -26.945  80.633 0.0000000000
57653  26.901  -26.788  81.021 0.0000000000
57691  26.611  -26.609  79.239 0.0000000000
57730  25.843  -26.917  77.115 0.0000000000
57744  27.118  -26.004  76.934 0.0000000000
58910  27.977  -25.568  75.585 0.0000000000
144901  27.470  -25.814  75.121 0.0000000000
76550  44.269  -10.075  55.959 0.0000000000
77691  45.559  -9.430  55.438 0.0000000000
77692  44.695  -9.564  55.453 0.0000000000
151450  45.043  -9.323  54.912 0.0000000000
77700  44.361  -9.226  54.764 0.0000000000
77709  41.615  -9.526  53.090 0.0000000000
77712  42.117  -9.141  52.628 0.0000000000
78778  44.841  -7.973  51.872 0.0000000000
157769  45.301  -7.787  51.397 0.0000000000
78779  44.064  -8.246  51.492 0.0000000000
78787  43.814  -7.917  50.594 0.0000000000
79879  44.532  -7.598  50.107 0.0000000000
56376  19.302  -27.205  78.011 0.0000000000
156485  21.548  -27.231  79.166 0.0000000000
74250  42.268  -12.157  57.945 0.0000000000
74241  41.714  -12.488  58.497 0.0000000000
73131  40.210  -13.005  58.808 0.0000000000
70608  37.470  -15.909  62.338 0.0000000000
151648  16.474  -26.340  77.228 0.0000000000
57747  16.231  -26.201  76.542 0.0000000000
57713  12.976  -25.447  77.813 0.0000000000
57750  12.987  -26.405  76.337 0.0000000000
56438  13.166  -27.515  74.909 0.0000000000
55198  12.919  -28.782  75.162 0.0000000000
54119  13.430  -29.808  74.851 0.0000000000
57678  9.444  -26.726  80.751 0.0000000000
54067  12.704  -30.181  79.565 0.0000000000
54068  11.759  -29.683  79.385 0.0000000000
52917  13.495  -30.605  78.324 0.0000000000
52916  13.937  -31.016  77.947 0.0000000000
52925  13.963  -31.034  77.109 0.0000000000
52940  13.973  -31.065  76.305 0.0000000000
151398  14.518  -32.014  76.443 0.0000000000
161067  34.102  -19.588  76.331 0.0000000000
65582  33.830  -19.630  74.826 0.0000000000
63200  33.157  -21.912  74.298 0.0000000000
59937  35.294  -25.145  75.874 0.0000000000
59938  34.780  -24.684  75.557 0.0000000000
57766  35.345  -26.057  75.013 0.0000000000
57755  35.077  -26.772  74.880 0.0000000000
56405  35.940  -27.226  76.073 0.0000000000
155902  36.105  -27.689  76.672 0.0000000000
58827  28.853  -25.667  81.180 0.0000000000
58826  29.522  -25.456  81.619 0.0000000000
59873  30.826  -24.420  81.358 0.0000000000
60879  32.327  -23.490  80.172 0.0000000000
60878  33.299  -23.386  80.073 0.0000000000
59868  35.422  -24.216  81.461 0.0000000000
155604  37.824  -25.876  80.597 0.0000000000
58841  37.096  -25.388  80.344 0.0000000000
58856  36.698  -25.755  79.885 0.0000000000
56349  35.511  -27.578  79.274 0.0000000000
70535  35.625  -15.810  71.772 0.0000000000
69240  36.186  -16.121  71.324 0.0000000000
69241  35.404  -16.081  71.141 0.0000000000
65653  31.949  -18.722  69.990 0.0000000000
81996  54.462  -5.190  49.080 0.0000000000
134267  56.067  -4.760  49.521 0.0000000000
65612  39.447  -20.505  72.617 0.0000000000
65626  38.740  -20.320  71.821 0.0000000000
140920  38.476  -19.513  71.474 0.0000000000
66814  35.833  -18.093  68.791 0.0000000000
65609  43.154  -20.253  74.235 0.0000000000
66771  43.038  -19.411  73.441 0.0000000000
64363  42.071  -20.600  73.803 0.0000000000
64364  41.492  -21.025  73.916 0.0000000000
134720  18.992  -27.270  71.877 0.0000000000
154618  20.086  -27.316  73.050 0.0000000000
134149  18.918  -27.338  72.677 0.0000000000
56491  18.296  -27.344  72.171 0.0000000000
56492  17.622  -27.212  72.548 0.0000000000
137609  16.943  -27.143  72.158 0.0000000000
56473  16.145  -26.603  73.190 0.0000000000
56371  24.151  -27.202  78.946 0.0000000000
134380  24.998  -27.240  78.917 0.0000000000
153059  24.587  -27.147  77.285 0.0000000000
56408  25.024  -27.030  75.964 0.0000000000
56447  24.544  -27.249  74.644 0.0000000000
137766  24.038  -27.466  74.093 0.0000000000
56449  23.131  -27.409  74.327 0.0000000000
75415  39.718  -11.720  56.013 0.0000000000
76553  41.013  -10.601  55.301 0.0000000000
75424  39.465  -11.543  55.083 0.0000000000
56337  19.715  -27.086  80.451 0.0000000000
142035  19.185  -26.799  80.834 0.0000000000
71850  40.432  -14.616  66.123 0.0000000000
71851  39.795  -14.969  65.797 0.0000000000
70567  39.525  -15.678  67.116 0.0000000000
71898  39.401  -14.490  63.959 0.0000000000
71907  39.447  -14.299  62.981 0.0000000000
147414  39.130  -14.276  62.199 0.0000000000
71919  39.306  -14.182  61.500 0.0000000000
149218  38.561  -14.834  63.417 0.0000000000
143613  37.883  -15.488  63.743 0.0000000000
69311  37.938  -16.597  64.756 0.0000000000
145529  38.459  -17.289  65.945 0.0000000000
138107  38.323  -17.523  64.870 0.0000000000
57694  15.377  -25.929  79.347 0.0000000000
57695  15.107  -25.807  78.550 0.0000000000
151724  14.466  -25.614  79.020 0.0000000000
160582  13.683  -25.310  78.952 0.0000000000
58863  13.173  -25.226  79.328 0.0000000000
58878  13.037  -25.260  78.602 0.0000000000
57715  11.544  -26.573  78.248 0.0000000000
54046  10.981  -29.470  80.811 0.0000000000
148811  11.978  -29.900  80.945 0.0000000000
54056  12.145  -29.961  80.125 0.0000000000
52908  13.414  -30.604  79.188 0.0000000000
50717  14.413  -32.709  78.253 0.0000000000
49588  14.388  -33.271  77.547 0.0000000000
48412  13.777  -34.780  77.729 0.0000000000
65541  34.496  -19.295  77.320 0.0000000000
142063  33.829  -22.122  75.819 0.0000000000
60944  35.180  -23.548  76.832 0.0000000000
59926  35.093  -24.258  76.304 0.0000000000
59893  34.412  -23.690  79.216 0.0000000000
58872  33.745  -25.074  78.146 0.0000000000
84168  55.605  -3.856  49.889 0.0000000000
83046  54.546  -4.167  50.072 0.0000000000
83052  54.383  -4.516  49.678 0.0000000000
82008  53.686  -5.652  48.797 0.0000000000
79899  51.182  -6.596  48.240 0.0000000000
134975  41.180  -22.360  72.012 0.0000000000
70542  42.426  -15.553  70.539 0.0000000000
69264  40.192  -16.742  69.564 0.0000000000
68018  40.307  -17.666  70.577 0.0000000000
68030  39.925  -17.572  70.035 0.0000000000
57627  28.656  -26.429  83.594 0.0000000000
136841  29.347  -26.091  83.354 0.0000000000
57637  28.552  -26.396  82.881 0.0000000000
57651  28.478  -26.224  81.850 0.0000000000
58844  28.650  -25.378  80.315 0.0000000000
58860  28.501  -25.145  79.416 0.0000000000
56369  25.817  -27.000  78.884 0.0000000000
58889  28.615  -24.959  77.358 0.0000000000
59929  29.817  -24.715  76.333 0.0000000000
57772  25.709  -26.812  74.707 0.0000000000
57783  25.958  -26.854  73.856 0.0000000000
63235  31.833  -21.681  72.333 0.0000000000
160656  49.310  -7.976  53.587 0.0000000000
76558  42.207  -9.908  54.811 0.0000000000
77701  43.534  -9.255  54.541 0.0000000000
77706  44.111  -8.935  53.934 0.0000000000
146201  45.587  -8.644  53.653 0.0000000000
78768  47.362  -8.379  53.534 0.0000000000
155453  48.037  -8.135  53.459 0.0000000000
79854  49.848  -7.807  53.544 0.0000000000
79853  50.545  -7.476  53.202 0.0000000000
79857  49.770  -7.483  52.721 0.0000000000
79863  49.217  -7.075  51.970 0.0000000000
79866  46.749  -7.472  51.457 0.0000000000
79864  48.398  -7.218  51.775 0.0000000000
80933  49.974  -6.760  52.173 0.0000000000
80938  49.530  -6.354  51.450 0.0000000000
80950  49.160  -6.029  50.564 0.0000000000
81989  48.781  -5.595  49.760 0.0000000000
138128  49.511  -5.449  49.818 0.0000000000
80960  48.068  -5.463  49.273 0.0000000000
159275  20.421  -27.299  75.896 0.0000000000
56413  20.016  -27.341  76.525 0.0000000000
56397  18.655  -27.158  77.353 0.0000000000
137385  18.887  -26.937  80.223 0.0000000000
57672  17.340  -26.212  80.687 0.0000000000
57692  17.146  -26.319  79.895 0.0000000000
58829  14.271  -25.557  81.402 0.0000000000
148249  13.508  -25.430  81.140 0.0000000000
57608  28.764  -26.259  84.148 0.0000000000
56291  27.902  -26.796  83.296 0.0000000000
56321  25.643  -27.063  81.830 0.0000000000
134954  23.791  -27.278  79.718 0.0000000000
161169  22.990  -27.312  78.424 0.0000000000
56393  22.011  -27.400  77.571 0.0000000000
141284  44.616  -10.403  56.578 0.0000000000
75410  43.982  -11.118  57.248 0.0000000000
76540  43.836  -10.585  56.596 0.0000000000
76541  42.843  -10.619  56.312 0.0000000000
75413  41.444  -11.275  56.581 0.0000000000
75414  40.612  -11.445  56.371 0.0000000000
71932  39.463  -14.057  60.712 0.0000000000
73107  39.594  -13.825  59.957 0.0000000000
73121  39.527  -13.494  59.197 0.0000000000
70630  37.930  -14.902  60.469 0.0000000000
73122  38.873  -13.899  59.467 0.0000000000
73132  39.279  -13.236  58.388 0.0000000000
74253  39.710  -12.509  57.251 0.0000000000
74260  39.317  -12.335  56.495 0.0000000000
74261  38.639  -12.910  56.264 0.0000000000
134157  19.713  -27.384  75.701 0.0000000000
56435  18.963  -27.389  75.569 0.0000000000
56452  18.415  -27.252  75.053 0.0000000000
56416  17.478  -26.984  76.211 0.0000000000
56436  17.631  -26.973  75.311 0.0000000000
56453  17.708  -27.021  74.462 0.0000000000
133304  16.914  -26.934  73.847 0.0000000000
156985  15.333  -26.396  73.429 0.0000000000
153312  15.143  -25.726  77.457 0.0000000000
57748  15.363  -25.784  76.238 0.0000000000
57785  15.218  -26.218  74.112 0.0000000000
57794  14.777  -26.576  72.892 0.0000000000
146369  14.408  -27.342  72.551 0.0000000000
138475  14.320  -29.527  72.842 0.0000000000
55219  13.563  -28.403  73.556 0.0000000000
142318  13.953  -29.203  73.320 0.0000000000
53000  14.551  -30.348  73.075 0.0000000000
55145  9.721  -28.343  80.300 0.0000000000
138280  9.912  -28.110  79.630 0.0000000000
55155  10.962  -29.083  79.254 0.0000000000
55156  10.454  -28.301  79.203 0.0000000000
55169  10.642  -27.700  78.784 0.0000000000
56379  11.091  -27.487  78.275 0.0000000000
55189  12.184  -28.228  76.256 0.0000000000
54106  12.909  -29.792  75.842 0.0000000000
52967  13.751  -30.633  74.944 0.0000000000
160779  14.178  -31.465  75.276 0.0000000000
52966  14.171  -31.020  74.644 0.0000000000
48340  14.190  -33.979  82.928 0.0000000000
49516  14.399  -33.339  83.569 0.0000000000
48334  13.761  -34.829  83.376 0.0000000000
47133  13.554  -35.561  83.785 0.0000000000
141507  34.465  -16.163  71.767 0.0000000000
65597  33.329  -19.326  74.080 0.0000000000
64367  32.552  -20.341  73.165 0.0000000000
63217  32.376  -21.741  72.916 0.0000000000
62130  32.482  -22.596  73.217 0.0000000000
60977  33.481  -23.637  74.738 0.0000000000
59945  33.861  -24.390  74.873 0.0000000000
160270  33.689  -25.493  73.989 0.0000000000
57778  33.302  -25.812  73.629 0.0000000000
138543  33.538  -26.627  73.950 0.0000000000
143780  34.035  -27.538  74.660 0.0000000000
56425  34.124  -27.897  75.042 0.0000000000
62055  37.471  -22.439  79.686 0.0000000000
57636  30.166  -25.785  83.282 0.0000000000
57635  30.915  -25.769  83.324 0.0000000000
57624  31.499  -25.829  83.592 0.0000000000
58803  34.091  -25.252  83.378 0.0000000000
149049  32.134  -23.768  81.120 0.0000000000
59862  32.955  -24.742  82.604 0.0000000000
58802  34.839  -24.907  83.072 0.0000000000
138974  35.406  -24.498  82.621 0.0000000000
59859  37.941  -24.275  81.682 0.0000000000
60847  38.060  -23.677  81.891 0.0000000000
60861  38.988  -23.551  81.163 0.0000000000
62038  38.439  -23.276  80.323 0.0000000000
60894  37.896  -23.172  79.732 0.0000000000
60911  37.878  -23.993  79.058 0.0000000000
59900  38.514  -24.869  79.001 0.0000000000
59913  37.827  -24.869  78.446 0.0000000000
57684  39.155  -26.638  79.974 0.0000000000
58869  38.898  -25.960  78.988 0.0000000000
149082  37.791  -25.661  77.956 0.0000000000
58884  37.744  -26.288  77.580 0.0000000000
57740  37.578  -26.784  77.358 0.0000000000
56403  37.316  -27.206  77.228 0.0000000000
57686  36.785  -26.592  79.642 0.0000000000
56347  38.051  -27.796  78.920 0.0000000000
56386  37.910  -27.498  77.703 0.0000000000
56387  37.341  -27.869  77.498 0.0000000000
55183  36.617  -28.079  77.318 0.0000000000
55151  36.800  -28.837  78.876 0.0000000000
55175  36.468  -28.872  77.929 0.0000000000
136755  37.584  -16.878  71.281 0.0000000000
68033  36.114  -17.587  69.555 0.0000000000
69267  33.864  -16.648  69.773 0.0000000000
68036  33.602  -17.287  69.250 0.0000000000
68035  34.321  -17.031  69.088 0.0000000000
68044  34.879  -17.670  68.530 0.0000000000
82012  48.401  -5.262  48.818 0.0000000000
82011  49.180  -5.101  48.837 0.0000000000
80971  49.575  -5.691  48.477 0.0000000000
79901  48.511  -6.842  47.936 0.0000000000
50626  14.468  -32.799  84.961 0.0000000000
50657  14.301  -32.770  81.626 0.0000000000
51781  13.821  -31.435  81.399 0.0000000000
51797  14.235  -31.527  79.206 0.0000000000
51862  14.353  -31.704  74.670 0.0000000000
52896  13.334  -30.681  80.090 0.0000000000
52907  13.950  -30.999  78.794 0.0000000000
52926  13.514  -30.606  77.443 0.0000000000
52955  13.969  -31.081  75.497 0.0000000000
54077  12.866  -30.205  78.645 0.0000000000
54078  12.117  -29.764  78.050 0.0000000000
55179  11.614  -28.162  77.310 0.0000000000
55228  14.354  -28.142  72.094 0.0000000000
56419  12.430  -27.263  76.224 0.0000000000
56471  19.461  -27.333  73.240 0.0000000000
56475  14.235  -26.826  73.192 0.0000000000
56494  15.201  -26.996  72.280 0.0000000000
57625  30.766  -25.913  83.683 0.0000000000
57666  38.995  -26.378  80.412 0.0000000000
57668  37.413  -26.225  80.155 0.0000000000
57723  38.673  -26.741  78.760 0.0000000000
57775  13.926  -26.286  74.372 0.0000000000
58819  39.285  -24.996  81.019 0.0000000000
58839  39.097  -25.681  80.704 0.0000000000
58855  39.391  -26.042  79.863 0.0000000000
58870  38.540  -25.568  78.681 0.0000000000
58897  37.158  -26.289  77.052 0.0000000000
59877  39.340  -24.831  80.595 0.0000000000
59889  39.375  -25.312  80.100 0.0000000000
59890  39.192  -24.675  80.056 0.0000000000
60876  39.128  -23.927  80.642 0.0000000000
62022  37.946  -22.539  80.245 0.0000000000
63232  40.796  -22.191  72.849 0.0000000000
63233  40.554  -22.232  73.078 0.0000000000
64365  41.081  -21.337  73.701 0.0000000000
64381  41.093  -21.567  73.444 0.0000000000
64382  40.211  -21.505  72.996 0.0000000000
65580  42.498  -20.508  74.744 0.0000000000
65594  42.112  -20.484  74.309 0.0000000000
65610  42.561  -20.056  73.626 0.0000000000
69224  43.950  -16.993  72.842 0.0000000000
69312  37.636  -16.267  63.956 0.0000000000
70592  38.736  -15.413  64.893 0.0000000000
70593  38.024  -15.732  64.537 0.0000000000
70607  37.835  -15.232  62.042 0.0000000000
71885  39.478  -14.844  64.891 0.0000000000
71908  38.504  -14.716  62.562 0.0000000000
71918  40.194  -14.055  61.261 0.0000000000
71945  38.169  -14.387  59.236 0.0000000000
74243  39.933  -12.693  58.026 0.0000000000
75402  40.978  -11.722  57.113 0.0000000000
75423  40.344  -11.191  55.582 0.0000000000
76534  44.595  -10.897  57.095 0.0000000000
76539  45.924  -10.121  56.845 0.0000000000
76549  45.149  -9.872  56.272 0.0000000000
77679  47.602  -9.306  56.466 0.0000000000
77690  46.424  -9.299  55.610 0.0000000000
77693  43.870  -9.611  55.286 0.0000000000
77702  42.711  -9.430  54.282 0.0000000000
77705  45.049  -9.032  54.192 0.0000000000
78759  47.757  -8.732  54.954 0.0000000000
78769  46.462  -8.575  53.695 0.0000000000
79848  50.098  -7.889  54.276 0.0000000000
79855  49.215  -7.873  53.147 0.0000000000
79858  48.890  -7.612  52.486 0.0000000000
79865  47.563  -7.332  51.592 0.0000000000
79868  44.681  -7.866  51.003 0.0000000000
79880  43.871  -7.877  49.803 0.0000000000
79886  45.996  -6.997  49.750 0.0000000000
80937  50.316  -6.219  51.573 0.0000000000
80939  48.739  -6.551  51.247 0.0000000000
80949  49.930  -5.775  50.786 0.0000000000
80951  48.383  -6.157  50.306 0.0000000000
80961  47.494  -6.319  49.323 0.0000000000
80973  47.415  -6.525  48.574 0.0000000000
81997  53.710  -5.082  49.447 0.0000000000
82000  49.851  -4.916  49.102 0.0000000000
82001  48.869  -5.029  48.983 0.0000000000
82010  50.715  -5.212  48.912 0.0000000000
83035  54.667  -4.297  50.884 0.0000000000
83053  53.833  -4.675  50.010 0.0000000000
133400  14.142  -31.748  80.127 0.0000000000
137897  38.582  -13.392  56.953 0.0000000000
138854  14.460  -31.995  77.961 0.0000000000
140341  15.100  -29.837  71.250 0.0000000000
141270  45.049  -8.091  52.529 0.0000000000
141317  43.065  -20.858  74.895 0.0000000000
143228  51.025  -5.776  48.543 0.0000000000
147873  57.606  -6.316  49.858 0.0000000000
148060  14.367  -32.224  80.916 0.0000000000
148160  38.580  -26.942  80.054 0.0000000000
151028  14.293  -31.466  76.781 0.0000000000
151205  48.839  -5.856  48.411 0.0000000000
152868  13.502  -26.768  74.346 0.0000000000
154229  36.641  -22.641  78.708 0.0000000000
154436  53.940  -5.005  52.368 0.0000000000
157784  42.564  -20.539  74.323 0.0000000000
158516  38.177  -25.208  81.194 0.0000000000
158929  22.642  -27.336  74.773 0.0000000000
159345  35.500  -25.686  75.543 0.0000000000
160893  46.536  -8.848  54.425 0.0000000000
160953  46.319  -7.850  52.140 0.0000000000
