#!ascii label  , from subject sub-v1s6x0051369_ses-1 vox2ras=TkReg
1623
4271  13.508  -85.836  -3.287 0.5000000000
11726  6.629  -73.577  5.294 0.6000000238
155633  6.372  -73.076  5.517 0.6000000238
150741  5.140  -73.232  5.114 0.6000000238
12463  5.820  -72.807  5.409 0.6999999881
12474  5.253  -72.422  4.944 0.6000000238
13225  7.823  -71.639  6.025 0.6999999881
13227  5.957  -72.017  5.334 0.6000000238
9630  7.631  -76.753  -6.190 0.5000000000
8801  8.974  -77.361  -3.583 0.6000000238
9606  8.766  -76.882  -4.479 0.6000000238
9629  8.212  -77.064  -5.695 0.5000000000
8075  10.080  -78.658  -1.721 0.5000000000
8076  9.375  -78.023  -2.572 0.4000000060
8814  8.624  -77.518  -4.706 0.5000000000
8829  8.424  -77.765  -5.540 0.6000000238
9553  3.852  -76.927  -0.147 0.5000000000
5899  12.501  -82.435  -5.366 0.4000000060
9536  4.319  -76.632  0.609 0.5000000000
9538  2.729  -76.375  0.236 0.5000000000
10243  4.555  -75.942  1.936 0.6000000238
10204  5.651  -75.066  3.437 0.6000000238
11754  7.289  -73.479  3.870 0.6000000238
11738  7.892  -73.248  4.678 0.6999999881
11740  6.447  -74.025  4.756 0.6000000238
11725  7.523  -73.218  5.355 0.6999999881
13257  10.693  -72.037  4.010 0.6000000238
11724  8.433  -72.713  5.256 0.6999999881
13256  11.605  -71.805  3.741 0.6000000238
13237  10.063  -71.794  4.853 0.6000000238
13224  8.412  -72.139  5.777 0.6999999881
14078  12.031  -71.144  4.038 0.6999999881
13239  5.391  -71.573  4.667 0.6000000238
10351  6.271  -75.363  -5.781 0.5000000000
133633  8.146  -76.371  -5.491 0.6000000238
10350  7.310  -75.820  -5.978 0.5000000000
8787  9.498  -77.220  -2.520 0.6000000238
9593  9.092  -76.694  -3.506 0.6999999881
9607  8.520  -76.584  -5.104 0.6000000238
149772  10.714  -79.345  -1.803 0.4000000060
158260  6.025  -75.981  0.748 0.5000000000
9535  5.364  -76.367  0.642 0.5000000000
4859  13.109  -84.617  -5.303 0.5000000000
10242  5.527  -75.924  1.514 0.5000000000
11006  6.881  -73.922  2.354 0.6999999881
139397  6.000  -75.452  2.077 0.6000000238
12503  7.659  -72.625  2.663 0.6999999881
10990  6.907  -74.061  3.249 0.6000000238
10223  6.210  -75.230  2.794 0.6000000238
12485  7.914  -72.778  3.487 0.6999999881
11755  6.685  -74.053  4.042 0.6000000238
154706  8.562  -72.449  3.408 0.6999999881
12484  11.112  -72.401  3.109 0.6000000238
142902  9.290  -72.424  3.795 0.6000000238
13272  12.114  -72.174  3.086 0.6000000238
150084  9.297  -72.349  4.725 0.6000000238
13254  13.471  -71.428  3.232 0.6000000238
14966  7.192  -70.022  5.434 0.6999999881
14061  5.504  -70.703  4.307 0.5000000000
155827  10.372  -71.198  5.149 0.6999999881
14044  8.340  -70.653  6.103 0.6999999881
13238  6.043  -71.162  5.082 0.6000000238
11105  7.181  -74.165  -4.846 0.5000000000
11114  6.917  -74.692  -5.343 0.5000000000
11116  6.014  -74.848  -5.311 0.5000000000
10323  8.537  -75.381  -3.868 0.6999999881
11113  7.626  -75.104  -5.221 0.6000000238
8786  10.094  -77.356  -1.619 0.5000000000
9577  9.714  -76.669  -1.910 0.6999999881
136439  9.069  -76.006  -3.245 0.6999999881
10339  8.730  -76.263  -4.286 0.6000000238
10340  8.278  -75.772  -4.962 0.6000000238
8073  12.219  -79.045  -2.380 0.4000000060
8074  11.203  -78.840  -1.825 0.4000000060
146161  9.878  -77.885  -1.816 0.5000000000
10270  6.312  -75.788  -0.325 0.5000000000
11790  7.184  -73.842  0.754 0.5000000000
11035  6.806  -74.745  0.596 0.5000000000
10241  6.378  -75.342  1.284 0.5000000000
12517  7.702  -72.479  1.936 0.6000000238
11018  6.817  -74.349  1.455 0.5000000000
12515  9.509  -72.487  1.747 0.6999999881
12526  11.772  -72.607  0.766 0.6000000238
12514  10.435  -72.563  1.592 0.6999999881
12502  8.020  -72.062  2.738 0.6999999881
12512  12.624  -72.557  1.453 0.6000000238
160251  10.979  -72.616  2.232 0.6000000238
12500  10.246  -72.636  2.471 0.6999999881
13283  16.118  -72.294  1.864 0.6999999881
12498  12.493  -72.329  2.333 0.6000000238
12499  11.689  -72.441  2.377 0.6000000238
13250  17.044  -71.322  3.083 0.6000000238
13268  15.763  -71.926  2.559 0.6999999881
13271  13.001  -72.010  2.885 0.6999999881
14053  18.135  -70.495  4.651 0.6000000238
14074  16.683  -70.999  3.891 0.6000000238
13269  14.826  -71.800  2.675 0.6999999881
15893  6.794  -69.124  4.306 0.6000000238
151460  14.813  -71.354  3.156 0.6999999881
14964  8.837  -69.749  5.776 0.6999999881
14986  6.595  -69.823  4.747 0.6000000238
14040  17.750  -70.290  5.286 0.6999999881
14075  15.731  -70.925  3.775 0.6000000238
143185  14.827  -70.831  3.494 0.8000000119
14077  13.082  -70.862  3.504 0.6999999881
14058  11.669  -70.441  4.485 0.6999999881
14962  10.410  -70.029  5.261 0.6999999881
11870  6.344  -73.972  -4.805 0.6000000238
148412  8.883  -75.019  -2.565 0.6999999881
11092  8.316  -74.302  -3.519 0.6999999881
10324  7.958  -74.696  -4.506 0.6000000238
147860  10.757  -76.149  -1.085 0.5000000000
10288  9.685  -75.142  -1.542 0.6999999881
144433  12.643  -78.481  -2.461 0.4000000060
8769  11.766  -77.480  -1.564 0.5000000000
11064  6.576  -74.358  -1.403 0.5000000000
10305  6.287  -74.889  -2.139 0.5000000000
11802  6.896  -73.839  -0.751 0.5000000000
11789  7.733  -72.988  0.859 0.6000000238
161571  9.929  -71.703  0.385 0.6000000238
138523  8.165  -72.480  1.218 0.6999999881
11781  7.250  -73.391  1.621 0.6999999881
13292  11.272  -72.226  0.122 0.6999999881
12528  9.792  -72.234  0.983 0.6999999881
12525  12.692  -72.548  0.503 0.6000000238
12541  12.000  -72.248  -0.059 0.6000000238
12527  10.700  -72.365  0.724 0.6999999881
13281  17.398  -71.259  1.411 0.6999999881
12509  15.578  -72.483  1.295 0.6999999881
146721  14.192  -72.652  0.874 0.6999999881
16801  8.418  -67.600  4.040 0.6000000238
13266  17.274  -71.395  2.245 0.6000000238
13282  16.783  -71.852  1.659 0.6999999881
160100  14.027  -72.567  1.560 0.6999999881
16779  20.906  -68.200  5.138 0.6000000238
14978  18.712  -69.923  4.412 0.6000000238
15905  19.300  -69.303  3.964 0.6000000238
141764  17.665  -70.968  2.809 0.6000000238
13267  16.545  -71.761  2.447 0.6999999881
15892  7.287  -68.582  4.162 0.6000000238
14957  18.888  -69.331  5.580 0.6000000238
142199  17.715  -70.834  3.718 0.6000000238
15888  11.223  -68.892  4.445 0.6999999881
15890  9.574  -68.672  4.831 0.6000000238
14984  8.236  -69.234  5.341 0.6999999881
14985  7.460  -69.302  4.920 0.6000000238
160551  20.492  -68.173  5.872 0.5000000000
154122  19.346  -68.858  5.872 0.6000000238
14958  17.615  -69.563  5.918 0.8000000119
14979  16.083  -69.789  5.278 0.8000000119
154175  14.772  -69.742  4.168 0.8000000119
138690  13.397  -70.076  3.473 0.8000000119
14982  11.085  -69.752  4.772 0.6999999881
14983  10.261  -69.301  4.962 0.6999999881
14055  16.142  -70.414  4.624 0.8000000119
140218  14.501  -69.964  3.730 0.8000000119
11078  8.166  -73.379  -3.402 0.6999999881
11864  6.674  -73.216  -4.526 0.6999999881
11865  6.001  -73.070  -4.725 0.6999999881
11849  5.907  -73.405  -4.892 0.6000000238
11062  10.231  -74.262  -1.075 0.6999999881
141390  6.089  -73.247  -3.732 0.6000000238
10287  10.642  -75.261  -0.876 0.6000000238
11079  6.062  -74.260  -3.251 0.5000000000
136244  6.389  -73.600  -2.607 0.5000000000
21222  11.053  -61.120  0.439 0.6000000238
146808  6.807  -73.481  -1.681 0.5000000000
151023  11.047  -62.119  0.364 0.5000000000
12542  7.542  -72.348  -0.787 0.5000000000
19481  11.694  -63.432  1.342 0.6000000238
13309  9.007  -70.812  -0.529 0.6999999881
142062  7.766  -72.579  0.061 0.6000000238
13307  11.357  -71.539  -0.299 0.6999999881
13295  8.664  -71.598  0.118 0.6999999881
18590  9.958  -65.498  2.429 0.6000000238
12540  12.826  -72.141  -0.233 0.6999999881
13289  17.291  -70.731  0.546 0.6999999881
13291  15.803  -71.885  0.046 0.6999999881
151033  14.361  -72.362  0.115 0.6999999881
16818  9.963  -66.641  3.625 0.6000000238
17725  9.467  -65.968  3.110 0.6000000238
14091  17.921  -70.710  2.006 0.6000000238
12522  15.731  -72.308  0.612 0.6999999881
16817  10.948  -67.150  3.425 0.6000000238
16819  8.559  -66.893  3.495 0.6000000238
134927  19.783  -68.851  3.263 0.6000000238
14998  18.826  -69.761  3.451 0.6000000238
16816  12.161  -67.269  3.129 0.6999999881
160875  9.664  -68.024  4.437 0.6000000238
16800  9.265  -67.343  4.036 0.6000000238
15885  20.244  -68.636  4.539 0.6000000238
15866  15.856  -68.895  6.018 0.6000000238
15887  14.250  -68.459  3.775 0.6000000238
15907  13.645  -68.428  3.290 0.6999999881
15908  11.984  -68.557  3.861 0.6000000238
154780  8.859  -68.123  4.573 0.6000000238
15850  17.501  -68.655  6.545 0.6000000238
14961  14.609  -69.280  4.661 0.8000000119
14949  17.894  -68.887  6.367 0.6000000238
14960  15.499  -69.371  5.477 0.6999999881
15001  13.205  -69.317  3.389 0.8000000119
11829  8.474  -72.753  -2.858 0.6999999881
11846  7.686  -72.557  -3.649 0.6999999881
11847  6.991  -72.415  -4.128 0.6999999881
11813  9.955  -73.349  -1.433 0.6999999881
11063  9.410  -74.128  -1.763 0.6999999881
12586  6.609  -72.144  -3.791 0.6000000238
11830  6.347  -72.547  -3.548 0.6000000238
22128  11.801  -60.647  1.861 0.6000000238
21213  9.827  -61.510  1.902 0.6000000238
21221  12.011  -60.699  0.820 0.6000000238
142852  9.993  -61.188  0.813 0.6000000238
11815  6.688  -72.493  -2.497 0.6000000238
20315  12.464  -61.365  0.984 0.5000000000
14155  9.300  -69.988  -1.180 0.6999999881
13310  8.418  -71.108  -0.998 0.6999999881
19466  12.331  -63.614  2.102 0.4000000060
156150  11.847  -62.235  0.654 0.5000000000
143390  10.658  -70.622  -0.430 0.6999999881
13308  9.806  -70.871  -0.364 0.8000000119
19467  11.736  -64.426  2.066 0.5000000000
13306  12.156  -71.396  -0.480 0.6000000238
18608  11.365  -65.099  2.120 0.6000000238
13304  14.489  -71.550  -0.681 0.6999999881
13305  12.950  -71.320  -0.740 0.6999999881
17739  12.814  -66.511  2.727 0.6999999881
17741  11.055  -65.694  2.317 0.6000000238
15057  17.927  -69.849  0.591 0.6999999881
14148  16.636  -70.411  -0.262 0.6999999881
17722  13.481  -66.927  3.145 0.5000000000
160089  10.657  -66.600  3.225 0.6000000238
16832  20.020  -68.012  1.977 0.6000000238
15038  18.720  -69.370  1.725 0.6000000238
14107  18.326  -70.029  1.362 0.6999999881
16834  13.028  -66.952  2.709 0.6999999881
15931  19.646  -68.597  2.440 0.6000000238
15020  18.821  -69.582  2.550 0.6000000238
15868  14.106  -68.745  4.936 0.5000000000
16814  13.700  -67.747  3.382 0.6000000238
15904  20.322  -68.590  3.642 0.6000000238
15851  16.740  -68.787  6.510 0.6000000238
15852  15.449  -68.612  6.497 0.5000000000
16815  13.213  -67.637  3.023 0.6999999881
16759  18.746  -68.041  7.174 0.6000000238
12568  9.001  -71.884  -2.466 0.6999999881
137703  7.961  -71.757  -3.245 0.6999999881
13357  7.048  -70.940  -3.208 0.6000000238
12554  6.800  -71.384  -2.927 0.6000000238
21199  10.855  -61.235  3.431 0.4000000060
21200  9.963  -61.827  2.996 0.5000000000
13323  7.180  -71.127  -2.422 0.6000000238
21198  12.739  -61.316  2.833 0.5000000000
21201  9.146  -62.335  2.507 0.6000000238
14178  8.057  -69.762  -2.478 0.6999999881
14177  8.761  -69.291  -2.022 0.6999999881
145340  7.212  -71.943  -1.908 0.6000000238
148640  12.687  -62.774  2.250 0.5000000000
14153  10.766  -69.399  -0.707 0.6999999881
19443  12.346  -64.737  3.970 0.4000000060
15078  15.566  -69.069  -1.323 0.6999999881
14150  14.927  -70.577  -1.233 0.6999999881
14175  13.470  -69.307  -1.392 0.6999999881
18589  12.657  -65.281  3.102 0.6000000238
15956  17.835  -68.614  -0.082 0.6999999881
15076  17.055  -68.541  -0.821 0.6999999881
14151  14.025  -70.506  -1.262 0.6999999881
17702  12.792  -66.081  4.778 0.5000000000
18607  12.739  -65.916  2.778 0.5000000000
15947  19.212  -68.174  0.742 0.6000000238
15955  18.594  -68.354  0.383 0.6999999881
15058  17.245  -69.569  -0.207 0.6999999881
13303  15.442  -71.368  -0.534 0.6999999881
18570  13.224  -66.550  3.832 0.5000000000
16831  20.805  -67.675  2.321 0.5000000000
16845  20.500  -67.460  1.438 0.6000000238
15948  18.967  -68.733  1.243 0.6000000238
13337  8.960  -70.571  -2.611 0.6999999881
13338  7.957  -70.021  -2.982 0.6999999881
21186  10.188  -62.196  4.056 0.4000000060
14200  8.546  -69.670  -2.507 0.6999999881
13339  7.033  -70.674  -3.088 0.6999999881
20289  8.841  -63.466  3.962 0.4000000060
14201  7.868  -69.938  -2.747 0.6999999881
19455  8.230  -63.947  3.582 0.6000000238
15081  10.223  -68.636  -1.227 0.8000000119
15103  9.313  -68.755  -2.125 0.6999999881
15100  11.853  -67.873  -1.098 0.6000000238
15080  10.970  -68.267  -1.057 0.6000000238
17703  6.272  -66.291  4.581 0.6000000238
14174  14.376  -69.466  -1.418 0.6999999881
14176  12.537  -69.219  -1.283 0.6000000238
15969  16.401  -67.747  -1.399 0.6000000238
16854  18.798  -67.691  -0.084 0.6000000238
16804  4.253  -67.108  4.666 0.5000000000
16846  19.829  -67.873  1.094 0.6000000238
17766  21.153  -66.807  0.858 0.5000000000
15128  9.259  -68.976  -2.205 0.6999999881
19444  9.558  -63.269  4.652 0.4000000060
15989  10.416  -67.727  -1.983 0.8000000119
19445  8.722  -64.184  4.651 0.5000000000
15988  12.151  -66.987  -1.653 0.8000000119
18557  7.127  -66.192  4.874 0.4000000060
18572  8.196  -65.029  5.068 0.4000000060
15101  11.203  -67.387  -1.664 0.6999999881
17689  6.639  -66.673  5.437 0.4000000060
18573  7.443  -65.407  4.535 0.5000000000
16865  17.748  -66.991  -1.329 0.6000000238
15096  15.595  -67.971  -1.540 0.6000000238
15097  14.759  -68.376  -1.545 0.6999999881
16781  6.274  -67.186  5.884 0.4000000060
16864  18.501  -66.937  -1.071 0.6000000238
15967  18.103  -67.689  -0.501 0.6000000238
16783  3.965  -67.900  5.398 0.4000000060
17704  5.407  -66.379  4.253 0.6000000238
16853  19.532  -67.613  0.236 0.6000000238
18625  21.879  -66.164  0.866 0.5000000000
19428  9.355  -64.032  5.348 0.4000000060
15127  9.993  -68.559  -2.238 0.8000000119
18555  8.355  -65.327  6.028 0.4000000060
16885  11.101  -67.322  -2.052 0.6999999881
17688  7.307  -66.356  5.900 0.4000000060
15986  14.080  -67.784  -1.886 0.6000000238
15099  12.862  -67.773  -1.520 0.6999999881
15983  16.493  -66.701  -1.729 0.6000000238
15984  15.923  -66.999  -1.915 0.6000000238
16763  6.320  -67.709  6.759 0.4000000060
16782  5.538  -67.597  5.780 0.4000000060
16862  19.890  -67.046  -0.398 0.6000000238
15871  4.110  -68.422  6.256 0.4000000060
17765  21.589  -66.060  0.141 0.4000000060
19412  9.421  -64.236  6.126 0.4000000060
143029  12.181  -66.905  -2.247 0.6999999881
18543  8.522  -65.681  6.948 0.4000000060
16881  13.926  -67.706  -2.003 0.6999999881
16882  13.008  -67.092  -1.996 0.6000000238
17675  7.577  -66.642  6.851 0.4000000060
16878  17.009  -66.185  -1.762 0.6000000238
16879  16.527  -66.188  -2.004 0.6000000238
16764  5.509  -68.267  6.751 0.4000000060
135569  20.116  -66.515  -1.017 0.6000000238
15855  3.726  -68.706  6.901 0.3000000119
17781  21.444  -66.050  -0.694 0.4000000060
18659  22.078  -65.710  -0.398 0.4000000060
18662  22.235  -65.765  -1.194 0.4000000060
17659  7.841  -66.801  7.862 0.4000000060
16745  6.594  -67.980  7.747 0.4000000060
151422  18.830  -66.194  -1.915 0.6000000238
17797  20.465  -66.282  -1.623 0.6000000238
17804  20.995  -66.596  -2.099 0.6000000238
18660  23.652  -65.619  -1.646 0.4000000060
17794  23.234  -65.737  -2.270 0.5000000000
154725  23.912  -65.602  -1.147 0.4000000060
17626  2.234  -67.078  9.848 0.3000000119
17793  24.236  -66.038  -1.559 0.4000000060
20206  8.906  -63.016  10.255 0.4000000060
18504  4.461  -65.984  9.406 0.3000000119
142728  1.858  -64.927  11.081 0.4000000060
138729  9.438  -61.609  10.348 0.4000000060
20220  7.744  -63.658  10.114 0.4000000060
19364  5.266  -64.726  9.238 0.3000000119
19363  6.178  -64.406  9.563 0.3000000119
18506  2.882  -66.192  10.110 0.3000000119
148392  3.646  -66.333  9.588 0.3000000119
18486  2.283  -65.444  10.574 0.3000000119
159601  8.121  -60.807  10.664 0.4000000060
22021  7.758  -61.166  10.579 0.4000000060
140843  7.277  -64.405  9.863 0.4000000060
19365  4.448  -64.978  9.233 0.3000000119
19366  3.892  -64.746  9.367 0.3000000119
21099  0.959  -61.599  10.384 0.4000000060
22904  1.108  -60.502  9.227 0.3000000119
23814  1.258  -59.573  8.440 0.3000000119
19367  3.299  -64.900  10.051 0.3000000119
19341  2.478  -64.475  10.693 0.3000000119
22022  7.102  -60.840  10.273 0.4000000060
21096  7.220  -61.667  10.311 0.4000000060
149409  6.394  -62.831  9.684 0.3000000119
20237  5.234  -63.935  9.028 0.3000000119
21127  5.111  -63.134  8.243 0.3000000119
154455  1.971  -62.740  10.579 0.3000000119
20239  4.369  -63.705  8.596 0.3000000119
22043  1.443  -60.974  8.575 0.3000000119
20222  3.834  -63.921  9.204 0.3000000119
22923  2.105  -60.369  7.140 0.4000000060
22924  1.449  -59.867  7.689 0.3000000119
23837  3.606  -59.876  6.202 0.3000000119
23823  2.951  -59.325  6.853 0.3000000119
22032  6.652  -61.268  9.868 0.4000000060
22040  6.159  -61.283  9.012 0.4000000060
22041  5.629  -61.646  8.186 0.3000000119
21114  2.046  -61.691  9.205 0.4000000060
137165  5.185  -62.217  7.706 0.3000000119
148004  2.704  -62.202  8.664 0.3000000119
22056  2.420  -61.291  7.288 0.4000000060
24800  4.533  -58.726  6.185 0.3000000119
23806  7.176  -59.377  9.295 0.4000000060
23813  6.664  -59.832  8.629 0.4000000060
22053  5.935  -60.983  7.966 0.4000000060
22054  5.482  -61.600  7.221 0.4000000060
21142  4.653  -62.488  7.418 0.3000000119
161881  4.607  -61.587  6.275 0.3000000119
21159  3.830  -61.906  6.546 0.3000000119
22093  4.002  -61.037  5.545 0.3000000119
23855  4.657  -60.028  4.932 0.5000000000
22077  2.976  -60.829  6.642 0.4000000060
23856  4.085  -60.344  5.467 0.4000000060
156968  5.241  -57.937  6.307 0.3000000119
23812  6.947  -59.401  8.040 0.4000000060
23821  6.923  -59.843  6.694 0.4000000060
149630  6.327  -60.560  6.467 0.3000000119
23853  6.524  -60.299  4.556 0.3000000119
23852  7.176  -59.810  4.250 0.3000000119
24833  7.677  -58.699  3.216 0.3000000119
154955  4.956  -61.942  6.866 0.3000000119
22936  5.654  -60.844  5.638 0.3000000119
22950  5.883  -60.233  4.242 0.3000000119
151180  6.296  -59.735  3.879 0.3000000119
25787  7.289  -58.394  3.219 0.3000000119
22092  4.675  -61.053  5.578 0.3000000119
24835  5.797  -59.321  3.884 0.3000000119
24817  4.812  -59.371  5.040 0.3000000119
26763  6.199  -56.742  6.140 0.3000000119
25727  9.179  -57.146  8.873 0.3000000119
25728  8.556  -57.606  8.373 0.3000000119
25744  8.676  -57.808  7.366 0.3000000119
24797  8.921  -58.164  6.211 0.3000000119
25770  9.802  -58.237  4.249 0.3000000119
25784  10.134  -57.545  2.699 0.3000000119
139068  8.249  -58.582  6.794 0.3000000119
24813  8.478  -59.070  5.320 0.3000000119
24814  7.875  -59.759  4.946 0.3000000119
24831  9.124  -58.597  3.598 0.3000000119
25798  8.522  -57.804  2.972 0.3000000119
25786  7.843  -57.653  3.333 0.3000000119
24815  5.848  -58.745  4.226 0.3000000119
26779  7.461  -57.114  4.411 0.3000000119
25773  5.598  -58.354  5.062 0.3000000119
26780  6.725  -57.087  5.175 0.3000000119
26733  11.373  -56.243  9.113 0.3000000119
26749  9.875  -56.868  7.279 0.3000000119
25743  9.371  -57.458  6.833 0.3000000119
25756  10.385  -57.552  5.131 0.3000000119
25769  10.394  -57.842  3.541 0.3000000119
26792  9.400  -56.718  2.952 0.3000000119
27845  8.789  -56.180  3.734 0.3000000119
26778  8.120  -56.665  4.157 0.3000000119
27832  6.692  -56.150  6.109 0.3000000119
26803  11.482  -56.609  2.559 0.3000000119
26805  9.981  -57.079  2.560 0.3000000119
28851  8.977  -55.244  4.426 0.3000000119
27830  8.287  -55.651  4.840 0.3000000119
27831  7.461  -56.142  5.284 0.3000000119
28834  7.766  -55.018  5.693 0.3000000119
27854  12.045  -55.841  2.508 0.3000000119
27856  10.149  -56.379  2.471 0.3000000119
27844  9.519  -55.823  3.340 0.3000000119
27853  13.010  -55.891  2.932 0.3000000119
28861  11.725  -55.043  2.355 0.3000000119
28862  11.028  -55.130  2.612 0.3000000119
28850  9.793  -54.997  4.182 0.3000000119
139582  9.166  -54.356  5.001 0.3000000119
28833  8.493  -54.689  5.335 0.3000000119
28819  7.965  -54.055  5.905 0.3000000119
4844  13.626  -85.115  -4.735 0.5000000000
4860  12.474  -84.404  -5.337 0.5000000000
5420  12.555  -83.678  -5.651 0.4000000060
12461  7.757  -72.544  5.730 0.6999999881
14045  7.456  -70.737  5.858 0.6999999881
7457  12.600  -79.754  -3.252 0.4000000060
5419  13.151  -83.912  -5.825 0.5000000000
11801  7.306  -73.233  -0.118 0.5000000000
12497  13.408  -72.371  2.088 0.6000000238
14154  9.999  -69.645  -0.740 0.8000000119
13322  7.743  -70.382  -1.984 0.6999999881
14152  12.284  -70.381  -0.963 0.6000000238
17753  21.113  -67.134  1.716 0.5000000000
14149  15.786  -70.244  -0.872 0.6999999881
16803  5.076  -67.119  4.739 0.4000000060
17752  21.766  -66.554  1.687 0.5000000000
16877  17.784  -66.287  -1.645 0.6000000238
18642  22.487  -65.647  0.302 0.4000000060
16880  15.283  -67.477  -2.055 0.6000000238
17806  17.788  -65.859  -2.011 0.6000000238
15838  5.388  -68.483  7.584 0.3000000119
17795  22.457  -65.820  -2.094 0.4000000060
21094  8.769  -62.277  10.430 0.4000000060
24769  7.548  -58.748  8.466 0.3000000119
26747  11.388  -56.379  8.015 0.3000000119
16019  14.858  -68.150  -2.508 0.5000000000
16020  14.004  -68.226  -2.416 0.5000000000
16021  13.151  -67.981  -2.449 0.6999999881
14216  12.290  -69.709  -3.251 0.6999999881
14199  9.523  -69.415  -2.340 0.6000000238
16007  14.482  -67.820  -2.212 0.5000000000
16008  13.482  -67.599  -2.107 0.6000000238
15126  11.075  -68.523  -2.458 0.6000000238
12552  10.348  -72.723  -1.646 0.6000000238
11828  9.199  -73.078  -1.944 0.6000000238
14215  13.113  -70.048  -3.455 0.6999999881
140392  11.499  -71.586  -2.561 0.6000000238
13336  10.261  -70.700  -2.347 0.6000000238
14217  11.813  -70.416  -3.112 0.6999999881
13321  9.859  -71.739  -1.977 0.6000000238
147988  16.282  -67.610  -2.526 0.5000000000
12582  12.629  -72.052  -3.917 0.6999999881
12583  12.294  -72.229  -3.308 0.6999999881
11827  12.163  -72.967  -2.332 0.6000000238
11811  11.253  -72.856  -1.798 0.6000000238
13354  12.993  -71.208  -3.777 0.6000000238
13355  12.096  -71.443  -3.252 0.6999999881
12567  10.753  -72.015  -2.076 0.6000000238
134795  14.597  -70.698  -3.243 0.6000000238
16005  17.240  -68.108  -2.581 0.5000000000
145581  15.626  -67.471  -2.326 0.5000000000
13362  13.398  -71.769  -3.902 0.6999999881
150698  12.614  -72.729  -3.689 0.6000000238
11061  11.156  -74.363  -0.962 0.6000000238
16018  19.281  -68.571  -3.115 0.5000000000
160543  16.809  -67.181  -2.508 0.5000000000
16900  21.835  -67.837  -3.446 0.5000000000
143387  18.611  -67.202  -2.582 0.5000000000
16899  22.530  -67.707  -3.455 0.4000000060
12487  3.626  -73.227  3.397 0.4000000060
11741  5.227  -73.949  4.973 0.4000000060
11742  4.556  -73.680  4.598 0.4000000060
10976  4.672  -74.303  4.472 0.5000000000
10992  5.051  -74.748  4.084 0.5000000000
10206  3.836  -75.085  3.315 0.5000000000
16894  20.442  -67.063  -2.462 0.5000000000
10205  4.696  -75.222  3.409 0.5000000000
10292  1.604  -76.009  -1.322 0.6000000238
16893  21.384  -67.210  -2.804 0.4000000060
10224  5.310  -75.578  2.589 0.5000000000
157578  3.802  -75.781  2.092 0.5000000000
10272  2.313  -76.060  -0.218 0.5000000000
11770  3.248  -73.582  2.682 0.5000000000
11757  3.547  -73.948  3.603 0.5000000000
11782  2.726  -74.083  1.285 0.5000000000
11020  2.712  -74.791  1.562 0.5000000000
11791  2.520  -74.210  -0.141 0.5000000000
10226  3.488  -75.318  2.533 0.5000000000
11036  2.549  -74.796  0.745 0.5000000000
141920  2.425  -75.168  -0.132 0.5000000000
10257  2.568  -75.758  0.571 0.5000000000
16013  24.147  -68.579  -3.295 0.4000000060
16892  22.194  -66.978  -3.234 0.4000000060
140246  23.836  -67.467  -3.237 0.4000000060
15004  5.584  -69.967  3.545 0.5000000000
153685  2.641  -73.899  0.536 0.5000000000
17805  19.929  -66.108  -2.090 0.5000000000
17803  21.875  -66.393  -2.562 0.4000000060
15911  6.604  -68.743  3.618 0.5000000000
148195  6.464  -68.478  2.652 0.5000000000
15934  6.020  -68.929  2.028 0.5000000000
15021  6.053  -69.173  3.086 0.5000000000
17801  23.508  -66.471  -2.788 0.4000000060
15910  7.099  -67.991  3.193 0.5000000000
154121  6.813  -67.907  2.172 0.5000000000
16836  8.187  -66.669  2.473 0.5000000000
16838  7.069  -67.790  1.079 0.5000000000
15949  6.715  -68.157  0.511 0.5000000000
15039  5.491  -69.177  0.085 0.4000000060
17743  8.638  -65.873  1.724 0.5000000000
16848  7.052  -67.524  -0.331 0.6000000238
15958  5.783  -68.343  -0.870 0.6000000238
17726  8.823  -66.161  2.903 0.5000000000
18611  9.134  -65.362  0.669 0.5000000000
16847  7.545  -67.104  0.211 0.5000000000
16855  7.092  -66.602  -1.000 0.6000000238
15971  5.758  -67.241  -1.692 0.6000000238
15973  4.597  -68.227  -1.621 0.6000000238
15108  1.882  -69.300  -1.866 0.5000000000
15993  1.203  -68.734  -1.311 0.5000000000
141570  -0.692  -69.140  -1.856 0.5000000000
18610  9.796  -65.119  1.314 0.5000000000
19469  10.333  -64.288  0.663 0.5000000000
18626  9.406  -64.474  0.047 0.5000000000
17754  8.415  -65.585  -0.244 0.5000000000
18644  8.166  -64.786  -1.038 0.6000000238
16866  5.484  -67.186  -1.614 0.6000000238
146268  4.078  -68.201  -1.486 0.6000000238
15992  2.137  -68.679  -1.288 0.6000000238
15976  1.403  -68.228  -0.622 0.5000000000
15044  -1.521  -70.469  1.641 0.5000000000
15111  -1.705  -68.922  -1.750 0.5000000000
18609  10.650  -65.025  1.625 0.5000000000
19482  10.889  -63.317  0.372 0.5000000000
19491  9.292  -63.884  -0.247 0.6000000238
145366  7.976  -64.170  -0.587 0.6000000238
19493  6.810  -64.593  0.475 0.6000000238
155341  5.643  -66.765  -1.399 0.6000000238
17770  5.463  -66.496  0.037 0.6000000238
154716  3.959  -67.862  -0.979 0.6000000238
16859  4.351  -67.574  -0.024 0.6000000238
15975  2.389  -68.241  -0.558 0.6000000238
15962  0.816  -68.263  -0.027 0.5000000000
15978  -0.286  -68.372  -1.016 0.5000000000
15963  -0.024  -68.368  -0.206 0.5000000000
15063  -0.358  -69.048  0.559 0.5000000000
15085  -1.649  -68.609  -1.013 0.5000000000
138470  -1.997  -68.899  -0.178 0.5000000000
20322  9.295  -63.213  0.063 0.6000000238
20323  8.379  -63.311  0.335 0.6000000238
19486  5.655  -64.267  1.392 0.6000000238
18629  4.431  -64.780  1.583 0.6000000238
18648  5.391  -65.612  0.595 0.6000000238
16849  4.571  -66.777  0.829 0.6000000238
138627  4.050  -67.615  1.346 0.6000000238
15952  3.060  -68.657  1.295 0.5000000000
15040  2.672  -69.388  1.921 0.5000000000
15062  1.237  -69.008  0.734 0.5000000000
15041  1.964  -69.846  2.096 0.5000000000
15024  2.260  -69.627  2.712 0.6000000238
15042  0.532  -69.745  1.346 0.5000000000
14111  0.196  -70.617  2.397 0.5000000000
14096  0.009  -70.897  2.985 0.5000000000
14097  -1.673  -70.555  2.749 0.5000000000
19485  6.311  -64.035  1.541 0.6000000238
19473  4.818  -64.183  1.819 0.6000000238
17757  4.052  -65.598  1.696 0.6000000238
15935  3.643  -68.213  2.168 0.6000000238
15912  2.312  -69.076  3.156 0.6000000238
15006  0.878  -69.961  3.544 0.5000000000
19471  6.211  -63.992  2.064 0.6000000238
150053  3.396  -67.839  2.725 0.6000000238
16822  1.875  -67.879  3.114 0.6000000238
15914  0.299  -69.072  3.859 0.5000000000
18592  6.187  -65.083  3.148 0.6000000238
19457  6.619  -64.502  2.704 0.6000000238
18593  5.191  -64.889  2.830 0.6000000238
18595  3.510  -65.174  2.719 0.6000000238
142980  3.294  -66.740  2.647 0.6000000238
16841  1.732  -66.376  2.965 0.5000000000
17727  4.843  -65.586  3.437 0.6000000238
18576  2.884  -65.392  3.490 0.6000000238
17746  2.485  -65.777  2.893 0.6000000238
154057  2.207  -65.321  3.874 0.6000000238
18577  1.743  -65.232  3.953 0.5000000000
136575  2.662  -66.020  4.295 0.4000000060
158624  9.214  -69.945  -2.479 0.6000000238
14198  10.820  -69.712  -2.520 0.6999999881
17800  16.646  -66.199  -2.176 0.5000000000
16896  17.674  -66.134  -2.284 0.5000000000
143989  20.241  -68.791  -3.311 0.5000000000
16003  19.831  -67.801  -2.773 0.5000000000
11049  2.412  -74.468  -0.933 0.6000000238
17768  7.143  -65.862  -0.981 0.6000000238
18646  6.683  -65.293  -0.282 0.6000000238
15960  2.633  -68.196  0.289 0.6000000238
143023  1.469  -69.700  1.502 0.5000000000
18612  4.770  -64.229  2.170 0.6000000238
18630  3.844  -65.039  2.337 0.6000000238
18615  1.846  -65.297  3.360 0.6000000238
16842  0.907  -65.796  2.934 0.6000000238
4258  14.967  -85.290  -2.505 0.4000000060
6335  16.035  -82.466  -3.432 0.5000000000
5886  16.265  -83.704  -3.399 0.5000000000
5384  15.532  -84.186  -2.914 0.4000000060
4834  15.787  -85.021  -3.449 0.4000000060
4842  15.844  -85.125  -4.020 0.4000000060
4280  15.258  -85.415  -3.558 0.4000000060
5884  17.891  -83.256  -3.479 0.5000000000
6334  16.908  -82.302  -3.419 0.5000000000
4833  16.539  -84.689  -3.874 0.5000000000
4857  15.363  -84.610  -4.838 0.5000000000
4843  14.815  -85.167  -4.415 0.4000000060
151257  18.463  -83.448  -3.588 0.5000000000
5406  17.589  -84.099  -4.170 0.5000000000
4841  16.844  -84.360  -4.353 0.5000000000
5911  15.542  -83.366  -5.770 0.5000000000
4858  14.117  -84.502  -5.379 0.4000000060
5428  14.275  -83.044  -6.373 0.4000000060
5394  18.175  -83.695  -3.802 0.5000000000
154513  17.461  -83.540  -4.646 0.5000000000
5909  17.395  -82.808  -5.138 0.5000000000
137844  16.703  -83.527  -5.141 0.5000000000
5921  14.950  -82.629  -6.494 0.5000000000
5912  13.080  -83.045  -6.130 0.4000000060
10286  11.661  -75.780  -1.036 0.5000000000
9563  11.285  -76.726  -1.245 0.4000000060
8768  12.740  -77.209  -1.899 0.4000000060
8072  13.408  -78.201  -2.796 0.4000000060
8084  13.074  -78.925  -3.071 0.4000000060
142454  16.381  -82.361  -5.804 0.5000000000
7464  13.162  -80.130  -4.342 0.4000000060
156108  12.947  -80.843  -4.761 0.4000000060
6357  13.214  -81.462  -5.563 0.4000000060
148706  15.979  -81.407  -6.258 0.4000000060
6367  15.442  -81.982  -6.519 0.5000000000
6370  13.537  -81.795  -6.514 0.4000000060
5922  14.146  -82.232  -6.826 0.4000000060
9562  12.336  -76.592  -1.441 0.4000000060
8083  13.779  -78.490  -3.712 0.4000000060
7456  13.469  -79.313  -3.997 0.4000000060
6881  17.440  -81.051  -5.523 0.4000000060
7475  14.060  -80.232  -5.785 0.4000000060
6356  13.596  -81.550  -6.363 0.4000000060
6882  16.508  -80.786  -5.923 0.4000000060
148903  15.000  -81.123  -6.804 0.4000000060
6369  14.198  -81.035  -6.731 0.4000000060
149256  13.850  -81.635  -6.792 0.4000000060
11060  12.200  -74.671  -1.311 0.5000000000
10285  12.869  -75.610  -1.503 0.4000000060
9576  13.447  -76.473  -2.079 0.4000000060
151770  14.089  -76.793  -3.030 0.4000000060
8813  14.274  -77.929  -4.366 0.4000000060
8093  14.107  -78.840  -4.615 0.4000000060
8104  14.653  -79.031  -5.584 0.4000000060
8105  14.314  -79.334  -5.392 0.4000000060
7478  16.149  -80.100  -6.055 0.4000000060
7473  15.334  -79.176  -5.923 0.4000000060
7474  14.400  -79.993  -5.949 0.4000000060
11076  11.776  -73.618  -1.568 0.5000000000
137167  13.177  -74.765  -1.840 0.5000000000
11075  12.888  -73.765  -2.211 0.6000000238
10302  13.614  -75.453  -2.256 0.5000000000
155947  14.246  -76.898  -4.178 0.4000000060
9621  14.926  -77.112  -5.189 0.4000000060
8826  16.006  -77.618  -5.471 0.4000000060
8101  16.593  -78.331  -5.564 0.4000000060
11090  13.920  -74.670  -3.444 0.4000000060
11845  12.967  -73.242  -3.644 0.5000000000
10337  14.751  -75.584  -4.499 0.4000000060
11104  14.455  -74.816  -3.993 0.5000000000
10336  15.497  -75.029  -4.546 0.4000000060
10348  15.193  -76.144  -4.847 0.4000000060
10347  15.832  -76.326  -4.802 0.4000000060
11861  13.554  -73.341  -3.743 0.6000000238
11862  12.809  -72.826  -3.827 0.6000000238
11102  15.977  -74.179  -4.788 0.5000000000
11100  16.866  -74.558  -4.210 0.4000000060
15145  13.591  -68.940  -2.915 0.5000000000
21223  9.315  -62.025  0.774 0.5000000000
20309  7.062  -63.720  1.844 0.5000000000
18591  7.085  -65.040  3.584 0.5000000000
21214  9.139  -62.028  1.470 0.5000000000
20299  7.750  -63.554  2.512 0.5000000000
151290  7.807  -63.181  1.415 0.5000000000
5396  17.103  -84.307  -3.836 0.5000000000
5397  16.142  -84.596  -3.462 0.5000000000
8783  13.483  -77.404  -2.522 0.4000000060
8800  13.963  -77.648  -3.427 0.4000000060
6892  14.751  -80.466  -6.493 0.4000000060
9592  14.165  -76.070  -3.664 0.4000000060
139278  14.391  -76.090  -4.288 0.4000000060
8828  14.793  -78.030  -5.361 0.4000000060
8102  15.665  -78.449  -5.711 0.4000000060
11091  13.297  -73.809  -3.281 0.5000000000
9620  15.498  -76.985  -5.162 0.4000000060
11844  13.732  -74.010  -3.518 0.5000000000
11859  15.815  -73.837  -4.281 0.6000000238
150525  15.864  -75.474  -4.589 0.5000000000
12591  15.186  -73.059  -3.712 0.5000000000
141915  24.580  -70.097  -0.896 0.3000000119
14168  23.306  -70.200  -1.279 0.3000000119
14191  23.180  -69.627  -2.129 0.3000000119
14167  24.690  -69.952  -1.821 0.3000000119
15095  25.239  -69.864  -1.286 0.3000000119
15034  27.084  -69.146  0.861 0.3000000119
137427  27.536  -69.527  -0.297 0.3000000119
14146  21.586  -70.474  -0.964 0.3000000119
14170  21.169  -70.567  -1.765 0.4000000060
14193  21.262  -70.312  -2.587 0.4000000060
14144  23.326  -70.404  -0.302 0.3000000119
15124  20.943  -70.017  -3.150 0.4000000060
14192  22.195  -69.945  -2.601 0.4000000060
16004  18.258  -68.372  -2.758 0.4000000060
146280  16.721  -68.824  -2.636 0.4000000060
14143  24.106  -70.247  -0.006 0.3000000119
15139  21.387  -69.499  -3.313 0.4000000060
15093  26.950  -70.236  -2.106 0.3000000119
15121  24.195  -69.681  -2.749 0.3000000119
13320  19.176  -71.715  -1.606 0.4000000060
13334  18.139  -71.678  -2.603 0.4000000060
13351  16.141  -71.514  -2.892 0.4000000060
147757  15.428  -70.573  -2.878 0.4000000060
14147  20.712  -70.823  -1.066 0.4000000060
14172  19.644  -70.962  -2.193 0.4000000060
13333  18.863  -71.296  -2.428 0.4000000060
14212  17.080  -70.989  -2.719 0.4000000060
14196  16.270  -70.362  -2.653 0.4000000060
14128  21.892  -70.860  0.002 0.3000000119
14195  19.443  -70.567  -2.936 0.4000000060
14211  17.881  -70.466  -3.103 0.4000000060
15144  14.414  -68.928  -2.778 0.4000000060
14126  23.336  -70.495  0.698 0.3000000119
15142  18.855  -69.422  -3.236 0.4000000060
14197  15.560  -69.527  -2.722 0.4000000060
15055  24.628  -69.884  0.663 0.3000000119
15141  19.742  -69.483  -3.366 0.4000000060
150057  22.893  -68.960  -3.284 0.4000000060
11825  18.359  -73.306  -2.725 0.4000000060
11843  15.980  -73.329  -3.923 0.4000000060
12563  18.612  -72.865  -1.986 0.4000000060
12564  18.095  -72.567  -2.498 0.4000000060
12578  17.101  -72.877  -3.246 0.4000000060
12580  15.644  -72.339  -3.479 0.4000000060
13287  21.476  -71.625  0.441 0.3000000119
13300  20.365  -71.572  -0.554 0.4000000060
14105  23.336  -70.689  1.641 0.3000000119
14125  23.960  -70.158  1.160 0.3000000119
14213  14.859  -69.736  -2.959 0.4000000060
15037  24.713  -69.712  1.622 0.3000000119
11858  16.182  -73.894  -4.575 0.4000000060
11841  17.316  -73.658  -3.622 0.4000000060
16014  23.224  -68.248  -3.414 0.3000000119
15135  25.260  -69.754  -3.251 0.3000000119
15137  23.676  -69.126  -3.186 0.3000000119
14214  14.058  -69.892  -3.160 0.4000000060
13352  15.148  -71.475  -3.268 0.4000000060
12581  14.757  -72.259  -3.596 0.4000000060
11857  16.664  -74.116  -4.216 0.4000000060
151068  21.742  -70.344  -1.981 0.3000000119
15094  26.094  -70.091  -1.708 0.3000000119
15073  26.761  -69.899  -1.032 0.3000000119
13319  19.911  -71.264  -1.308 0.4000000060
15123  21.747  -69.897  -3.107 0.4000000060
152274  19.232  -70.103  -3.284 0.4000000060
15140  20.590  -69.531  -3.377 0.4000000060
15125  17.861  -69.416  -2.883 0.4000000060
15122  22.921  -69.347  -2.851 0.4000000060
12550  19.051  -72.485  -1.374 0.4000000060
13350  17.011  -71.973  -2.900 0.4000000060
13349  17.720  -71.325  -2.852 0.4000000060
13299  21.140  -71.157  -0.313 0.3000000119
152887  18.523  -70.733  -2.991 0.4000000060
14127  22.649  -70.694  0.333 0.3000000119
12537  19.526  -72.946  -0.781 0.4000000060
13288  20.863  -71.961  0.117 0.3000000119
14106  22.752  -71.039  1.206 0.3000000119
134799  12.378  -78.994  0.221 0.3000000119
142067  12.395  -79.504  1.289 0.3000000119
7413  13.121  -78.397  -0.322 0.3000000119
7386  12.385  -78.795  1.475 0.3000000119
160640  13.183  -78.945  -0.807 0.3000000119
146932  12.281  -79.841  -0.098 0.3000000119
8753  13.872  -77.795  -0.181 0.3000000119
8738  13.247  -77.585  0.475 0.3000000119
154439  12.651  -77.702  0.969 0.3000000119
161871  14.700  -78.141  -0.938 0.3000000119
8060  13.729  -78.813  -1.011 0.3000000119
7432  12.691  -80.111  -1.021 0.3000000119
143803  14.879  -83.635  -2.541 0.3000000119
9508  14.267  -76.348  1.418 0.3000000119
9532  13.736  -76.814  0.871 0.3000000119
8736  15.268  -77.141  0.065 0.3000000119
8737  14.286  -77.293  0.259 0.3000000119
9533  12.988  -77.174  1.190 0.3000000119
7446  14.812  -80.022  -2.278 0.3000000119
6858  16.006  -81.382  -3.352 0.3000000119
6318  15.177  -81.642  -3.324 0.3000000119
8767  16.286  -77.845  -1.222 0.3000000119
8059  14.558  -78.640  -1.229 0.3000000119
135768  16.039  -78.671  -1.671 0.3000000119
7428  16.580  -79.139  -1.985 0.3000000119
154933  16.105  -80.500  -2.993 0.3000000119
6840  15.299  -80.629  -3.067 0.3000000119
6317  17.003  -81.103  -3.172 0.3000000119
5897  19.213  -83.164  -3.451 0.4000000060
6315  18.676  -82.539  -2.709 0.4000000060
7327  17.696  -79.473  5.082 0.3000000119
160450  18.497  -81.287  6.862 0.3000000119
8012  12.639  -78.371  2.260 0.3000000119
8011  12.993  -78.785  2.468 0.3000000119
8687  12.736  -77.452  4.428 0.3000000119
8686  13.144  -77.812  4.761 0.3000000119
138876  16.378  -78.725  4.914 0.3000000119
7974  17.179  -79.047  4.846 0.3000000119
6718  18.618  -80.475  5.087 0.3000000119
10222  13.494  -76.011  2.954 0.3000000119
7984  12.732  -77.608  3.674 0.3000000119
150330  14.722  -78.585  4.237 0.3000000119
7338  17.323  -79.189  4.014 0.3000000119
7336  18.267  -79.888  4.745 0.3000000119
9493  12.641  -77.028  2.644 0.3000000119
8698  12.708  -77.661  2.896 0.3000000119
7995  14.342  -78.675  3.384 0.3000000119
7350  16.041  -79.104  2.709 0.3000000119
7996  13.331  -78.406  3.298 0.3000000119
8010  15.049  -79.040  2.482 0.3000000119
7430  14.194  -79.473  -1.547 0.3000000119
6824  13.260  -80.776  -1.538 0.3000000119
9491  13.847  -76.166  2.176 0.3000000119
7445  15.668  -79.869  -2.422 0.3000000119
7315  17.315  -79.674  6.060 0.3000000119
156132  16.423  -79.559  2.140 0.3000000119
9478  12.806  -76.509  3.283 0.3000000119
7977  14.654  -78.423  5.054 0.3000000119
7983  12.967  -77.982  3.998 0.3000000119
7981  16.449  -78.953  3.984 0.3000000119
7348  17.645  -79.578  3.508 0.3000000119
6839  17.968  -81.508  -2.886 0.3000000119
8799  23.241  -77.758  -3.941 0.3000000119
7453  23.179  -78.651  -3.272 0.3000000119
7455  21.571  -79.415  -3.906 0.3000000119
7461  20.946  -79.525  -4.402 0.4000000060
6872  19.741  -80.838  -4.610 0.4000000060
6880  18.375  -81.546  -5.125 0.3000000119
6354  17.708  -81.965  -5.313 0.3000000119
8809  22.792  -77.285  -4.329 0.3000000119
8089  21.910  -77.727  -4.629 0.4000000060
7468  19.998  -78.912  -5.157 0.4000000060
8099  19.131  -78.865  -5.377 0.4000000060
7470  17.803  -79.615  -5.497 0.3000000119
154315  17.833  -77.401  -5.314 0.4000000060
8100  18.170  -78.875  -5.442 0.4000000060
7472  16.176  -79.275  -5.839 0.3000000119
8825  16.965  -77.503  -5.305 0.3000000119
8746  24.870  -77.592  -1.054 0.3000000119
147203  24.457  -78.196  -2.344 0.3000000119
7454  22.223  -79.509  -3.277 0.4000000060
6856  21.431  -80.520  -3.061 0.4000000060
6857  20.757  -81.163  -3.391 0.3000000119
6343  20.144  -81.658  -3.736 0.3000000119
6344  19.530  -82.141  -4.043 0.3000000119
135584  25.022  -77.323  -2.334 0.3000000119
8080  24.530  -76.839  -3.650 0.3000000119
8798  23.807  -77.050  -4.079 0.3000000119
9599  23.394  -76.533  -4.191 0.3000000119
157035  21.615  -77.388  -4.886 0.3000000119
8098  20.465  -78.227  -5.159 0.4000000060
9590  22.902  -76.143  -4.060 0.3000000119
9591  22.139  -76.086  -4.145 0.3000000119
153963  21.858  -76.573  -4.553 0.3000000119
8823  20.467  -77.488  -5.239 0.4000000060
8824  19.731  -78.074  -5.306 0.4000000060
10332  21.239  -75.974  -4.501 0.3000000119
9601  19.854  -76.278  -4.840 0.4000000060
9617  18.461  -76.900  -5.159 0.4000000060
10321  18.591  -75.215  -4.049 0.3000000119
136029  18.449  -75.647  -4.474 0.4000000060
160590  18.199  -76.247  -4.767 0.4000000060
9618  17.431  -76.684  -4.952 0.4000000060
11839  18.806  -74.015  -3.058 0.3000000119
10334  17.670  -75.142  -4.098 0.4000000060
11089  17.573  -74.493  -3.821 0.3000000119
7992  25.130  -78.564  2.725 0.3000000119
7364  25.021  -80.138  2.082 0.3000000119
7384  23.524  -80.441  1.442 0.3000000119
6785  23.341  -81.279  0.706 0.3000000119
139176  24.891  -77.863  0.365 0.3000000119
8029  24.812  -79.478  1.049 0.3000000119
7409  24.342  -80.250  0.536 0.3000000119
6801  23.077  -81.490  0.190 0.3000000119
9547  26.986  -75.868  -0.796 0.3000000119
8745  25.638  -76.781  -0.826 0.3000000119
8042  24.525  -78.928  -0.193 0.3000000119
7423  24.021  -79.743  -0.572 0.3000000119
6835  23.093  -80.091  -1.565 0.3000000119
6837  21.694  -81.493  -2.102 0.3000000119
6331  21.109  -81.935  -2.516 0.3000000119
5881  20.200  -83.022  -2.310 0.3000000119
5865  20.057  -83.076  -2.167 0.3000000119
6314  19.442  -82.534  -2.276 0.3000000119
9548  26.181  -75.997  -1.426 0.3000000119
10319  20.681  -75.191  -4.008 0.3000000119
10333  19.307  -75.621  -4.496 0.3000000119
10301  21.015  -75.008  -3.306 0.3000000119
10320  19.546  -75.079  -3.932 0.3000000119
11823  19.652  -74.001  -2.025 0.3000000119
11824  18.997  -73.559  -2.341 0.3000000119
11840  18.091  -73.849  -3.389 0.3000000119
161347  25.041  -78.141  3.250 0.3000000119
151259  25.584  -77.962  2.849 0.3000000119
7363  25.216  -79.941  1.900 0.3000000119
6766  24.373  -80.410  1.596 0.3000000119
8731  25.383  -77.568  1.094 0.3000000119
6838  18.671  -81.236  -2.486 0.3000000119
8683  25.042  -77.068  4.396 0.3000000119
8693  25.996  -77.393  3.302 0.3000000119
154946  25.735  -77.766  2.353 0.3000000119
8028  25.331  -78.884  1.546 0.3000000119
8720  26.191  -76.763  0.779 0.3000000119
9475  25.676  -77.099  4.138 0.3000000119
9474  26.614  -76.638  3.826 0.3000000119
9486  26.927  -76.853  2.851 0.3000000119
8706  26.291  -76.991  1.779 0.3000000119
5866  19.281  -83.140  -2.707 0.3000000119
5898  18.592  -83.389  -3.854 0.3000000119
6345  18.926  -82.505  -4.398 0.3000000119
6879  18.945  -80.635  -5.181 0.3000000119
9603  17.527  -75.795  -4.497 0.4000000060
11810  19.179  -73.266  -1.515 0.3000000119
8070  24.608  -77.509  -3.059 0.3000000119
8082  22.336  -78.370  -4.032 0.3000000119
8071  23.973  -78.388  -2.783 0.3000000119
8090  21.459  -78.590  -4.520 0.4000000060
7462  20.253  -79.715  -4.753 0.4000000060
150774  18.619  -79.689  -5.396 0.4000000060
9616  19.530  -77.077  -5.221 0.4000000060
8764  25.511  -76.585  -1.843 0.3000000119
8052  24.423  -78.488  -1.413 0.3000000119
6855  22.053  -80.427  -2.491 0.3000000119
153824  23.437  -79.236  -2.428 0.3000000119
8781  25.506  -76.294  -2.693 0.3000000119
9588  24.919  -76.101  -3.551 0.3000000119
156817  24.451  -75.908  -3.520 0.3000000119
9600  20.620  -76.326  -4.839 0.4000000060
11088  19.317  -74.557  -3.357 0.3000000119
7410  23.608  -81.021  0.164 0.3000000119
7424  23.440  -80.253  -0.807 0.3000000119
6819  22.081  -81.500  -0.884 0.3000000119
11059  20.439  -74.521  -1.791 0.3000000119
9512  2.873  -76.117  1.059 0.4000000060
4260  13.802  -85.987  -2.417 0.5000000000
4269  15.286  -85.265  -2.967 0.4000000060
4270  14.667  -85.688  -2.883 0.5000000000
4281  14.228  -85.597  -3.879 0.5000000000
4282  13.076  -85.547  -4.188 0.5000000000
4824  15.370  -84.951  -2.771 0.4000000060
4832  17.263  -84.357  -3.967 0.5000000000
4856  16.229  -84.647  -4.355 0.5000000000
4861  12.031  -84.246  -5.215 0.5000000000
5395  17.684  -84.080  -3.948 0.5000000000
5405  17.999  -83.548  -4.343 0.5000000000
5416  15.992  -84.127  -5.055 0.5000000000
5417  14.894  -83.846  -5.745 0.4000000060
5418  13.946  -83.730  -6.009 0.4000000060
5421  12.149  -83.392  -5.424 0.4000000060
5429  13.556  -83.221  -6.239 0.4000000060
5867  18.644  -83.279  -3.120 0.4000000060
5882  19.472  -83.109  -2.663 0.4000000060
5883  18.866  -83.334  -3.241 0.3000000119
5885  17.033  -83.384  -3.573 0.5000000000
5908  18.206  -82.687  -4.699 0.5000000000
5910  15.781  -82.760  -5.928 0.5000000000
5913  12.747  -82.835  -5.897 0.4000000060
5923  13.611  -82.394  -6.503 0.4000000060
5924  13.159  -82.066  -6.101 0.4000000060
6316  17.886  -82.388  -3.214 0.4000000060
6319  14.456  -81.960  -2.824 0.3000000119
6332  20.498  -82.394  -2.844 0.3000000119
6333  19.865  -82.808  -3.158 0.3000000119
6336  15.237  -82.866  -3.151 0.3000000119
6355  16.900  -81.703  -5.672 0.3000000119
6368  14.528  -81.719  -6.930 0.4000000060
6707  18.805  -81.394  5.772 0.3000000119
6748  24.706  -80.330  1.930 0.3000000119
6765  24.889  -80.286  1.903 0.3000000119
6767  23.733  -80.836  1.242 0.3000000119
6784  24.004  -80.801  0.975 0.3000000119
6786  23.065  -81.230  1.059 0.3000000119
6818  22.849  -81.142  -0.556 0.3000000119
6823  14.065  -80.414  -1.877 0.3000000119
6836  22.277  -80.972  -1.554 0.3000000119
6870  21.038  -80.191  -3.854 0.3000000119
6871  20.490  -80.496  -4.186 0.3000000119
6873  19.121  -81.514  -4.728 0.3000000119
6874  13.547  -80.564  -5.279 0.4000000060
6883  14.098  -80.756  -6.358 0.4000000060
6884  13.798  -81.020  -6.153 0.4000000060
6891  15.611  -80.597  -6.358 0.4000000060
6893  13.825  -81.294  -6.598 0.4000000060
7326  17.920  -80.085  5.378 0.3000000119
7337  17.865  -79.407  4.463 0.3000000119
7349  16.928  -79.275  3.049 0.3000000119
7365  24.581  -80.059  2.175 0.3000000119
7368  15.618  -79.559  1.686 0.3000000119
7383  24.180  -80.388  1.777 0.3000000119
7395  24.637  -80.275  1.459 0.3000000119
7398  12.218  -79.597  0.777 0.3000000119
7414  12.735  -79.260  -0.575 0.3000000119
7429  15.219  -79.130  -1.799 0.3000000119
7431  13.292  -79.413  -1.120 0.3000000119
7441  22.714  -79.803  -2.468 0.3000000119
7447  11.615  -79.616  -2.310 0.4000000060
7463  13.831  -79.710  -4.928 0.4000000060
7469  19.487  -79.776  -5.169 0.4000000060
7471  17.020  -80.036  -5.707 0.3000000119
7479  15.418  -79.863  -6.205 0.4000000060
7480  14.770  -79.699  -6.058 0.4000000060
7978  13.738  -78.297  4.377 0.3000000119
7982  15.578  -78.648  4.568 0.3000000119
7994  15.384  -78.815  3.571 0.3000000119
7997  12.838  -78.128  3.142 0.3000000119
8007  25.228  -79.488  2.215 0.3000000119
8008  24.902  -79.458  2.445 0.3000000119
8019  25.430  -79.198  2.019 0.3000000119
8022  12.445  -78.165  1.758 0.3000000119
8033  12.580  -78.251  0.591 0.3000000119
8047  14.761  -77.722  -0.490 0.3000000119
8053  23.862  -79.202  -1.740 0.3000000119
8058  15.319  -78.170  -1.205 0.3000000119
8061  10.785  -78.005  -1.596 0.5000000000
8081  23.979  -77.679  -3.577 0.3000000119
8091  20.735  -78.788  -4.848 0.4000000060
8092  14.463  -78.374  -5.128 0.4000000060
8094  8.444  -78.308  -5.149 0.5000000000
8103  14.989  -78.679  -5.723 0.4000000060
8694  25.305  -77.754  3.439 0.3000000119
8707  25.438  -78.577  2.361 0.3000000119
8711  12.592  -77.664  2.163 0.3000000119
8721  25.609  -77.998  1.819 0.3000000119
8725  12.594  -77.644  1.526 0.3000000119
8752  15.677  -77.487  -0.676 0.3000000119
8770  10.848  -77.294  -1.410 0.5000000000
8782  25.125  -76.624  -3.189 0.3000000119
8784  12.632  -77.858  -2.184 0.4000000060
8785  11.857  -78.316  -1.902 0.4000000060
8810  21.194  -77.865  -5.044 0.3000000119
8811  21.248  -76.918  -5.057 0.4000000060
8812  14.592  -77.429  -4.896 0.4000000060
8827  15.237  -77.780  -5.467 0.4000000060
8838  7.291  -77.286  -6.436 0.5000000000
9458  26.199  -76.345  4.874 0.3000000119
9459  25.305  -76.615  5.196 0.3000000119
9479  12.585  -76.981  3.929 0.3000000119
9492  13.043  -76.535  2.410 0.3000000119
9509  12.783  -77.071  1.899 0.3000000119
9510  4.724  -76.335  1.258 0.5000000000
9511  3.679  -76.228  1.382 0.4000000060
9525  26.454  -76.341  -0.483 0.3000000119
9534  6.046  -76.338  0.066 0.5000000000
9537  3.314  -76.560  0.531 0.5000000000
9554  2.994  -76.877  -0.204 0.5000000000
9561  25.730  -75.937  -2.208 0.3000000119
9564  10.401  -76.736  -1.388 0.5000000000
9574  25.382  -75.975  -3.178 0.3000000119
9575  14.018  -76.028  -2.766 0.4000000060
9578  9.393  -76.506  -2.703 0.6999999881
9589  24.192  -76.331  -3.861 0.3000000119
9602  18.988  -76.275  -4.818 0.4000000060
9604  16.602  -76.065  -4.599 0.4000000060
9605  14.694  -76.537  -4.720 0.4000000060
9615  20.391  -76.809  -5.140 0.4000000060
9619  16.358  -76.883  -5.029 0.4000000060
9622  8.554  -77.120  -5.199 0.6000000238
9623  7.745  -76.344  -5.909 0.6000000238
10221  14.375  -75.778  2.769 0.3000000119
10225  4.218  -75.582  2.726 0.5000000000
10227  2.888  -75.077  2.123 0.5000000000
10244  3.185  -75.662  1.754 0.5000000000
10245  2.773  -75.420  1.331 0.5000000000
10256  6.434  -75.607  0.345 0.5000000000
10291  2.043  -75.460  -0.929 0.5000000000
10303  10.042  -76.010  -1.410 0.6999999881
10304  9.419  -75.930  -2.202 0.6999999881
10316  23.561  -75.862  -3.715 0.3000000119
10322  13.988  -75.338  -3.165 0.4000000060
10335  16.652  -75.083  -4.338 0.5000000000
10338  14.261  -75.423  -3.910 0.4000000060
10349  7.777  -75.846  -5.586 0.6000000238
10359  7.251  -76.144  -6.230 0.5000000000
10956  5.890  -74.107  5.042 0.4000000060
10974  5.900  -74.442  4.222 0.6000000238
10975  5.320  -74.340  4.631 0.6000000238
10977  3.934  -74.135  4.203 0.4000000060
10991  6.380  -74.640  3.410 0.6000000238
10993  4.236  -74.686  3.921 0.5000000000
10994  3.749  -74.482  3.643 0.5000000000
11007  3.334  -74.584  2.923 0.5000000000
11019  2.898  -74.323  2.127 0.5000000000
11065  2.067  -74.554  -1.738 0.6000000238
11072  20.350  -74.561  -2.721 0.3000000119
11073  19.559  -74.219  -2.826 0.3000000119
11074  13.528  -74.610  -2.750 0.5000000000
11077  8.686  -73.816  -2.563 0.6999999881
11087  20.125  -74.729  -3.387 0.3000000119
11093  5.958  -73.719  -4.242 0.6000000238
11101  16.273  -74.221  -4.654 0.4000000060
11103  15.177  -74.408  -4.221 0.5000000000
11106  6.003  -73.867  -4.827 0.6000000238
11107  6.042  -74.368  -4.951 0.5000000000
11115  6.170  -74.608  -5.207 0.5000000000
11727  5.825  -73.496  5.330 0.6000000238
11739  7.105  -73.675  4.762 0.6000000238
11756  3.962  -73.434  4.060 0.4000000060
11769  7.357  -73.347  2.998 0.6999999881
11803  2.561  -73.621  -0.901 0.5000000000
11812  10.782  -73.522  -1.353 0.6000000238
11814  7.083  -72.905  -1.252 0.5000000000
11826  12.707  -73.107  -3.346 0.6000000238
11842  16.570  -73.473  -3.820 0.4000000060
11848  6.220  -72.823  -4.359 0.6000000238
11860  14.715  -73.664  -3.787 0.6000000238
11863  7.526  -73.496  -4.178 0.6999999881
12460  9.152  -72.038  5.430 0.6999999881
12462  6.558  -72.477  5.595 0.6999999881
12472  9.932  -72.222  4.173 0.6000000238
12473  8.593  -72.698  4.296 0.6999999881
12475  4.567  -72.866  4.503 0.4000000060
12495  15.278  -72.341  1.999 0.6999999881
12496  14.370  -72.339  2.117 0.6000000238
12501  9.142  -72.477  2.766 0.6999999881
12508  16.294  -72.235  1.137 0.6999999881
12510  14.754  -72.561  1.442 0.6999999881
12511  13.410  -72.631  1.143 0.6000000238
12513  11.272  -72.617  1.551 0.6000000238
12516  8.390  -72.237  1.929 0.6999999881
12523  14.999  -72.550  0.710 0.6999999881
12524  13.527  -72.488  0.307 0.6000000238
12529  8.885  -72.300  0.939 0.6999999881
12530  8.201  -72.337  0.515 0.6999999881
12536  20.312  -72.563  -0.305 0.3000000119
12538  15.183  -72.159  0.006 0.6999999881
12539  13.645  -71.952  -0.385 0.6999999881
12551  18.550  -72.113  -2.001 0.4000000060
12553  9.728  -72.594  -1.749 0.6000000238
12565  17.554  -72.288  -2.761 0.4000000060
12566  11.743  -72.328  -2.426 0.6999999881
12569  8.155  -70.968  -2.987 0.6999999881
12570  6.644  -71.890  -3.371 0.6000000238
12577  17.725  -73.128  -3.028 0.4000000060
12579  16.398  -72.591  -3.385 0.4000000060
12584  7.404  -71.013  -3.242 0.6999999881
12585  6.910  -71.725  -3.627 0.6000000238
12592  14.198  -72.866  -3.783 0.4000000060
12593  13.320  -72.523  -3.976 0.6000000238
12594  6.416  -72.561  -4.151 0.6999999881
13226  6.812  -71.589  5.707 0.6999999881
13236  11.030  -71.297  4.464 0.6999999881
13240  4.748  -71.973  4.221 0.6000000238
13251  16.193  -71.458  3.198 0.6000000238
13252  15.353  -71.414  3.175 0.6999999881
13253  14.291  -71.345  3.157 0.6999999881
13255  12.534  -71.530  3.459 0.6000000238
13258  4.926  -71.210  4.062 0.6000000238
13270  13.889  -71.890  2.697 0.6999999881
13286  22.140  -71.375  0.796 0.3000000119
13290  16.293  -71.861  0.466 0.6999999881
13293  10.561  -71.651  -0.060 0.6999999881
13294  9.270  -71.576  0.298 0.6999999881
13296  8.111  -71.920  -0.367 0.6000000238
13301  19.550  -72.075  -0.807 0.4000000060
13302  16.171  -71.265  -0.201 0.6999999881
13311  7.740  -71.455  -1.413 0.6000000238
13335  11.377  -70.829  -2.658 0.6000000238
13340  6.876  -71.401  -3.374 0.6000000238
13353  14.271  -71.559  -3.578 0.6999999881
13356  7.317  -70.316  -2.992 0.6999999881
14041  16.919  -70.068  5.378 0.8000000119
14042  10.082  -70.630  5.513 0.6999999881
14043  9.276  -70.611  5.932 0.6999999881
14046  6.668  -70.631  5.360 0.6000000238
14054  17.246  -70.587  4.625 0.6000000238
14056  15.219  -70.286  4.101 0.8000000119
14057  12.596  -70.332  3.787 0.6999999881
14059  10.789  -70.582  4.981 0.6999999881
14060  6.139  -70.493  4.752 0.6000000238
14073  18.315  -70.394  2.943 0.6000000238
14076  13.958  -70.563  3.429 0.6999999881
14079  4.999  -70.677  3.512 0.5000000000
14080  1.355  -70.367  3.125 0.5000000000
14081  0.412  -70.620  3.213 0.5000000000
14088  23.883  -70.296  2.278 0.3000000119
14090  18.457  -70.046  2.116 0.6000000238
14094  1.539  -70.298  2.749 0.6000000238
14095  0.825  -70.703  2.926 0.5000000000
14110  1.163  -70.324  2.242 0.5000000000
14145  22.513  -70.430  -0.599 0.3000000119
14156  8.529  -70.146  -1.579 0.6999999881
14169  22.411  -70.157  -1.602 0.3000000119
14171  20.488  -70.710  -1.997 0.4000000060
14173  15.118  -69.611  -1.352 0.6999999881
14194  20.337  -70.460  -2.833 0.4000000060
14202  7.472  -70.153  -2.847 0.6999999881
14210  20.087  -70.097  -3.306 0.4000000060
14950  17.321  -68.763  6.470 0.6000000238
14959  16.573  -69.297  5.935 0.6999999881
14963  9.731  -69.935  5.563 0.6999999881
14965  7.905  -69.881  5.767 0.6999999881
14977  18.972  -69.497  4.873 0.6000000238
14980  15.292  -69.890  4.800 0.8000000119
14981  12.140  -69.361  4.145 0.6999999881
14987  5.957  -70.071  4.283 0.6000000238
14999  14.388  -69.093  3.709 0.8000000119
15000  13.984  -69.340  3.375 0.8000000119
15002  12.855  -68.556  3.311 0.6999999881
15003  6.174  -69.393  4.007 0.6000000238
15005  1.729  -69.785  3.319 0.6000000238
15007  -0.195  -70.034  3.597 0.5000000000
15019  19.309  -69.175  2.936 0.6000000238
15023  3.231  -68.954  2.123 0.6000000238
15043  -0.582  -70.155  1.577 0.5000000000
15053  26.475  -69.467  0.168 0.3000000119
15056  18.492  -69.189  0.846 0.6999999881
15059  5.287  -68.841  -1.284 0.4000000060
15061  2.206  -69.115  1.142 0.5000000000
15074  25.830  -69.712  -0.546 0.3000000119
15077  16.388  -69.114  -1.014 0.6999999881
15079  11.606  -69.263  -0.994 0.6000000238
15082  9.524  -68.959  -1.587 0.8000000119
15084  -0.980  -68.602  -0.412 0.5000000000
15086  -2.412  -68.885  -1.043 0.5000000000
15098  13.825  -68.244  -1.617 0.6999999881
15102  9.779  -68.087  -1.887 0.8000000119
15104  8.631  -69.526  -2.380 0.6999999881
15105  4.123  -68.793  -1.603 0.6000000238
15109  1.056  -69.313  -1.826 0.5000000000
15110  0.241  -69.269  -1.738 0.5000000000
15112  -2.590  -69.292  -1.782 0.5000000000
15132  -2.016  -69.504  -2.355 0.5000000000
15136  24.583  -69.504  -3.154 0.3000000119
15138  22.198  -69.327  -3.279 0.4000000060
15143  15.036  -68.870  -2.719 0.4000000060
15146  12.761  -68.744  -2.970 0.6999999881
15147  11.966  -68.469  -2.806 0.6000000238
15824  5.995  -68.385  8.094 0.3000000119
15825  5.223  -68.469  8.344 0.3000000119
15835  17.870  -68.201  7.093 0.6000000238
15839  4.749  -68.607  7.844 0.3000000119
15854  4.667  -68.653  6.989 0.3000000119
15865  20.032  -68.537  5.398 0.5000000000
15867  14.886  -68.981  5.638 0.6000000238
15869  9.455  -69.305  5.296 0.6999999881
15870  8.841  -68.915  5.133 0.6999999881
15886  19.537  -69.060  4.906 0.6000000238
15889  10.388  -68.419  4.474 0.6000000238
15891  8.092  -68.540  4.712 0.6000000238
15906  14.045  -68.489  3.419 0.6999999881
15909  11.316  -68.004  3.853 0.6000000238
15913  1.375  -69.087  3.545 0.6000000238
15930  20.246  -68.337  2.788 0.6000000238
15932  19.152  -68.932  2.092 0.6000000238
15933  6.535  -68.348  1.572 0.5000000000
15936  3.085  -68.795  2.734 0.6000000238
15950  6.131  -68.695  0.638 0.5000000000
15951  3.731  -68.198  1.300 0.6000000238
15957  6.393  -67.895  -0.623 0.6000000238
15959  3.457  -67.900  0.231 0.6000000238
15961  1.713  -68.289  0.163 0.6000000238
15968  17.253  -67.535  -1.183 0.6000000238
15970  10.469  -67.936  -1.578 0.8000000119
15972  5.088  -67.928  -1.632 0.6000000238
15974  3.310  -68.216  -0.635 0.6000000238
15977  0.527  -68.303  -0.764 0.5000000000
15985  14.867  -67.614  -1.890 0.6000000238
15987  13.360  -67.436  -1.882 0.6999999881
15990  9.766  -68.169  -2.048 0.8000000119
15991  3.265  -68.812  -1.217 0.6000000238
15994  0.358  -68.741  -1.384 0.5000000000
15995  -0.977  -68.569  -1.372 0.5000000000
16001  24.631  -67.908  -2.915 0.4000000060
16002  20.941  -68.126  -3.086 0.5000000000
16006  15.668  -68.391  -2.621 0.5000000000
16009  12.746  -67.100  -2.205 0.6999999881
16010  11.547  -67.374  -2.326 0.6000000238
16011  10.564  -67.800  -2.126 0.8000000119
16012  25.008  -68.957  -3.163 0.4000000060
16015  22.397  -68.511  -3.473 0.5000000000
16016  21.632  -68.752  -3.486 0.4000000060
16017  20.970  -68.967  -3.427 0.5000000000
16022  12.394  -67.583  -2.513 0.6999999881
16746  6.020  -68.264  7.416 0.4000000060
16757  21.176  -67.683  6.077 0.5000000000
16765  4.769  -68.116  6.072 0.4000000060
16798  14.091  -67.933  4.104 0.6000000238
16799  10.253  -67.594  4.043 0.6000000238
16802  7.771  -67.948  4.058 0.6000000238
16805  3.392  -67.101  4.701 0.4000000060
16820  7.858  -67.380  3.280 0.5000000000
16821  2.863  -68.277  3.040 0.6000000238
16823  1.031  -66.789  2.971 0.5000000000
16833  13.436  -67.110  2.932 0.6000000238
16835  12.419  -66.656  2.712 0.6999999881
16837  7.373  -67.242  1.999 0.5000000000
16839  3.880  -67.049  2.110 0.6000000238
16840  2.787  -67.191  3.005 0.6000000238
16852  20.289  -67.302  0.494 0.6000000238
16856  6.416  -66.872  -1.443 0.6000000238
16857  6.027  -66.204  -0.938 0.6000000238
16858  5.139  -67.073  -1.008 0.6000000238
16863  19.204  -67.164  -0.488 0.6000000238
16867  4.744  -67.719  -1.479 0.6000000238
16883  12.452  -66.778  -2.045 0.6999999881
16884  11.745  -66.865  -2.073 0.6999999881
16890  24.271  -66.884  -2.644 0.4000000060
16891  23.009  -67.112  -3.277 0.4000000060
16895  19.334  -66.616  -2.328 0.5000000000
16897  16.919  -66.100  -2.270 0.5000000000
16898  16.357  -66.709  -2.258 0.5000000000
17660  7.111  -67.297  7.333 0.4000000060
17676  6.869  -66.956  6.374 0.4000000060
17690  5.884  -66.911  5.095 0.4000000060
17705  4.549  -66.372  4.033 0.6000000238
17706  3.645  -66.217  4.065 0.5000000000
17723  11.492  -66.515  2.759 0.6000000238
17724  10.356  -66.058  3.031 0.6000000238
17728  3.903  -65.451  3.341 0.6000000238
17737  21.461  -67.151  2.235 0.5000000000
17738  13.200  -66.650  2.834 0.6999999881
17740  12.057  -66.029  2.462 0.6000000238
17742  9.176  -65.563  2.258 0.5000000000
17744  8.109  -66.578  0.833 0.5000000000
17745  3.466  -65.750  2.493 0.6000000238
17747  1.447  -65.701  2.966 0.6000000238
17751  22.454  -65.871  1.306 0.5000000000
17755  7.819  -66.230  -0.662 0.5000000000
17756  4.643  -65.740  1.067 0.6000000238
17767  7.809  -65.403  -1.095 0.5000000000
17769  6.426  -66.335  -1.324 0.6000000238
17782  20.749  -66.572  -0.210 0.4000000060
17783  19.193  -66.206  -0.884 0.6000000238
17784  18.390  -66.193  -1.661 0.6000000238
17785  5.889  -66.728  -1.605 0.6000000238
17796  21.491  -66.209  -1.613 0.4000000060
17798  19.415  -66.113  -1.518 0.6000000238
17799  17.377  -65.703  -2.073 0.6000000238
17802  22.708  -66.274  -2.797 0.4000000060
18472  1.143  -64.847  11.455 0.4000000060
18487  1.453  -65.568  10.808 0.3000000119
18488  0.615  -65.522  10.805 0.4000000060
18505  3.730  -65.521  9.560 0.3000000119
18544  7.979  -66.034  6.383 0.4000000060
18556  7.698  -65.693  5.480 0.4000000060
18571  12.711  -65.733  3.904 0.6000000238
18574  6.646  -65.628  4.101 0.6000000238
18575  5.758  -65.659  3.724 0.6000000238
18588  13.184  -66.241  3.116 0.5000000000
18594  4.304  -64.833  2.631 0.6000000238
18596  2.125  -65.220  3.417 0.6000000238
18597  1.556  -65.177  3.495 0.6000000238
18613  4.241  -64.545  2.167 0.6000000238
18614  2.849  -65.260  2.987 0.6000000238
18616  1.098  -65.324  3.337 0.5000000000
18627  8.725  -64.837  -0.615 0.5000000000
18628  5.319  -64.692  1.137 0.6000000238
18643  8.660  -64.291  -0.781 0.6000000238
18645  7.618  -65.133  -0.835 0.6000000238
18647  6.013  -65.393  0.074 0.6000000238
18658  22.810  -65.552  -0.664 0.4000000060
18661  23.029  -65.489  -1.581 0.4000000060
19382  4.727  -64.182  8.973 0.3000000119
19383  4.280  -64.282  9.084 0.3000000119
19413  8.980  -64.966  6.574 0.4000000060
19429  8.880  -64.667  5.638 0.4000000060
19446  7.860  -64.671  4.112 0.5000000000
19456  7.458  -64.340  3.141 0.5000000000
19458  5.620  -64.328  2.336 0.6000000238
19468  11.086  -64.308  1.256 0.5000000000
19470  7.058  -64.058  2.368 0.5000000000
19472  5.397  -64.003  1.905 0.6000000238
19483  10.043  -63.783  -0.116 0.5000000000
19484  7.452  -63.933  0.900 0.6000000238
19492  8.710  -63.856  -0.404 0.6000000238
19494  6.019  -64.761  0.628 0.6000000238
20207  8.247  -62.942  10.341 0.4000000060
20219  8.675  -63.806  10.052 0.4000000060
20221  6.779  -63.587  9.884 0.4000000060
20238  4.786  -63.623  8.453 0.3000000119
20254  4.405  -63.133  7.882 0.3000000119
20297  9.383  -62.785  3.567 0.5000000000
20298  8.619  -63.178  3.030 0.6000000238
20307  12.470  -62.461  1.476 0.5000000000
20308  8.289  -62.587  2.023 0.5000000000
20316  10.171  -63.139  -0.101 0.5000000000
20317  8.570  -62.531  1.101 0.5000000000
20321  10.023  -62.087  0.303 0.6000000238
21074  0.797  -63.023  11.561 0.3000000119
21095  7.974  -62.025  10.540 0.4000000060
21098  1.277  -62.449  10.839 0.3000000119
21112  6.514  -62.009  9.738 0.3000000119
21113  5.832  -63.429  9.293 0.3000000119
21115  1.804  -61.966  10.122 0.4000000060
21126  5.705  -62.314  8.891 0.3000000119
21129  2.693  -61.972  7.850 0.3000000119
21144  3.399  -62.095  7.378 0.3000000119
21184  12.872  -61.524  3.750 0.5000000000
21211  12.568  -60.897  1.713 0.6000000238
21212  10.742  -60.906  2.220 0.6000000238
21226  9.069  -62.595  0.493 0.5000000000
22020  8.542  -61.316  10.606 0.4000000060
22033  1.374  -61.222  9.559 0.4000000060
22042  2.014  -61.509  8.085 0.4000000060
22055  4.331  -62.027  6.682 0.3000000119
22074  5.211  -61.383  6.339 0.3000000119
22075  4.047  -61.536  5.981 0.3000000119
22076  3.605  -61.360  6.024 0.3000000119
22118  12.271  -60.831  2.782 0.5000000000
22119  11.665  -60.643  2.982 0.4000000060
22129  10.335  -60.889  1.359 0.6000000238
22140  11.003  -60.667  1.057 0.6000000238
22888  8.567  -60.367  10.662 0.4000000060
22902  6.986  -60.078  10.036 0.4000000060
22903  6.617  -60.632  9.593 0.4000000060
22911  6.393  -60.459  8.715 0.4000000060
22912  1.542  -60.714  7.680 0.4000000060
22913  1.127  -60.210  8.293 0.3000000119
22922  5.897  -61.024  6.831 0.4000000060
22935  5.943  -60.486  4.818 0.3000000119
22937  3.535  -60.663  6.009 0.4000000060
22951  5.268  -60.325  4.724 0.3000000119
22952  4.559  -60.532  5.274 0.5000000000
23799  7.505  -59.647  10.191 0.4000000060
23807  6.700  -60.036  9.320 0.4000000060
23808  1.078  -59.798  9.169 0.3000000119
23822  6.406  -60.233  7.656 0.4000000060
23824  2.195  -59.589  7.312 0.3000000119
23835  6.473  -60.476  5.527 0.3000000119
23836  4.209  -59.613  5.624 0.3000000119
23838  2.817  -60.059  6.619 0.4000000060
23851  7.915  -59.278  3.890 0.3000000119
23854  5.200  -59.739  4.333 0.3000000119
23871  6.921  -59.066  3.488 0.3000000119
23872  5.646  -59.928  4.073 0.3000000119
24781  8.003  -58.190  7.876 0.3000000119
24782  7.577  -59.002  7.372 0.4000000060
24799  5.078  -58.706  5.369 0.3000000119
24801  3.797  -59.112  6.558 0.3000000119
24812  9.177  -58.569  4.870 0.3000000119
24816  5.324  -59.060  4.509 0.3000000119
24832  8.388  -58.749  3.289 0.3000000119
24834  6.478  -58.751  3.717 0.3000000119
24849  8.840  -58.243  3.045 0.3000000119
24850  8.064  -58.254  3.069 0.3000000119
25757  9.618  -57.822  5.665 0.3000000119
25758  5.943  -57.522  5.669 0.3000000119
25771  7.076  -57.951  4.017 0.3000000119
25772  6.271  -58.076  4.586 0.3000000119
25785  9.644  -58.173  3.083 0.3000000119
25797  9.342  -57.621  2.880 0.3000000119
26734  10.537  -56.439  8.739 0.3000000119
26735  9.807  -56.737  8.321 0.3000000119
26748  10.532  -56.537  7.673 0.3000000119
26764  5.603  -56.939  6.681 0.3000000119
26791  10.959  -57.275  3.041 0.3000000119
26793  8.638  -57.140  3.197 0.3000000119
26802  12.505  -56.553  3.075 0.3000000119
26804  10.580  -56.794  2.419 0.3000000119
27817  7.131  -55.376  6.228 0.3000000119
27843  10.344  -55.537  2.895 0.3000000119
27855  11.023  -55.925  2.097 0.3000000119
28820  7.497  -54.571  6.494 0.3000000119
28849  10.532  -54.684  3.761 0.3000000119
133248  14.760  -76.668  0.735 0.3000000119
133622  7.282  -62.698  10.204 0.4000000060
133742  18.040  -80.418  -5.442 0.4000000060
133788  24.034  -70.385  -1.080 0.3000000119
135038  17.581  -78.161  -5.436 0.4000000060
136009  13.586  -67.285  3.847 0.5000000000
136413  17.213  -79.050  -5.554 0.3000000119
136630  4.734  -67.624  5.282 0.4000000060
138409  18.651  -77.886  -5.384 0.4000000060
138428  22.567  -76.637  -4.375 0.3000000119
138823  13.719  -70.900  -3.497 0.6000000238
139238  1.101  -65.270  3.603 0.5000000000
139253  7.221  -72.284  5.831 0.6999999881
139447  19.451  -68.383  1.622 0.6000000238
139509  25.463  -70.182  -2.388 0.3000000119
140719  6.465  -74.856  2.136 0.6000000238
140859  6.795  -75.256  -5.739 0.5000000000
140933  16.017  -79.332  -2.045 0.3000000119
140977  10.108  -72.468  3.408 0.6000000238
141176  8.807  -71.446  5.986 0.6999999881
141213  11.361  -54.445  3.213 0.3000000119
141297  12.284  -64.742  2.662 0.5000000000
141688  16.859  -71.667  0.912 0.6999999881
142011  23.935  -66.092  -2.179 0.5000000000
142247  5.089  -65.401  9.326 0.3000000119
143278  13.383  -76.636  1.625 0.3000000119
143436  12.224  -78.827  0.945 0.3000000119
143543  17.048  -69.959  -2.660 0.4000000060
143798  12.411  -78.223  1.232 0.3000000119
143868  17.868  -83.809  -3.757 0.5000000000
144221  20.235  -75.672  -4.489 0.3000000119
144402  16.018  -74.518  -4.634 0.4000000060
144454  6.991  -74.130  0.045 0.5000000000
145226  20.847  -66.313  -1.008 0.6000000238
146447  13.946  -72.200  -3.850 0.4000000060
146794  12.357  -67.986  3.412 0.6000000238
146899  12.652  -77.151  3.308 0.3000000119
148040  18.511  -70.080  -3.243 0.4000000060
148155  9.197  -57.203  7.865 0.3000000119
148267  12.797  -66.962  -1.826 0.8000000119
148376  14.325  -74.152  -3.762 0.5000000000
148454  8.684  -58.990  4.092 0.3000000119
148703  18.380  -70.370  3.882 0.6000000238
149705  16.657  -71.234  0.321 0.6999999881
149809  12.499  -70.911  -3.521 0.6999999881
149893  6.485  -65.924  -0.880 0.6000000238
149940  9.675  -71.336  5.567 0.6999999881
149998  9.163  -66.529  3.521 0.6000000238
150668  22.022  -77.100  -4.679 0.3000000119
150697  14.000  -78.966  2.429 0.3000000119
150764  13.142  -70.400  -1.227 0.6999999881
150824  3.869  -63.255  8.273 0.3000000119
151161  11.463  -70.435  -0.597 0.6999999881
151181  11.984  -72.505  1.715 0.6000000238
151300  6.894  -75.703  -6.100 0.5000000000
151526  25.600  -76.948  0.219 0.3000000119
151731  11.636  -69.401  -2.860 0.6999999881
151796  26.221  -77.257  2.592 0.3000000119
152419  16.921  -65.787  -2.107 0.6000000238
152488  17.245  -65.600  -2.106 0.6000000238
152557  12.238  -79.153  1.159 0.3000000119
152861  17.540  -67.089  -2.518 0.5000000000
153131  6.624  -74.645  2.813 0.6000000238
153349  14.375  -80.492  -6.309 0.4000000060
153538  3.298  -61.460  6.810 0.4000000060
153540  14.108  -78.198  -0.730 0.3000000119
153939  1.704  -75.338  -1.697 0.6000000238
154413  0.398  -68.735  0.436 0.5000000000
154772  16.246  -66.725  -2.127 0.6000000238
154858  13.651  -71.219  -0.931 0.6999999881
155161  18.387  -66.285  -2.221 0.5000000000
155284  7.040  -72.938  5.682 0.6999999881
155645  17.854  -70.595  1.155 0.6999999881
155787  6.648  -74.869  -0.350 0.5000000000
156000  -0.331  -68.752  -1.488 0.5000000000
156052  18.554  -74.631  -3.620 0.3000000119
156159  18.396  -69.925  5.339 0.6999999881
156232  13.483  -80.026  -1.450 0.3000000119
156329  7.332  -73.091  2.301 0.6999999881
156348  7.316  -75.372  -5.647 0.5000000000
156979  12.572  -71.032  3.740 0.6999999881
157401  19.443  -67.648  7.451 0.6000000238
158044  11.395  -75.030  -0.854 0.5000000000
158081  14.934  -74.977  -4.432 0.5000000000
158354  14.927  -83.242  -6.181 0.4000000060
158672  18.054  -74.953  -3.836 0.3000000119
159007  16.229  -77.378  -0.748 0.3000000119
159266  16.258  -69.408  -2.644 0.4000000060
159328  19.860  -68.973  4.036 0.6000000238
159537  22.232  -69.677  -3.030 0.4000000060
159769  18.310  -69.382  5.953 0.8000000119
159782  12.407  -72.636  -3.224 0.6000000238
160298  12.067  -65.290  2.472 0.6000000238
160626  7.284  -71.824  -3.606 0.6999999881
161003  2.740  -65.186  3.102 0.6000000238
161195  11.858  -61.300  0.443 0.5000000000
161680  6.324  -59.205  3.640 0.3000000119
161790  8.268  -68.017  4.389 0.6000000238
161889  13.235  -82.359  -6.254 0.4000000060
