#!ascii label  , from subject sub-v1s6x0051321_ses-1 vox2ras=TkReg
1348
119157  -43.124  -20.437  57.661 0.0000000000
66809  -54.540  -10.308  55.934 0.0000000000
115548  -49.405  -14.895  55.546 0.0000000000
42985  -17.260  -33.883  75.366 0.0000000000
57732  -39.262  -17.791  61.823 0.0000000000
45989  -31.812  -30.640  73.567 0.0000000000
113513  -40.727  -29.207  72.867 0.0000000000
53990  -42.919  -22.685  68.116 0.0000000000
57680  -43.022  -18.548  67.112 0.0000000000
47045  -23.021  -29.586  69.353 0.0000000000
127505  -27.143  -29.293  73.835 0.0000000000
48071  -26.897  -28.928  69.423 0.0000000000
47094  -36.346  -29.747  67.525 0.0000000000
49950  -40.543  -26.637  68.521 0.0000000000
58794  -45.725  -18.302  64.076 0.0000000000
59863  -48.944  -16.381  60.451 0.0000000000
65817  -50.452  -11.478  55.714 0.0000000000
57845  -46.917  -18.232  55.216 0.0000000000
67753  -54.011  -8.815  50.133 0.0000000000
128187  -13.286  -35.254  77.553 0.0000000000
109262  -42.502  -15.712  65.450 0.0000000000
58847  -41.454  -17.955  59.850 0.0000000000
46089  -31.933  -30.629  68.837 0.0000000000
46007  -37.210  -31.006  72.666 0.0000000000
56810  -50.408  -19.589  59.655 0.0000000000
65910  -61.387  -11.374  48.535 0.0000000000
51990  -41.239  -24.194  65.657 0.0000000000
54036  -42.716  -22.318  64.759 0.0000000000
48069  -25.293  -28.760  69.211 0.0000000000
49037  -38.575  -27.585  65.298 0.0000000000
113691  -39.781  -25.794  65.529 0.0000000000
51949  -41.669  -24.529  68.088 0.0000000000
110329  -44.812  -19.270  60.957 0.0000000000
58805  -47.012  -17.424  62.368 0.0000000000
124568  -46.305  -19.355  59.337 0.0000000000
65819  -51.774  -10.940  56.566 0.0000000000
64834  -51.985  -11.334  58.878 0.0000000000
66811  -56.174  -9.582  55.541 0.0000000000
43022  -14.417  -33.437  73.517 0.0000000000
41996  -14.715  -34.382  75.717 0.0000000000
57701  -41.161  -18.138  64.281 0.0000000000
58762  -41.780  -16.885  66.098 0.0000000000
59819  -40.610  -16.361  63.585 0.0000000000
59833  -41.556  -16.245  62.383 0.0000000000
59845  -39.589  -16.710  61.366 0.0000000000
46989  -29.268  -29.668  73.458 0.0000000000
46944  -29.702  -29.747  77.049 0.0000000000
45957  -31.827  -30.519  75.679 0.0000000000
129888  -34.840  -31.311  76.169 0.0000000000
47092  -29.333  -30.036  67.010 0.0000000000
46130  -31.765  -30.469  66.308 0.0000000000
47033  -39.531  -29.351  70.195 0.0000000000
46073  -36.974  -30.506  70.030 0.0000000000
46009  -39.423  -30.766  72.611 0.0000000000
45030  -39.331  -31.683  75.076 0.0000000000
43058  -20.933  -33.695  71.567 0.0000000000
44032  -22.621  -32.629  74.043 0.0000000000
42951  -22.796  -33.838  77.695 0.0000000000
59924  -47.729  -16.792  54.731 0.0000000000
58880  -49.138  -17.894  57.016 0.0000000000
59896  -50.555  -16.990  56.904 0.0000000000
64951  -63.706  -11.924  47.438 0.0000000000
41109  -17.707  -35.105  78.768 0.0000000000
54841  -43.603  -21.376  70.838 0.0000000000
56686  -44.023  -19.740  69.915 0.0000000000
54876  -43.601  -20.895  67.096 0.0000000000
55830  -42.437  -20.708  64.361 0.0000000000
111915  -22.887  -29.897  71.441 0.0000000000
48003  -24.303  -29.376  73.997 0.0000000000
117027  -24.870  -29.462  71.912 0.0000000000
112253  -27.129  -29.049  71.202 0.0000000000
124107  -29.744  -29.895  71.683 0.0000000000
46155  -34.325  -29.915  66.028 0.0000000000
48131  -36.603  -28.920  65.434 0.0000000000
48095  -39.158  -28.714  68.205 0.0000000000
48057  -40.732  -28.049  70.486 0.0000000000
120546  -41.521  -25.354  70.308 0.0000000000
52935  -42.556  -23.559  71.024 0.0000000000
45094  -22.512  -31.418  68.770 0.0000000000
59780  -46.812  -16.578  66.249 0.0000000000
109759  -50.459  -14.616  67.341 0.0000000000
60811  -49.220  -15.429  64.007 0.0000000000
60827  -50.571  -15.681  62.703 0.0000000000
62852  -49.423  -12.841  55.562 0.0000000000
60887  -51.612  -15.580  57.363 0.0000000000
61839  -51.838  -13.970  58.068 0.0000000000
37695  -10.289  -39.412  78.956 0.0000000000
56857  -45.583  -19.813  56.768 0.0000000000
124144  -45.514  -16.149  53.307 0.0000000000
62873  -47.510  -13.166  53.430 0.0000000000
64904  -48.703  -12.069  53.574 0.0000000000
64906  -50.967  -11.684  52.889 0.0000000000
65867  -52.822  -11.060  52.490 0.0000000000
108669  -54.232  -10.169  52.148 0.0000000000
67752  -52.196  -9.042  50.012 0.0000000000
41095  -15.389  -35.233  79.731 0.0000000000
41069  -13.147  -36.198  81.102 0.0000000000
120176  -11.300  -37.215  80.299 0.0000000000
61704  -46.715  -14.630  70.496 0.0000000000
58725  -43.888  -17.350  69.448 0.0000000000
60733  -43.544  -15.864  68.408 0.0000000000
60743  -44.949  -15.706  67.490 0.0000000000
59808  -43.735  -16.514  64.380 0.0000000000
58815  -43.607  -18.145  61.241 0.0000000000
57791  -42.201  -19.337  59.099 0.0000000000
110484  -26.482  -29.025  77.258 0.0000000000
47068  -29.475  -30.001  68.636 0.0000000000
123909  -31.958  -30.655  71.111 0.0000000000
46090  -34.325  -30.535  68.326 0.0000000000
123912  -34.687  -30.815  70.710 0.0000000000
123957  -34.635  -30.972  73.053 0.0000000000
45015  -36.840  -31.908  75.146 0.0000000000
43024  -16.575  -33.325  73.170 0.0000000000
43040  -19.373  -33.788  72.399 0.0000000000
41998  -19.297  -35.025  75.278 0.0000000000
57793  -47.693  -18.522  58.309 0.0000000000
57754  -49.362  -18.359  59.959 0.0000000000
54923  -51.719  -21.093  61.748 0.0000000000
57798  -52.247  -18.114  59.143 0.0000000000
66835  -56.424  -9.581  52.049 0.0000000000
68647  -58.226  -8.860  51.721 0.0000000000
68664  -59.942  -8.747  51.481 0.0000000000
65895  -59.358  -10.561  48.842 0.0000000000
66862  -62.174  -9.796  50.863 0.0000000000
52007  -40.788  -24.353  64.629 0.0000000000
53043  -41.274  -23.905  64.095 0.0000000000
52038  -40.349  -24.300  62.837 0.0000000000
50010  -38.939  -26.210  64.769 0.0000000000
52006  -40.018  -24.847  64.498 0.0000000000
51989  -40.568  -24.684  65.313 0.0000000000
56807  -43.906  -19.811  59.268 0.0000000000
56790  -45.187  -19.582  60.205 0.0000000000
56823  -44.421  -20.073  58.574 0.0000000000
65821  -53.231  -10.701  55.990 0.0000000000
66791  -52.650  -10.391  57.611 0.0000000000
66792  -53.451  -9.960  57.652 0.0000000000
66793  -54.430  -9.654  57.658 0.0000000000
66810  -55.322  -9.911  55.719 0.0000000000
43004  -15.760  -33.708  74.322 0.0000000000
118284  -15.155  -33.951  74.986 0.0000000000
42983  -15.678  -34.112  75.702 0.0000000000
57709  -40.618  -18.437  63.140 0.0000000000
57700  -40.667  -17.596  63.807 0.0000000000
58790  -40.140  -16.798  62.952 0.0000000000
59832  -40.452  -16.455  62.773 0.0000000000
58813  -39.136  -17.041  61.700 0.0000000000
44994  -22.742  -31.190  76.057 0.0000000000
45988  -30.674  -30.235  73.380 0.0000000000
46962  -31.108  -30.279  75.363 0.0000000000
113057  -32.428  -30.721  74.933 0.0000000000
45959  -33.598  -30.870  76.118 0.0000000000
45973  -32.938  -30.862  74.212 0.0000000000
47019  -40.264  -29.504  71.734 0.0000000000
47017  -38.902  -30.329  71.079 0.0000000000
123652  -40.453  -29.705  72.515 0.0000000000
45995  -40.403  -30.484  73.877 0.0000000000
45987  -22.615  -30.776  73.293 0.0000000000
45023  -22.668  -31.862  74.388 0.0000000000
115635  -22.638  -32.040  75.821 0.0000000000
62690  -49.167  -14.016  70.460 0.0000000000
59940  -48.286  -16.061  54.758 0.0000000000
123682  -49.118  -16.975  55.675 0.0000000000
60906  -49.814  -15.705  55.975 0.0000000000
53984  -43.321  -21.900  69.174 0.0000000000
54854  -43.587  -21.270  68.534 0.0000000000
54000  -43.244  -22.150  67.670 0.0000000000
54898  -42.672  -21.518  64.523 0.0000000000
114374  -41.982  -21.322  63.099 0.0000000000
56770  -41.381  -19.912  63.102 0.0000000000
130995  -23.126  -29.744  70.106 0.0000000000
126228  -23.173  -29.773  71.508 0.0000000000
48048  -23.728  -29.404  70.160 0.0000000000
48070  -26.212  -28.771  69.286 0.0000000000
109550  -25.944  -28.900  70.032 0.0000000000
48052  -27.248  -29.055  70.299 0.0000000000
123373  -28.291  -29.454  71.355 0.0000000000
47028  -28.457  -29.568  70.718 0.0000000000
47148  -35.284  -29.153  64.628 0.0000000000
49019  -39.731  -27.285  66.337 0.0000000000
48121  -38.631  -28.473  66.845 0.0000000000
48988  -39.793  -28.028  67.745 0.0000000000
48973  -39.917  -28.222  68.783 0.0000000000
48974  -40.451  -27.446  69.139 0.0000000000
49926  -41.056  -26.672  70.245 0.0000000000
50939  -40.865  -25.753  69.088 0.0000000000
52967  -42.189  -23.942  68.371 0.0000000000
52941  -42.178  -24.306  69.762 0.0000000000
52954  -42.627  -23.131  69.332 0.0000000000
53976  -43.220  -22.275  70.734 0.0000000000
46086  -22.808  -30.330  68.699 0.0000000000
58782  -45.798  -17.771  64.719 0.0000000000
59797  -47.761  -16.152  65.129 0.0000000000
58783  -47.063  -17.133  64.112 0.0000000000
59850  -48.254  -16.568  60.645 0.0000000000
123190  -48.633  -15.931  61.955 0.0000000000
60836  -49.898  -15.847  61.456 0.0000000000
58807  -50.677  -16.770  62.633 0.0000000000
58818  -49.945  -17.209  61.207 0.0000000000
64856  -50.109  -11.820  56.140 0.0000000000
62825  -50.537  -13.452  57.223 0.0000000000
63800  -50.918  -11.879  57.818 0.0000000000
62787  -53.852  -12.904  60.669 0.0000000000
64891  -48.391  -12.428  53.703 0.0000000000
64922  -47.673  -12.341  51.786 0.0000000000
65876  -49.851  -11.422  51.274 0.0000000000
65877  -50.698  -11.221  51.463 0.0000000000
65866  -51.931  -11.387  52.473 0.0000000000
65878  -51.583  -10.881  51.492 0.0000000000
66843  -52.942  -9.752  51.070 0.0000000000
41994  -13.142  -34.700  75.643 0.0000000000
41124  -12.068  -35.729  78.010 0.0000000000
41083  -17.881  -36.240  80.503 0.0000000000
41941  -16.622  -34.936  79.357 0.0000000000
41074  -16.665  -36.200  81.649 0.0000000000
39522  -14.552  -37.019  81.621 0.0000000000
39542  -13.542  -37.239  80.600 0.0000000000
39540  -12.170  -36.755  80.552 0.0000000000
38625  -12.933  -37.817  79.981 0.0000000000
38652  -11.759  -38.776  78.932 0.0000000000
122723  -43.794  -19.037  68.663 0.0000000000
113645  -44.082  -18.256  69.798 0.0000000000
58753  -43.125  -17.956  68.007 0.0000000000
60773  -41.894  -15.923  66.137 0.0000000000
59763  -42.622  -16.268  67.361 0.0000000000
60757  -43.046  -15.581  67.029 0.0000000000
61746  -44.408  -15.579  67.901 0.0000000000
108777  -43.670  -15.563  66.797 0.0000000000
60777  -44.940  -16.332  66.265 0.0000000000
60793  -43.093  -15.855  64.821 0.0000000000
59862  -41.817  -16.894  61.040 0.0000000000
59848  -42.160  -16.728  61.734 0.0000000000
130235  -42.272  -17.526  60.703 0.0000000000
57749  -42.868  -18.568  60.010 0.0000000000
110766  -41.601  -18.737  59.412 0.0000000000
110184  -25.770  -29.305  73.997 0.0000000000
47991  -25.451  -29.277  74.778 0.0000000000
47977  -26.674  -29.374  75.217 0.0000000000
46109  -30.812  -30.459  67.524 0.0000000000
109268  -29.130  -29.991  67.845 0.0000000000
108633  -31.145  -30.502  69.084 0.0000000000
46066  -30.939  -30.447  69.940 0.0000000000
46067  -31.871  -30.591  69.723 0.0000000000
47093  -35.624  -29.796  67.133 0.0000000000
46112  -34.515  -30.326  67.461 0.0000000000
46113  -35.624  -30.151  67.965 0.0000000000
46025  -36.756  -30.922  71.380 0.0000000000
46047  -35.336  -30.771  70.302 0.0000000000
46024  -35.328  -30.913  71.287 0.0000000000
115763  -34.771  -30.959  72.218 0.0000000000
110137  -35.397  -30.958  72.990 0.0000000000
108957  -35.961  -30.980  73.876 0.0000000000
45992  -36.811  -31.069  73.444 0.0000000000
51876  -41.851  -25.208  73.181 0.0000000000
110198  -20.081  -33.746  71.709 0.0000000000
42038  -20.303  -34.612  73.509 0.0000000000
43007  -19.219  -34.357  73.832 0.0000000000
41953  -23.030  -34.758  78.303 0.0000000000
57827  -46.016  -19.388  55.917 0.0000000000
126604  -46.938  -19.318  57.273 0.0000000000
109031  -47.248  -18.961  56.604 0.0000000000
57777  -50.069  -18.944  58.869 0.0000000000
57795  -49.393  -18.375  58.204 0.0000000000
56792  -49.743  -19.239  59.698 0.0000000000
56782  -49.947  -19.715  61.454 0.0000000000
55870  -51.316  -20.587  60.628 0.0000000000
60869  -52.531  -15.785  58.259 0.0000000000
59886  -52.375  -16.771  58.366 0.0000000000
58852  -52.916  -18.124  59.526 0.0000000000
66845  -54.772  -9.571  51.569 0.0000000000
128315  -55.948  -9.851  52.710 0.0000000000
109232  -55.242  -9.103  51.081 0.0000000000
67755  -56.758  -8.890  50.505 0.0000000000
67756  -57.589  -8.829  50.684 0.0000000000
131557  -58.588  -8.787  51.222 0.0000000000
67775  -58.718  -9.067  50.100 0.0000000000
64940  -59.841  -11.174  47.814 0.0000000000
65908  -59.042  -10.882  48.135 0.0000000000
130939  -59.684  -11.049  48.330 0.0000000000
120240  -60.794  -9.971  49.897 0.0000000000
65896  -61.100  -10.681  49.241 0.0000000000
65898  -63.012  -10.910  49.838 0.0000000000
64952  -63.833  -12.295  47.941 0.0000000000
52994  -42.435  -23.398  66.859 0.0000000000
54011  -42.936  -22.608  66.409 0.0000000000
53026  -42.503  -23.032  65.011 0.0000000000
54035  -42.145  -22.834  63.574 0.0000000000
48067  -23.670  -29.097  69.353 0.0000000000
49054  -38.207  -27.235  64.677 0.0000000000
49976  -39.732  -26.529  65.817 0.0000000000
50953  -40.282  -26.118  66.888 0.0000000000
113966  -40.804  -25.704  68.159 0.0000000000
51974  -40.908  -24.974  66.759 0.0000000000
51975  -41.319  -24.293  66.491 0.0000000000
111036  -44.758  -18.757  62.374 0.0000000000
58795  -46.409  -18.073  63.341 0.0000000000
57735  -46.169  -18.703  61.552 0.0000000000
58830  -46.840  -17.905  60.840 0.0000000000
57753  -47.053  -17.873  59.919 0.0000000000
130674  -51.199  -11.131  56.317 0.0000000000
64832  -50.951  -11.168  57.599 0.0000000000
129330  -51.633  -10.741  57.848 0.0000000000
65773  -52.742  -10.365  59.434 0.0000000000
67705  -57.071  -9.059  55.386 0.0000000000
41995  -13.841  -34.416  75.434 0.0000000000
124242  -13.992  -34.936  76.976 0.0000000000
57692  -42.161  -18.734  65.517 0.0000000000
58763  -42.371  -17.637  66.570 0.0000000000
58772  -41.400  -17.110  65.333 0.0000000000
58771  -40.974  -16.421  64.821 0.0000000000
60791  -41.271  -15.867  64.388 0.0000000000
60809  -41.986  -15.868  63.820 0.0000000000
60822  -40.766  -16.002  63.238 0.0000000000
123876  -40.335  -16.512  61.293 0.0000000000
59860  -40.076  -16.833  60.626 0.0000000000
46973  -28.719  -29.522  74.251 0.0000000000
47979  -28.293  -29.419  74.917 0.0000000000
112832  -29.882  -29.793  74.944 0.0000000000
111883  -31.174  -30.271  76.344 0.0000000000
45944  -34.421  -31.357  76.718 0.0000000000
46129  -30.818  -30.385  66.516 0.0000000000
46110  -32.131  -30.522  68.045 0.0000000000
47071  -38.192  -29.495  69.070 0.0000000000
47049  -36.721  -30.228  69.171 0.0000000000
47031  -37.838  -30.228  70.209 0.0000000000
46027  -38.237  -30.770  71.542 0.0000000000
131121  -37.910  -30.988  72.214 0.0000000000
45041  -38.083  -31.498  73.705 0.0000000000
45993  -38.839  -31.297  73.084 0.0000000000
119050  -21.467  -32.793  69.798 0.0000000000
44062  -22.266  -32.934  71.689 0.0000000000
43008  -21.999  -34.136  73.988 0.0000000000
42001  -22.337  -34.510  75.770 0.0000000000
42988  -22.598  -32.976  75.607 0.0000000000
58924  -47.101  -17.368  54.741 0.0000000000
58893  -48.244  -18.136  55.949 0.0000000000
58911  -48.680  -17.568  55.767 0.0000000000
58895  -49.811  -17.551  56.958 0.0000000000
119509  -50.678  -18.670  58.558 0.0000000000
67771  -53.962  -8.884  49.053 0.0000000000
109477  -54.822  -8.820  49.725 0.0000000000
127459  -54.558  -8.889  48.608 0.0000000000
64949  -60.528  -11.313  47.130 0.0000000000
64942  -61.804  -11.670  47.812 0.0000000000
64963  -62.171  -11.617  46.186 0.0000000000
115253  -63.128  -11.688  45.831 0.0000000000
41979  -18.274  -34.595  76.338 0.0000000000
41965  -17.405  -34.360  77.592 0.0000000000
55768  -44.219  -20.072  71.878 0.0000000000
55773  -43.868  -20.513  70.432 0.0000000000
55778  -43.784  -20.509  68.747 0.0000000000
56732  -43.481  -20.176  66.948 0.0000000000
54875  -43.154  -21.845  66.049 0.0000000000
55822  -42.850  -20.885  65.092 0.0000000000
56738  -42.626  -19.443  65.621 0.0000000000
115524  -41.691  -19.688  63.700 0.0000000000
56753  -40.863  -19.336  62.934 0.0000000000
47000  -22.664  -30.106  72.880 0.0000000000
46972  -23.219  -29.826  74.633 0.0000000000
48016  -23.496  -29.626  72.874 0.0000000000
48017  -24.298  -29.473  72.621 0.0000000000
48018  -25.772  -29.297  72.254 0.0000000000
48049  -24.362  -28.969  69.768 0.0000000000
48030  -25.572  -29.284  71.535 0.0000000000
48020  -27.329  -29.167  72.564 0.0000000000
47002  -28.089  -29.206  72.654 0.0000000000
129316  -29.460  -29.736  72.728 0.0000000000
46004  -30.613  -30.258  72.529 0.0000000000
47134  -35.663  -29.335  65.454 0.0000000000
47117  -36.345  -29.517  66.732 0.0000000000
48132  -37.528  -28.547  65.510 0.0000000000
48120  -37.813  -28.879  66.986 0.0000000000
48093  -37.685  -29.265  67.746 0.0000000000
124303  -38.691  -28.968  68.871 0.0000000000
48056  -40.202  -28.745  70.328 0.0000000000
48937  -40.978  -27.972  72.034 0.0000000000
125596  -40.937  -27.669  72.923 0.0000000000
49915  -41.093  -27.026  71.514 0.0000000000
49916  -41.355  -26.145  71.327 0.0000000000
51902  -41.900  -24.861  71.676 0.0000000000
50927  -41.438  -25.115  69.550 0.0000000000
117160  -41.827  -24.696  70.929 0.0000000000
51903  -42.222  -24.216  71.413 0.0000000000
53953  -43.170  -22.791  72.261 0.0000000000
117379  -22.591  -31.791  70.475 0.0000000000
60746  -47.815  -15.461  67.483 0.0000000000
60761  -48.430  -15.474  66.688 0.0000000000
60780  -49.596  -15.069  65.494 0.0000000000
61783  -50.658  -15.082  64.400 0.0000000000
113914  -47.732  -16.622  62.659 0.0000000000
60812  -49.931  -15.072  63.076 0.0000000000
61882  -49.368  -13.814  55.528 0.0000000000
60907  -50.372  -15.376  56.473 0.0000000000
61871  -50.332  -14.340  56.709 0.0000000000
61858  -52.186  -14.966  57.911 0.0000000000
60870  -53.094  -15.442  58.942 0.0000000000
63801  -52.021  -12.340  58.861 0.0000000000
60856  -53.582  -14.933  59.713 0.0000000000
56854  -42.809  -20.472  56.091 0.0000000000
56856  -44.613  -20.196  56.813 0.0000000000
56877  -43.529  -20.053  55.525 0.0000000000
57843  -44.894  -19.348  54.904 0.0000000000
57865  -45.431  -18.654  54.482 0.0000000000
128676  -46.535  -17.787  54.625 0.0000000000
125546  -47.052  -16.652  54.362 0.0000000000
59939  -47.440  -15.996  54.321 0.0000000000
61894  -47.559  -14.320  54.197 0.0000000000
62851  -48.197  -13.731  54.552 0.0000000000
62850  -48.336  -12.897  54.452 0.0000000000
63840  -48.606  -12.349  54.393 0.0000000000
64892  -49.517  -11.587  54.714 0.0000000000
64924  -49.313  -11.915  51.975 0.0000000000
64914  -49.499  -11.938  52.759 0.0000000000
65844  -49.968  -11.382  54.304 0.0000000000
126191  -51.227  -11.273  54.228 0.0000000000
65847  -52.855  -11.195  54.251 0.0000000000
65848  -53.648  -10.969  54.348 0.0000000000
65849  -54.455  -10.749  54.343 0.0000000000
131195  -53.872  -10.587  52.499 0.0000000000
66844  -53.911  -9.647  51.328 0.0000000000
110793  -53.026  -8.872  49.987 0.0000000000
112782  -52.831  -8.891  49.139 0.0000000000
42949  -16.117  -34.350  77.134 0.0000000000
41963  -14.750  -34.903  77.575 0.0000000000
41948  -14.392  -35.083  78.393 0.0000000000
40312  -15.409  -36.477  81.957 0.0000000000
41079  -14.417  -35.860  80.922 0.0000000000
41108  -13.097  -35.702  79.290 0.0000000000
41092  -12.128  -35.794  79.749 0.0000000000
41077  -11.158  -35.979  80.478 0.0000000000
39539  -10.517  -36.810  80.355 0.0000000000
38641  -10.986  -38.669  79.455 0.0000000000
61720  -47.401  -14.455  69.978 0.0000000000
58706  -44.255  -16.675  70.210 0.0000000000
58738  -43.066  -16.796  68.151 0.0000000000
128782  -43.196  -16.239  68.497 0.0000000000
61717  -44.855  -15.433  69.356 0.0000000000
61731  -46.059  -15.173  69.020 0.0000000000
61748  -46.435  -15.395  68.339 0.0000000000
60759  -46.452  -16.146  66.918 0.0000000000
59795  -45.426  -17.232  65.919 0.0000000000
58781  -45.019  -17.892  64.521 0.0000000000
59820  -42.726  -16.388  63.259 0.0000000000
59835  -43.434  -17.061  62.744 0.0000000000
58804  -44.567  -18.323  62.923 0.0000000000
125109  -44.427  -18.817  61.626 0.0000000000
57772  -43.389  -19.293  59.776 0.0000000000
56821  -42.696  -19.968  58.403 0.0000000000
123399  -38.498  -17.307  60.587 0.0000000000
131109  -38.734  -17.081  60.211 0.0000000000
58846  -39.064  -17.501  59.561 0.0000000000
58862  -39.491  -18.117  58.954 0.0000000000
57789  -40.322  -18.946  58.761 0.0000000000
56819  -40.919  -19.801  58.226 0.0000000000
56834  -41.577  -20.372  57.482 0.0000000000
56835  -42.452  -20.601  56.922 0.0000000000
47964  -28.402  -29.422  76.547 0.0000000000
119811  -26.970  -28.767  68.173 0.0000000000
120645  -28.532  -29.790  68.311 0.0000000000
109407  -28.588  -29.745  69.143 0.0000000000
47030  -30.091  -30.139  70.181 0.0000000000
46020  -31.314  -30.520  71.338 0.0000000000
118156  -31.949  -30.687  71.895 0.0000000000
46154  -33.525  -30.271  66.083 0.0000000000
46131  -33.203  -30.556  66.915 0.0000000000
109169  -33.451  -30.581  68.467 0.0000000000
46071  -35.228  -30.629  69.421 0.0000000000
110133  -34.462  -30.719  69.898 0.0000000000
110134  -33.564  -30.646  69.907 0.0000000000
46045  -33.116  -30.710  70.615 0.0000000000
115764  -33.475  -30.848  72.187 0.0000000000
109758  -33.405  -30.927  73.495 0.0000000000
45975  -34.498  -30.946  74.553 0.0000000000
45961  -35.411  -31.271  75.691 0.0000000000
113552  -15.992  -33.449  73.617 0.0000000000
43005  -16.669  -33.560  74.003 0.0000000000
44076  -18.463  -33.069  71.160 0.0000000000
44061  -17.742  -32.954  71.830 0.0000000000
43039  -18.185  -33.431  72.609 0.0000000000
125908  -18.318  -33.915  74.179 0.0000000000
42986  -18.048  -33.989  75.068 0.0000000000
41136  -19.371  -35.422  75.974 0.0000000000
41967  -22.527  -35.031  77.307 0.0000000000
130673  -45.691  -19.874  58.182 0.0000000000
57792  -46.871  -18.943  58.859 0.0000000000
58849  -47.895  -17.385  59.475 0.0000000000
120377  -48.106  -18.523  57.572 0.0000000000
58865  -48.654  -18.070  58.434 0.0000000000
120742  -49.010  -17.357  59.743 0.0000000000
57737  -49.871  -18.556  61.529 0.0000000000
59897  -51.333  -16.594  57.290 0.0000000000
58866  -51.079  -18.051  58.004 0.0000000000
114323  -51.930  -18.888  59.428 0.0000000000
126809  -55.220  -10.368  54.253 0.0000000000
66828  -56.271  -9.846  53.585 0.0000000000
123804  -57.050  -9.511  53.601 0.0000000000
67754  -55.738  -8.918  50.577 0.0000000000
67731  -57.013  -9.377  51.542 0.0000000000
67724  -58.292  -8.863  53.300 0.0000000000
68637  -59.222  -8.473  53.467 0.0000000000
127211  -60.331  -8.338  52.594 0.0000000000
121738  -58.149  -9.845  49.340 0.0000000000
67776  -59.566  -9.251  50.236 0.0000000000
67745  -60.848  -9.110  51.260 0.0000000000
65912  -63.391  -11.462  49.252 0.0000000000
52024  -39.960  -24.705  63.588 0.0000000000
52025  -40.611  -24.355  63.818 0.0000000000
51016  -39.238  -25.134  63.804 0.0000000000
56822  -43.558  -20.128  58.443 0.0000000000
56808  -44.748  -19.819  59.433 0.0000000000
66808  -53.878  -10.533  56.164 0.0000000000
66799  -53.314  -10.374  56.829 0.0000000000
66800  -54.093  -10.072  56.788 0.0000000000
114115  -54.930  -9.802  56.617 0.0000000000
121480  -16.594  -33.794  74.812 0.0000000000
131494  -15.925  -33.920  75.078 0.0000000000
42984  -16.468  -33.944  75.600 0.0000000000
57719  -39.922  -18.045  62.472 0.0000000000
58791  -40.185  -17.381  63.043 0.0000000000
58803  -39.721  -17.235  62.334 0.0000000000
45955  -22.754  -30.627  75.356 0.0000000000
131050  -22.853  -30.203  74.709 0.0000000000
130786  -31.253  -30.480  73.419 0.0000000000
45972  -31.639  -30.561  74.577 0.0000000000
124241  -32.290  -30.747  74.117 0.0000000000
48022  -40.729  -28.959  72.186 0.0000000000
48009  -40.833  -28.973  73.587 0.0000000000
111578  -22.606  -31.475  75.132 0.0000000000
60923  -48.633  -15.194  54.962 0.0000000000
59925  -49.108  -16.076  55.399 0.0000000000
53983  -42.906  -22.585  68.921 0.0000000000
53991  -43.278  -22.011  68.357 0.0000000000
54922  -41.711  -21.827  62.347 0.0000000000
48047  -23.397  -29.521  69.738 0.0000000000
112744  -26.594  -28.903  69.931 0.0000000000
48053  -27.948  -29.356  70.302 0.0000000000
48072  -27.750  -29.360  69.547 0.0000000000
49961  -40.082  -26.804  67.053 0.0000000000
124640  -39.835  -27.453  67.152 0.0000000000
49949  -40.143  -27.107  67.740 0.0000000000
48989  -40.221  -27.530  68.370 0.0000000000
49938  -40.811  -26.628  69.484 0.0000000000
52980  -42.506  -23.334  67.806 0.0000000000
52968  -42.534  -23.236  68.630 0.0000000000
58773  -46.556  -17.149  64.838 0.0000000000
110066  -46.470  -17.760  64.133 0.0000000000
59851  -48.888  -15.962  60.976 0.0000000000
60844  -49.436  -16.054  60.915 0.0000000000
59852  -49.809  -16.263  61.116 0.0000000000
59864  -49.190  -16.543  60.484 0.0000000000
64875  -50.064  -11.559  55.700 0.0000000000
63808  -50.248  -11.626  56.578 0.0000000000
64843  -50.552  -11.405  57.104 0.0000000000
61819  -54.452  -13.845  61.247 0.0000000000
66842  -51.511  -10.063  50.735 0.0000000000
41974  -13.112  -34.995  76.666 0.0000000000
117721  -12.087  -35.224  76.500 0.0000000000
41123  -11.668  -35.626  77.174 0.0000000000
41961  -12.528  -35.435  77.327 0.0000000000
40321  -17.529  -36.473  81.435 0.0000000000
39530  -17.591  -37.688  82.300 0.0000000000
38654  -13.196  -38.268  78.751 0.0000000000
56722  -43.476  -19.546  67.327 0.0000000000
57670  -43.508  -18.886  67.940 0.0000000000
60774  -42.200  -15.719  65.979 0.0000000000
60756  -42.440  -15.799  66.572 0.0000000000
60775  -42.953  -15.582  66.201 0.0000000000
125418  -43.268  -15.732  65.497 0.0000000000
58828  -40.901  -17.278  60.332 0.0000000000
112266  -41.611  -17.394  60.504 0.0000000000
58848  -42.273  -17.954  60.171 0.0000000000
110616  -26.493  -29.313  73.887 0.0000000000
109333  -26.215  -29.343  74.651 0.0000000000
47992  -26.960  -29.361  74.512 0.0000000000
110051  -31.346  -30.523  68.260 0.0000000000
46088  -30.481  -30.382  68.432 0.0000000000
122385  -35.112  -30.149  67.432 0.0000000000
47069  -36.483  -29.968  68.329 0.0000000000
123735  -36.587  -31.021  72.049 0.0000000000
129380  -36.136  -30.947  71.514 0.0000000000
115762  -35.749  -30.998  72.147 0.0000000000
110136  -36.301  -30.963  72.898 0.0000000000
42000  -21.474  -35.195  75.197 0.0000000000
112590  -46.318  -18.821  55.386 0.0000000000
112956  -46.789  -18.942  55.883 0.0000000000
120264  -50.772  -20.159  60.186 0.0000000000
59887  -53.002  -16.323  58.914 0.0000000000
59877  -52.829  -17.302  59.137 0.0000000000
67741  -54.408  -9.132  50.854 0.0000000000
67774  -57.714  -8.915  50.001 0.0000000000
64941  -60.807  -11.505  47.737 0.0000000000
65909  -60.423  -11.256  48.391 0.0000000000
65897  -62.111  -10.767  49.499 0.0000000000
52993  -41.849  -23.754  66.210 0.0000000000
53012  -42.492  -23.186  65.882 0.0000000000
53011  -41.962  -23.628  65.328 0.0000000000
113368  -41.134  -23.813  63.287 0.0000000000
53044  -41.699  -23.463  63.631 0.0000000000
53059  -41.646  -23.205  62.978 0.0000000000
50008  -37.851  -26.846  64.026 0.0000000000
50995  -39.382  -25.601  64.793 0.0000000000
49992  -39.283  -26.324  65.278 0.0000000000
50965  -40.150  -25.976  66.167 0.0000000000
125147  -40.471  -25.570  66.607 0.0000000000
50966  -40.355  -25.240  65.919 0.0000000000
112546  -40.889  -24.692  66.032 0.0000000000
126010  -41.809  -23.963  66.890 0.0000000000
57734  -45.225  -19.074  61.694 0.0000000000
56791  -46.033  -19.360  60.039 0.0000000000
57752  -46.413  -18.735  60.502 0.0000000000
57774  -46.664  -18.753  59.632 0.0000000000
65834  -51.601  -11.054  55.707 0.0000000000
65807  -51.279  -10.978  57.111 0.0000000000
64821  -53.228  -10.565  60.134 0.0000000000
64822  -53.740  -11.090  60.837 0.0000000000
67695  -56.604  -9.112  56.342 0.0000000000
111162  -14.152  -33.980  74.822 0.0000000000
41975  -13.916  -34.740  76.160 0.0000000000
41976  -14.701  -34.740  76.643 0.0000000000
57691  -41.623  -18.215  64.946 0.0000000000
58779  -40.629  -16.663  64.147 0.0000000000
59806  -40.821  -16.109  64.309 0.0000000000
59807  -41.156  -16.063  64.880 0.0000000000
60807  -40.819  -15.941  63.859 0.0000000000
59846  -40.258  -16.413  61.979 0.0000000000
46974  -29.535  -29.772  74.304 0.0000000000
123738  -30.623  -30.040  75.883 0.0000000000
45941  -31.937  -30.518  76.825 0.0000000000
109390  -34.314  -31.050  76.196 0.0000000000
45943  -33.875  -31.026  76.911 0.0000000000
111713  -31.453  -30.543  67.018 0.0000000000
109736  -32.267  -30.615  67.110 0.0000000000
121698  -38.257  -29.780  69.708 0.0000000000
47032  -38.725  -29.892  70.311 0.0000000000
46028  -39.157  -30.568  71.828 0.0000000000
46008  -38.617  -30.935  72.341 0.0000000000
45994  -39.643  -30.887  73.477 0.0000000000
45980  -39.858  -31.030  74.487 0.0000000000
44096  -22.443  -32.345  70.931 0.0000000000
44095  -21.789  -32.990  70.734 0.0000000000
44047  -22.532  -32.646  73.284 0.0000000000
43009  -22.458  -33.433  74.596 0.0000000000
125626  -22.472  -33.820  75.410 0.0000000000
122403  -22.693  -31.681  76.761 0.0000000000
44009  -22.649  -32.542  76.615 0.0000000000
58910  -47.849  -17.676  55.326 0.0000000000
122209  -48.502  -16.888  55.243 0.0000000000
129082  -49.936  -17.009  56.498 0.0000000000
58894  -49.322  -17.407  56.302 0.0000000000
58881  -50.370  -17.804  57.456 0.0000000000
64961  -61.206  -11.279  46.396 0.0000000000
64950  -61.372  -11.573  47.011 0.0000000000
41966  -18.140  -34.836  77.227 0.0000000000
40323  -19.216  -37.116  80.797 0.0000000000
122736  -43.748  -21.299  71.649 0.0000000000
55767  -43.936  -20.646  71.299 0.0000000000
130074  -43.648  -21.047  70.051 0.0000000000
54865  -43.518  -21.456  67.732 0.0000000000
55786  -43.701  -20.677  67.930 0.0000000000
111830  -43.641  -20.223  67.472 0.0000000000
54024  -42.858  -22.484  65.550 0.0000000000
54889  -42.951  -21.695  65.280 0.0000000000
109825  -42.944  -20.285  65.731 0.0000000000
56745  -42.536  -20.076  64.998 0.0000000000
56737  -42.057  -19.265  64.958 0.0000000000
55829  -42.047  -19.886  64.301 0.0000000000
47001  -22.961  -29.878  73.115 0.0000000000
47013  -22.985  -29.904  72.274 0.0000000000
124740  -23.994  -29.646  71.206 0.0000000000
128840  -24.212  -29.588  71.944 0.0000000000
118153  -25.190  -29.393  72.799 0.0000000000
48051  -26.530  -28.986  70.653 0.0000000000
110164  -25.777  -29.148  70.845 0.0000000000
48031  -26.361  -29.112  71.564 0.0000000000
48019  -26.566  -29.245  72.459 0.0000000000
48032  -27.028  -29.096  71.926 0.0000000000
48021  -27.723  -29.249  71.809 0.0000000000
47015  -29.042  -29.704  71.325 0.0000000000
122796  -29.245  -29.728  72.127 0.0000000000
47004  -29.950  -29.928  72.291 0.0000000000
46019  -30.494  -30.245  71.670 0.0000000000
48143  -36.078  -28.857  64.665 0.0000000000
47116  -35.632  -29.604  66.335 0.0000000000
47135  -36.284  -29.349  66.021 0.0000000000
112523  -37.889  -27.970  64.999 0.0000000000
49036  -38.211  -28.160  65.603 0.0000000000
48108  -39.092  -28.440  67.440 0.0000000000
48107  -38.450  -28.816  67.587 0.0000000000
48094  -38.256  -29.134  68.353 0.0000000000
48078  -40.354  -28.129  69.698 0.0000000000
48077  -39.735  -28.747  69.579 0.0000000000
48039  -40.598  -28.646  71.256 0.0000000000
48952  -40.935  -27.821  71.174 0.0000000000
115998  -40.994  -27.300  70.678 0.0000000000
50915  -41.286  -26.003  70.611 0.0000000000
50901  -41.651  -25.566  71.895 0.0000000000
111137  -41.572  -25.355  71.048 0.0000000000
51948  -41.133  -25.038  67.704 0.0000000000
50940  -41.182  -25.043  68.637 0.0000000000
51917  -42.196  -24.188  70.574 0.0000000000
52927  -42.703  -23.619  71.994 0.0000000000
53966  -43.434  -22.057  71.669 0.0000000000
45080  -22.619  -31.573  69.801 0.0000000000
119091  -22.715  -30.412  71.327 0.0000000000
60760  -47.385  -15.949  66.788 0.0000000000
60778  -47.781  -16.087  65.931 0.0000000000
59811  -48.298  -15.833  64.590 0.0000000000
127877  -48.276  -15.806  65.275 0.0000000000
60795  -48.948  -15.404  64.943 0.0000000000
61769  -50.504  -14.928  65.239 0.0000000000
60796  -49.851  -15.026  64.620 0.0000000000
58796  -47.016  -17.290  63.395 0.0000000000
60826  -50.064  -15.500  62.241 0.0000000000
60825  -49.300  -15.535  62.437 0.0000000000
109850  -50.503  -15.309  63.004 0.0000000000
60814  -50.881  -15.559  63.591 0.0000000000
59825  -50.941  -16.095  63.189 0.0000000000
57712  -51.225  -18.173  63.764 0.0000000000
62837  -49.731  -13.324  55.953 0.0000000000
61870  -49.812  -14.139  56.080 0.0000000000
62826  -51.146  -13.657  57.666 0.0000000000
122991  -52.692  -15.024  58.484 0.0000000000
64833  -51.369  -11.017  58.247 0.0000000000
124969  -51.474  -11.833  58.440 0.0000000000
131006  -53.286  -14.142  59.547 0.0000000000
38640  -9.955  -38.694  79.562 0.0000000000
38639  -9.009  -38.642  79.477 0.0000000000
37694  -9.362  -39.361  79.193 0.0000000000
57864  -44.551  -18.778  54.134 0.0000000000
128234  -45.158  -18.197  53.967 0.0000000000
58922  -45.162  -17.564  53.654 0.0000000000
59938  -45.755  -16.922  53.762 0.0000000000
58923  -46.487  -17.100  54.233 0.0000000000
60941  -46.502  -15.017  53.773 0.0000000000
60934  -47.045  -15.137  54.148 0.0000000000
129554  -46.943  -14.509  53.935 0.0000000000
61893  -47.199  -13.869  53.733 0.0000000000
62865  -47.765  -13.413  54.028 0.0000000000
63839  -48.080  -12.796  53.830 0.0000000000
64912  -48.099  -12.345  52.854 0.0000000000
115279  -48.828  -11.922  54.343 0.0000000000
122199  -49.268  -11.667  54.031 0.0000000000
64925  -50.239  -11.748  52.259 0.0000000000
64905  -49.976  -11.779  53.355 0.0000000000
65856  -50.689  -11.385  53.842 0.0000000000
65845  -50.681  -11.313  54.665 0.0000000000
65846  -51.994  -11.338  54.199 0.0000000000
65858  -52.623  -11.369  53.322 0.0000000000
65859  -53.354  -11.129  53.650 0.0000000000
65868  -53.522  -10.996  52.897 0.0000000000
66858  -52.818  -9.225  50.364 0.0000000000
66859  -53.551  -9.182  50.593 0.0000000000
118365  -11.247  -35.857  77.897 0.0000000000
42950  -16.862  -34.152  77.019 0.0000000000
41964  -16.713  -34.333  77.806 0.0000000000
41940  -15.788  -34.954  78.998 0.0000000000
41949  -15.118  -34.941  78.397 0.0000000000
41939  -14.901  -35.135  79.117 0.0000000000
39524  -16.197  -37.393  82.281 0.0000000000
41070  -13.765  -36.310  81.408 0.0000000000
41071  -14.268  -36.253  81.533 0.0000000000
41078  -13.593  -35.928  81.001 0.0000000000
41093  -13.777  -35.779  80.173 0.0000000000
41107  -12.366  -35.731  78.801 0.0000000000
109028  -12.835  -35.915  80.568 0.0000000000
39526  -11.967  -36.129  80.701 0.0000000000
110569  -11.247  -36.366  80.526 0.0000000000
40319  -10.458  -36.047  80.479 0.0000000000
38623  -10.496  -37.842  80.066 0.0000000000
122708  -11.340  -37.971  79.964 0.0000000000
38653  -12.411  -38.588  78.488 0.0000000000
61705  -47.735  -14.208  70.798 0.0000000000
61719  -46.560  -14.805  69.695 0.0000000000
55774  -44.210  -19.730  70.919 0.0000000000
56679  -44.433  -19.275  71.823 0.0000000000
57653  -44.219  -18.971  70.252 0.0000000000
57659  -43.822  -18.303  69.071 0.0000000000
113482  -44.190  -17.576  70.175 0.0000000000
58707  -44.457  -17.342  70.918 0.0000000000
58752  -42.775  -17.271  67.312 0.0000000000
58751  -42.166  -16.556  66.747 0.0000000000
59752  -43.028  -15.989  68.094 0.0000000000
59753  -43.439  -16.006  68.744 0.0000000000
60721  -44.012  -15.850  69.185 0.0000000000
128700  -43.729  -15.897  68.799 0.0000000000
60722  -44.523  -15.554  69.616 0.0000000000
61716  -44.160  -15.736  68.864 0.0000000000
127776  -44.187  -15.595  67.307 0.0000000000
61747  -45.340  -15.468  68.307 0.0000000000
60744  -45.923  -15.825  67.638 0.0000000000
60758  -45.457  -16.030  66.880 0.0000000000
60794  -43.911  -16.151  65.117 0.0000000000
59794  -44.684  -16.673  65.544 0.0000000000
59809  -44.516  -16.963  64.775 0.0000000000
59810  -45.199  -17.339  65.142 0.0000000000
59822  -44.316  -17.430  64.072 0.0000000000
60824  -41.828  -15.990  63.041 0.0000000000
60810  -42.915  -16.073  64.043 0.0000000000
59849  -43.145  -17.253  61.898 0.0000000000
58792  -44.154  -17.650  63.206 0.0000000000
57733  -44.067  -17.954  62.257 0.0000000000
115492  -42.753  -19.086  59.549 0.0000000000
56806  -43.096  -19.621  59.073 0.0000000000
113494  -38.048  -17.419  60.050 0.0000000000
119466  -38.755  -17.856  59.032 0.0000000000
114415  -39.724  -17.679  59.546 0.0000000000
111356  -39.506  -19.069  58.490 0.0000000000
57810  -39.969  -19.742  58.115 0.0000000000
46987  -23.482  -29.629  73.773 0.0000000000
47989  -23.858  -29.434  74.678 0.0000000000
110286  -25.949  -29.277  75.585 0.0000000000
46943  -29.071  -29.547  76.253 0.0000000000
114629  -28.343  -29.414  75.715 0.0000000000
47952  -28.914  -29.536  77.322 0.0000000000
47047  -29.358  -29.929  69.610 0.0000000000
46043  -31.532  -30.546  70.565 0.0000000000
46042  -30.728  -30.336  70.781 0.0000000000
46111  -33.751  -30.476  67.622 0.0000000000
109168  -32.923  -30.506  67.800 0.0000000000
46092  -35.863  -30.400  68.866 0.0000000000
46072  -36.066  -30.620  69.747 0.0000000000
46070  -33.921  -30.689  69.151 0.0000000000
46046  -33.949  -30.788  70.661 0.0000000000
127367  -34.008  -30.868  71.989 0.0000000000
110138  -33.931  -30.934  72.744 0.0000000000
110428  -33.102  -30.881  72.762 0.0000000000
109171  -34.170  -30.972  73.628 0.0000000000
108798  -36.140  -31.151  75.028 0.0000000000
45976  -35.345  -30.956  74.779 0.0000000000
45029  -38.372  -31.848  74.661 0.0000000000
49891  -41.066  -27.062  73.463 0.0000000000
43071  -21.112  -33.401  70.986 0.0000000000
129279  -20.028  -33.362  70.385 0.0000000000
44077  -20.219  -33.477  70.985 0.0000000000
43057  -19.311  -33.458  71.455 0.0000000000
43056  -18.592  -33.311  71.922 0.0000000000
42017  -18.833  -34.424  74.710 0.0000000000
41980  -18.867  -34.880  75.968 0.0000000000
41982  -22.480  -34.441  76.723 0.0000000000
61751  -51.158  -14.759  67.603 0.0000000000
56837  -45.118  -20.060  57.765 0.0000000000
57811  -46.983  -19.290  58.053 0.0000000000
57775  -47.407  -18.144  59.163 0.0000000000
58864  -48.124  -17.830  58.777 0.0000000000
58879  -48.690  -17.976  56.435 0.0000000000
57828  -48.047  -18.525  56.690 0.0000000000
57813  -48.582  -18.293  57.209 0.0000000000
57776  -49.375  -18.539  59.039 0.0000000000
58851  -48.776  -17.726  59.058 0.0000000000
57736  -49.603  -18.103  60.702 0.0000000000
56781  -49.661  -19.102  60.620 0.0000000000
55860  -50.508  -20.219  61.714 0.0000000000
55852  -51.145  -20.456  62.209 0.0000000000
120401  -51.020  -15.002  56.899 0.0000000000
60886  -50.925  -15.979  56.789 0.0000000000
58867  -51.969  -17.662  58.567 0.0000000000
57797  -51.462  -18.469  58.804 0.0000000000
66826  -54.804  -10.572  53.495 0.0000000000
129358  -56.597  -9.689  52.883 0.0000000000
125205  -57.490  -8.973  50.718 0.0000000000
67742  -56.831  -9.104  50.812 0.0000000000
67743  -57.661  -9.086  51.174 0.0000000000
67732  -57.634  -9.106  52.078 0.0000000000
131644  -58.088  -8.904  52.518 0.0000000000
67733  -58.734  -8.703  52.470 0.0000000000
68663  -59.070  -8.756  51.313 0.0000000000
131393  -59.549  -8.587  51.727 0.0000000000
68656  -60.196  -8.447  52.038 0.0000000000
68649  -60.853  -8.502  52.394 0.0000000000
68657  -60.803  -8.700  51.924 0.0000000000
65894  -58.555  -10.482  48.655 0.0000000000
66885  -57.809  -10.305  48.513 0.0000000000
66874  -59.044  -9.867  49.513 0.0000000000
66861  -61.329  -9.568  50.713 0.0000000000
66860  -60.390  -9.404  50.465 0.0000000000
116515  -61.967  -9.287  51.799 0.0000000000
66847  -62.311  -9.625  51.441 0.0000000000
64943  -63.044  -11.688  47.952 0.0000000000
64944  -63.594  -11.891  48.663 0.0000000000
131643  -40.961  -24.304  65.132 0.0000000000
53010  -41.357  -23.981  64.872 0.0000000000
50033  -38.064  -26.028  63.835 0.0000000000
50994  -38.762  -25.820  64.217 0.0000000000
51988  -39.944  -25.189  65.246 0.0000000000
57773  -44.253  -19.486  60.193 0.0000000000
56809  -45.633  -19.677  59.415 0.0000000000
110519  -52.418  -10.889  55.851 0.0000000000
65820  -52.560  -10.711  56.739 0.0000000000
66785  -52.718  -10.081  58.453 0.0000000000
130983  -54.423  -9.474  58.443 0.0000000000
66787  -55.022  -9.274  58.276 0.0000000000
67684  -55.855  -8.965  58.123 0.0000000000
66801  -55.380  -9.403  57.358 0.0000000000
66802  -55.785  -9.515  56.442 0.0000000000
43023  -15.233  -33.488  73.584 0.0000000000
43003  -14.775  -33.738  74.195 0.0000000000
42959  -15.490  -34.439  76.432 0.0000000000
57710  -41.016  -18.502  63.803 0.0000000000
130045  -40.364  -16.858  63.531 0.0000000000
59831  -39.833  -16.774  62.179 0.0000000000
126174  -22.797  -31.026  76.908 0.0000000000
46990  -29.975  -29.914  73.687 0.0000000000
46975  -30.373  -30.052  74.281 0.0000000000
46976  -30.947  -30.262  74.639 0.0000000000
45958  -32.727  -30.684  76.129 0.0000000000
110632  -33.234  -30.823  75.153 0.0000000000
123861  -34.024  -30.917  75.302 0.0000000000
48038  -39.899  -29.337  70.938 0.0000000000
108714  -39.347  -29.804  70.759 0.0000000000
47018  -39.612  -29.999  71.395 0.0000000000
47005  -39.884  -30.193  72.151 0.0000000000
46010  -40.132  -30.350  72.961 0.0000000000
45036  -22.654  -31.807  73.634 0.0000000000
118602  -22.592  -32.399  74.918 0.0000000000
59908  -49.636  -16.615  56.007 0.0000000000
59909  -50.230  -16.292  56.410 0.0000000000
54848  -43.412  -21.735  70.006 0.0000000000
122033  -43.625  -21.146  69.344 0.0000000000
54053  -42.473  -22.151  63.996 0.0000000000
54912  -42.348  -21.385  63.763 0.0000000000
55838  -41.951  -20.524  63.560 0.0000000000
55851  -41.596  -20.756  62.649 0.0000000000
47026  -22.829  -29.968  70.720 0.0000000000
47027  -23.221  -29.709  70.695 0.0000000000
48033  -27.784  -29.239  70.948 0.0000000000
49018  -38.875  -27.947  66.069 0.0000000000
49005  -39.379  -28.003  66.894 0.0000000000
48962  -40.804  -27.420  69.943 0.0000000000
50926  -41.175  -25.914  69.899 0.0000000000
51932  -41.803  -24.487  69.027 0.0000000000
52953  -42.339  -23.796  69.188 0.0000000000
52942  -42.572  -23.534  70.052 0.0000000000
127186  -42.851  -22.971  70.625 0.0000000000
53975  -43.004  -22.599  69.844 0.0000000000
46065  -22.878  -30.346  69.768 0.0000000000
59796  -46.237  -17.218  65.855 0.0000000000
115189  -47.094  -16.635  65.427 0.0000000000
110962  -47.531  -16.503  64.490 0.0000000000
58817  -47.334  -17.196  61.219 0.0000000000
59836  -47.955  -16.554  61.616 0.0000000000
60835  -49.468  -15.744  61.555 0.0000000000
60837  -50.255  -15.883  61.906 0.0000000000
124988  -50.586  -16.068  62.413 0.0000000000
59838  -50.319  -16.473  61.830 0.0000000000
58806  -50.333  -17.514  62.057 0.0000000000
64874  -49.640  -12.064  55.638 0.0000000000
62838  -50.010  -13.338  56.645 0.0000000000
63819  -49.891  -12.387  56.237 0.0000000000
63809  -50.305  -12.335  57.121 0.0000000000
62812  -51.374  -12.856  58.273 0.0000000000
63795  -53.181  -12.333  60.036 0.0000000000
62801  -52.610  -12.829  59.368 0.0000000000
124102  -59.834  -7.947  55.019 0.0000000000
63866  -47.368  -12.629  52.484 0.0000000000
63852  -47.760  -12.670  53.207 0.0000000000
65865  -51.129  -11.539  52.084 0.0000000000
65879  -52.498  -10.663  51.753 0.0000000000
114113  -52.150  -10.118  51.100 0.0000000000
109203  -52.186  -9.543  50.501 0.0000000000
41098  -17.813  -35.745  79.650 0.0000000000
41097  -17.204  -35.169  79.562 0.0000000000
41096  -16.706  -35.210  80.041 0.0000000000
41081  -16.320  -35.682  80.717 0.0000000000
39529  -15.116  -37.389  81.730 0.0000000000
39528  -14.043  -37.031  81.257 0.0000000000
40311  -13.656  -36.488  81.259 0.0000000000
40310  -12.798  -36.324  80.888 0.0000000000
39527  -13.177  -36.750  80.850 0.0000000000
39541  -12.769  -37.226  80.423 0.0000000000
38624  -12.078  -37.630  80.103 0.0000000000
116593  -11.855  -38.250  79.544 0.0000000000
38642  -12.575  -38.283  79.220 0.0000000000
56696  -43.921  -19.752  69.045 0.0000000000
122053  -44.015  -19.017  69.422 0.0000000000
127841  -43.563  -18.388  68.480 0.0000000000
58739  -43.490  -17.591  68.679 0.0000000000
59778  -41.844  -16.196  66.292 0.0000000000
59762  -42.139  -16.011  66.756 0.0000000000
112957  -42.731  -15.870  67.245 0.0000000000
60742  -43.292  -15.764  67.738 0.0000000000
61729  -43.911  -15.673  68.146 0.0000000000
61745  -43.684  -15.623  67.491 0.0000000000
116928  -44.536  -15.770  66.762 0.0000000000
60776  -44.029  -15.756  65.951 0.0000000000
59847  -41.079  -16.406  61.660 0.0000000000
59834  -42.494  -16.597  62.491 0.0000000000
58814  -42.685  -17.399  61.180 0.0000000000
58829  -42.928  -17.993  60.556 0.0000000000
57771  -42.193  -18.623  59.717 0.0000000000
111397  -25.052  -29.302  74.062 0.0000000000
47990  -24.653  -29.275  74.773 0.0000000000
110050  -26.763  -29.222  76.157 0.0000000000
46931  -30.179  -30.195  77.704 0.0000000000
46108  -30.150  -30.284  67.041 0.0000000000
46087  -29.889  -30.247  67.753 0.0000000000
47048  -30.259  -30.241  69.311 0.0000000000
46044  -32.315  -30.632  70.525 0.0000000000
46132  -34.879  -29.933  66.743 0.0000000000
109763  -34.943  -30.393  67.930 0.0000000000
46049  -37.397  -30.753  70.906 0.0000000000
46048  -36.287  -30.807  70.726 0.0000000000
46023  -34.374  -30.869  71.382 0.0000000000
45991  -34.984  -30.978  73.796 0.0000000000
45977  -36.743  -31.461  74.247 0.0000000000
43042  -21.604  -33.706  72.208 0.0000000000
43041  -20.570  -33.941  72.253 0.0000000000
108677  -20.181  -34.172  72.833 0.0000000000
43025  -19.553  -34.167  73.162 0.0000000000
115581  -18.700  -33.839  73.295 0.0000000000
42018  -19.774  -34.921  74.359 0.0000000000
41141  -19.830  -35.574  75.523 0.0000000000
56858  -46.485  -19.425  56.647 0.0000000000
57812  -47.581  -18.913  57.432 0.0000000000
57814  -49.624  -18.058  57.557 0.0000000000
110292  -48.936  -18.165  57.660 0.0000000000
56793  -49.991  -19.834  60.427 0.0000000000
55869  -50.438  -20.304  60.994 0.0000000000
55861  -51.153  -20.630  61.400 0.0000000000
130969  -52.092  -15.657  57.804 0.0000000000
123193  -51.965  -16.278  57.777 0.0000000000
109278  -55.043  -10.093  52.574 0.0000000000
66846  -55.609  -9.569  51.810 0.0000000000
67744  -58.142  -8.850  51.081 0.0000000000
122566  -58.401  -8.823  50.827 0.0000000000
67757  -59.257  -8.953  50.852 0.0000000000
65918  -59.853  -10.973  47.253 0.0000000000
66875  -59.905  -9.890  49.699 0.0000000000
127786  -60.211  -10.565  49.029 0.0000000000
66876  -61.762  -10.053  50.075 0.0000000000
66877  -62.620  -10.324  50.328 0.0000000000
53999  -42.952  -22.698  67.285 0.0000000000
120174  -41.986  -23.425  64.378 0.0000000000
124184  -42.424  -22.789  64.321 0.0000000000
130443  -41.906  -22.544  62.845 0.0000000000
48066  -23.227  -29.176  68.941 0.0000000000
48089  -24.669  -28.439  68.449 0.0000000000
48090  -25.906  -28.430  68.690 0.0000000000
114237  -26.449  -28.585  68.608 0.0000000000
49070  -37.188  -27.269  63.612 0.0000000000
49053  -37.588  -27.654  64.293 0.0000000000
50009  -38.471  -26.504  64.424 0.0000000000
49991  -38.811  -26.840  64.998 0.0000000000
49975  -39.185  -27.077  65.614 0.0000000000
118406  -40.098  -26.587  66.409 0.0000000000
49962  -40.413  -26.303  67.632 0.0000000000
50954  -40.630  -25.585  67.321 0.0000000000
51963  -41.445  -24.429  67.253 0.0000000000
52979  -42.044  -23.957  67.554 0.0000000000
57720  -45.026  -18.615  62.953 0.0000000000
57711  -45.667  -18.552  63.206 0.0000000000
57721  -45.562  -18.793  62.413 0.0000000000
57722  -46.331  -18.372  62.472 0.0000000000
58816  -46.736  -17.968  61.713 0.0000000000
57751  -45.650  -19.203  60.859 0.0000000000
58831  -47.604  -17.199  60.276 0.0000000000
58832  -48.450  -16.927  59.957 0.0000000000
65818  -50.828  -11.291  56.404 0.0000000000
65806  -50.864  -11.143  57.072 0.0000000000
65789  -51.278  -10.905  57.732 0.0000000000
65790  -51.794  -10.630  58.282 0.0000000000
124434  -52.056  -10.443  58.179 0.0000000000
64825  -52.125  -10.633  58.818 0.0000000000
64826  -52.652  -10.906  59.446 0.0000000000
64827  -53.180  -11.394  60.127 0.0000000000
63785  -53.688  -11.920  60.773 0.0000000000
67696  -57.493  -8.717  56.433 0.0000000000
113517  -57.795  -8.847  54.775 0.0000000000
42982  -13.226  -34.186  74.916 0.0000000000
129682  -13.580  -35.072  77.212 0.0000000000
57686  -42.580  -18.674  66.187 0.0000000000
57685  -41.897  -17.899  65.837 0.0000000000
58780  -40.963  -17.275  64.601 0.0000000000
59793  -41.522  -16.287  65.555 0.0000000000
109263  -41.734  -15.859  65.326 0.0000000000
60792  -42.193  -15.799  64.654 0.0000000000
60808  -41.225  -15.848  63.552 0.0000000000
60823  -41.179  -15.942  62.943 0.0000000000
60834  -40.800  -16.142  62.521 0.0000000000
59861  -40.958  -16.763  60.880 0.0000000000
47993  -27.798  -29.355  74.222 0.0000000000
46960  -29.108  -29.563  75.162 0.0000000000
113630  -29.899  -29.806  75.864 0.0000000000
46961  -30.483  -29.974  75.147 0.0000000000
46945  -30.490  -29.959  76.772 0.0000000000
46946  -31.115  -30.430  77.421 0.0000000000
124429  -33.272  -30.873  76.846 0.0000000000
46128  -29.932  -30.171  66.362 0.0000000000
125594  -31.600  -30.539  67.599 0.0000000000
47070  -37.425  -29.728  68.557 0.0000000000
47050  -37.554  -29.993  69.471 0.0000000000
46050  -38.228  -30.475  70.796 0.0000000000
46026  -37.369  -30.952  71.782 0.0000000000
122136  -37.500  -31.278  73.263 0.0000000000
111148  -38.100  -31.336  72.825 0.0000000000
45979  -39.020  -31.358  74.047 0.0000000000
43059  -21.598  -33.388  71.428 0.0000000000
43043  -22.296  -33.204  72.704 0.0000000000
42020  -21.578  -34.677  74.366 0.0000000000
42987  -22.099  -34.370  74.840 0.0000000000
42963  -22.598  -33.583  76.456 0.0000000000
121088  -22.738  -32.952  77.393 0.0000000000
57846  -47.583  -18.511  55.869 0.0000000000
57796  -50.145  -18.426  58.065 0.0000000000
67770  -53.407  -8.857  49.518 0.0000000000
130482  -62.227  -11.712  47.100 0.0000000000
64962  -61.810  -11.118  45.661 0.0000000000
111856  -63.159  -11.744  46.809 0.0000000000
42962  -17.802  -34.083  75.910 0.0000000000
42961  -17.058  -33.973  76.205 0.0000000000
41978  -17.570  -34.301  76.730 0.0000000000
41952  -17.786  -34.705  78.034 0.0000000000
131424  -18.554  -36.599  79.816 0.0000000000
119012  -43.828  -20.447  69.576 0.0000000000
56707  -43.752  -19.800  68.134 0.0000000000
56731  -43.086  -19.619  66.481 0.0000000000
54864  -43.362  -21.867  66.924 0.0000000000
123740  -43.381  -21.262  66.433 0.0000000000
110517  -43.164  -21.089  65.806 0.0000000000
55814  -43.329  -20.565  66.398 0.0000000000
111653  -41.613  -18.977  64.176 0.0000000000
56754  -41.203  -19.167  63.482 0.0000000000
46986  -22.853  -30.135  73.798 0.0000000000
125480  -24.035  -29.421  73.331 0.0000000000
48028  -23.644  -29.694  72.064 0.0000000000
48004  -24.715  -29.366  73.383 0.0000000000
48005  -25.365  -29.364  73.470 0.0000000000
48006  -26.018  -29.433  73.150 0.0000000000
126941  -24.402  -29.361  70.439 0.0000000000
48050  -25.137  -29.092  70.214 0.0000000000
48007  -26.856  -29.288  73.208 0.0000000000
48008  -27.634  -29.193  73.313 0.0000000000
46988  -28.384  -29.354  73.437 0.0000000000
47014  -28.515  -29.518  72.004 0.0000000000
47003  -28.814  -29.491  72.744 0.0000000000
111357  -30.026  -29.865  73.008 0.0000000000
46005  -31.397  -30.536  72.792 0.0000000000
128052  -34.707  -29.287  64.464 0.0000000000
47133  -34.693  -29.496  65.219 0.0000000000
47115  -35.025  -29.641  65.966 0.0000000000
48144  -37.018  -28.341  64.687 0.0000000000
49017  -38.034  -28.500  66.220 0.0000000000
48119  -37.104  -29.005  66.298 0.0000000000
123799  -37.069  -29.413  67.163 0.0000000000
47095  -37.022  -29.677  67.842 0.0000000000
48076  -38.895  -29.245  69.533 0.0000000000
120425  -39.205  -28.687  69.032 0.0000000000
126430  -40.851  -28.463  72.872 0.0000000000
49904  -41.051  -27.031  72.521 0.0000000000
49905  -41.353  -26.296  72.163 0.0000000000
50888  -41.607  -25.676  72.737 0.0000000000
51890  -41.892  -25.026  72.484 0.0000000000
130553  -41.852  -24.683  69.634 0.0000000000
51916  -41.877  -24.792  70.175 0.0000000000
129870  -41.679  -25.030  70.599 0.0000000000
51891  -42.282  -24.398  72.243 0.0000000000
116774  -42.567  -23.980  72.749 0.0000000000
53965  -42.979  -22.883  71.388 0.0000000000
45068  -22.250  -32.381  70.137 0.0000000000
121253  -22.652  -31.450  71.107 0.0000000000
46003  -22.661  -30.692  72.567 0.0000000000
61750  -48.656  -14.961  67.619 0.0000000000
60762  -49.298  -15.132  66.232 0.0000000000
125150  -50.272  -14.838  66.247 0.0000000000
61770  -51.048  -14.960  65.845 0.0000000000
59823  -47.635  -16.583  63.581 0.0000000000
59824  -48.302  -15.925  63.797 0.0000000000
59837  -48.395  -15.962  62.935 0.0000000000
126486  -50.133  -15.048  63.905 0.0000000000
113096  -51.121  -15.637  64.524 0.0000000000
58798  -51.039  -17.017  63.444 0.0000000000
61881  -48.762  -14.256  55.066 0.0000000000
116972  -49.949  -14.910  56.171 0.0000000000
61856  -50.909  -14.201  57.183 0.0000000000
126456  -53.388  -16.707  59.509 0.0000000000
62813  -52.184  -13.371  58.702 0.0000000000
61829  -52.828  -13.772  59.121 0.0000000000
61841  -53.035  -14.611  58.998 0.0000000000
39538  -9.225  -37.004  80.015 0.0000000000
56855  -43.555  -20.455  56.686 0.0000000000
56836  -44.069  -20.405  57.687 0.0000000000
109398  -44.226  -20.076  56.064 0.0000000000
56878  -44.362  -19.784  55.386 0.0000000000
56879  -45.057  -19.708  55.869 0.0000000000
57844  -45.659  -19.059  55.222 0.0000000000
57866  -46.140  -18.393  54.825 0.0000000000
112117  -45.859  -17.824  54.172 0.0000000000
111624  -46.423  -16.011  53.994 0.0000000000
60935  -47.902  -15.229  54.437 0.0000000000
61895  -48.219  -14.551  54.629 0.0000000000
120492  -48.766  -13.248  55.107 0.0000000000
63829  -48.830  -12.318  55.093 0.0000000000
113444  -49.248  -11.787  55.088 0.0000000000
127487  -49.891  -11.556  55.277 0.0000000000
64923  -48.466  -12.129  51.862 0.0000000000
64913  -48.824  -12.073  52.772 0.0000000000
130994  -49.207  -11.912  53.337 0.0000000000
65832  -50.249  -11.400  54.983 0.0000000000
65833  -51.045  -11.250  55.437 0.0000000000
113655  -51.405  -11.211  54.904 0.0000000000
65857  -51.600  -11.505  53.466 0.0000000000
109584  -52.219  -10.998  54.978 0.0000000000
65835  -53.083  -10.922  55.104 0.0000000000
65836  -54.003  -10.761  55.289 0.0000000000
65860  -54.031  -10.917  53.573 0.0000000000
66834  -54.281  -10.641  52.845 0.0000000000
66833  -53.408  -10.409  52.033 0.0000000000
109981  -53.270  -8.672  48.552 0.0000000000
42960  -16.293  -34.117  76.372 0.0000000000
41950  -16.586  -34.686  78.570 0.0000000000
110718  -15.776  -34.696  77.941 0.0000000000
41977  -15.358  -34.661  77.130 0.0000000000
41962  -13.932  -35.075  77.676 0.0000000000
40309  -17.016  -37.037  82.271 0.0000000000
41073  -15.820  -36.044  81.622 0.0000000000
41080  -15.382  -35.656  80.624 0.0000000000
41068  -14.833  -36.570  81.838 0.0000000000
41072  -15.103  -36.057  81.516 0.0000000000
41094  -14.657  -35.527  79.950 0.0000000000
41938  -14.080  -35.407  79.202 0.0000000000
41947  -13.622  -35.358  78.362 0.0000000000
41946  -12.840  -35.529  78.203 0.0000000000
109241  -11.900  -35.941  80.519 0.0000000000
41091  -11.131  -35.812  79.937 0.0000000000
131617  -9.900  -37.186  80.194 0.0000000000
37696  -11.098  -39.226  78.784 0.0000000000
61706  -48.734  -14.024  71.077 0.0000000000
62689  -48.368  -14.136  70.252 0.0000000000
118191  -43.438  -16.614  68.827 0.0000000000
59739  -43.880  -16.325  69.377 0.0000000000
60710  -44.292  -15.859  69.874 0.0000000000
61702  -45.036  -15.168  70.069 0.0000000000
61718  -45.689  -14.974  69.765 0.0000000000
61730  -44.658  -15.560  68.557 0.0000000000
112819  -45.314  -15.369  68.994 0.0000000000
61732  -47.110  -14.921  69.006 0.0000000000
60745  -46.917  -15.744  67.576 0.0000000000
59779  -45.888  -16.844  66.457 0.0000000000
122546  -45.822  -17.455  65.339 0.0000000000
58793  -44.840  -18.315  63.695 0.0000000000
59821  -43.586  -16.815  63.587 0.0000000000
117003  -44.173  -18.947  60.899 0.0000000000
57750  -43.528  -18.795  60.465 0.0000000000
59844  -38.835  -16.905  60.988 0.0000000000
59859  -39.275  -16.861  60.677 0.0000000000
59875  -39.475  -17.051  60.041 0.0000000000
58827  -40.395  -17.612  59.853 0.0000000000
58863  -40.183  -18.091  59.217 0.0000000000
57770  -40.891  -18.422  59.320 0.0000000000
57790  -41.301  -19.185  58.867 0.0000000000
56833  -40.578  -20.262  57.442 0.0000000000
56820  -41.836  -19.856  58.339 0.0000000000
126734  -42.335  -20.292  57.773 0.0000000000
46959  -23.576  -29.654  75.418 0.0000000000
47976  -25.075  -29.248  75.685 0.0000000000
47978  -27.497  -29.376  75.272 0.0000000000
47963  -27.696  -29.311  76.285 0.0000000000
48105  -26.483  -28.212  67.837 0.0000000000
48091  -27.254  -29.095  68.784 0.0000000000
47046  -28.533  -29.691  69.963 0.0000000000
47029  -29.225  -29.837  70.463 0.0000000000
47016  -29.933  -29.905  71.014 0.0000000000
126409  -31.151  -30.510  72.041 0.0000000000
46006  -32.305  -30.738  72.741 0.0000000000
46153  -32.673  -30.444  66.181 0.0000000000
109770  -34.036  -30.295  66.803 0.0000000000
109170  -32.668  -30.608  68.617 0.0000000000
46091  -35.094  -30.494  68.589 0.0000000000
126342  -34.596  -30.634  69.084 0.0000000000
46069  -33.140  -30.675  69.209 0.0000000000
46068  -32.469  -30.648  69.251 0.0000000000
110135  -32.753  -30.582  69.877 0.0000000000
46021  -32.616  -30.741  71.265 0.0000000000
46022  -33.485  -30.818  71.443 0.0000000000
115765  -32.833  -30.791  72.040 0.0000000000
45990  -32.644  -30.824  73.461 0.0000000000
45974  -33.696  -30.923  74.349 0.0000000000
45960  -34.781  -30.984  75.488 0.0000000000
45978  -37.294  -31.423  73.784 0.0000000000
45028  -37.453  -31.780  74.437 0.0000000000
45016  -37.709  -32.263  75.327 0.0000000000
43038  -17.222  -33.130  72.593 0.0000000000
119483  -17.594  -33.544  73.498 0.0000000000
43006  -17.432  -33.747  74.501 0.0000000000
41135  -18.853  -35.116  76.589 0.0000000000
56824  -45.292  -19.911  58.683 0.0000000000
56825  -46.179  -19.645  58.618 0.0000000000
56838  -46.155  -19.685  57.615 0.0000000000
57794  -48.378  -18.294  58.044 0.0000000000
58850  -48.503  -17.431  59.289 0.0000000000
59876  -48.773  -17.052  59.967 0.0000000000
58833  -49.416  -17.188  60.476 0.0000000000
57723  -50.310  -18.458  62.361 0.0000000000
110024  -50.113  -19.224  62.173 0.0000000000
59885  -51.679  -17.172  57.844 0.0000000000
58882  -51.039  -17.394  57.429 0.0000000000
57778  -50.895  -19.214  59.086 0.0000000000
56811  -51.268  -19.747  59.613 0.0000000000
66817  -54.876  -10.397  55.065 0.0000000000
127971  -55.642  -9.963  54.873 0.0000000000
66827  -55.549  -10.157  53.466 0.0000000000
66818  -55.827  -9.980  54.163 0.0000000000
66819  -56.503  -9.668  54.531 0.0000000000
67712  -57.244  -9.273  54.461 0.0000000000
124161  -54.842  -8.915  50.511 0.0000000000
67730  -56.133  -9.256  51.237 0.0000000000
67722  -57.097  -9.422  52.522 0.0000000000
67723  -57.623  -9.114  53.045 0.0000000000
67714  -58.456  -8.725  54.185 0.0000000000
68628  -59.965  -7.980  54.210 0.0000000000
68655  -58.858  -8.707  51.607 0.0000000000
68648  -59.610  -8.446  52.401 0.0000000000
68638  -60.135  -8.140  53.259 0.0000000000
110461  -60.830  -8.273  53.045 0.0000000000
66873  -57.341  -9.758  49.107 0.0000000000
115523  -59.985  -9.099  50.872 0.0000000000
67746  -61.483  -8.996  51.868 0.0000000000
65911  -62.501  -11.370  48.764 0.0000000000
38612  -14.402  -37.354  81.051 0.0000000000
40307  -14.284  -36.555  81.659 0.0000000000
40308  -14.811  -36.826  81.919 0.0000000000
40313  -16.069  -36.672  82.117 0.0000000000
40320  -12.525  -36.096  80.782 0.0000000000
41082  -17.174  -35.762  80.523 0.0000000000
41934  -16.076  -35.151  79.946 0.0000000000
41951  -17.273  -34.543  78.322 0.0000000000
41997  -18.497  -34.479  75.551 0.0000000000
44987  -34.540  -31.682  77.010 0.0000000000
45971  -31.112  -30.418  73.963 0.0000000000
48029  -24.959  -29.376  71.029 0.0000000000
49927  -41.168  -26.640  70.849 0.0000000000
56771  -50.496  -19.825  62.309 0.0000000000
60779  -48.712  -15.546  65.781 0.0000000000
60797  -51.050  -15.407  64.277 0.0000000000
60813  -50.624  -15.248  63.641 0.0000000000
61840  -52.483  -14.296  58.515 0.0000000000
61857  -51.493  -14.552  57.468 0.0000000000
63794  -52.560  -11.826  59.483 0.0000000000
63810  -50.821  -12.845  57.664 0.0000000000
64857  -50.514  -11.351  56.347 0.0000000000
65808  -51.943  -10.725  57.413 0.0000000000
67713  -57.747  -9.115  53.922 0.0000000000
67758  -61.780  -9.366  51.365 0.0000000000
122332  -15.098  -37.098  81.976 0.0000000000
123047  -51.174  -16.432  63.902 0.0000000000
123305  -49.035  -15.516  63.221 0.0000000000
125178  -44.553  -15.985  70.539 0.0000000000
128517  -54.097  -12.295  61.117 0.0000000000
129606  -12.362  -38.051  79.709 0.0000000000
130572  -14.096  -36.808  81.484 0.0000000000
