#!ascii label  , from subject sub-v1s6x0051321_ses-1 vox2ras=TkReg
523
70093  -27.136  -6.359  -2.743 0.0000000000
65528  -21.561  -11.432  -3.506 0.0000000000
66454  -29.751  -10.084  -0.799 0.0000000000
60606  -27.237  -16.110  -3.070 0.0000000000
79322  -28.139  4.968  -1.483 0.0000000000
76729  -29.912  1.573  1.561 0.0000000000
73626  -24.058  -2.131  -3.800 0.0000000000
59498  -25.254  -17.730  1.321 0.0000000000
64544  -25.237  -12.608  -2.737 0.0000000000
62520  -23.657  -14.195  -1.004 0.0000000000
78433  -29.370  3.692  0.453 0.0000000000
76759  -26.114  1.649  -1.826 0.0000000000
111818  -23.159  -6.505  -1.938 0.0000000000
113480  -22.545  -4.388  -0.507 0.0000000000
71869  -25.609  -4.402  -4.349 0.0000000000
73594  -28.356  -2.904  -0.338 0.0000000000
71820  -30.375  -4.566  0.241 0.0000000000
70056  -31.666  -6.480  0.510 0.0000000000
67392  -22.228  -9.063  -1.806 0.0000000000
116265  -23.793  -8.724  -3.547 0.0000000000
68279  -28.556  -8.454  -2.091 0.0000000000
66494  -26.263  -10.628  -3.392 0.0000000000
63543  -28.157  -13.275  -2.870 0.0000000000
61566  -28.765  -15.109  -1.803 0.0000000000
75918  -22.808  0.149  -2.449 0.0000000000
75142  -27.248  -0.773  -0.713 0.0000000000
75120  -31.560  -0.485  2.215 0.0000000000
60558  -23.534  -16.144  0.735 0.0000000000
59525  -26.165  -17.791  -0.773 0.0000000000
63518  -23.161  -13.593  -0.435 0.0000000000
62508  -22.739  -13.864  0.320 0.0000000000
77586  -25.689  3.275  -2.255 0.0000000000
76757  -23.826  2.207  -2.653 0.0000000000
70105  -25.369  -6.712  -4.119 0.0000000000
71006  -24.347  -5.542  -3.746 0.0000000000
117839  -26.467  -5.124  -3.892 0.0000000000
72725  -28.259  -4.118  -1.978 0.0000000000
70977  -28.812  -5.401  -1.569 0.0000000000
70950  -31.945  -5.326  0.982 0.0000000000
70066  -29.810  -6.339  -0.895 0.0000000000
66477  -19.922  -10.032  -2.984 0.0000000000
123615  -21.754  -8.335  -3.140 0.0000000000
67437  -21.637  -9.874  -3.694 0.0000000000
118339  -25.087  -9.795  -3.563 0.0000000000
66491  -24.006  -10.740  -3.201 0.0000000000
62555  -26.090  -14.097  -2.910 0.0000000000
119629  -26.699  -12.763  -3.216 0.0000000000
117697  -28.074  -14.781  -3.438 0.0000000000
62540  -28.676  -14.494  -2.249 0.0000000000
108703  -28.912  -16.236  -3.047 0.0000000000
79312  -25.333  5.372  -2.029 0.0000000000
80179  -25.890  5.457  -0.908 0.0000000000
81088  -27.692  6.496  -2.174 0.0000000000
127058  -29.002  7.155  -2.111 0.0000000000
80180  -29.752  5.537  -0.690 0.0000000000
116279  -29.256  2.917  0.623 0.0000000000
72721  -22.905  -3.261  -1.865 0.0000000000
73600  -22.547  -2.256  -1.707 0.0000000000
75166  -23.607  -0.626  -3.431 0.0000000000
123107  -25.192  0.059  -3.531 0.0000000000
75183  -25.114  -0.494  -3.841 0.0000000000
123376  -31.549  -2.748  1.615 0.0000000000
113129  -29.268  -1.885  0.863 0.0000000000
73566  -32.919  -1.894  1.415 0.0000000000
67394  -29.246  -9.715  -1.509 0.0000000000
68250  -30.775  -7.898  -0.032 0.0000000000
58478  -23.898  -17.889  1.785 0.0000000000
59511  -24.475  -16.956  0.773 0.0000000000
124771  -24.904  -16.693  0.043 0.0000000000
112264  -25.261  -17.272  0.666 0.0000000000
65498  -22.793  -10.812  -1.792 0.0000000000
64564  -23.897  -11.442  -2.183 0.0000000000
64531  -23.479  -12.231  -1.605 0.0000000000
63531  -24.309  -13.743  -1.531 0.0000000000
62522  -25.233  -14.845  -1.621 0.0000000000
79320  -25.871  4.921  -2.140 0.0000000000
79313  -28.716  4.354  -1.105 0.0000000000
117415  -27.745  3.258  -1.485 0.0000000000
77573  -27.480  2.380  -1.375 0.0000000000
76742  -27.669  1.614  0.061 0.0000000000
70065  -22.460  -6.634  -0.684 0.0000000000
70976  -22.860  -5.613  -1.378 0.0000000000
71840  -23.501  -4.449  -2.865 0.0000000000
73640  -25.390  -2.887  -4.296 0.0000000000
73613  -26.163  -2.009  -3.415 0.0000000000
72723  -26.649  -3.182  -2.863 0.0000000000
72698  -28.769  -3.663  -0.682 0.0000000000
72685  -32.275  -3.972  1.260 0.0000000000
71805  -32.604  -4.691  0.998 0.0000000000
58467  -25.404  -18.536  2.495 0.0000000000
58480  -25.746  -17.879  1.891 0.0000000000
123482  -22.949  -7.633  -2.050 0.0000000000
69201  -23.846  -7.625  -3.155 0.0000000000
69203  -25.197  -7.666  -3.706 0.0000000000
114437  -28.363  -7.015  -2.187 0.0000000000
68301  -26.489  -8.617  -3.341 0.0000000000
67404  -27.775  -9.642  -2.605 0.0000000000
66480  -28.085  -10.271  -2.465 0.0000000000
118320  -25.571  -11.933  -3.127 0.0000000000
65534  -27.244  -11.729  -3.063 0.0000000000
65500  -29.104  -11.365  -1.302 0.0000000000
64532  -28.885  -12.793  -1.224 0.0000000000
63519  -29.260  -13.548  -0.642 0.0000000000
79301  -30.612  4.670  0.805 0.0000000000
76770  -24.720  1.382  -2.874 0.0000000000
75907  -26.333  0.648  -1.933 0.0000000000
75890  -27.850  0.838  0.319 0.0000000000
74389  -27.556  -1.554  -0.554 0.0000000000
109896  -29.187  -0.895  0.955 0.0000000000
75878  -31.192  0.568  2.219 0.0000000000
69166  -30.338  -7.342  -0.373 0.0000000000
69154  -33.214  -7.328  0.606 0.0000000000
61536  -22.567  -14.956  1.182 0.0000000000
61551  -23.810  -15.335  -0.175 0.0000000000
60585  -24.905  -16.174  -0.705 0.0000000000
59547  -26.404  -17.403  -1.848 0.0000000000
59512  -26.429  -17.394  0.269 0.0000000000
108174  -27.291  -18.426  -0.858 0.0000000000
108467  -28.433  -17.987  -2.345 0.0000000000
77583  -23.372  2.488  -1.881 0.0000000000
70106  -26.164  -6.415  -4.214 0.0000000000
70121  -25.572  -5.950  -4.352 0.0000000000
70992  -26.594  -5.677  -3.023 0.0000000000
70993  -27.499  -5.494  -2.502 0.0000000000
70994  -28.303  -5.700  -2.075 0.0000000000
70978  -29.407  -5.858  -1.204 0.0000000000
116281  -28.731  -6.295  -1.725 0.0000000000
65512  -21.097  -11.872  -2.772 0.0000000000
65496  -20.499  -11.228  -2.718 0.0000000000
65510  -20.067  -10.719  -3.046 0.0000000000
67436  -20.561  -9.624  -3.815 0.0000000000
65556  -21.551  -10.789  -3.967 0.0000000000
66490  -22.554  -10.151  -3.498 0.0000000000
65529  -22.399  -11.114  -3.676 0.0000000000
61590  -26.784  -15.344  -3.044 0.0000000000
116479  -27.100  -14.374  -3.193 0.0000000000
61591  -27.676  -15.347  -3.265 0.0000000000
61593  -28.701  -15.495  -3.219 0.0000000000
125978  -27.967  -16.117  -3.357 0.0000000000
80195  -27.356  5.733  -1.799 0.0000000000
80194  -26.458  5.396  -1.539 0.0000000000
80196  -28.381  5.778  -1.651 0.0000000000
81089  -28.697  6.489  -1.886 0.0000000000
80198  -30.060  6.206  -0.990 0.0000000000
79323  -29.025  5.160  -1.164 0.0000000000
77554  -29.532  2.371  1.214 0.0000000000
77555  -30.473  2.400  1.636 0.0000000000
76730  -30.815  1.451  1.995 0.0000000000
72722  -23.276  -2.992  -2.809 0.0000000000
111539  -22.484  -2.895  -1.043 0.0000000000
73611  -22.971  -2.286  -2.445 0.0000000000
74410  -22.627  -1.482  -2.229 0.0000000000
74425  -23.827  -1.382  -3.703 0.0000000000
75182  -24.449  -0.619  -3.872 0.0000000000
74427  -25.059  -1.306  -3.908 0.0000000000
73565  -32.357  -2.463  1.591 0.0000000000
74367  -31.548  -2.083  1.839 0.0000000000
67377  -30.476  -9.591  -0.248 0.0000000000
58479  -24.829  -18.192  1.872 0.0000000000
59497  -24.615  -17.549  1.284 0.0000000000
59496  -23.924  -17.172  1.260 0.0000000000
64530  -23.057  -11.527  -1.258 0.0000000000
117091  -23.361  -11.457  -1.822 0.0000000000
63530  -23.576  -13.259  -1.238 0.0000000000
62537  -24.961  -14.214  -1.953 0.0000000000
62521  -24.509  -14.651  -1.220 0.0000000000
78451  -25.715  4.255  -2.442 0.0000000000
78452  -26.794  4.123  -1.709 0.0000000000
123112  -25.660  2.490  -2.166 0.0000000000
77572  -26.422  2.451  -1.670 0.0000000000
77562  -27.827  2.122  -0.787 0.0000000000
76749  -27.413  1.630  -0.905 0.0000000000
70081  -22.784  -6.385  -1.354 0.0000000000
125114  -23.029  -5.987  -1.665 0.0000000000
71855  -24.341  -4.744  -3.811 0.0000000000
121210  -23.818  -5.027  -3.205 0.0000000000
72739  -24.335  -3.942  -3.788 0.0000000000
72738  -23.627  -3.622  -3.294 0.0000000000
72755  -25.687  -3.581  -4.316 0.0000000000
72740  -26.087  -3.098  -4.164 0.0000000000
72741  -26.412  -3.505  -3.811 0.0000000000
71818  -29.110  -4.322  -0.888 0.0000000000
120016  -28.624  -3.866  -1.379 0.0000000000
72700  -29.878  -4.213  0.142 0.0000000000
72683  -30.466  -3.902  0.729 0.0000000000
71803  -30.974  -4.405  0.758 0.0000000000
109552  -33.126  -3.978  0.872 0.0000000000
71804  -31.694  -4.602  1.130 0.0000000000
111932  -31.369  -5.865  0.580 0.0000000000
70951  -32.870  -5.447  0.679 0.0000000000
70059  -34.283  -6.423  0.238 0.0000000000
58468  -26.157  -18.223  2.806 0.0000000000
68278  -21.934  -8.530  -1.062 0.0000000000
69164  -22.031  -7.949  -0.695 0.0000000000
69179  -22.480  -8.380  -1.743 0.0000000000
108410  -22.968  -8.622  -3.567 0.0000000000
108386  -22.879  -8.142  -3.242 0.0000000000
68297  -23.539  -8.280  -3.426 0.0000000000
68298  -24.335  -8.111  -3.462 0.0000000000
68300  -25.832  -8.151  -3.678 0.0000000000
68299  -25.094  -8.500  -3.594 0.0000000000
67418  -26.346  -9.398  -3.432 0.0000000000
117811  -26.619  -10.082  -3.334 0.0000000000
66479  -27.339  -10.246  -2.919 0.0000000000
66495  -26.940  -10.881  -3.146 0.0000000000
63540  -24.492  -12.379  -2.233 0.0000000000
64565  -24.791  -11.777  -2.740 0.0000000000
123750  -27.695  -13.078  -3.098 0.0000000000
64568  -27.197  -12.428  -3.190 0.0000000000
64569  -27.706  -12.465  -2.956 0.0000000000
65535  -27.795  -11.862  -2.774 0.0000000000
64545  -28.251  -12.356  -2.592 0.0000000000
65515  -28.720  -12.001  -1.813 0.0000000000
64546  -28.564  -12.961  -2.244 0.0000000000
63532  -28.740  -13.636  -1.689 0.0000000000
62523  -28.876  -14.343  -1.190 0.0000000000
125918  -29.953  -13.860  0.026 0.0000000000
78444  -28.885  3.989  -0.264 0.0000000000
79314  -29.285  4.754  -0.328 0.0000000000
79300  -29.751  4.453  0.408 0.0000000000
71801  -21.861  -5.031  0.679 0.0000000000
112710  -22.517  0.205  -1.485 0.0000000000
75905  -22.820  0.968  -2.039 0.0000000000
76769  -23.947  1.569  -2.931 0.0000000000
75919  -23.495  0.798  -2.912 0.0000000000
75153  -26.333  -0.248  -1.992 0.0000000000
75152  -25.660  0.253  -2.643 0.0000000000
75141  -26.871  0.057  -1.053 0.0000000000
129231  -27.176  0.484  -0.605 0.0000000000
75898  -27.370  0.022  -0.032 0.0000000000
112759  -27.520  -2.227  -1.889 0.0000000000
74414  -26.806  -1.899  -2.433 0.0000000000
74390  -27.941  -2.026  0.038 0.0000000000
113028  -31.376  -1.360  2.105 0.0000000000
75118  -29.840  -0.502  1.567 0.0000000000
75134  -29.253  0.030  1.077 0.0000000000
119791  -30.547  -0.069  1.996 0.0000000000
75121  -32.600  -0.422  1.654 0.0000000000
69180  -28.669  -7.659  -1.931 0.0000000000
69181  -29.247  -7.473  -1.463 0.0000000000
68261  -29.543  -8.110  -1.214 0.0000000000
69153  -32.356  -7.630  0.546 0.0000000000
60549  -22.854  -15.885  1.283 0.0000000000
61537  -23.236  -15.323  0.525 0.0000000000
123134  -25.544  -16.917  -0.657 0.0000000000
60586  -25.533  -16.288  -1.251 0.0000000000
110489  -25.933  -17.292  -1.349 0.0000000000
59499  -26.394  -17.407  1.330 0.0000000000
108175  -27.936  -18.296  -1.582 0.0000000000
63529  -23.061  -12.644  -0.775 0.0000000000
119265  -22.704  -13.036  0.078 0.0000000000
62509  -23.303  -14.544  -0.141 0.0000000000
78450  -24.997  4.122  -2.765 0.0000000000
77585  -24.874  3.031  -2.705 0.0000000000
76758  -25.167  2.003  -2.594 0.0000000000
70103  -23.969  -6.720  -2.982 0.0000000000
71005  -23.875  -5.860  -3.035 0.0000000000
70120  -24.964  -5.973  -4.242 0.0000000000
129486  -26.086  -5.386  -4.284 0.0000000000
71870  -26.295  -4.632  -4.142 0.0000000000
71841  -26.769  -3.990  -2.917 0.0000000000
111668  -26.642  -4.886  -2.891 0.0000000000
71843  -28.253  -4.960  -2.045 0.0000000000
71829  -29.380  -5.016  -1.055 0.0000000000
70949  -31.038  -5.056  0.534 0.0000000000
70961  -29.978  -5.553  -0.603 0.0000000000
118492  -30.589  -5.760  0.180 0.0000000000
70055  -30.957  -6.500  0.316 0.0000000000
66468  -21.057  -10.098  -2.215 0.0000000000
67402  -20.939  -8.907  -2.545 0.0000000000
123604  -20.873  -8.225  -3.017 0.0000000000
108976  -19.930  -8.222  -4.186 0.0000000000
67412  -21.152  -8.982  -3.813 0.0000000000
67414  -23.286  -9.290  -3.553 0.0000000000
67416  -25.074  -9.234  -3.569 0.0000000000
66492  -24.630  -10.202  -3.433 0.0000000000
66493  -25.499  -10.413  -3.432 0.0000000000
63542  -25.681  -13.354  -2.795 0.0000000000
64566  -26.001  -12.703  -3.140 0.0000000000
63559  -26.477  -13.424  -3.103 0.0000000000
116404  -27.252  -13.304  -3.233 0.0000000000
62556  -27.914  -13.973  -3.150 0.0000000000
63544  -28.469  -13.891  -2.605 0.0000000000
62558  -28.535  -14.738  -2.996 0.0000000000
61583  -28.715  -15.365  -2.734 0.0000000000
80178  -24.977  5.693  -1.184 0.0000000000
81087  -26.980  6.424  -2.033 0.0000000000
80181  -30.534  6.025  -0.223 0.0000000000
78432  -28.710  3.099  -0.112 0.0000000000
78434  -30.250  3.874  0.909 0.0000000000
78425  -29.849  3.117  1.188 0.0000000000
73592  -22.564  -2.404  -0.085 0.0000000000
113614  -22.461  -2.076  -0.916 0.0000000000
75165  -22.934  -0.662  -2.706 0.0000000000
75938  -24.032  0.157  -3.589 0.0000000000
75167  -24.697  0.132  -3.744 0.0000000000
75168  -25.786  -0.580  -2.995 0.0000000000
75154  -26.871  -0.693  -1.462 0.0000000000
115127  -29.478  -2.812  0.623 0.0000000000
73576  -28.672  -2.448  0.319 0.0000000000
74379  -29.964  -2.292  1.350 0.0000000000
74366  -30.683  -1.792  1.749 0.0000000000
74368  -32.259  -1.426  1.861 0.0000000000
68280  -29.149  -8.809  -1.609 0.0000000000
67376  -29.765  -9.008  -0.864 0.0000000000
67365  -31.044  -8.807  0.128 0.0000000000
123152  -23.286  -17.197  1.727 0.0000000000
118677  -23.362  -16.631  1.239 0.0000000000
128164  -23.885  -16.681  0.861 0.0000000000
60570  -23.795  -15.852  0.240 0.0000000000
60559  -24.158  -16.397  0.413 0.0000000000
60572  -25.633  -17.181  -0.099 0.0000000000
64542  -21.913  -12.241  -2.891 0.0000000000
129602  -22.261  -11.661  -3.223 0.0000000000
64563  -22.410  -11.728  -2.543 0.0000000000
64543  -23.792  -12.095  -2.033 0.0000000000
127147  -24.096  -12.892  -1.814 0.0000000000
63541  -24.863  -13.333  -2.242 0.0000000000
109933  -25.453  -13.931  -2.438 0.0000000000
62538  -25.710  -14.655  -2.275 0.0000000000
61582  -26.157  -15.440  -2.489 0.0000000000
80177  -24.536  5.442  -0.875 0.0000000000
79321  -27.064  4.883  -1.604 0.0000000000
78453  -27.938  4.103  -1.489 0.0000000000
78443  -28.458  3.528  -1.059 0.0000000000
77587  -26.637  3.263  -1.731 0.0000000000
77563  -28.096  2.324  0.028 0.0000000000
77564  -28.917  2.335  0.459 0.0000000000
76743  -28.376  1.638  0.422 0.0000000000
71817  -22.616  -5.130  -0.842 0.0000000000
70991  -23.486  -5.290  -2.594 0.0000000000
71839  -23.302  -4.644  -2.170 0.0000000000
110506  -22.692  -4.396  -1.152 0.0000000000
121208  -23.293  -3.831  -2.453 0.0000000000
73627  -24.895  -2.104  -4.074 0.0000000000
73628  -25.737  -2.183  -4.054 0.0000000000
73615  -27.241  -2.667  -2.373 0.0000000000
73601  -27.926  -2.852  -1.873 0.0000000000
72724  -27.601  -3.505  -2.336 0.0000000000
72710  -28.215  -3.473  -1.813 0.0000000000
73577  -28.941  -3.377  0.103 0.0000000000
73578  -30.194  -3.125  1.004 0.0000000000
73579  -31.020  -3.297  1.347 0.0000000000
72672  -32.718  -3.247  1.216 0.0000000000
72673  -33.418  -3.268  0.681 0.0000000000
72686  -33.867  -4.023  0.359 0.0000000000
66455  -30.270  -10.489  -0.328 0.0000000000
109957  -22.512  -7.251  -1.205 0.0000000000
131642  -22.893  -6.910  -1.633 0.0000000000
108380  -22.187  -8.497  -2.690 0.0000000000
108396  -22.556  -8.226  -2.778 0.0000000000
123606  -23.445  -7.292  -2.551 0.0000000000
69202  -24.522  -7.199  -3.556 0.0000000000
109968  -25.981  -7.290  -4.083 0.0000000000
69189  -26.330  -7.047  -3.860 0.0000000000
113520  -27.718  -6.947  -2.568 0.0000000000
69204  -26.353  -7.736  -3.510 0.0000000000
69205  -26.923  -7.976  -2.971 0.0000000000
68285  -27.225  -8.527  -2.844 0.0000000000
115182  -25.770  -8.972  -3.567 0.0000000000
67403  -27.074  -9.370  -3.051 0.0000000000
68286  -27.843  -8.875  -2.521 0.0000000000
67393  -28.529  -9.440  -2.134 0.0000000000
66470  -28.724  -10.335  -1.970 0.0000000000
112480  -23.164  -11.297  -3.068 0.0000000000
65531  -24.988  -11.030  -3.145 0.0000000000
65532  -25.942  -11.229  -3.330 0.0000000000
128882  -26.922  -11.875  -3.224 0.0000000000
65533  -26.648  -11.391  -3.257 0.0000000000
65513  -27.689  -11.082  -2.741 0.0000000000
65499  -28.725  -11.118  -1.862 0.0000000000
66471  -29.237  -10.616  -1.373 0.0000000000
121607  -29.263  -12.012  -0.888 0.0000000000
64510  -29.455  -12.718  -0.531 0.0000000000
80162  -30.067  5.233  0.213 0.0000000000
76756  -23.333  1.681  -2.443 0.0000000000
75921  -24.995  0.638  -3.159 0.0000000000
75906  -25.522  1.093  -2.528 0.0000000000
75897  -26.867  0.999  -1.093 0.0000000000
75891  -28.842  0.772  0.673 0.0000000000
74413  -26.151  -1.384  -2.916 0.0000000000
74399  -26.506  -1.065  -2.149 0.0000000000
74377  -28.497  -1.454  0.435 0.0000000000
75132  -27.660  -1.053  0.133 0.0000000000
75133  -28.365  -0.252  0.498 0.0000000000
75892  -29.524  0.825  1.334 0.0000000000
75877  -30.316  0.766  1.784 0.0000000000
76731  -31.733  1.279  2.083 0.0000000000
116352  -28.855  -7.034  -1.668 0.0000000000
70082  -29.373  -6.684  -1.318 0.0000000000
69151  -30.746  -7.100  0.021 0.0000000000
69152  -31.480  -7.222  0.370 0.0000000000
70057  -32.461  -6.759  0.554 0.0000000000
62492  -22.803  -14.541  0.602 0.0000000000
62510  -23.889  -14.841  -0.692 0.0000000000
60571  -24.358  -15.964  -0.123 0.0000000000
61552  -24.442  -15.377  -0.655 0.0000000000
61564  -24.995  -15.501  -1.239 0.0000000000
60598  -26.069  -16.449  -1.998 0.0000000000
60599  -26.863  -16.964  -2.518 0.0000000000
114163  -25.830  -17.499  0.949 0.0000000000
111510  -26.006  -17.403  0.062 0.0000000000
59526  -26.610  -17.880  -0.580 0.0000000000
108451  -26.924  -17.649  -0.256 0.0000000000
58504  -26.856  -18.532  -1.077 0.0000000000
58512  -26.986  -18.548  -1.549 0.0000000000
59549  -27.564  -17.635  -2.533 0.0000000000
59555  -28.319  -17.486  -3.084 0.0000000000
123807  -29.093  -17.357  -2.841 0.0000000000
58503  -26.539  -18.049  -1.411 0.0000000000
58513  -27.433  -18.583  -1.341 0.0000000000
58519  -27.425  -18.334  -1.966 0.0000000000
58525  -28.791  -17.946  -2.998 0.0000000000
59548  -26.860  -18.069  -2.033 0.0000000000
59556  -28.889  -17.503  -3.070 0.0000000000
60607  -27.731  -16.856  -3.125 0.0000000000
60608  -28.579  -16.675  -3.260 0.0000000000
60609  -29.105  -17.035  -3.018 0.0000000000
61553  -29.020  -15.027  -0.799 0.0000000000
61565  -25.662  -15.457  -1.745 0.0000000000
61592  -28.488  -15.577  -3.402 0.0000000000
62539  -26.324  -14.781  -2.900 0.0000000000
62557  -28.401  -14.808  -3.297 0.0000000000
63560  -28.269  -14.184  -2.996 0.0000000000
64541  -21.127  -12.009  -2.982 0.0000000000
64567  -26.456  -12.027  -3.262 0.0000000000
65479  -29.735  -11.130  -0.681 0.0000000000
65511  -20.550  -11.303  -2.814 0.0000000000
65514  -28.281  -11.561  -2.419 0.0000000000
65527  -20.648  -11.189  -3.342 0.0000000000
65530  -24.218  -11.163  -2.836 0.0000000000
66478  -20.012  -10.631  -2.865 0.0000000000
66487  -20.038  -9.794  -3.419 0.0000000000
66488  -20.639  -10.474  -3.577 0.0000000000
66489  -21.187  -10.870  -4.022 0.0000000000
66516  -21.135  -10.391  -4.017 0.0000000000
67401  -19.933  -8.944  -3.450 0.0000000000
67413  -22.249  -9.241  -3.537 0.0000000000
67415  -24.296  -9.411  -3.564 0.0000000000
67417  -25.817  -9.809  -3.551 0.0000000000
67435  -19.991  -8.793  -4.060 0.0000000000
68262  -30.068  -8.043  -0.594 0.0000000000
68319  -20.178  -8.611  -4.211 0.0000000000
69165  -29.843  -7.200  -0.912 0.0000000000
69190  -26.906  -7.208  -2.964 0.0000000000
69191  -27.835  -7.825  -2.530 0.0000000000
70054  -22.221  -6.440  0.112 0.0000000000
70058  -33.488  -6.561  0.506 0.0000000000
70067  -30.305  -6.536  -0.297 0.0000000000
70091  -23.507  -6.172  -2.468 0.0000000000
70092  -26.573  -6.461  -3.497 0.0000000000
70094  -28.046  -6.311  -2.375 0.0000000000
70104  -24.469  -6.349  -3.678 0.0000000000
70962  -30.334  -5.045  -0.104 0.0000000000
70990  -23.205  -5.550  -1.942 0.0000000000
71017  -25.092  -5.212  -4.363 0.0000000000
71802  -22.455  -5.086  0.031 0.0000000000
71819  -29.805  -4.670  -0.445 0.0000000000
71827  -22.972  -4.747  -1.549 0.0000000000
71828  -28.777  -4.580  -1.469 0.0000000000
71842  -27.540  -4.481  -2.435 0.0000000000
71856  -26.454  -4.310  -3.772 0.0000000000
71868  -24.868  -4.395  -4.291 0.0000000000
72671  -31.927  -3.305  1.523 0.0000000000
72681  -22.341  -4.337  0.283 0.0000000000
72682  -29.683  -3.629  0.389 0.0000000000
72684  -31.364  -3.938  1.224 0.0000000000
72699  -29.308  -4.069  -0.214 0.0000000000
72702  -34.311  -4.011  -0.324 0.0000000000
72711  -28.345  -3.172  -1.252 0.0000000000
72754  -25.006  -3.679  -4.337 0.0000000000
72756  -26.217  -3.909  -4.164 0.0000000000
73564  -30.798  -2.573  1.510 0.0000000000
73593  -27.902  -2.313  -1.095 0.0000000000
73612  -23.447  -2.176  -3.253 0.0000000000
73614  -26.534  -2.517  -2.865 0.0000000000
73629  -26.272  -2.748  -3.776 0.0000000000
74378  -29.871  -1.405  1.502 0.0000000000
74400  -27.279  -1.490  -1.503 0.0000000000
74411  -23.213  -1.444  -2.955 0.0000000000
74412  -25.607  -1.310  -3.649 0.0000000000
74426  -24.450  -1.472  -3.917 0.0000000000
75119  -30.613  -0.951  2.003 0.0000000000
75920  -24.304  0.784  -3.241 0.0000000000
76744  -29.197  1.574  0.922 0.0000000000
76748  -26.962  1.777  -1.398 0.0000000000
77574  -28.185  2.718  -0.996 0.0000000000
77594  -24.405  2.221  -2.812 0.0000000000
108166  -28.112  -18.087  -1.618 0.0000000000
108167  -29.060  -16.830  -2.868 0.0000000000
108168  -28.675  -17.645  -2.322 0.0000000000
108173  -27.717  -18.470  -1.207 0.0000000000
108177  -28.176  -17.997  -2.522 0.0000000000
108197  -19.856  -8.247  -3.743 0.0000000000
108198  -21.934  -8.787  -2.453 0.0000000000
108199  -20.072  -7.863  -3.713 0.0000000000
108200  -20.519  -8.092  -3.954 0.0000000000
108469  -20.014  -8.381  -3.248 0.0000000000
108514  -29.061  -17.750  -2.943 0.0000000000
110753  -28.325  -10.885  -2.342 0.0000000000
114731  -30.390  -8.678  -0.312 0.0000000000
115712  -24.479  -8.808  -3.549 0.0000000000
115924  -24.403  -3.003  -3.905 0.0000000000
117241  -23.684  -2.785  -3.456 0.0000000000
117708  -27.391  0.923  -0.240 0.0000000000
117781  -32.205  -6.017  0.624 0.0000000000
119125  -23.158  -4.071  -1.848 0.0000000000
119182  -19.941  -9.488  -2.876 0.0000000000
119305  -23.195  -10.767  -3.428 0.0000000000
119748  -23.363  -0.005  -3.069 0.0000000000
121514  -23.680  -10.084  -3.437 0.0000000000
121648  -27.923  -18.225  -1.902 0.0000000000
121703  -21.894  -8.586  -3.347 0.0000000000
122962  -26.589  -16.057  -2.645 0.0000000000
123576  -20.990  -9.536  -3.950 0.0000000000
123605  -21.200  -8.334  -3.212 0.0000000000
126632  -29.233  4.269  0.155 0.0000000000
127176  -23.857  -4.345  -3.356 0.0000000000
128765  -21.742  -12.068  -3.107 0.0000000000
130013  -28.864  -16.189  -3.164 0.0000000000
130293  -29.044  -8.109  -1.657 0.0000000000
131166  -26.479  -5.840  -4.023 0.0000000000
131447  -29.847  0.214  1.585 0.0000000000
