#!ascii label  , from subject sub-v1s6x0051321_ses-1 vox2ras=TkReg
1123
128513  -26.240  -22.578  4.434 0.4285714328
56484  -26.454  -20.566  4.545 0.2857142985
55587  -27.045  -21.271  4.678 0.4285714328
119502  -27.267  -20.270  4.671 0.4285714328
57424  -28.060  -20.001  4.672 0.4285714328
57423  -26.712  -19.661  4.473 0.2857142985
122275  -27.493  -19.418  4.572 0.4285714328
130677  -28.163  -19.280  4.630 0.4285714328
58454  -27.268  -18.185  3.974 0.4285714328
58455  -27.874  -17.871  4.204 0.4285714328
59479  -27.357  -17.365  2.656 0.4285714328
59480  -28.031  -16.957  3.100 0.4285714328
117828  -27.477  -16.708  1.243 0.5714285970
108181  -27.818  -16.638  2.110 0.5714285970
108190  -28.386  -16.404  2.722 0.4285714328
108191  -29.172  -15.545  2.189 0.2857142985
108180  -28.126  -16.138  1.187 0.7142857313
108186  -28.856  -15.588  1.358 0.7142857313
61521  -30.350  -14.594  1.767 0.7142857313
108187  -28.651  -15.752  0.708 0.7142857313
61520  -29.600  -15.092  1.492 0.5714285970
62472  -31.799  -14.243  1.135 0.5714285970
61539  -30.183  -14.670  0.761 0.5714285970
114443  -30.820  -14.275  0.685 0.5714285970
62494  -31.516  -14.120  0.630 0.5714285970
63483  -32.205  -13.965  0.625 0.5714285970
61554  -29.607  -14.987  0.014 0.5714285970
63484  -32.942  -13.659  0.986 0.4285714328
63500  -32.576  -13.467  0.499 0.5714285970
64491  -34.026  -12.637  0.410 0.5714285970
63520  -29.964  -13.139  0.004 0.7142857313
64490  -33.055  -12.931  0.441 0.7142857313
64492  -35.074  -12.626  0.543 0.5714285970
63499  -31.874  -13.709  0.401 0.5714285970
63532  -28.740  -13.636  -1.689 0.5714285970
65467  -31.769  -12.234  0.563 0.8571428657
65470  -34.851  -11.969  0.250 0.7142857313
64512  -35.587  -12.164  0.142 0.5714285970
65466  -30.880  -12.131  0.414 0.7142857313
64511  -30.003  -12.163  -0.102 0.5714285970
65481  -35.114  -11.119  -0.394 0.7142857313
65482  -35.767  -11.757  -0.587 0.5714285970
65468  -32.650  -12.311  0.517 0.7142857313
126650  -34.135  -11.869  0.291 0.7142857313
110823  -35.611  -11.295  -1.336 0.5714285970
65469  -33.646  -11.275  0.431 0.7142857313
118819  -32.223  -11.429  0.689 0.5714285970
66446  -32.874  -10.795  0.677 0.7142857313
66456  -34.729  -10.349  -0.187 0.7142857313
66481  -35.371  -10.706  -2.720 0.7142857313
65501  -35.857  -11.205  -2.270 0.7142857313
121576  -34.372  -10.062  0.207 0.7142857313
67395  -34.864  -9.903  -1.582 0.7142857313
120543  -35.015  -10.214  -3.180 0.7142857313
66496  -35.308  -10.895  -3.609 0.5714285970
67378  -34.563  -9.561  -0.033 0.7142857313
66445  -31.913  -10.429  0.695 0.5714285970
67439  -34.448  -10.223  -4.755 0.5714285970
67444  -33.899  -10.663  -5.580 0.5714285970
122230  -34.649  -9.096  -0.502 0.8571428657
67369  -34.120  -9.306  0.421 0.8571428657
108678  -34.830  -9.443  -4.247 0.7142857313
68302  -35.045  -8.725  -3.473 0.7142857313
121350  -34.776  -9.136  -1.229 0.8571428657
68287  -34.922  -8.624  -2.495 0.7142857313
69217  -34.804  -7.532  -4.458 0.8571428657
68330  -33.522  -9.477  -6.020 0.5714285970
109544  -35.033  -7.895  -2.771 0.8571428657
69182  -35.220  -7.390  -2.142 0.8571428657
68281  -34.896  -8.478  -1.664 0.8571428657
110671  -35.051  -7.979  -2.094 0.8571428657
108728  -34.631  -6.218  -3.928 0.8571428657
71018  -34.420  -5.823  -4.473 0.8571428657
71857  -33.918  -4.198  -3.909 0.8571428657
69206  -35.024  -7.735  -3.622 0.8571428657
71007  -34.530  -5.569  -3.682 0.8571428657
71830  -34.597  -4.402  -1.285 1.0000000000
71858  -34.371  -4.767  -3.364 1.0000000000
70095  -35.036  -6.198  -2.480 0.8571428657
72727  -34.338  -3.770  -2.015 1.0000000000
117207  -34.773  -5.043  -1.845 1.0000000000
72712  -34.062  -3.085  -1.658 1.0000000000
73566  -32.919  -1.894  1.415 0.7142857313
123926  -33.933  -3.355  0.135 1.0000000000
73602  -33.870  -2.483  -1.388 1.0000000000
76732  -32.567  1.206  1.692 1.0000000000
76731  -31.733  1.279  2.083 0.8571428657
127886  -31.295  2.781  1.752 0.8571428657
77556  -31.456  2.077  1.930 1.0000000000
80164  -31.904  5.682  0.859 0.8571428657
128337  -32.390  4.306  1.350 0.8571428657
79292  -31.879  4.038  1.470 1.0000000000
81072  -32.545  7.150  0.105 0.8571428657
81058  -32.255  6.416  0.464 0.8571428657
81861  -31.962  7.535  -0.468 0.7142857313
81070  -30.633  6.636  -0.764 0.5714285970
82646  -31.098  8.430  -1.479 0.7142857313
82631  -32.670  8.545  -1.050 0.5714285970
81888  -29.764  8.200  -2.119 0.5714285970
81874  -29.895  7.335  -1.703 0.5714285970
82660  -28.781  8.527  -2.425 0.4285714328
119387  -29.583  10.273  -2.573 0.4285714328
84152  -30.465  10.403  -2.263 0.4285714328
83411  -28.287  9.197  -1.603 0.2857142985
117817  -28.501  9.977  -1.805 0.2857142985
83424  -28.371  9.708  -2.063 0.2857142985
122465  -29.066  9.580  -0.944 0.2857142985
115869  -35.181  -11.608  0.021 0.5714285970
67438  -34.212  -9.529  -5.197 0.5714285970
109030  -34.914  -9.409  -2.868 0.7142857313
67419  -34.943  -9.605  -3.590 0.7142857313
68320  -34.505  -8.391  -5.290 0.8571428657
108681  -34.577  -7.279  -5.304 0.8571428657
109363  -34.352  -6.310  -5.292 0.8571428657
71872  -34.184  -5.005  -4.242 0.8571428657
74380  -33.469  -1.154  0.555 0.8571428657
84136  -29.729  10.415  0.715 0.1428571492
57422  -25.938  -19.942  4.270 0.2857142985
57445  -26.253  -19.204  3.978 0.2857142985
58430  -26.969  -18.857  4.327 0.2857142985
58431  -27.819  -18.587  4.471 0.4285714328
59462  -28.366  -17.284  4.033 0.4285714328
58453  -26.550  -18.519  3.640 0.2857142985
126175  -27.055  -17.169  1.746 0.5714285970
108172  -27.978  -17.033  -0.442 0.2857142985
108182  -28.332  -16.307  0.239 0.7142857313
61538  -29.310  -15.352  0.511 0.7142857313
63485  -33.936  -13.610  1.521 0.4285714328
62511  -29.473  -14.415  -0.329 0.7142857313
125918  -29.953  -13.860  0.026 0.7142857313
63501  -33.371  -13.209  0.652 0.5714285970
63502  -34.421  -13.135  0.808 0.4285714328
116711  -33.443  -12.181  0.414 0.7142857313
64510  -29.455  -12.718  -0.531 0.5714285970
65516  -35.905  -11.263  -3.230 0.5714285970
65502  -36.689  -11.589  -1.763 0.5714285970
66447  -33.744  -10.226  0.508 0.7142857313
66448  -34.526  -11.009  0.150 0.7142857313
70083  -35.253  -6.639  -1.750 1.0000000000
72743  -34.193  -3.952  -3.027 1.0000000000
71821  -34.633  -4.800  -0.529 1.0000000000
123776  -33.139  -2.568  1.146 0.8571428657
75120  -31.560  -0.485  2.215 0.7142857313
75121  -32.600  -0.422  1.654 1.0000000000
75135  -33.531  -0.514  0.040 1.0000000000
75879  -32.141  0.435  2.029 0.7142857313
75122  -33.416  -0.306  1.011 1.0000000000
119791  -30.547  -0.069  1.996 0.7142857313
118920  -32.191  1.832  1.825 0.8571428657
79302  -31.608  4.814  1.217 0.8571428657
78428  -32.591  3.515  1.445 1.0000000000
77558  -33.133  2.728  1.363 1.0000000000
113253  -31.701  6.933  0.067 0.7142857313
82661  -29.546  9.027  -2.414 0.7142857313
81090  -30.213  6.753  -1.228 0.5714285970
81875  -30.569  7.935  -1.585 0.7142857313
81106  -28.419  7.790  -2.343 0.4285714328
84162  -28.584  10.418  -2.244 0.2857142985
122617  -28.909  10.198  -2.520 0.4285714328
83426  -31.707  9.408  -1.468 0.4285714328
84164  -29.748  10.939  -2.616 0.4285714328
84143  -28.918  10.585  -1.313 0.2857142985
84163  -28.933  10.794  -2.554 0.4285714328
108406  -28.519  -16.296  -1.372 0.4285714328
123621  -28.674  -15.595  -1.315 0.4285714328
83437  -29.254  9.694  -2.538 0.4285714328
83436  -28.619  9.745  -2.336 0.2857142985
84151  -28.399  10.652  -1.996 0.2857142985
54668  -26.888  -22.509  4.516 0.4285714328
55586  -26.137  -21.688  4.491 0.2857142985
115513  -27.883  -20.907  4.710 0.4285714328
58469  -26.930  -17.932  3.157 0.2857142985
59461  -27.630  -17.586  3.560 0.4285714328
59478  -26.604  -17.684  2.290 0.4285714328
108496  -27.696  -16.772  0.427 0.2857142985
110254  -28.523  -16.019  2.065 0.4285714328
108183  -28.916  -15.983  0.066 0.5714285970
108539  -28.881  -15.713  -0.434 0.5714285970
113612  -30.159  -14.326  0.371 0.5714285970
63498  -30.779  -13.687  0.410 0.5714285970
64489  -32.266  -13.107  0.370 0.7142857313
63519  -29.260  -13.548  -0.642 0.7142857313
64488  -31.374  -13.057  0.386 0.7142857313
62523  -28.876  -14.343  -1.190 0.7142857313
124901  -36.096  -11.673  -1.201 0.5714285970
66457  -34.999  -10.553  -1.051 0.7142857313
66444  -31.341  -11.304  0.547 0.7142857313
121753  -34.961  -10.039  -2.379 0.7142857313
119636  -32.766  -9.925  0.734 0.8571428657
68321  -34.888  -8.520  -4.413 0.8571428657
70096  -35.093  -6.989  -2.813 0.8571428657
70122  -34.609  -6.644  -4.501 0.8571428657
111515  -35.105  -7.542  -1.371 0.8571428657
70995  -34.691  -5.446  -2.711 1.0000000000
73595  -33.618  -2.540  0.269 1.0000000000
74368  -32.259  -1.426  1.861 0.8571428657
81057  -31.350  6.276  0.379 0.8571428657
81071  -31.242  7.137  -0.606 0.7142857313
81876  -31.387  7.826  -1.132 0.7142857313
81091  -30.673  7.230  -1.165 0.5714285970
129681  -29.183  7.770  -2.246 0.5714285970
82659  -28.014  8.390  -2.243 0.4285714328
114975  -28.331  9.087  -2.240 0.4285714328
83438  -30.070  9.634  -2.411 0.4285714328
82630  -28.821  8.704  -0.461 0.2857142985
83405  -29.476  9.462  0.112 0.2857142985
108176  -28.424  -16.374  -0.558 0.2857142985
82645  -30.458  8.828  -1.900 0.5714285970
85571  -30.640  13.376  -2.371 0.2857142985
86888  -28.881  14.601  -2.910 0.1428571492
84876  -30.529  12.476  -2.401 0.2857142985
85559  -31.515  12.776  -1.836 0.2857142985
86229  -28.852  13.683  -2.835 0.1428571492
87602  -28.552  14.879  -2.476 0.1428571492
84874  -28.424  11.369  -2.108 0.1428571492
84875  -28.998  11.645  -2.685 0.2857142985
126070  -28.257  12.114  -2.230 0.1428571492
85548  -32.815  12.115  -0.773 0.2857142985
82635  -36.372  8.846  -0.717 0.2857142985
120038  -34.024  10.695  -0.333 0.2857142985
86887  -28.118  14.194  -2.030 0.1428571492
123306  -30.928  11.060  -2.014 0.2857142985
82633  -34.343  8.506  -0.485 0.2857142985
84854  -32.567  11.286  -1.036 0.2857142985
84865  -31.221  11.839  -1.994 0.2857142985
80183  -36.330  6.002  -1.206 0.1428571492
126713  -34.391  9.269  -0.520 0.2857142985
84144  -33.073  10.415  -0.837 0.2857142985
86228  -28.237  13.486  -2.336 0.1428571492
124462  -32.286  10.613  -1.281 0.2857142985
114581  -31.786  11.187  -1.547 0.2857142985
127348  -34.447  4.199  -4.786 0.1428571492
79329  -36.478  4.728  -2.909 0.1428571492
81865  -35.513  7.331  -0.399 0.4285714328
83427  -32.376  9.127  -1.278 0.2857142985
78454  -34.957  3.335  -1.569 0.2857142985
81061  -34.853  6.041  0.166 0.4285714328
81863  -33.799  7.814  -0.297 0.2857142985
83425  -30.866  9.616  -1.750 0.2857142985
77604  -33.385  2.646  -3.437 0.1428571492
125805  -35.814  4.595  -1.686 0.2857142985
81850  -34.048  7.100  0.156 0.4285714328
114293  -34.379  4.666  0.458 0.5714285970
81073  -33.336  7.294  0.022 0.7142857313
130675  -32.666  1.606  -3.595 0.1428571492
112798  -33.620  2.626  -2.721 0.1428571492
81059  -33.343  6.515  0.364 0.7142857313
81862  -32.873  7.835  -0.539 0.4285714328
78436  -34.776  3.552  0.031 0.4285714328
75950  -31.788  0.358  -4.139 0.2857142985
76771  -32.717  1.067  -3.084 0.7142857313
118068  -33.576  4.753  0.718 0.7142857313
119211  -33.543  2.056  1.066 0.8571428657
77588  -34.017  1.988  -0.875 0.8571428657
78435  -34.078  3.792  0.599 0.5714285970
74454  -31.242  -0.973  -5.090 0.2857142985
75197  -31.385  -0.277  -4.566 0.2857142985
77566  -34.361  2.963  0.157 0.7142857313
79301  -30.612  4.670  0.805 0.5714285970
78429  -33.371  3.393  1.104 0.8571428657
125823  -31.203  -1.591  -5.586 0.1428571492
75922  -32.837  0.412  -2.711 0.7142857313
73665  -30.896  -2.850  -6.524 0.1428571492
70949  -31.038  -5.056  0.534 0.5714285970
72673  -33.418  -3.268  0.681 0.8571428657
72672  -32.718  -3.247  1.216 0.8571428657
72685  -32.275  -3.972  1.260 0.4285714328
73565  -32.357  -2.463  1.591 0.5714285970
75880  -33.006  0.462  1.429 0.8571428657
74430  -33.234  -1.821  -2.678 0.8571428657
75893  -33.656  0.713  0.092 0.8571428657
72768  -31.571  -3.223  -6.065 0.2857142985
75170  -33.306  -0.610  -2.281 0.8571428657
75899  -33.660  0.655  -0.789 0.8571428657
77565  -33.770  2.847  0.786 0.8571428657
71893  -31.475  -4.415  -7.510 0.4285714328
74442  -32.201  -1.581  -4.100 0.7142857313
75169  -32.736  -0.413  -2.772 0.7142857313
70961  -29.978  -5.553  -0.603 0.2857142985
71805  -32.604  -4.691  0.998 0.5714285970
71804  -31.694  -4.602  1.130 0.5714285970
72713  -34.333  -3.629  -1.133 0.8571428657
111014  -33.653  -1.874  -1.750 0.8571428657
74391  -33.537  -1.211  -0.371 0.8571428657
74416  -33.469  -1.174  -2.076 0.8571428657
75143  -33.580  -0.536  -0.819 0.8571428657
72769  -32.305  -3.556  -5.639 0.4285714328
73630  -32.739  -2.133  -3.600 0.8571428657
74415  -33.062  -1.073  -2.583 0.8571428657
71894  -32.017  -4.776  -6.978 0.4285714328
67377  -30.476  -9.591  -0.248 0.7142857313
68261  -29.543  -8.110  -1.214 0.4285714328
113661  -31.842  -8.943  0.474 0.7142857313
119586  -33.796  -7.912  0.652 0.8571428657
69152  -31.480  -7.222  0.370 0.5714285970
70055  -30.957  -6.500  0.316 0.5714285970
70066  -29.810  -6.339  -0.895 0.4285714328
113751  -34.520  -7.014  0.064 0.8571428657
70056  -31.666  -6.480  0.510 0.5714285970
70950  -31.945  -5.326  0.982 0.5714285970
70964  -35.183  -5.993  -0.984 0.8571428657
70963  -34.781  -5.498  -0.409 0.7142857313
70951  -32.870  -5.447  0.679 0.5714285970
71028  -33.908  -5.352  -5.192 0.7142857313
71871  -33.597  -4.466  -4.738 0.7142857313
72742  -33.587  -3.454  -3.528 0.7142857313
73631  -33.329  -2.691  -3.131 0.8571428657
70140  -32.303  -7.514  -8.371 0.2857142985
71037  -33.174  -5.795  -6.830 0.4285714328
71895  -32.882  -5.024  -6.539 0.5714285970
65480  -30.498  -11.253  0.049 0.4285714328
66454  -29.751  -10.084  -0.799 0.4285714328
67394  -29.246  -9.715  -1.509 0.4285714328
68263  -34.483  -8.762  0.023 0.7142857313
68254  -34.147  -8.496  0.457 0.7142857313
69167  -34.440  -7.844  0.156 0.7142857313
70068  -34.816  -6.369  -0.297 0.8571428657
70132  -34.298  -6.979  -6.261 0.7142857313
69233  -32.368  -8.072  -8.050 0.2857142985
70138  -33.440  -6.784  -7.092 0.5714285970
71029  -33.861  -6.036  -6.133 0.5714285970
121607  -29.263  -12.012  -0.888 0.4285714328
65500  -29.104  -11.365  -1.302 0.5714285970
124549  -30.967  -10.433  0.184 0.5714285970
68253  -33.408  -8.667  0.672 0.7142857313
126731  -32.965  -10.119  -6.520 0.4285714328
68342  -32.935  -8.602  -7.623 0.4285714328
68341  -32.717  -8.745  -8.171 0.4285714328
69228  -33.680  -7.849  -6.981 0.4285714328
62540  -28.676  -14.494  -2.249 0.5714285970
65483  -36.797  -11.841  -0.964 0.4285714328
65517  -36.754  -11.618  -2.842 0.4285714328
66535  -34.945  -11.882  -6.959 0.4285714328
112501  -34.840  -10.417  -4.087 0.4285714328
65564  -34.656  -11.625  -7.252 0.4285714328
131381  -33.089  -10.998  -6.370 0.4285714328
108195  -29.346  -16.445  3.793 0.1428571492
65536  -35.838  -11.554  -4.269 0.4285714328
65557  -35.563  -11.934  -5.317 0.4285714328
115895  -35.231  -12.053  -6.313 0.4285714328
108196  -29.473  -15.639  2.955 0.1428571492
61500  -30.601  -14.810  2.662 0.1428571492
63476  -33.285  -13.910  2.003 0.2857142985
63522  -37.593  -13.239  -1.057 0.2857142985
64570  -37.453  -13.638  -4.720 0.2857142985
64547  -37.548  -12.698  -2.465 0.2857142985
64493  -36.013  -12.802  0.400 0.4285714328
64587  -37.500  -13.868  -5.758 0.2857142985
65518  -37.303  -12.086  -2.524 0.2857142985
64514  -37.231  -12.402  -0.847 0.2857142985
65559  -37.017  -13.208  -5.003 0.2857142985
108490  -29.858  -16.051  3.636 0.1428571492
60534  -30.174  -15.419  3.146 0.1428571492
108162  -28.884  -15.989  2.818 0.1428571492
61501  -31.415  -14.602  2.964 0.2857142985
61502  -32.208  -14.605  3.078 0.2857142985
62477  -35.980  -14.714  1.386 0.2857142985
62512  -37.166  -14.085  0.166 0.2857142985
63504  -36.376  -13.681  0.717 0.2857142985
63486  -34.919  -13.682  1.418 0.2857142985
61487  -30.960  -15.325  3.332 0.1428571492
61504  -34.650  -15.554  2.358 0.2857142985
127921  -32.478  -15.378  3.292 0.2857142985
62458  -34.184  -14.751  2.305 0.2857142985
118127  -32.959  -14.986  2.944 0.2857142985
62459  -34.886  -14.905  2.010 0.2857142985
59447  -28.979  -17.546  4.444 0.1428571492
108193  -29.825  -16.687  4.184 0.1428571492
118792  -27.180  -23.269  4.626 0.2857142985
53781  -26.259  -23.270  4.478 0.2857142985
119919  -28.675  -18.808  4.630 0.2857142985
126573  -27.644  -22.873  4.487 0.1428571492
53752  -26.658  -23.649  4.869 0.2857142985
129271  -26.319  -23.810  5.237 0.1428571492
61488  -31.779  -15.338  3.392 0.1428571492
61489  -33.112  -15.869  3.251 0.2857142985
123251  -35.435  -15.016  1.727 0.2857142985
120552  -37.508  -13.828  -0.546 0.2857142985
63487  -35.761  -13.944  1.281 0.2857142985
63533  -37.664  -13.626  -2.411 0.2857142985
64513  -36.404  -12.322  -0.321 0.4285714328
65538  -37.234  -12.461  -3.625 0.2857142985
64592  -36.949  -13.404  -6.460 0.2857142985
68250  -30.775  -7.898  -0.032 0.7142857313
65562  -35.920  -13.206  -6.463 0.4285714328
120037  -32.958  -6.091  0.535 0.5714285970
66517  -34.738  -11.124  -5.264 0.4285714328
68334  -33.587  -8.993  -6.875 0.4285714328
67456  -33.064  -9.371  -8.263 0.2857142985
131125  -32.631  -8.002  -9.114 0.2857142985
71043  -32.608  -6.362  -7.574 0.5714285970
78427  -31.644  3.400  1.598 0.7142857313
72770  -32.991  -3.940  -5.208 0.7142857313
76745  -33.639  1.385  0.600 0.8571428657
80181  -30.534  6.025  -0.223 0.4285714328
79303  -32.606  4.945  1.097 0.7142857313
71036  -32.274  -5.588  -7.538 0.2857142985
76750  -33.825  1.362  -0.329 0.8571428657
79293  -33.148  4.120  1.117 0.8571428657
75184  -31.883  -0.394  -3.955 0.5714285970
84154  -32.360  9.856  -1.267 0.2857142985
77596  -34.251  2.877  -2.205 0.4285714328
78445  -35.227  3.895  -0.623 0.4285714328
86207  -28.201  13.484  -0.857 0.1428571492
81076  -36.007  6.622  -0.726 0.2857142985
79325  -36.371  4.871  -2.166 0.1428571492
84855  -33.371  11.400  -0.575 0.2857142985
120213  -27.702  -21.937  4.638 0.1428571492
116791  -28.792  -20.585  4.678 0.1428571492
58432  -28.468  -18.006  4.468 0.1428571492
108189  -31.329  -16.162  3.823 0.1428571492
60522  -32.360  -16.218  3.592 0.1428571492
62457  -31.966  -14.222  2.365 0.2857142985
119725  -33.451  -14.530  2.470 0.2857142985
62476  -35.251  -14.408  1.636 0.2857142985
62513  -37.530  -14.670  -0.670 0.2857142985
121847  -37.613  -14.254  -1.599 0.2857142985
63503  -35.472  -13.274  0.912 0.2857142985
126256  -37.469  -13.768  -6.059 0.2857142985
65563  -37.369  -12.539  -6.580 0.2857142985
67365  -31.044  -8.807  0.128 0.7142857313
69181  -29.247  -7.473  -1.463 0.4285714328
64591  -36.140  -13.504  -6.964 0.4285714328
71829  -29.380  -5.016  -1.055 0.2857142985
118492  -30.589  -5.760  0.180 0.5714285970
64594  -35.947  -13.318  -7.264 0.2857142985
131540  -35.192  -11.185  -4.453 0.4285714328
70057  -32.461  -6.759  0.554 0.7142857313
71820  -30.375  -4.566  0.241 0.2857142985
65567  -35.649  -11.566  -7.742 0.1428571492
66541  -34.321  -10.375  -7.937 0.4285714328
67457  -33.387  -10.177  -7.589 0.4285714328
68349  -34.661  -9.185  -8.885 0.1428571492
73616  -33.707  -2.518  -2.223 0.8571428657
68348  -33.576  -8.887  -9.045 0.1428571492
125629  -32.252  -6.519  -8.182 0.2857142985
71882  -32.631  -4.270  -6.101 0.5714285970
73642  -32.352  -2.435  -4.424 0.7142857313
72790  -30.997  -3.957  -8.312 0.2857142985
72780  -30.652  -3.182  -7.576 0.1428571492
73641  -31.746  -1.793  -4.970 0.4285714328
72781  -31.103  -3.708  -6.933 0.4285714328
74453  -30.587  -1.033  -5.768 0.1428571492
77595  -33.823  2.063  -1.987 0.5714285970
76787  -32.261  1.006  -3.780 0.1428571492
77603  -32.911  2.168  -3.831 0.1428571492
85568  -27.860  12.730  -2.008 0.1428571492
77576  -34.758  3.108  -0.578 0.5714285970
76798  -32.298  1.737  -4.246 0.1428571492
77605  -33.892  3.172  -2.998 0.1428571492
81864  -34.625  7.647  -0.189 0.2857142985
80182  -35.538  5.771  -0.475 0.2857142985
127842  -35.207  3.829  -2.190 0.2857142985
78465  -34.541  3.614  -3.518 0.1428571492
79332  -34.839  4.123  -4.194 0.1428571492
79328  -35.781  4.414  -3.205 0.1428571492
118023  -36.057  8.107  -0.569 0.2857142985
81878  -37.186  7.484  -1.508 0.2857142985
81093  -37.356  6.773  -1.961 0.1428571492
80201  -37.200  6.064  -2.306 0.1428571492
55589  -29.236  -21.359  4.729 0.1428571492
108631  -30.385  -17.039  4.365 0.1428571492
69248  -32.756  -7.393  -9.207 0.2857142985
80225  -35.691  5.374  -4.802 0.1428571492
82649  -37.466  8.327  -1.635 0.2857142985
54667  -25.629  -22.601  4.294 0.2857142985
57425  -28.783  -19.642  4.645 0.1428571492
60521  -28.741  -16.541  3.477 0.1428571492
118851  -29.239  -16.115  3.339 0.1428571492
62493  -31.078  -14.450  0.991 0.4285714328
62456  -31.160  -14.331  2.043 0.2857142985
61499  -29.839  -15.112  2.396 0.1428571492
62473  -32.515  -14.009  1.555 0.2857142985
110529  -31.374  -9.623  0.312 0.5714285970
66534  -33.588  -11.275  -6.805 0.4285714328
67367  -32.640  -9.154  0.696 0.7142857313
69168  -34.838  -7.288  -0.459 0.7142857313
72686  -33.867  -4.023  0.359 0.8571428657
70980  -35.071  -5.734  -1.805 0.8571428657
70979  -34.966  -5.209  -1.087 0.8571428657
72726  -33.887  -3.228  -2.642 0.8571428657
111113  -33.513  -1.765  0.123 0.8571428657
80163  -30.938  5.538  0.670 0.5714285970
80165  -32.944  5.643  0.637 0.7142857313
82647  -31.839  8.608  -1.306 0.2857142985
82632  -33.461  8.499  -0.753 0.2857142985
84153  -31.476  10.315  -1.603 0.2857142985
69224  -34.230  -8.094  -6.177 0.4285714328
59463  -29.131  -16.930  4.177 0.1428571492
61566  -28.765  -15.109  -1.803 0.5714285970
62475  -34.511  -14.187  1.895 0.2857142985
65537  -36.599  -12.017  -3.971 0.4285714328
71807  -34.312  -4.919  0.087 0.5714285970
119745  -33.600  0.084  -0.373 0.8571428657
77575  -34.019  2.138  0.207 0.8571428657
84864  -30.218  11.593  -2.509 0.2857142985
69155  -34.065  -7.175  0.500 0.8571428657
86230  -29.721  14.002  -2.708 0.1428571492
85570  -29.687  13.070  -2.727 0.2857142985
131635  -28.518  14.182  -2.554 0.1428571492
115839  -29.620  12.285  -2.683 0.2857142985
85560  -32.368  12.775  -1.160 0.2857142985
85569  -28.682  12.693  -2.658 0.1428571492
84866  -32.082  11.988  -1.417 0.2857142985
125866  -35.687  8.761  -0.465 0.2857142985
83413  -33.866  9.781  -0.584 0.2857142985
86219  -27.914  13.460  -1.598 0.1428571492
119873  -33.857  9.066  -0.766 0.2857142985
82634  -35.220  8.232  -0.351 0.2857142985
81075  -35.338  6.525  -0.261 0.2857142985
119264  -36.952  6.197  -1.728 0.1428571492
80209  -36.954  5.320  -2.652 0.1428571492
83412  -33.125  9.310  -1.017 0.2857142985
79333  -35.525  4.698  -3.977 0.1428571492
79324  -35.752  4.357  -2.395 0.1428571492
80215  -36.734  5.377  -3.401 0.1428571492
81866  -36.432  7.399  -0.881 0.1428571492
78458  -34.684  3.433  -2.568 0.1428571492
80166  -34.101  5.561  0.491 0.5714285970
79304  -34.941  5.156  0.190 0.4285714328
81074  -34.759  6.847  0.035 0.5714285970
78464  -33.223  2.725  -4.217 0.1428571492
76788  -33.119  1.961  -2.944 0.1428571492
80199  -35.959  5.151  -1.259 0.2857142985
78459  -35.206  3.944  -2.913 0.2857142985
79316  -35.380  4.778  -0.433 0.4285714328
79315  -34.905  4.271  0.160 0.5714285970
77589  -34.418  2.619  -1.295 0.5714285970
75939  -32.329  0.213  -3.385 0.5714285970
113050  -33.328  1.056  -2.287 0.7142857313
76760  -33.717  1.270  -1.358 0.7142857313
131181  -34.347  2.543  -0.446 0.7142857313
74441  -31.674  -1.007  -4.364 0.5714285970
73655  -31.988  -2.776  -5.245 0.4285714328
75923  -33.305  0.067  -2.241 0.8571428657
109552  -33.126  -3.978  0.872 0.5714285970
73579  -31.020  -3.297  1.347 0.4285714328
71803  -30.974  -4.405  0.758 0.4285714328
72782  -31.820  -4.014  -6.488 0.5714285970
74428  -32.069  -0.968  -3.822 0.8571428657
72757  -32.602  -3.241  -4.755 0.7142857313
67376  -29.765  -9.008  -0.864 0.4285714328
68251  -31.628  -8.141  0.371 0.7142857313
69153  -32.356  -7.630  0.546 0.7142857313
69154  -33.214  -7.328  0.606 0.7142857313
69166  -30.338  -7.342  -0.373 0.4285714328
69151  -30.746  -7.100  0.021 0.5714285970
111932  -31.369  -5.865  0.580 0.5714285970
70082  -29.373  -6.684  -1.318 0.4285714328
116352  -28.855  -7.034  -1.668 0.2857142985
70059  -34.283  -6.423  0.238 0.7142857313
70953  -34.478  -5.763  0.050 0.8571428657
108776  -33.496  -5.311  -6.078 0.5714285970
71883  -33.317  -4.662  -5.655 0.7142857313
66455  -30.270  -10.489  -0.328 0.5714285970
66471  -29.237  -10.616  -1.373 0.5714285970
110864  -33.171  -9.675  -7.432 0.4285714328
68347  -32.768  -8.572  -8.750 0.2857142985
65484  -37.290  -12.088  -1.569 0.2857142985
65565  -35.631  -12.650  -7.290 0.4285714328
66539  -33.592  -11.069  -7.283 0.4285714328
65558  -36.314  -12.647  -5.243 0.4285714328
122273  -32.723  -14.257  2.487 0.2857142985
62474  -33.880  -14.079  2.156 0.2857142985
64533  -37.511  -12.731  -1.567 0.2857142985
63521  -36.971  -13.144  -0.135 0.2857142985
122459  -37.498  -12.772  -3.357 0.2857142985
64586  -36.786  -13.569  -6.224 0.4285714328
108194  -30.517  -16.435  4.085 0.1428571492
109485  -30.562  -15.864  3.646 0.1428571492
62495  -36.676  -14.620  0.776 0.2857142985
61503  -33.797  -15.517  2.731 0.2857142985
53782  -28.017  -23.205  4.665 0.1428571492
53783  -28.851  -23.155  4.636 0.1428571492
67460  -33.843  -9.707  -8.507 0.2857142985
124795  -27.908  12.765  -1.162 0.1428571492
54669  -28.325  -22.611  4.552 0.1428571492
56485  -29.683  -20.700  4.768 0.1428571492
85546  -28.068  12.235  -0.846 0.1428571492
78434  -30.250  3.874  0.909 0.5714285970
77554  -29.532  2.371  1.214 0.4285714328
116279  -29.256  2.917  0.623 0.4285714328
78425  -29.849  3.117  1.188 0.5714285970
76729  -29.912  1.573  1.561 0.4285714328
77555  -30.473  2.400  1.636 0.5714285970
79291  -31.113  4.034  1.294 0.4285714328
75118  -29.840  -0.502  1.567 0.4285714328
75878  -31.192  0.568  2.219 0.4285714328
75892  -29.524  0.825  1.334 0.4285714328
75877  -30.316  0.766  1.784 0.5714285970
76730  -30.815  1.451  1.995 0.5714285970
74367  -31.548  -2.083  1.839 0.5714285970
63562  -38.554  -14.176  -5.039 0.1428571492
113103  -37.855  -14.206  -5.521 0.1428571492
114183  -38.609  -12.995  -5.364 0.1428571492
110722  -27.007  -17.176  0.582 0.2857142985
63545  -37.537  -13.741  -3.866 0.1428571492
62543  -39.063  -14.647  -3.761 0.1428571492
62560  -38.288  -14.797  -5.012 0.1428571492
127422  -39.586  -13.388  -3.032 0.1428571492
63546  -39.062  -14.116  -4.274 0.1428571492
64548  -39.610  -12.324  -2.240 0.1428571492
59499  -26.394  -17.407  1.330 0.2857142985
61567  -37.407  -15.229  -2.676 0.1428571492
126870  -37.549  -15.564  -4.169 0.1428571492
126781  -37.623  -14.598  -2.921 0.1428571492
62542  -37.912  -15.315  -4.743 0.1428571492
62524  -39.583  -14.657  -1.582 0.1428571492
64515  -39.435  -12.020  0.517 0.1428571492
118957  -39.470  -12.555  -0.595 0.1428571492
58480  -25.746  -17.879  1.891 0.2857142985
60551  -36.166  -16.259  1.412 0.1428571492
60561  -37.100  -16.173  -0.300 0.1428571492
61541  -37.331  -15.509  -0.524 0.1428571492
61523  -36.465  -15.498  1.118 0.1428571492
61555  -37.405  -15.456  -1.626 0.1428571492
61594  -37.057  -16.353  -3.858 0.1428571492
60588  -36.703  -16.088  -3.022 0.1428571492
61568  -38.709  -16.178  -3.171 0.1428571492
61584  -36.939  -15.977  -3.823 0.1428571492
122029  -39.453  -13.657  0.383 0.1428571492
64494  -39.473  -12.828  0.938 0.1428571492
130167  -39.494  -12.935  0.099 0.1428571492
58467  -25.404  -18.536  2.495 0.2857142985
60537  -35.158  -16.243  2.200 0.1428571492
59502  -36.201  -17.110  1.100 0.1428571492
60560  -36.657  -16.423  0.542 0.1428571492
60573  -36.676  -16.872  -0.757 0.1428571492
60610  -36.574  -17.002  -3.703 0.1428571492
60574  -37.014  -16.332  -1.632 0.1428571492
60589  -38.627  -16.890  -2.642 0.1428571492
62514  -39.434  -14.621  -0.347 0.1428571492
122806  -39.452  -15.282  -1.244 0.1428571492
65461  -39.472  -11.712  1.809 0.1428571492
128595  -39.479  -12.287  1.267 0.1428571492
116134  -35.645  -16.747  1.743 0.1428571492
59483  -35.010  -17.149  2.250 0.1428571492
59513  -36.346  -17.418  -0.016 0.1428571492
59550  -36.131  -17.705  -3.540 0.1428571492
124576  -37.143  -17.943  -3.548 0.1428571492
116423  -36.598  -17.152  -1.996 0.1428571492
111802  -37.934  -17.510  -3.374 0.1428571492
62497  -39.352  -14.457  0.838 0.1428571492
61557  -39.308  -15.527  -0.469 0.1428571492
127401  -39.422  -13.527  1.493 0.1428571492
59482  -34.296  -17.183  2.930 0.1428571492
123706  -35.390  -18.448  -0.009 0.1428571492
58481  -35.233  -18.419  1.102 0.1428571492
59501  -35.558  -17.574  1.495 0.1428571492
58493  -35.934  -18.274  -0.704 0.1428571492
58482  -35.823  -17.867  0.558 0.1428571492
59539  -37.869  -18.277  -3.049 0.1428571492
58514  -36.027  -18.252  -3.314 0.1428571492
59540  -38.431  -17.626  -2.180 0.1428571492
61542  -39.074  -16.247  -0.433 0.1428571492
128835  -39.280  -15.143  0.332 0.1428571492
58492  -34.789  -18.972  0.055 0.1428571492
59500  -35.077  -17.958  1.901 0.1428571492
58505  -35.012  -19.209  -2.440 0.1428571492
118833  -35.128  -19.010  -1.266 0.1428571492
58521  -36.900  -18.459  -3.306 0.1428571492
57495  -35.596  -19.040  -2.928 0.1428571492
59528  -38.614  -17.731  -0.982 0.1428571492
59538  -36.068  -17.667  -3.165 0.1428571492
60600  -36.311  -17.271  -3.537 0.1428571492
122923  -39.468  -13.079  2.233 0.1428571492
118048  -39.455  -14.888  -2.720 0.1428571492
63523  -39.535  -13.617  -0.813 0.1428571492
118047  -37.600  -14.807  -4.781 0.1428571492
64571  -38.933  -13.210  -4.848 0.1428571492
58468  -26.157  -18.223  2.806 0.2857142985
61543  -39.094  -15.794  0.342 0.1428571492
61525  -39.084  -15.290  1.242 0.1428571492
64475  -39.479  -12.412  2.540 0.1428571492
65456  -39.384  -11.016  2.687 0.1428571492
113028  -31.376  -1.360  2.105 0.4285714328
65471  -39.420  -10.983  0.970 0.1428571492
128411  -39.397  -11.608  -1.116 0.1428571492
64593  -38.014  -13.156  -6.080 0.1428571492
79300  -29.751  4.453  0.408 0.4285714328
80162  -30.067  5.233  0.213 0.4285714328
81902  -37.602  7.408  -3.084 0.1428571492
82636  -37.100  8.926  -1.160 0.1428571492
63566  -37.994  -14.561  -5.331 0.1428571492
61522  -35.828  -15.510  1.599 0.1428571492
60536  -34.495  -16.377  2.649 0.1428571492
60535  -33.782  -16.476  3.140 0.1428571492
61505  -35.265  -15.547  1.972 0.1428571492
129882  -37.540  -14.877  -1.552 0.1428571492
64595  -36.400  -13.208  -7.135 0.1428571492
65566  -36.067  -12.648  -7.557 0.1428571492
113604  -37.467  -14.624  -3.982 0.1428571492
62563  -37.896  -14.930  -5.123 0.1428571492
64588  -38.061  -13.907  -5.594 0.1428571492
63534  -39.673  -14.012  -2.231 0.1428571492
62559  -37.714  -15.099  -4.684 0.1428571492
117813  -39.598  -12.959  -1.651 0.1428571492
65540  -39.376  -12.360  -3.840 0.1428571492
65520  -39.471  -11.790  -2.782 0.1428571492
62541  -37.329  -15.335  -4.037 0.1428571492
61585  -37.792  -15.946  -4.164 0.1428571492
61540  -37.029  -15.526  0.387 0.1428571492
60601  -36.585  -16.707  -3.605 0.1428571492
60602  -37.924  -16.687  -3.676 0.1428571492
60587  -36.319  -16.807  -3.113 0.1428571492
61569  -39.336  -15.475  -2.346 0.1428571492
60611  -37.274  -16.975  -3.748 0.1428571492
59557  -36.396  -17.506  -3.616 0.1428571492
61556  -39.163  -16.109  -1.642 0.1428571492
59527  -36.291  -17.737  -1.471 0.1428571492
58506  -35.525  -18.574  -2.563 0.1428571492
58516  -38.218  -18.338  -1.851 0.1428571492
60575  -38.830  -16.929  -1.151 0.1428571492
125466  -38.866  -16.756  -0.143 0.1428571492
52728  -24.959  -23.865  5.700 0.1428571492
53780  -25.300  -23.317  4.294 0.1428571492
53779  -24.476  -23.328  3.993 0.1428571492
55585  -25.139  -21.666  4.241 0.1428571492
56483  -25.588  -20.776  4.348 0.1428571492
56482  -24.744  -20.850  4.079 0.1428571492
57443  -24.813  -19.674  3.327 0.1428571492
57444  -25.535  -19.498  3.618 0.1428571492
55611  -24.073  -20.816  3.734 0.1428571492
57458  -25.133  -19.158  2.887 0.1428571492
58465  -24.175  -18.569  2.302 0.1428571492
58479  -24.829  -18.192  1.872 0.1428571492
59498  -25.254  -17.730  1.321 0.1428571492
114163  -25.830  -17.499  0.949 0.2857142985
59512  -26.429  -17.394  0.269 0.1428571492
108475  -27.411  -17.495  -0.309 0.1428571492
111510  -26.006  -17.403  0.062 0.2857142985
108620  -28.298  -17.269  -1.372 0.2857142985
63544  -28.469  -13.891  -2.605 0.4285714328
64532  -28.885  -12.793  -1.224 0.4285714328
65515  -28.720  -12.001  -1.813 0.4285714328
123376  -31.549  -2.748  1.615 0.2857142985
113129  -29.268  -1.885  0.863 0.2857142985
74366  -30.683  -1.792  1.749 0.2857142985
77562  -27.827  2.122  -0.787 0.2857142985
77563  -28.096  2.324  0.028 0.2857142985
78432  -28.710  3.099  -0.112 0.2857142985
78433  -29.370  3.692  0.453 0.4285714328
112264  -25.261  -17.272  0.666 0.1428571492
59526  -26.610  -17.880  -0.580 0.2857142985
109473  -27.821  -18.071  -0.938 0.1428571492
56506  -24.433  -20.248  3.613 0.1428571492
57457  -24.410  -19.192  2.755 0.1428571492
59525  -26.165  -17.791  -0.773 0.2857142985
108174  -27.291  -18.426  -0.858 0.2857142985
58504  -26.856  -18.532  -1.077 0.2857142985
58512  -26.986  -18.548  -1.549 0.2857142985
108175  -27.936  -18.296  -1.582 0.2857142985
123616  -28.835  -16.970  -2.243 0.2857142985
61583  -28.715  -15.365  -2.734 0.4285714328
62556  -27.914  -13.973  -3.150 0.2857142985
72683  -30.466  -3.902  0.729 0.2857142985
115127  -29.478  -2.812  0.623 0.2857142985
74379  -29.964  -2.292  1.350 0.2857142985
74377  -28.497  -1.454  0.435 0.2857142985
109896  -29.187  -0.895  0.955 0.2857142985
75134  -29.253  0.030  1.077 0.2857142985
75890  -27.850  0.838  0.319 0.2857142985
75897  -26.867  0.999  -1.093 0.2857142985
77564  -28.917  2.335  0.459 0.2857142985
108467  -28.433  -17.987  -2.345 0.2857142985
73578  -30.194  -3.125  1.004 0.2857142985
73576  -28.672  -2.448  0.319 0.2857142985
73577  -28.941  -3.377  0.103 0.2857142985
75132  -27.660  -1.053  0.133 0.2857142985
75898  -27.370  0.022  -0.032 0.2857142985
75133  -28.365  -0.252  0.498 0.2857142985
129231  -27.176  0.484  -0.605 0.2857142985
75891  -28.842  0.772  0.673 0.2857142985
74389  -27.556  -1.554  -0.554 0.2857142985
75142  -27.248  -0.773  -0.713 0.2857142985
58452  -25.795  -18.799  3.302 0.1428571492
108413  -28.772  -16.051  -2.268 0.4285714328
76743  -28.376  1.638  0.422 0.2857142985
108451  -26.924  -17.649  -0.256 0.1428571492
58466  -24.795  -18.763  2.415 0.1428571492
124871  -24.999  -23.568  4.593 0.1428571492
54666  -24.722  -22.751  3.913 0.1428571492
56507  -25.210  -20.179  3.847 0.1428571492
57442  -23.918  -19.660  3.261 0.1428571492
60572  -25.633  -17.181  -0.099 0.2857142985
62558  -28.535  -14.738  -2.996 0.4285714328
76742  -27.669  1.614  0.061 0.2857142985
108703  -28.912  -16.236  -3.047 0.4285714328
65535  -27.795  -11.862  -2.774 0.2857142985
64545  -28.251  -12.356  -2.592 0.2857142985
66470  -28.724  -10.335  -1.970 0.2857142985
111064  -35.656  13.561  -0.382 0.1428571492
85553  -36.798  12.424  -0.751 0.1428571492
116412  -35.510  12.183  -0.042 0.1428571492
84145  -35.640  10.506  -0.046 0.1428571492
117840  -36.311  10.197  -0.446 0.1428571492
86873  -36.319  14.085  -0.619 0.1428571492
130545  -34.978  11.724  0.048 0.1428571492
86209  -33.044  12.913  -0.636 0.1428571492
86882  -32.150  14.933  -1.579 0.1428571492
65499  -28.725  -11.118  -1.862 0.2857142985
66480  -28.085  -10.271  -2.465 0.2857142985
83417  -37.304  9.623  -1.252 0.1428571492
84859  -36.802  11.622  -0.722 0.1428571492
83415  -35.779  9.564  -0.374 0.1428571492
84146  -36.429  10.985  -0.363 0.1428571492
84147  -36.942  10.298  -0.812 0.1428571492
126160  -34.786  9.984  -0.186 0.1428571492
85549  -33.639  12.270  -0.475 0.1428571492
86211  -34.700  13.380  -0.406 0.1428571492
86869  -32.878  14.355  -0.914 0.1428571492
123984  -33.228  13.603  -0.642 0.1428571492
86220  -31.444  13.733  -1.906 0.1428571492
86231  -30.626  14.316  -2.389 0.1428571492
128980  -32.041  13.366  -1.474 0.1428571492
118350  -34.870  10.983  0.080 0.1428571492
84856  -34.245  11.600  -0.229 0.1428571492
64546  -28.564  -12.961  -2.244 0.2857142985
85552  -36.054  12.713  -0.210 0.1428571492
84858  -36.248  11.883  -0.218 0.1428571492
85550  -34.610  12.466  -0.252 0.1428571492
85551  -35.319  12.871  -0.238 0.1428571492
86872  -35.637  14.360  -0.564 0.1428571492
86210  -33.850  13.115  -0.495 0.1428571492
122159  -37.087  11.025  -1.022 0.1428571492
112759  -27.520  -2.227  -1.889 0.1428571492
73594  -28.356  -2.904  -0.338 0.1428571492
74390  -27.941  -2.026  0.038 0.1428571492
75141  -26.871  0.057  -1.053 0.1428571492
76770  -24.720  1.382  -2.874 0.1428571492
76758  -25.167  2.003  -2.594 0.1428571492
72698  -28.769  -3.663  -0.682 0.1428571492
75907  -26.333  0.648  -1.933 0.1428571492
77585  -24.874  3.031  -2.705 0.1428571492
77586  -25.689  3.275  -2.255 0.1428571492
78450  -24.997  4.122  -2.765 0.2857142985
69180  -28.669  -7.659  -1.931 0.1428571492
71843  -28.253  -4.960  -2.045 0.1428571492
71818  -29.110  -4.322  -0.888 0.1428571492
72710  -28.215  -3.473  -1.813 0.1428571492
110895  -31.782  -5.015  -7.849 0.1428571492
74414  -26.806  -1.899  -2.433 0.1428571492
76749  -27.413  1.630  -0.905 0.1428571492
117415  -27.745  3.258  -1.485 0.1428571492
77587  -26.637  3.263  -1.731 0.1428571492
78451  -25.715  4.255  -2.442 0.2857142985
78453  -27.938  4.103  -1.489 0.2857142985
126580  -26.872  6.935  -2.019 0.2857142985
81069  -26.227  6.283  -0.423 0.2857142985
81873  -27.185  7.591  -1.784 0.2857142985
83399  -28.981  9.009  0.893 0.1428571492
78444  -28.885  3.989  -0.264 0.2857142985
78452  -26.794  4.123  -1.709 0.2857142985
79322  -28.139  4.968  -1.483 0.2857142985
80198  -30.060  6.206  -0.990 0.2857142985
80196  -28.381  5.778  -1.651 0.2857142985
81087  -26.980  6.424  -2.033 0.2857142985
119376  -29.591  6.600  -1.543 0.2857142985
81086  -26.591  6.151  -1.383 0.2857142985
82644  -27.979  8.727  -1.842 0.1428571492
110526  -26.442  7.177  0.157 0.2857142985
84139  -29.356  10.485  -0.273 0.1428571492
81068  -25.331  6.251  -0.269 0.1428571492
81858  -26.757  7.011  -1.191 0.2857142985
82643  -27.437  8.230  -1.438 0.1428571492
81859  -27.008  7.658  -0.850 0.2857142985
81860  -27.642  8.053  -0.446 0.1428571492
78448  -23.796  3.288  -1.724 0.2857142985
111517  -26.044  8.303  0.937 0.1428571492
82616  -28.762  8.511  1.621 0.1428571492
81839  -26.714  7.872  1.484 0.1428571492
77570  -22.614  2.245  -0.033 0.1428571492
71910  -31.417  -4.723  -8.933 0.1428571492
128228  -33.034  -7.750  -9.401 0.1428571492
70977  -28.812  -5.401  -1.569 0.1428571492
72724  -27.601  -3.505  -2.336 0.1428571492
71911  -31.913  -5.013  -9.497 0.1428571492
72723  -26.649  -3.182  -2.863 0.1428571492
74413  -26.151  -1.384  -2.916 0.1428571492
75183  -25.114  -0.494  -3.841 0.1428571492
75154  -26.871  -0.693  -1.462 0.1428571492
75921  -24.995  0.638  -3.159 0.1428571492
76759  -26.114  1.649  -1.826 0.1428571492
77584  -24.167  2.863  -2.539 0.1428571492
77572  -26.422  2.451  -1.670 0.1428571492
78449  -24.484  3.767  -2.472 0.2857142985
79320  -25.871  4.921  -2.140 0.1428571492
80195  -27.356  5.733  -1.799 0.2857142985
80179  -25.890  5.457  -0.908 0.1428571492
80194  -26.458  5.396  -1.539 0.1428571492
126497  -25.948  8.492  1.534 0.1428571492
81838  -25.731  8.417  1.769 0.2857142985
81848  -26.829  7.444  0.380 0.1428571492
81849  -27.504  7.594  0.741 0.1428571492
82629  -27.815  8.659  -1.306 0.1428571492
82621  -28.391  8.102  0.641 0.1428571492
71051  -32.537  -5.779  -8.806 0.1428571492
71903  -32.047  -5.409  -8.462 0.1428571492
71060  -32.520  -5.283  -9.439 0.1428571492
127058  -29.002  7.155  -2.111 0.2857142985
81887  -27.709  7.721  -2.267 0.2857142985
82658  -27.638  8.154  -1.886 0.2857142985
79314  -29.285  4.754  -0.328 0.2857142985
70978  -29.407  -5.858  -1.204 0.1428571492
116281  -28.731  -6.295  -1.725 0.1428571492
80180  -29.752  5.537  -0.690 0.2857142985
72700  -29.878  -4.213  0.142 0.1428571492
69244  -33.848  -7.846  -9.311 0.1428571492
77573  -27.480  2.380  -1.375 0.1428571492
78443  -28.458  3.528  -1.059 0.1428571492
73601  -27.926  -2.852  -1.873 0.1428571492
74399  -26.506  -1.065  -2.149 0.1428571492
75153  -26.333  -0.248  -1.992 0.1428571492
73613  -26.163  -2.009  -3.415 0.1428571492
73615  -27.241  -2.667  -2.373 0.1428571492
75152  -25.660  0.253  -2.643 0.1428571492
75906  -25.522  1.093  -2.528 0.1428571492
120016  -28.624  -3.866  -1.379 0.1428571492
123112  -25.660  2.490  -2.166 0.1428571492
72725  -28.259  -4.118  -1.978 0.1428571492
79321  -27.064  4.883  -1.604 0.2857142985
79313  -28.716  4.354  -1.105 0.2857142985
81105  -28.081  7.131  -2.351 0.2857142985
81056  -25.677  6.969  0.231 0.1428571492
79323  -29.025  5.160  -1.164 0.2857142985
80197  -29.329  5.918  -1.334 0.2857142985
81088  -27.692  6.496  -2.174 0.2857142985
81089  -28.697  6.489  -1.886 0.2857142985
84852  -28.946  11.521  -0.725 0.1428571492
79319  -25.067  4.912  -2.595 0.1428571492
79312  -25.333  5.372  -2.029 0.2857142985
124771  -24.904  -16.693  0.043 0.1428571492
110489  -25.933  -17.292  -1.349 0.1428571492
59547  -26.404  -17.403  -1.848 0.1428571492
61552  -24.442  -15.377  -0.655 0.1428571492
62521  -24.509  -14.651  -1.220 0.1428571492
62537  -24.961  -14.214  -1.953 0.1428571492
60598  -26.069  -16.449  -1.998 0.1428571492
109933  -25.453  -13.931  -2.438 0.1428571492
61582  -26.157  -15.440  -2.489 0.1428571492
59555  -28.319  -17.486  -3.084 0.1428571492
63542  -25.681  -13.354  -2.795 0.1428571492
116479  -27.100  -14.374  -3.193 0.1428571492
61593  -28.701  -15.495  -3.219 0.1428571492
116404  -27.252  -13.304  -3.233 0.1428571492
117697  -28.074  -14.781  -3.438 0.1428571492
63541  -24.863  -13.333  -2.242 0.1428571492
64566  -26.001  -12.703  -3.140 0.1428571492
123750  -27.695  -13.078  -3.098 0.1428571492
65534  -27.244  -11.729  -3.063 0.1428571492
66479  -27.339  -10.246  -2.919 0.1428571492
67393  -28.529  -9.440  -2.134 0.1428571492
78442  -23.878  4.114  -1.638 0.1428571492
60599  -26.863  -16.964  -2.518 0.1428571492
123807  -29.093  -17.357  -2.841 0.1428571492
60559  -24.158  -16.397  0.413 0.1428571492
60571  -24.358  -15.964  -0.123 0.1428571492
61564  -24.995  -15.501  -1.239 0.1428571492
81847  -25.666  7.864  0.892 0.1428571492
68280  -29.149  -8.809  -1.609 0.1428571492
63543  -28.157  -13.275  -2.870 0.1428571492
123134  -25.544  -16.917  -0.657 0.1428571492
59549  -27.564  -17.635  -2.533 0.1428571492
125978  -27.967  -16.117  -3.357 0.1428571492
64569  -27.706  -12.465  -2.956 0.1428571492
60585  -24.905  -16.174  -0.705 0.1428571492
60586  -25.533  -16.288  -1.251 0.1428571492
62520  -23.657  -14.195  -1.004 0.1428571492
62522  -25.233  -14.845  -1.621 0.1428571492
62538  -25.710  -14.655  -2.275 0.1428571492
62555  -26.090  -14.097  -2.910 0.1428571492
61590  -26.784  -15.344  -3.044 0.1428571492
60606  -27.237  -16.110  -3.070 0.1428571492
63559  -26.477  -13.424  -3.103 0.1428571492
64544  -25.237  -12.608  -2.737 0.1428571492
61591  -27.676  -15.347  -3.265 0.1428571492
119629  -26.699  -12.763  -3.216 0.1428571492
127147  -24.096  -12.892  -1.814 0.1428571492
128164  -23.885  -16.681  0.861 0.1428571492
58503  -26.539  -18.049  -1.411 0.1428571492
58513  -27.433  -18.583  -1.341 0.2857142985
58519  -27.425  -18.334  -1.966 0.1428571492
58520  -36.339  -17.961  -3.571 0.1428571492
58525  -28.791  -17.946  -2.998 0.2857142985
59548  -26.860  -18.069  -2.033 0.1428571492
59551  -37.061  -17.387  -3.715 0.1428571492
59556  -28.889  -17.503  -3.070 0.1428571492
60550  -35.626  -16.061  1.820 0.1428571492
60570  -23.795  -15.852  0.240 0.1428571492
60607  -27.731  -16.856  -3.125 0.1428571492
60608  -28.579  -16.675  -3.260 0.1428571492
60609  -29.105  -17.035  -3.018 0.1428571492
61553  -29.020  -15.027  -0.799 0.5714285970
61565  -25.662  -15.457  -1.745 0.1428571492
61586  -38.715  -15.463  -3.603 0.1428571492
61592  -28.488  -15.577  -3.402 0.1428571492
62496  -37.274  -14.860  0.147 0.2857142985
62539  -26.324  -14.781  -2.900 0.1428571492
62557  -28.401  -14.808  -3.297 0.1428571492
63560  -28.269  -14.184  -2.996 0.4285714328
63561  -37.747  -14.530  -5.147 0.1428571492
64482  -39.470  -12.626  1.723 0.1428571492
64487  -30.564  -12.849  0.281 0.7142857313
64534  -39.495  -12.087  -1.301 0.1428571492
64572  -39.319  -13.298  -4.080 0.1428571492
64590  -35.694  -13.157  -7.113 0.2857142985
65479  -29.735  -11.130  -0.681 0.5714285970
65514  -28.281  -11.561  -2.419 0.2857142985
66472  -35.286  -10.601  -1.881 0.7142857313
66526  -32.999  -10.433  -6.131 0.4285714328
66527  -33.973  -11.323  -6.421 0.4285714328
66537  -36.811  -11.956  -7.122 0.1428571492
67366  -32.090  -9.602  0.633 0.5714285970
67368  -33.362  -9.448  0.668 0.8571428657
67379  -34.748  -9.769  -0.763 0.7142857313
67405  -34.818  -9.269  -2.057 0.7142857313
67450  -33.039  -10.700  -6.715 0.4285714328
67461  -34.916  -9.845  -8.554 0.4285714328
68252  -32.459  -8.407  0.603 0.7142857313
68262  -30.068  -8.043  -0.594 0.5714285970
68264  -34.786  -8.300  -0.678 0.8571428657
68340  -32.471  -8.112  -8.549 0.2857142985
68351  -33.045  -8.257  -9.281 0.2857142985
69165  -29.843  -7.200  -0.912 0.4285714328
69234  -32.852  -7.731  -7.561 0.4285714328
69242  -32.463  -7.672  -8.865 0.2857142985
69243  -33.304  -7.147  -9.309 0.2857142985
70058  -33.488  -6.561  0.506 0.7142857313
70067  -30.305  -6.536  -0.297 0.5714285970
70069  -35.132  -6.743  -0.923 0.8571428657
70094  -28.046  -6.311  -2.375 0.1428571492
70107  -34.771  -6.219  -3.239 0.8571428657
70108  -34.817  -6.874  -3.749 0.8571428657
70141  -32.421  -7.249  -7.828 0.2857142985
70149  -32.491  -6.967  -8.800 0.2857142985
70952  -33.819  -5.683  0.380 0.5714285970
70962  -30.334  -5.045  -0.104 0.5714285970
71806  -33.528  -4.755  0.521 0.5714285970
71819  -29.805  -4.670  -0.445 0.2857142985
71828  -28.777  -4.580  -1.469 0.1428571492
71842  -27.540  -4.481  -2.435 0.1428571492
71844  -34.520  -4.543  -2.378 1.0000000000
72671  -31.927  -3.305  1.523 0.4285714328
72682  -29.683  -3.629  0.389 0.2857142985
72684  -31.364  -3.938  1.224 0.4285714328
72699  -29.308  -4.069  -0.214 0.1428571492
72701  -34.034  -3.001  -0.635 1.0000000000
72702  -34.311  -4.011  -0.324 0.8571428657
72711  -28.345  -3.172  -1.252 0.1428571492
72758  -33.263  -3.703  -4.343 0.7142857313
73564  -30.798  -2.573  1.510 0.2857142985
73580  -33.409  -1.867  0.962 0.8571428657
73593  -27.902  -2.313  -1.095 0.1428571492
73614  -26.534  -2.517  -2.865 0.1428571492
73643  -32.894  -2.986  -3.930 0.7142857313
73654  -31.388  -2.344  -5.765 0.1428571492
74369  -33.097  -1.188  1.304 0.8571428657
74378  -29.871  -1.405  1.502 0.4285714328
74400  -27.279  -1.490  -1.503 0.2857142985
74401  -33.603  -1.215  -1.269 0.8571428657
74412  -25.607  -1.310  -3.649 0.1428571492
74429  -32.546  -1.239  -3.265 0.8571428657
75119  -30.613  -0.951  2.003 0.4285714328
75155  -33.528  -0.430  -1.676 0.8571428657
75185  -32.277  -0.578  -3.442 0.8571428657
75881  -33.480  0.613  0.883 0.8571428657
75908  -33.558  0.443  -1.628 0.8571428657
75920  -24.304  0.784  -3.241 0.1428571492
76733  -33.295  1.279  1.269 0.8571428657
76744  -29.197  1.574  0.922 0.2857142985
76748  -26.962  1.777  -1.398 0.1428571492
77557  -32.209  2.617  1.700 0.8571428657
77574  -28.185  2.718  -0.996 0.1428571492
78426  -30.732  3.295  1.463 0.7142857313
78455  -35.415  4.100  -1.561 0.2857142985
78466  -35.175  4.146  -3.560 0.1428571492
79334  -36.200  4.838  -3.444 0.1428571492
80200  -36.722  5.554  -1.868 0.1428571492
80214  -36.057  5.272  -3.933 0.1428571492
80216  -37.304  5.995  -3.040 0.1428571492
81060  -34.247  6.415  0.318 0.7142857313
81092  -36.766  6.727  -1.322 0.1428571492
81104  -27.323  7.069  -2.269 0.2857142985
81877  -32.148  8.082  -0.923 0.7142857313
82648  -36.781  8.177  -1.085 0.2857142985
83414  -35.020  9.050  -0.369 0.2857142985
83416  -36.677  9.581  -0.746 0.1428571492
84857  -35.627  11.378  0.075 0.1428571492
86212  -36.528  13.265  -0.604 0.1428571492
86881  -31.456  14.612  -1.956 0.1428571492
108166  -28.112  -18.087  -1.618 0.2857142985
108167  -29.060  -16.830  -2.868 0.1428571492
108168  -28.675  -17.645  -2.322 0.2857142985
108173  -27.717  -18.470  -1.207 0.2857142985
108177  -28.176  -17.997  -2.522 0.1428571492
108342  -26.020  8.560  2.317 0.1428571492
108514  -29.061  -17.750  -2.943 0.1428571492
110753  -28.325  -10.885  -2.342 0.2857142985
112622  -33.702  -2.007  -0.724 0.8571428657
114437  -28.363  -7.015  -2.187 0.2857142985
114731  -30.390  -8.678  -0.312 0.4285714328
116413  -33.048  -7.982  0.648 0.8571428657
116719  -35.547  4.511  -1.073 0.2857142985
117161  -33.596  0.044  -1.079 0.8571428657
117708  -27.391  0.923  -0.240 0.2857142985
117781  -32.205  -6.017  0.624 0.5714285970
117794  -35.462  -9.310  -8.627 0.1428571492
120707  -31.788  1.048  -4.331 0.1428571492
120979  -32.896  1.950  1.538 0.8571428657
121038  -32.974  -11.597  0.572 0.7142857313
121425  -33.554  0.130  0.338 0.8571428657
121648  -27.923  -18.225  -1.902 0.2857142985
122962  -26.589  -16.057  -2.645 0.1428571492
123271  -28.845  9.248  -2.484 0.7142857313
123787  -31.086  6.589  -0.256 0.7142857313
125778  -38.098  -14.741  -5.254 0.1428571492
126632  -29.233  4.269  0.155 0.4285714328
126804  -31.191  8.981  -1.555 0.7142857313
127863  -32.601  13.544  -0.958 0.1428571492
128931  -30.368  10.994  -2.410 0.2857142985
130013  -28.864  -16.189  -3.164 0.4285714328
130954  -36.235  -14.192  1.114 0.2857142985
131447  -29.847  0.214  1.585 0.2857142985
