#!ascii label  , from subject sub-v1s6x0051321_ses-1 vox2ras=TkReg
884
17434  48.233  -57.735  12.939 0.3000000119
18394  42.602  -56.648  3.047 0.6000000238
20917  39.815  -53.999  4.161 0.6999999881
110094  39.404  -52.905  4.024 0.6999999881
122835  47.393  -57.615  12.780 0.4000000060
18353  45.725  -56.982  7.805 0.4000000060
17475  48.760  -57.192  11.765 0.5000000000
17454  48.946  -57.444  12.585 0.5000000000
18409  43.105  -56.936  2.425 0.6999999881
117387  42.141  -56.279  3.333 0.6999999881
18410  42.747  -56.641  2.682 0.5000000000
124721  42.035  -54.352  3.891 0.6000000238
20916  41.172  -54.007  4.343 0.6000000238
21724  41.370  -52.906  4.420 0.6999999881
21733  39.672  -51.952  3.839 0.6999999881
17499  47.419  -57.575  10.615 0.5000000000
18342  45.737  -57.149  8.690 0.4000000060
17476  47.726  -57.322  11.505 0.6000000238
18365  45.136  -56.332  5.865 0.4000000060
18379  44.757  -56.836  4.672 0.5000000000
112827  47.775  -57.779  9.915 0.6000000238
19214  44.280  -55.843  5.167 0.6000000238
18380  43.662  -56.679  4.318 0.6000000238
17498  48.351  -57.452  10.804 0.6000000238
17587  43.839  -57.297  2.773 0.6000000238
19231  42.342  -56.164  2.873 0.6000000238
128143  42.293  -55.072  3.250 0.6000000238
108165  43.045  -52.831  4.239 0.6999999881
20915  42.152  -53.392  4.264 0.6999999881
21731  42.067  -52.193  4.092 0.6999999881
109226  40.467  -51.204  3.637 0.6999999881
108433  42.896  -51.861  3.820 0.6999999881
22587  42.374  -51.274  3.681 0.6999999881
22588  41.501  -51.317  3.776 0.6999999881
23465  43.533  -50.530  3.591 0.6999999881
17477  46.738  -57.193  11.537 0.5000000000
17520  46.035  -57.477  9.211 0.5000000000
18325  45.388  -56.845  9.379 0.5000000000
18364  45.840  -57.086  6.706 0.4000000060
18378  45.713  -57.221  5.567 0.5000000000
113636  44.692  -57.573  4.087 0.6000000238
115048  48.283  -57.506  10.055 0.6000000238
17517  47.887  -57.582  9.415 0.5000000000
18352  47.743  -56.601  8.135 0.5000000000
18418  43.359  -57.077  2.230 0.6999999881
19230  42.967  -56.186  2.302 0.6000000238
18419  42.886  -56.797  2.363 0.6999999881
20089  44.034  -54.406  3.317 0.6000000238
20090  42.963  -55.314  2.877 0.6000000238
20924  43.903  -53.179  3.839 0.6000000238
114038  43.002  -54.147  3.981 0.6000000238
22585  44.608  -51.458  3.517 0.6000000238
111214  43.761  -51.970  3.794 0.6999999881
23467  41.136  -50.536  3.576 0.6999999881
23466  42.623  -50.474  3.610 0.6999999881
109330  41.811  -49.975  3.592 0.6999999881
126789  43.904  -51.099  3.555 0.6999999881
17559  46.422  -57.628  6.395 0.4000000060
114768  47.051  -57.887  9.798 0.5000000000
17535  46.407  -57.699  8.417 0.4000000060
17577  46.273  -57.738  5.179 0.5000000000
17578  45.369  -57.621  4.496 0.6000000238
17534  46.943  -57.978  8.632 0.4000000060
17596  44.513  -57.538  2.846 0.6000000238
17518  47.315  -57.923  9.204 0.4000000060
120586  46.848  -57.879  7.913 0.4000000060
124044  47.523  -57.362  7.586 0.4000000060
17543  47.693  -57.415  6.798 0.4000000060
17599  44.023  -57.254  2.427 0.6999999881
19238  43.435  -56.515  2.113 0.6000000238
20098  44.584  -55.030  2.667 0.6000000238
124957  44.694  -53.406  3.476 0.6000000238
20923  45.144  -54.148  3.119 0.6000000238
22584  45.450  -51.895  3.321 0.6000000238
24378  40.854  -49.735  3.432 0.6999999881
130758  42.442  -49.907  3.692 0.6999999881
24375  44.657  -49.794  3.481 0.6000000238
116664  43.926  -50.065  3.664 0.6000000238
17545  46.816  -57.839  6.981 0.4000000060
16783  46.822  -57.854  5.952 0.4000000060
124900  45.288  -57.972  3.050 0.6999999881
17558  47.396  -57.805  6.205 0.4000000060
17598  44.887  -57.508  2.736 0.8000000119
18351  47.958  -56.566  7.313 0.5000000000
19237  44.830  -56.271  2.227 0.6999999881
20097  45.401  -54.924  2.535 0.6000000238
20922  45.593  -52.982  3.131 0.5000000000
24379  39.869  -49.556  3.321 0.6999999881
23473  46.169  -50.027  2.702 0.6000000238
23463  45.400  -51.012  3.273 0.6000000238
24377  42.208  -49.390  3.752 0.8000000119
115390  41.433  -49.298  3.466 0.8000000119
111524  45.419  -50.220  3.132 0.6000000238
23464  44.485  -50.552  3.454 0.6000000238
16808  46.951  -58.519  4.324 0.5000000000
16809  46.288  -58.534  3.957 0.6000000238
16795  48.266  -58.227  4.850 0.5000000000
17574  49.985  -57.581  5.153 0.6999999881
17575  48.889  -57.891  5.280 0.4000000060
19236  45.611  -56.208  2.384 0.6999999881
116624  45.505  -55.582  2.375 0.6999999881
108180  46.543  -53.033  2.647 0.6000000238
20930  46.081  -53.892  2.630 0.6000000238
118366  46.940  -51.643  2.537 0.6000000238
116174  40.661  -48.865  3.313 0.6000000238
22593  46.354  -50.795  2.754 0.6000000238
24369  42.927  -49.224  4.294 0.6999999881
125976  42.219  -48.789  3.902 0.6999999881
25352  46.082  -48.873  2.771 0.6999999881
24368  43.910  -49.490  4.173 0.6999999881
16806  48.394  -58.140  4.423 0.5000000000
16810  47.657  -58.301  3.914 0.6000000238
17595  46.006  -58.334  3.456 0.6000000238
18391  50.375  -56.651  4.451 0.6999999881
16794  49.258  -57.915  4.855 0.6000000238
17597  45.812  -57.869  2.938 0.6999999881
19221  51.016  -56.253  4.803 0.6999999881
18362  50.253  -56.694  5.659 0.6999999881
18415  46.668  -56.134  2.626 0.6999999881
115964  46.468  -55.370  2.472 0.6999999881
20929  47.129  -53.685  2.505 0.5000000000
112599  46.333  -54.693  2.498 0.6000000238
26299  39.709  -47.705  3.565 0.5000000000
23471  48.384  -50.913  2.490 0.6000000238
21737  47.273  -52.527  2.526 0.6000000238
25344  41.019  -48.044  3.314 0.6000000238
26298  40.626  -47.249  3.362 0.5000000000
23472  47.345  -50.380  2.416 0.6000000238
22592  47.435  -51.113  2.462 0.6000000238
25334  43.529  -48.883  4.922 0.6000000238
26296  41.753  -48.118  3.671 0.5000000000
27235  42.091  -47.065  4.553 0.5000000000
25350  48.062  -48.939  2.064 0.6999999881
25351  46.876  -48.816  2.424 0.6999999881
26305  46.195  -48.175  2.819 0.6999999881
25332  45.164  -48.359  4.120 0.6999999881
25326  44.012  -48.388  5.445 0.5000000000
26304  47.040  -47.875  2.437 0.6999999881
26286  45.508  -47.515  4.350 0.6000000238
18407  46.662  -57.183  2.971 0.6000000238
18404  49.454  -56.633  3.910 0.6999999881
18405  48.454  -56.530  3.411 0.6000000238
20080  50.075  -55.097  4.629 0.6999999881
125816  47.401  -55.778  2.753 0.6999999881
20096  47.212  -54.579  2.504 0.6999999881
19235  47.407  -55.194  2.603 0.6999999881
21736  47.944  -52.894  2.741 0.6000000238
27245  40.075  -46.751  3.520 0.4000000060
127510  48.534  -51.139  2.612 0.5000000000
27236  41.605  -46.516  3.827 0.4000000060
24382  49.282  -49.744  1.910 0.6000000238
109417  48.758  -50.361  2.373 0.6000000238
25327  43.218  -48.271  5.384 0.5000000000
26281  42.532  -47.760  5.031 0.5000000000
26287  44.725  -48.016  4.938 0.5000000000
26279  44.299  -47.619  5.660 0.4000000060
26303  48.171  -48.067  2.032 0.6000000238
27249  46.918  -46.825  2.731 0.6999999881
26295  45.833  -47.817  3.514 0.6000000238
27242  46.165  -46.948  3.755 0.5000000000
20087  49.488  -55.511  4.147 0.6000000238
19228  48.955  -55.895  3.642 0.6999999881
19229  48.069  -55.617  2.971 0.6999999881
20912  50.312  -54.369  4.826 0.6999999881
20081  49.029  -54.819  4.381 0.6999999881
20094  48.060  -54.782  2.797 0.6000000238
20095  47.739  -54.529  2.612 0.6000000238
128472  48.586  -51.110  2.670 0.6000000238
22582  48.373  -51.703  2.784 0.5000000000
109053  48.777  -50.643  2.441 0.6000000238
25354  49.998  -49.496  1.203 0.6000000238
111851  49.454  -50.384  1.926 0.6000000238
26280  43.585  -47.792  5.818 0.4000000060
26273  43.097  -47.304  6.160 0.5000000000
26274  42.552  -47.193  5.471 0.4000000060
117232  49.259  -48.022  1.605 0.6000000238
26272  43.835  -47.188  6.263 0.4000000060
121123  47.478  -47.251  2.359 0.6000000238
27241  46.632  -46.386  3.259 0.5000000000
20088  48.562  -55.154  3.481 0.6999999881
20903  48.666  -53.630  5.265 0.6999999881
20914  47.961  -53.771  3.759 0.6000000238
20927  47.995  -54.285  2.741 0.6000000238
21715  48.163  -53.078  5.764 0.6999999881
21729  48.119  -52.861  2.938 0.5000000000
24372  49.131  -50.329  2.696 0.6000000238
23462  48.633  -51.026  3.133 0.6000000238
23460  49.272  -50.228  2.084 0.6000000238
25349  50.662  -49.320  1.485 0.5000000000
26307  50.201  -48.894  0.925 0.6000000238
26302  48.227  -47.144  2.026 0.6000000238
27248  47.515  -46.437  2.445 0.5000000000
21716  47.393  -52.815  5.427 0.6999999881
21723  47.537  -53.019  4.362 0.6999999881
23457  47.666  -51.477  3.755 0.6000000238
25339  49.662  -49.478  3.015 0.6000000238
25340  48.425  -49.539  3.536 0.6000000238
26292  50.842  -48.062  2.654 0.6000000238
27250  51.525  -47.522  0.898 0.6000000238
27247  48.288  -46.176  2.016 0.5000000000
20027  48.197  -54.466  8.567 0.5000000000
19184  48.858  -55.033  7.233 0.5000000000
20882  48.684  -53.767  8.239 0.5000000000
20049  48.431  -54.473  7.864 0.5000000000
19196  50.850  -55.617  5.928 0.6999999881
122179  51.232  -53.689  6.291 0.6999999881
20060  50.038  -54.819  6.758 0.5000000000
20893  50.302  -53.897  7.027 0.5000000000
20071  51.471  -55.122  5.333 0.6999999881
20059  51.139  -54.589  6.155 0.6999999881
20079  51.027  -54.873  4.679 0.6999999881
17433  49.118  -57.974  13.257 0.3000000119
21725  40.395  -52.962  4.281 0.6999999881
117314  41.618  -55.214  3.597 0.6000000238
21732  40.926  -52.059  4.156 0.6999999881
23469  39.187  -50.256  3.396 0.6999999881
17556  49.220  -57.310  5.798 0.6000000238
122795  46.083  -51.462  2.984 0.6000000238
25342  44.840  -49.090  3.751 0.6999999881
25333  44.333  -48.768  4.644 0.6999999881
25335  42.570  -48.445  4.574 0.6000000238
25341  45.598  -48.618  3.316 0.6999999881
26288  41.855  -47.420  3.956 0.5000000000
26297  41.239  -46.747  3.442 0.5000000000
27234  45.781  -46.577  4.477 0.5000000000
20928  47.770  -54.056  2.658 0.5000000000
20913  48.457  -54.047  4.487 0.6999999881
22583  48.459  -51.732  2.854 0.5000000000
26301  51.723  -48.158  1.076 0.6000000238
27251  50.697  -46.786  1.236 0.6000000238
25338  50.482  -49.041  2.302 0.6000000238
22579  47.554  -52.374  3.835 0.5000000000
21702  51.737  -52.170  5.384 0.6000000238
24346  52.553  -48.980  6.693 0.6000000238
25314  52.586  -48.880  6.749 0.4000000060
23443  51.853  -50.160  5.851 0.5000000000
20891  51.852  -52.982  5.630 0.6000000238
19200  42.931  -55.457  5.570 0.5000000000
25300  53.243  -48.523  7.395 0.4000000060
19215  43.307  -56.010  4.984 0.5000000000
108040  41.863  -56.395  4.494 0.5000000000
23431  52.034  -50.043  7.102 0.5000000000
18381  42.635  -56.613  4.050 0.5000000000
18395  41.180  -56.183  4.203 0.5000000000
24355  52.040  -49.047  5.942 0.6000000238
22570  51.505  -51.220  5.437 0.5000000000
20900  52.162  -53.251  4.873 0.6000000238
26243  53.956  -47.893  9.320 0.4000000060
26242  54.868  -48.075  9.538 0.4000000060
25315  52.047  -48.791  6.264 0.4000000060
18398  38.193  -56.423  3.998 0.5000000000
23451  51.822  -49.529  5.734 0.5000000000
18412  40.230  -55.838  4.323 0.5000000000
19224  37.806  -55.568  3.631 0.5000000000
21712  51.686  -52.372  4.971 0.6000000238
20911  51.860  -53.706  4.714 0.6000000238
20091  40.620  -55.086  4.084 0.5000000000
110168  38.472  -54.357  3.861 0.5000000000
20082  37.760  -54.942  3.927 0.4000000060
23453  51.173  -50.922  5.334 0.5000000000
23452  51.608  -50.190  5.653 0.5000000000
22572  50.423  -51.592  5.343 0.6000000238
109359  50.391  -52.268  5.187 0.6000000238
21713  50.998  -52.722  4.774 0.6000000238
21714  49.330  -52.972  5.567 0.6000000238
20902  49.825  -53.640  5.006 0.6000000238
25301  52.546  -48.374  7.416 0.4000000060
115952  53.111  -47.686  9.237 0.4000000060
20925  38.817  -53.450  3.963 0.5000000000
20918  38.134  -54.185  4.070 0.5000000000
20895  37.700  -54.103  6.030 0.4000000060
120346  38.997  -54.422  3.792 0.6000000238
20906  37.719  -54.198  5.108 0.4000000060
24357  51.468  -49.283  5.862 0.6000000238
23445  50.185  -50.782  5.790 0.6000000238
23446  49.057  -51.164  6.451 0.6000000238
22561  48.208  -51.778  6.609 0.6000000238
26223  53.463  -47.535  10.156 0.4000000060
117435  38.482  -53.201  4.304 0.5000000000
21707  38.608  -52.821  5.775 0.4000000060
21696  38.779  -52.685  7.816 0.4000000060
129843  51.576  -48.529  6.838 0.6000000238
122078  52.061  -48.510  7.075 0.4000000060
24348  49.710  -49.552  7.240 0.6000000238
125693  51.444  -48.776  6.341 0.6000000238
24358  50.441  -49.805  6.241 0.5000000000
23432  49.233  -50.452  6.868 0.6000000238
21706  47.686  -52.423  6.166 0.6000000238
26222  54.314  -47.634  10.283 0.4000000060
26258  52.647  -47.878  8.322 0.4000000060
21726  38.642  -52.245  4.216 0.6000000238
110038  38.731  -52.035  5.177 0.5000000000
22555  39.238  -52.169  7.281 0.5000000000
21686  38.787  -52.664  8.685 0.5000000000
26260  51.028  -47.925  8.587 0.4000000060
26259  51.886  -48.098  8.030 0.4000000060
25303  50.538  -48.344  8.141 0.5000000000
24330  49.140  -49.306  8.211 0.5000000000
110443  48.612  -49.992  7.786 0.5000000000
23433  48.381  -51.097  6.974 0.6000000238
22562  47.227  -51.758  6.601 0.6000000238
26209  52.291  -47.143  10.847 0.4000000060
26224  52.674  -47.421  10.119 0.4000000060
26208  53.023  -47.235  10.863 0.4000000060
26207  53.806  -47.305  10.960 0.4000000060
113221  39.417  -51.008  3.488 0.6000000238
114198  51.895  -47.330  10.134 0.4000000060
26244  52.375  -47.570  9.398 0.4000000060
123925  38.575  -51.079  4.663 0.6000000238
22554  39.697  -51.542  7.716 0.5000000000
22541  39.697  -51.494  8.631 0.4000000060
26246  50.611  -47.627  9.558 0.4000000060
25304  49.606  -48.560  8.564 0.5000000000
24349  47.512  -50.238  8.116 0.5000000000
23434  47.071  -50.858  7.691 0.6000000238
22563  46.569  -51.500  6.424 0.6000000238
22574  46.555  -51.599  5.639 0.6000000238
126141  52.664  -46.969  11.424 0.4000000060
123075  38.816  -50.820  3.581 0.6000000238
22575  39.078  -51.329  5.668 0.5000000000
23393  40.193  -50.412  10.747 0.5000000000
26225  50.978  -47.283  10.334 0.4000000060
25279  50.123  -48.004  9.013 0.4000000060
25280  49.124  -48.238  9.362 0.5000000000
25306  47.490  -49.026  9.047 0.5000000000
127930  46.288  -50.997  6.873 0.5000000000
27162  53.332  -46.963  11.591 0.4000000060
23459  38.448  -50.474  4.039 0.6000000238
23455  38.943  -50.422  5.380 0.5000000000
24335  40.294  -49.975  7.801 0.5000000000
25305  48.573  -48.855  8.901 0.5000000000
24331  46.992  -49.745  8.655 0.4000000060
24350  45.921  -50.048  7.811 0.4000000060
23447  46.176  -50.954  6.258 0.4000000060
23454  46.326  -50.896  5.462 0.6000000238
125895  47.719  -50.696  3.774 0.4000000060
27150  52.720  -46.471  12.108 0.4000000060
27179  51.541  -47.040  10.983 0.4000000060
24380  39.035  -49.452  3.411 0.6000000238
27180  50.786  -46.885  11.260 0.4000000060
122530  39.773  -48.901  3.328 0.5000000000
24366  38.468  -49.548  4.357 0.5000000000
24361  39.577  -49.823  6.081 0.5000000000
24334  40.457  -49.520  8.768 0.4000000060
24365  38.826  -49.406  5.246 0.4000000060
25281  48.031  -48.428  9.586 0.5000000000
25282  46.937  -48.582  9.652 0.5000000000
25307  45.839  -48.968  8.858 0.6000000238
129410  45.783  -49.798  6.781 0.4000000060
121361  45.990  -49.405  6.208 0.4000000060
24363  46.902  -49.030  4.878 0.4000000060
25319  45.508  -48.824  7.700 0.5000000000
25346  39.327  -48.573  3.485 0.5000000000
25336  38.563  -48.841  4.004 0.6000000238
26290  38.807  -48.032  4.254 0.4000000060
25324  47.149  -48.210  5.070 0.5000000000
24367  47.386  -49.807  4.233 0.5000000000
26268  45.415  -47.955  7.896 0.5000000000
24333  45.636  -49.323  8.144 0.5000000000
24360  45.712  -49.106  6.969 0.5000000000
25322  46.150  -48.516  6.400 0.5000000000
28131  50.643  -46.414  11.962 0.4000000060
27238  51.670  -46.435  2.017 0.5000000000
25330  48.517  -48.500  3.647 0.4000000060
25331  47.590  -48.732  4.242 0.5000000000
26271  46.307  -47.590  6.543 0.5000000000
26267  45.845  -47.302  7.297 0.5000000000
26289  39.352  -47.370  3.901 0.4000000060
27239  51.006  -46.956  2.865 0.4000000060
27230  49.881  -46.248  3.631 0.4000000060
26293  49.738  -48.353  3.295 0.5000000000
26284  48.627  -47.466  3.839 0.5000000000
26276  47.349  -47.315  5.244 0.5000000000
26285  47.765  -47.769  4.374 0.5000000000
26277  46.704  -47.876  5.798 0.5000000000
27225  47.492  -46.422  5.387 0.5000000000
120202  39.591  -55.075  4.046 0.5000000000
21734  38.874  -52.329  3.934 0.6000000238
18411  41.163  -56.046  3.973 0.6000000238
22589  38.845  -51.450  3.703 0.6000000238
25345  40.187  -48.185  3.352 0.5000000000
21717  46.940  -52.325  4.997 0.6000000238
23458  46.913  -50.753  4.543 0.4000000060
18414  38.685  -56.135  3.655 0.5000000000
19233  39.398  -55.674  3.970 0.5000000000
20092  38.822  -55.142  3.660 0.5000000000
117627  38.117  -53.703  4.523 0.4000000060
20883  38.329  -53.309  7.432 0.4000000060
25316  50.869  -48.486  7.126 0.6000000238
21718  38.522  -52.796  4.649 0.6000000238
112032  38.733  -52.776  6.859 0.4000000060
26245  51.629  -47.639  9.184 0.4000000060
22590  38.614  -51.032  3.817 0.6000000238
22576  38.638  -51.893  4.381 0.6000000238
22565  39.029  -52.142  6.245 0.5000000000
22531  39.207  -51.916  10.043 0.5000000000
21676  38.746  -52.607  9.603 0.5000000000
22530  39.656  -51.377  9.515 0.5000000000
23456  38.506  -50.179  4.677 0.5000000000
23437  40.103  -50.869  8.159 0.5000000000
122688  39.977  -50.835  7.228 0.5000000000
24332  46.181  -49.623  8.466 0.5000000000
23420  40.337  -50.136  9.316 0.5000000000
26248  48.645  -47.940  10.126 0.5000000000
24370  38.605  -49.629  3.794 0.6000000238
24364  46.420  -49.848  5.288 0.3000000119
27231  48.771  -46.499  4.052 0.4000000060
11304  48.034  -66.060  10.833 0.3000000119
10679  48.340  -67.597  9.804 0.3000000119
9991  50.394  -68.613  10.747 0.3000000119
10004  49.412  -68.464  10.315 0.3000000119
10662  49.677  -67.953  11.112 0.3000000119
9372  50.435  -68.774  10.024 0.3000000119
114154  50.833  -68.433  10.880 0.3000000119
10607  51.086  -67.089  14.419 0.3000000119
10635  51.085  -67.693  13.089 0.3000000119
122229  51.105  -68.240  11.618 0.3000000119
10661  51.379  -67.750  10.763 0.3000000119
10606  51.217  -67.324  13.772 0.3000000119
11256  52.332  -65.994  13.579 0.3000000119
11272  52.047  -66.675  13.057 0.3000000119
123174  51.755  -67.216  12.517 0.4000000060
10648  51.691  -67.319  11.578 0.4000000060
12012  52.156  -64.945  10.022 0.4000000060
11317  51.658  -65.698  9.696 0.3000000119
13489  53.165  -63.387  12.554 0.3000000119
12729  52.984  -63.975  12.333 0.4000000060
11991  52.712  -64.656  11.829 0.4000000060
11286  52.383  -65.332  11.264 0.4000000060
12712  52.722  -64.162  13.287 0.3000000119
120211  53.825  -61.479  12.647 0.4000000060
14247  53.458  -62.222  12.794 0.4000000060
12784  52.115  -63.895  9.475 0.4000000060
13549  52.043  -63.025  9.156 0.3000000119
13488  53.530  -62.668  12.273 0.4000000060
12748  53.013  -63.775  11.128 0.4000000060
14269  54.013  -61.801  12.008 0.4000000060
12747  53.252  -62.966  10.315 0.5000000000
12764  52.717  -63.529  9.879 0.4000000060
18284  49.167  -57.070  11.298 0.5000000000
15065  54.253  -60.943  12.280 0.4000000060
124818  52.295  -63.278  9.296 0.4000000060
17432  49.961  -57.957  13.377 0.3000000119
17473  50.650  -57.055  12.448 0.4000000060
112540  51.596  -61.853  10.632 0.3000000119
125557  43.721  -55.162  5.728 0.4000000060
20061  43.014  -54.654  6.235 0.4000000060
19185  48.055  -55.402  7.839 0.4000000060
18341  48.019  -56.833  9.022 0.4000000060
13505  53.740  -62.452  11.309 0.3000000119
19171  47.909  -55.484  8.764 0.4000000060
18305  48.770  -57.109  10.537 0.4000000060
15064  54.540  -60.467  11.785 0.4000000060
17453  49.828  -57.458  12.941 0.4000000060
13526  52.469  -62.874  9.268 0.4000000060
18283  50.064  -56.654  11.745 0.5000000000
14326  52.189  -62.337  9.193 0.5000000000
17451  51.520  -57.675  12.592 0.4000000060
16680  50.474  -58.385  13.445 0.4000000060
15097  52.098  -61.303  9.568 0.3000000119
15798  51.061  -58.899  13.286 0.4000000060
19201  42.036  -55.630  5.891 0.4000000060
19198  48.549  -55.956  6.960 0.4000000060
14268  54.401  -61.074  11.450 0.4000000060
14291  54.066  -61.732  10.719 0.4000000060
19150  48.402  -55.798  9.546 0.4000000060
19129  48.924  -56.222  10.299 0.5000000000
14312  54.348  -61.077  10.430 0.4000000060
13525  53.604  -62.298  10.196 0.4000000060
19128  49.593  -55.649  10.648 0.5000000000
15082  54.625  -60.411  10.716 0.4000000060
15855  54.373  -60.041  9.445 0.4000000060
14313  53.806  -61.304  9.506 0.4000000060
14324  52.912  -61.371  8.841 0.5000000000
109983  52.716  -60.780  8.622 0.5000000000
19149  48.885  -55.162  10.087 0.4000000060
18303  50.356  -56.008  11.252 0.5000000000
119508  54.694  -59.474  10.294 0.4000000060
124770  52.616  -60.712  8.779 0.5000000000
18282  51.114  -56.529  11.766 0.4000000060
15083  52.266  -60.400  10.047 0.4000000060
15824  52.200  -58.997  11.943 0.4000000060
114901  51.557  -59.441  12.592 0.4000000060
20011  48.441  -54.574  9.447 0.4000000060
20864  49.136  -53.119  8.656 0.3000000119
15869  53.477  -60.013  8.552 0.4000000060
116109  52.858  -60.123  8.378 0.4000000060
19990  49.583  -54.798  10.261 0.4000000060
20856  38.223  -53.308  9.077 0.4000000060
17496  54.503  -58.005  9.409 0.4000000060
111863  54.009  -59.376  8.761 0.4000000060
15871  52.927  -59.546  8.449 0.5000000000
15856  52.647  -59.913  8.990 0.5000000000
19127  50.592  -55.292  10.615 0.5000000000
16755  54.034  -58.674  8.726 0.4000000060
15841  52.479  -59.438  10.609 0.4000000060
17472  51.709  -56.999  12.167 0.4000000060
16701  52.202  -58.222  12.149 0.4000000060
18281  52.170  -56.686  11.539 0.4000000060
20881  49.446  -53.311  7.827 0.4000000060
20852  48.829  -53.859  9.680 0.3000000119
123404  53.527  -59.012  8.515 0.4000000060
16756  53.248  -58.809  8.753 0.4000000060
20009  49.566  -53.876  9.979 0.3000000119
16768  53.699  -58.431  8.719 0.4000000060
118267  52.804  -58.986  9.555 0.5000000000
120788  54.335  -57.078  8.529 0.4000000060
17532  53.876  -57.587  8.635 0.4000000060
17497  53.156  -57.094  10.089 0.4000000060
109256  52.848  -57.039  11.025 0.4000000060
18302  51.447  -55.988  11.071 0.4000000060
20892  50.676  -52.883  7.121 0.4000000060
130160  53.441  -57.702  9.063 0.4000000060
12799  48.552  -63.915  8.061 0.3000000119
11241  51.424  -66.252  14.885 0.3000000119
11937  52.352  -65.247  13.871 0.3000000119
108728  52.458  -62.478  13.616 0.4000000060
15840  54.683  -59.788  11.589 0.4000000060
16717  54.728  -58.860  11.509 0.4000000060
121206  54.687  -58.483  10.478 0.4000000060
20851  49.198  -53.237  9.434 0.3000000119
18321  54.666  -57.213  8.938 0.4000000060
21695  49.839  -52.618  8.197 0.4000000060
20850  50.048  -53.032  9.676 0.4000000060
20008  50.770  -53.880  9.852 0.4000000060
18339  54.510  -56.386  8.011 0.4000000060
120113  53.616  -57.110  8.777 0.4000000060
18323  53.275  -56.738  9.441 0.4000000060
19146  52.827  -55.927  9.643 0.4000000060
19126  51.900  -55.471  10.372 0.3000000119
19147  51.239  -54.808  10.052 0.4000000060
112373  53.776  -56.121  8.189 0.4000000060
18304  49.475  -56.489  11.002 0.4000000060
21694  50.506  -52.141  7.710 0.4000000060
10022  48.014  -68.080  9.142 0.3000000119
10650  48.985  -66.715  11.336 0.3000000119
10020  49.871  -69.071  9.923 0.3000000119
12085  48.743  -64.629  5.834 0.3000000119
12047  49.190  -64.714  8.201 0.3000000119
9979  50.911  -68.191  12.178 0.3000000119
11257  51.633  -66.830  14.155 0.3000000119
9978  51.265  -67.820  12.449 0.4000000060
126048  51.685  -66.726  10.501 0.4000000060
11969  52.726  -64.986  12.972 0.3000000119
11271  52.463  -65.693  12.503 0.4000000060
120692  52.595  -64.332  10.524 0.4000000060
13458  52.062  -63.478  14.004 0.3000000119
15042  53.756  -60.718  13.107 0.4000000060
13548  52.793  -62.186  9.173 0.4000000060
14325  52.486  -61.459  9.023 0.5000000000
15084  51.736  -60.989  11.193 0.3000000119
16718  52.625  -58.456  11.207 0.4000000060
18301  52.619  -56.324  10.555 0.4000000060
23418  52.089  -50.318  8.160 0.4000000060
22550  51.431  -50.865  7.990 0.4000000060
23429  53.560  -49.109  7.172 0.4000000060
23430  52.602  -49.426  7.110 0.5000000000
22559  51.659  -51.041  6.306 0.4000000060
21672  57.522  -52.624  9.345 0.3000000119
21671  58.122  -52.253  8.753 0.3000000119
25296  57.714  -49.395  8.373 0.3000000119
111640  55.993  -48.833  7.962 0.3000000119
25276  55.463  -48.468  8.684 0.3000000119
25278  53.605  -48.120  8.203 0.3000000119
22536  58.233  -51.449  8.596 0.3000000119
23415  58.666  -50.192  8.886 0.3000000119
24312  58.477  -49.542  8.833 0.3000000119
22527  57.881  -51.911  9.365 0.3000000119
25275  56.665  -48.597  9.009 0.3000000119
119630  55.867  -48.125  9.689 0.3000000119
23404  58.956  -50.304  9.619 0.3000000119
25258  58.646  -48.788  9.884 0.3000000119
23370  59.295  -50.178  10.944 0.3000000119
23387  59.064  -50.313  10.201 0.3000000119
25247  59.079  -48.776  10.821 0.3000000119
109376  59.487  -49.775  10.971 0.3000000119
26203  59.020  -48.376  11.583 0.3000000119
23388  58.861  -50.556  10.228 0.3000000119
26220  57.187  -47.866  10.526 0.3000000119
111801  56.230  -47.523  11.015 0.3000000119
111800  54.578  -47.355  11.029 0.3000000119
23353  59.338  -50.246  11.784 0.3000000119
26219  58.170  -48.280  10.392 0.3000000119
26190  56.387  -47.110  11.717 0.3000000119
25235  59.618  -49.642  11.938 0.3000000119
26204  58.056  -47.863  11.140 0.3000000119
26188  58.330  -47.660  12.004 0.3000000119
27161  54.218  -46.987  11.674 0.3000000119
26206  55.302  -47.116  11.555 0.3000000119
27148  54.693  -46.451  12.427 0.3000000119
28114  53.216  -45.820  12.796 0.3000000119
27151  51.837  -46.265  12.216 0.3000000119
128762  52.866  -45.144  13.255 0.3000000119
28116  51.470  -45.536  12.744 0.3000000119
24345  53.646  -48.966  7.111 0.3000000119
25277  54.489  -48.388  8.468 0.3000000119
26221  55.326  -47.660  10.524 0.3000000119
22539  52.441  -50.935  8.634 0.5000000000
22526  58.496  -51.402  9.121 0.3000000119
25259  57.637  -48.393  9.760 0.3000000119
25297  56.979  -49.087  8.212 0.3000000119
127581  55.023  -48.865  7.764 0.3000000119
24344  54.784  -49.132  7.574 0.3000000119
24311  58.935  -49.839  9.444 0.3000000119
23405  58.732  -50.704  9.629 0.3000000119
131043  56.255  -47.833  10.352 0.3000000119
25257  59.220  -49.336  10.259 0.3000000119
26187  59.284  -48.514  12.413 0.3000000119
26179  58.513  -47.554  12.912 0.3000000119
26205  57.033  -47.511  11.243 0.3000000119
24270  59.467  -50.102  12.196 0.3000000119
26189  57.341  -47.314  11.815 0.3000000119
120516  51.757  -54.436  9.641 0.3000000119
20047  54.188  -53.992  7.812 0.4000000060
20026  53.511  -54.350  8.339 0.4000000060
20849  50.967  -52.914  9.567 0.3000000119
116226  54.191  -53.351  8.028 0.4000000060
20880  54.918  -53.366  7.579 0.3000000119
20007  51.799  -53.720  9.436 0.4000000060
129347  53.361  -52.657  8.553 0.4000000060
20861  54.118  -52.542  8.225 0.3000000119
20848  51.862  -52.767  9.227 0.3000000119
118064  52.746  -52.715  8.805 0.4000000060
130647  53.812  -51.724  8.386 0.4000000060
22540  51.573  -51.254  8.671 0.3000000119
21683  52.055  -51.897  8.893 0.4000000060
22538  53.528  -50.966  8.434 0.4000000060
124990  51.116  -52.030  9.242 0.3000000119
22529  50.860  -51.599  8.605 0.3000000119
22551  50.952  -51.569  7.720 0.3000000119
21674  50.441  -52.054  9.057 0.3000000119
21682  53.110  -51.910  8.651 0.4000000060
20863  52.696  -53.624  8.886 0.4000000060
19145  53.119  -55.618  8.900 0.3000000119
114577  52.257  -62.549  16.014 0.3000000119
13445  51.610  -62.575  15.189 0.3000000119
13459  51.671  -62.561  14.534 0.3000000119
14248  53.153  -61.619  13.277 0.3000000119
19170  52.718  -54.625  9.016 0.3000000119
18322  53.422  -56.434  8.815 0.3000000119
15017  51.997  -60.463  15.476 0.3000000119
15027  52.081  -60.528  14.410 0.3000000119
15765  51.822  -60.203  14.966 0.3000000119
15043  52.749  -60.908  13.702 0.3000000119
15041  54.361  -59.972  12.517 0.3000000119
19169  53.612  -55.291  8.218 0.3000000119
15751  53.735  -59.318  16.486 0.3000000119
15764  52.187  -59.705  15.171 0.3000000119
15752  52.669  -59.478  15.706 0.3000000119
15797  52.863  -60.005  13.879 0.3000000119
15780  52.298  -59.647  14.713 0.3000000119
16678  54.183  -58.872  13.077 0.3000000119
16654  53.748  -58.294  15.597 0.3000000119
16666  53.558  -58.221  14.664 0.3000000119
16679  53.602  -58.611  13.825 0.3000000119
15779  52.971  -59.007  14.273 0.3000000119
16700  54.570  -58.996  12.354 0.3000000119
128327  54.745  -57.558  10.566 0.3000000119
18300  54.769  -56.963  10.091 0.3000000119
16644  54.289  -58.540  16.546 0.3000000119
112719  54.575  -57.997  13.102 0.3000000119
17470  54.797  -57.788  11.505 0.3000000119
17420  54.465  -57.750  15.383 0.3000000119
17404  55.264  -57.170  15.988 0.3000000119
128000  54.408  -57.708  14.571 0.3000000119
16665  54.111  -57.995  13.818 0.3000000119
17450  54.818  -57.802  12.528 0.3000000119
18320  55.063  -56.634  8.484 0.3000000119
19168  54.342  -55.710  7.659 0.3000000119
19183  54.227  -54.888  7.645 0.3000000119
109549  52.312  -55.118  9.654 0.3000000119
17431  55.050  -57.446  14.050 0.3000000119
17449  55.755  -56.945  13.272 0.3000000119
17495  55.043  -56.929  11.199 0.3000000119
14236  51.917  -61.557  14.151 0.3000000119
14226  51.710  -61.586  15.342 0.3000000119
14227  51.555  -61.797  14.841 0.3000000119
9990  50.820  -68.423  11.411 0.3000000119
10634  51.429  -67.333  13.227 0.3000000119
10649  50.051  -67.647  11.913 0.3000000119
10663  48.662  -67.125  10.550 0.3000000119
11287  52.163  -66.454  11.989 0.4000000060
11303  51.971  -66.049  10.815 0.4000000060
12073  48.756  -64.379  7.240 0.3000000119
12084  49.010  -64.668  6.381 0.3000000119
12728  53.375  -63.189  11.744 0.3000000119
13471  53.041  -63.117  13.058 0.3000000119
15018  51.591  -60.975  14.894 0.3000000119
15095  54.125  -60.661  9.412 0.4000000060
15096  53.160  -60.694  8.615 0.5000000000
15763  52.707  -58.854  15.148 0.3000000119
15796  53.643  -59.502  13.426 0.3000000119
15842  51.999  -59.953  11.558 0.3000000119
15870  53.159  -59.459  8.294 0.4000000060
16681  49.691  -58.580  13.614 0.3000000119
16702  51.610  -58.573  12.662 0.4000000060
16703  51.116  -58.200  13.162 0.4000000060
16735  54.469  -58.865  9.454 0.4000000060
16776  47.019  -57.926  6.442 0.4000000060
16782  47.184  -58.026  5.627 0.4000000060
16796  47.418  -58.315  4.867 0.5000000000
16797  46.711  -58.206  4.801 0.5000000000
16798  45.804  -58.277  4.160 0.6000000238
16805  49.213  -57.708  4.422 0.6000000238
16807  47.554  -58.420  4.364 0.5000000000
16811  46.828  -58.548  3.934 0.6000000238
17430  55.987  -57.155  14.005 0.3000000119
17452  50.630  -57.711  13.142 0.4000000060
17455  48.073  -57.297  12.290 0.5000000000
17471  52.420  -57.521  11.702 0.4000000060
17474  49.598  -57.082  12.165 0.4000000060
17500  46.487  -57.427  10.475 0.5000000000
17516  54.134  -57.909  8.713 0.4000000060
17519  46.719  -57.904  9.126 0.4000000060
17533  47.339  -57.658  8.461 0.4000000060
17544  47.103  -57.814  7.237 0.4000000060
17546  46.436  -57.639  7.443 0.4000000060
17557  48.213  -57.604  5.978 0.4000000060
17573  50.202  -57.411  4.856 0.6000000238
17576  47.886  -58.039  5.437 0.5000000000
17586  44.810  -57.816  3.509 0.6000000238
17591  49.735  -57.202  4.293 0.6999999881
17592  48.930  -57.318  3.843 0.6999999881
17593  47.789  -57.467  3.445 0.6000000238
17594  46.747  -58.049  3.451 0.6000000238
18324  48.446  -56.984  9.806 0.6000000238
18340  53.912  -56.820  8.438 0.4000000060
18343  45.234  -56.248  8.614 0.4000000060
18363  48.394  -56.875  6.540 0.6000000238
18377  50.723  -57.118  5.125 0.6999999881
18382  41.727  -56.346  5.221 0.5000000000
18390  50.886  -56.871  4.886 0.6999999881
18392  44.116  -57.306  3.656 0.6000000238
18393  43.239  -56.924  3.220 0.6000000238
18396  40.035  -56.102  4.475 0.5000000000
18406  47.483  -56.408  3.002 0.6999999881
18408  43.640  -57.190  2.410 0.6000000238
18413  39.298  -55.945  3.968 0.5000000000
18416  45.681  -57.028  2.603 0.8000000119
18417  44.738  -56.895  2.403 0.6999999881
19148  50.309  -54.536  10.164 0.5000000000
19197  49.632  -55.766  6.496 0.4000000060
19212  51.282  -55.470  4.910 0.6999999881
19213  51.167  -56.289  5.141 0.6999999881
19216  42.402  -56.265  5.077 0.5000000000
19222  50.569  -55.730  4.509 0.6999999881
19223  38.149  -55.943  3.451 0.5000000000
19232  40.367  -55.677  4.173 0.5000000000
19234  38.741  -55.715  3.537 0.5000000000
20010  48.925  -54.358  9.998 0.3000000119
20046  54.961  -54.352  7.315 0.3000000119
20048  49.115  -54.116  7.478 0.5000000000
20058  51.870  -54.022  5.298 0.6000000238
20072  37.509  -55.034  4.793 0.4000000060
20078  51.622  -54.510  4.828 0.6000000238
20093  38.201  -55.128  3.551 0.5000000000
20099  43.694  -55.616  2.468 0.6000000238
20862  53.550  -53.357  8.416 0.4000000060
20865  48.613  -53.725  9.091 0.4000000060
20867  38.349  -53.109  8.244 0.4000000060
20894  38.276  -53.449  6.436 0.4000000060
20901  51.249  -53.532  4.694 0.6000000238
20904  47.867  -53.476  4.942 0.6999999881
20905  38.154  -53.522  5.357 0.4000000060
20921  48.247  -54.406  3.326 0.6000000238
20926  38.670  -52.716  4.199 0.6000000238
21661  38.686  -52.438  10.601 0.5000000000
21675  49.768  -52.503  9.033 0.3000000119
21684  50.337  -52.100  8.439 0.3000000119
21685  39.296  -52.148  8.225 0.5000000000
21703  51.349  -52.049  6.515 0.4000000060
21704  49.552  -52.257  5.698 0.6000000238
21705  48.603  -52.480  6.119 0.6000000238
21722  51.894  -52.997  4.663 0.6000000238
21728  47.999  -53.821  2.870 0.5000000000
21730  44.667  -52.430  3.566 0.6000000238
21735  38.650  -51.794  4.044 0.6000000238
21738  46.325  -52.238  2.787 0.6000000238
22508  58.264  -51.175  9.638 0.3000000119
22525  58.707  -50.842  9.047 0.3000000119
22542  39.304  -52.091  9.119 0.5000000000
22552  47.529  -51.297  7.146 0.6000000238
22553  46.793  -51.264  7.125 0.6000000238
22560  49.312  -51.731  6.052 0.6000000238
22564  39.488  -51.488  6.727 0.5000000000
22571  51.183  -51.803  4.969 0.6000000238
22573  46.897  -52.163  5.924 0.6000000238
22580  46.807  -51.665  4.726 0.6000000238
22581  38.538  -51.398  4.089 0.6000000238
22586  43.171  -51.181  3.589 0.6999999881
22591  48.038  -51.759  2.483 0.6000000238
23406  40.357  -50.105  10.008 0.5000000000
23407  40.076  -50.690  9.836 0.5000000000
23417  53.072  -50.020  8.091 0.5000000000
23419  46.622  -50.258  8.096 0.5000000000
23421  40.012  -50.809  9.005 0.5000000000
23435  46.396  -50.675  7.480 0.6000000238
23436  45.935  -50.365  6.976 0.5000000000
23442  52.159  -49.401  6.150 0.6000000238
23444  51.245  -50.070  5.612 0.5000000000
23448  39.539  -50.689  6.291 0.5000000000
23461  48.754  -50.822  2.576 0.6000000238
23468  40.144  -50.371  3.407 0.6999999881
23470  38.706  -50.324  3.656 0.6000000238
24292  59.468  -50.064  11.618 0.3000000119
24299  59.253  -49.902  10.186 0.3000000119
24313  46.550  -49.111  9.054 0.6000000238
24329  56.244  -49.254  7.722 0.3000000119
24347  50.639  -48.963  6.620 0.6000000238
24351  45.719  -49.609  7.438 0.4000000060
24356  51.853  -49.231  5.712 0.5000000000
24359  45.933  -50.273  6.173 0.4000000060
24362  51.733  -49.605  5.675 0.5000000000
24371  49.885  -49.734  2.062 0.6000000238
24373  48.320  -50.346  3.475 0.6000000238
24374  45.578  -49.423  3.068 0.6999999881
24376  43.079  -49.891  3.837 0.6999999881
24381  50.003  -49.804  1.582 0.6000000238
24383  47.847  -49.705  2.247 0.6999999881
24384  46.572  -49.514  2.530 0.6999999881
25260  56.734  -48.130  9.882 0.3000000119
25273  58.885  -49.355  9.568 0.3000000119
25274  58.041  -48.881  8.925 0.3000000119
25298  55.497  -49.109  7.658 0.3000000119
25299  54.127  -48.754  7.536 0.3000000119
25302  51.330  -48.306  7.635 0.6000000238
25308  45.496  -48.510  8.407 0.5000000000
25309  40.364  -48.880  8.106 0.4000000060
25317  50.091  -48.839  7.669 0.5000000000
25318  45.720  -48.250  7.158 0.5000000000
25321  51.921  -48.980  5.804 0.6000000238
25325  46.516  -48.797  5.616 0.5000000000
25337  51.242  -48.628  1.667 0.6000000238
25343  41.543  -48.710  3.499 0.8000000119
25347  38.796  -48.962  3.651 0.5000000000
25348  51.107  -48.572  0.910 0.6000000238
25353  50.662  -49.353  0.981 0.6000000238
26270  46.914  -46.947  5.935 0.5000000000
26291  51.563  -47.590  1.859 0.5000000000
26294  46.362  -47.303  2.986 0.6000000238
26300  38.965  -48.250  3.751 0.4000000060
26306  50.487  -47.876  1.030 0.6000000238
26308  49.259  -49.033  1.516 0.6000000238
27145  57.549  -47.126  12.625 0.3000000119
27149  53.682  -46.459  12.263 0.3000000119
27163  52.051  -46.791  11.565 0.4000000060
27164  51.331  -46.621  11.713 0.4000000060
27216  47.059  -46.052  6.034 0.5000000000
27224  48.069  -45.988  4.797 0.4000000060
27232  47.926  -46.843  4.577 0.5000000000
27240  49.832  -47.261  3.513 0.5000000000
27246  52.096  -46.991  1.198 0.6000000238
27252  49.319  -46.977  1.610 0.6000000238
28115  52.346  -45.705  12.749 0.3000000119
28130  51.170  -46.144  12.254 0.4000000060
109012  41.452  -55.911  3.661 0.6000000238
111134  45.451  -58.189  3.417 0.6999999881
113260  51.689  -46.408  1.106 0.6000000238
113698  48.036  -49.569  8.515 0.5000000000
116472  44.485  -55.860  2.208 0.6000000238
118241  44.053  -56.749  2.146 0.6999999881
118633  50.449  -52.450  9.375 0.4000000060
122109  51.396  -54.142  4.666 0.6999999881
122544  40.286  -50.269  8.598 0.5000000000
123606  39.967  -50.127  6.850 0.5000000000
123815  48.038  -50.688  7.495 0.6000000238
124355  49.827  -56.095  4.119 0.6000000238
124357  53.298  -58.795  15.793 0.3000000119
124904  48.448  -57.923  3.980 0.5000000000
125144  50.553  -68.341  11.480 0.3000000119
125423  42.073  -56.365  3.661 0.6000000238
125568  46.379  -57.637  9.700 0.5000000000
126266  49.132  -54.177  4.946 0.6999999881
126267  52.102  -52.743  4.914 0.6000000238
126374  51.216  -48.919  1.128 0.6000000238
126381  37.805  -54.348  4.360 0.5000000000
126463  49.226  -56.543  6.320 0.4000000060
126746  53.517  -61.825  9.597 0.4000000060
126928  41.903  -50.702  3.615 0.6999999881
126954  42.974  -47.740  5.683 0.5000000000
127344  38.470  -53.579  4.129 0.5000000000
128484  48.265  -57.304  11.575 0.6000000238
130633  41.299  -47.441  3.447 0.5000000000
130980  53.052  -57.880  10.253 0.4000000060
