#!ascii label  , from subject sub-v1s6x0051363_ses-1 vox2ras=TkReg
1859
4278  -15.399  -78.716  21.041 0.5000000000
4864  -15.856  -77.055  17.007 0.5000000000
4889  -17.063  -77.368  15.573 0.5000000000
4350  -17.407  -78.316  14.420 0.5000000000
4805  -14.510  -77.605  23.267 0.5000000000
4257  -14.971  -78.027  23.255 0.5000000000
111585  -14.783  -76.089  22.830 0.5000000000
4820  -15.707  -77.704  22.614 0.5000000000
5283  -15.666  -76.217  23.104 0.6000000238
4830  -16.036  -77.991  21.374 0.5000000000
3845  -17.680  -79.085  13.163 0.5000000000
112809  -15.860  -77.335  18.471 0.5000000000
3832  -17.905  -79.020  14.007 0.5000000000
4865  -16.539  -76.710  17.442 0.6000000238
4351  -18.112  -78.824  14.817 0.6000000238
5331  -16.976  -76.455  18.757 0.6000000238
4890  -17.847  -77.754  15.860 0.6000000238
3833  -18.713  -79.298  14.395 0.6999999881
5332  -17.768  -76.116  18.472 0.6999999881
4337  -18.325  -78.492  15.525 0.6999999881
5333  -18.598  -75.997  18.363 0.6999999881
4882  -18.930  -77.701  16.832 0.6999999881
98702  -18.940  -78.722  15.840 0.6999999881
106300  -14.285  -75.552  21.600 0.5000000000
114320  -14.912  -74.850  21.686 0.6000000238
6276  -14.447  -74.983  20.746 0.6000000238
6277  -15.131  -74.193  20.771 0.6000000238
5309  -16.609  -77.137  21.031 0.5000000000
3846  -18.600  -79.373  13.396 0.5000000000
108421  -19.699  -79.227  12.075 0.5000000000
109742  -21.089  -79.333  12.106 0.6999999881
3847  -19.371  -79.458  13.919 0.6999999881
3848  -20.231  -79.491  13.900 0.6999999881
4854  -16.362  -77.080  19.107 0.6000000238
5316  -16.878  -76.621  19.863 0.6999999881
3834  -19.683  -79.399  14.794 0.6999999881
5317  -17.695  -76.042  20.093 0.6999999881
5318  -18.324  -75.734  19.224 0.6999999881
4325  -20.290  -78.828  16.209 0.6999999881
5319  -19.253  -75.698  19.021 0.6999999881
117561  -19.245  -76.115  18.332 0.6999999881
4307  -19.772  -77.868  17.065 0.6999999881
97617  -20.941  -78.541  16.734 0.6999999881
5334  -19.915  -76.275  18.784 0.6999999881
4843  -20.878  -76.543  19.616 0.6999999881
4868  -20.948  -77.823  18.087 0.6999999881
104370  -21.375  -77.492  18.955 0.6999999881
5758  -13.931  -75.737  20.625 0.5000000000
5775  -13.938  -75.423  19.131 0.6000000238
106287  -14.669  -74.369  18.056 0.6000000238
6307  -14.570  -74.602  18.909 0.6000000238
6308  -15.247  -74.060  18.689 0.6000000238
6264  -15.703  -74.219  21.941 0.6000000238
6294  -15.177  -74.115  19.614 0.6000000238
5729  -16.472  -75.336  22.828 0.6000000238
101468  -21.730  -79.656  12.187 0.6999999881
5301  -17.290  -76.083  22.014 0.6999999881
3849  -21.309  -79.555  13.752 0.6999999881
102925  -22.415  -80.105  12.283 0.6999999881
3363  -23.027  -80.499  12.871 0.6999999881
97623  -17.146  -75.016  22.683 0.6999999881
3850  -22.204  -79.859  13.982 0.6999999881
109644  -23.822  -80.935  12.525 0.6999999881
5759  -17.875  -75.620  21.199 0.6999999881
6254  -17.726  -74.356  22.359 0.6999999881
3835  -20.819  -79.471  14.675 0.6999999881
3836  -21.850  -79.593  14.658 0.6999999881
3354  -22.903  -80.275  13.751 0.6999999881
3355  -23.480  -80.312  14.235 0.6999999881
5776  -18.354  -75.630  20.241 0.6999999881
5746  -19.109  -74.498  21.452 0.6999999881
3803  -21.147  -79.068  16.126 0.6999999881
3345  -22.832  -80.005  14.650 0.6999999881
5778  -19.741  -75.446  19.947 0.6999999881
4326  -21.878  -78.915  16.793 0.6999999881
97991  -21.890  -79.316  16.062 0.6999999881
110272  -20.547  -75.581  20.185 0.6999999881
4295  -21.796  -78.230  18.406 0.6999999881
4310  -22.810  -79.183  17.184 0.6999999881
5779  -21.426  -75.833  20.483 0.6999999881
106746  -22.283  -78.706  17.753 0.6999999881
5320  -21.738  -76.552  20.305 0.6999999881
5796  -13.895  -75.134  18.101 0.6000000238
6319  -13.833  -74.944  16.702 0.6000000238
5822  -13.296  -75.611  16.394 0.5000000000
6352  -14.458  -74.716  15.523 0.6000000238
5812  -12.818  -76.443  16.910 0.5000000000
114969  -13.370  -76.015  17.610 0.5000000000
6335  -14.565  -74.500  16.464 0.6000000238
6369  -15.327  -74.732  14.369 0.6000000238
6336  -15.563  -74.081  16.548 0.6000000238
103931  -15.291  -74.332  15.757 0.6000000238
6831  -15.924  -73.721  21.144 0.6000000238
6265  -16.470  -74.153  22.402 0.6999999881
6849  -16.511  -73.327  19.824 0.6999999881
6824  -17.123  -73.829  22.413 0.6999999881
6839  -16.631  -73.227  20.884 0.6999999881
2935  -24.465  -81.170  12.166 0.6999999881
6255  -18.214  -73.890  22.195 0.6999999881
6840  -17.524  -72.806  20.970 0.6999999881
3364  -23.826  -80.633  13.484 0.6999999881
2936  -25.277  -81.118  12.105 0.6999999881
7369  -18.503  -72.616  20.864 0.6999999881
3346  -23.679  -80.113  14.878 0.6999999881
3365  -24.786  -80.252  13.541 0.6999999881
2952  -25.816  -81.497  11.447 0.6999999881
6836  -20.075  -73.508  21.356 0.6000000238
98690  -23.222  -79.708  16.054 0.6999999881
3347  -24.247  -79.927  14.886 0.6999999881
3366  -26.066  -79.913  13.074 0.6999999881
2937  -26.362  -80.958  12.054 0.6999999881
107649  -26.929  -81.586  11.571 0.6999999881
113357  -20.272  -74.867  20.662 0.6999999881
113571  -23.237  -79.465  16.709 0.6999999881
3793  -24.283  -79.243  16.910 0.6000000238
3823  -24.647  -79.374  15.234 0.6999999881
3851  -25.594  -79.609  13.511 0.6999999881
5763  -21.959  -75.261  20.799 0.6000000238
4857  -22.219  -77.989  19.294 0.6999999881
4286  -23.060  -78.224  19.465 0.6999999881
101985  -23.098  -78.895  17.970 0.6999999881
4311  -23.754  -78.737  18.018 0.6000000238
4327  -24.940  -78.655  16.659 0.6000000238
112975  -22.986  -76.134  20.712 0.6000000238
4844  -22.700  -77.605  20.050 0.6000000238
4287  -23.933  -78.136  19.379 0.6000000238
4288  -24.822  -77.983  19.181 0.5000000000
4312  -24.470  -78.712  17.624 0.5000000000
4313  -25.526  -78.075  17.446 0.5000000000
5312  -23.592  -76.332  20.538 0.6000000238
5322  -24.834  -76.710  20.166 0.5000000000
4846  -24.467  -77.516  19.927 0.5000000000
6351  -13.704  -75.275  15.029 0.6000000238
5835  -13.073  -75.710  15.499 0.6000000238
5871  -15.160  -75.266  12.532 0.5000000000
5904  -14.002  -75.226  10.572 0.6999999881
5365  -12.373  -76.302  15.950 0.5000000000
105226  -12.263  -76.144  15.078 0.6000000238
104916  -12.685  -75.941  13.135 0.6000000238
5364  -11.095  -76.574  15.923 0.6000000238
6386  -15.662  -74.882  13.537 0.4000000060
5850  -11.327  -76.289  14.133 0.6000000238
6370  -16.190  -74.523  14.314 0.5000000000
100423  -16.279  -74.025  15.827 0.6000000238
6337  -16.300  -73.843  16.624 0.6000000238
115264  -17.127  -73.076  20.267 0.6999999881
6861  -16.569  -73.458  18.864 0.6000000238
7378  -17.829  -72.926  20.112 0.6999999881
7370  -19.318  -72.593  20.999 0.6000000238
7379  -18.639  -72.746  19.873 0.6000000238
6841  -20.949  -73.415  21.073 0.6000000238
118049  -25.705  -78.391  15.048 0.6000000238
3852  -26.156  -79.299  13.574 0.6000000238
3377  -26.590  -80.543  12.713 0.6999999881
2938  -27.240  -81.205  12.284 0.6999999881
2565  -28.052  -82.542  11.478 0.6999999881
6279  -21.956  -74.519  20.859 0.6000000238
3807  -25.245  -78.584  15.608 0.6000000238
2182  -28.168  -83.060  11.459 0.6999999881
5765  -23.415  -75.673  20.532 0.6000000238
4858  -25.700  -77.637  18.664 0.4000000060
4314  -26.453  -77.646  16.973 0.4000000060
4339  -26.066  -78.166  15.398 0.5000000000
3839  -26.356  -78.825  14.165 0.6000000238
3378  -27.305  -80.830  13.022 0.6000000238
2555  -28.065  -82.505  12.090 0.6000000238
106940  -24.447  -75.565  19.999 0.5000000000
5781  -25.005  -75.943  20.014 0.5000000000
5323  -25.580  -76.405  19.766 0.5000000000
4847  -25.331  -77.263  19.648 0.5000000000
3825  -27.183  -78.683  15.332 0.4000000060
3840  -27.031  -79.133  14.662 0.6000000238
5903  -13.091  -75.082  10.301 0.6000000238
5885  -14.146  -75.481  11.950 0.6000000238
5927  -15.380  -75.114  9.945 0.6000000238
108743  -11.707  -76.190  13.009 0.6000000238
5868  -12.140  -75.910  11.973 0.5000000000
6401  -11.733  -74.846  11.010 0.6000000238
6924  -11.665  -74.021  11.606 0.6000000238
5886  -15.580  -75.309  11.707 0.6000000238
5370  -9.583  -76.256  14.609 0.6999999881
6384  -10.527  -74.804  12.439 0.6000000238
6914  -10.700  -73.807  12.938 0.6000000238
6387  -16.550  -74.717  13.548 0.5000000000
5887  -16.453  -75.297  11.871 0.6000000238
5847  -8.905  -76.024  14.664 0.6000000238
6383  -10.028  -74.454  13.317 0.6999999881
6354  -16.699  -74.307  14.994 0.5000000000
6368  -9.272  -74.910  13.866 0.6999999881
6338  -16.963  -73.757  16.365 0.6000000238
6901  -8.822  -74.436  14.658 0.6000000238
6862  -17.333  -73.371  18.493 0.6000000238
6874  -17.396  -73.550  17.570 0.6000000238
102072  -18.049  -73.556  17.058 0.6000000238
6863  -18.269  -73.368  18.073 0.6000000238
7380  -20.035  -72.473  19.919 0.6000000238
7382  -21.346  -72.610  20.032 0.6000000238
5814  -22.997  -75.125  17.614 0.6000000238
6843  -22.230  -73.693  20.386 0.6000000238
5815  -23.732  -75.116  18.089 0.6000000238
5798  -24.053  -75.118  19.382 0.6000000238
3357  -27.310  -80.081  14.713 0.6000000238
2924  -27.548  -81.301  13.565 0.6000000238
2541  -27.779  -82.120  13.409 0.6000000238
5799  -24.936  -75.295  19.401 0.5000000000
5782  -25.698  -75.566  19.627 0.5000000000
5324  -26.314  -75.980  19.488 0.5000000000
1815  -26.336  -84.221  12.809 0.6000000238
3808  -27.708  -79.111  16.427 0.4000000060
110772  -27.353  -81.078  14.707 0.6000000238
2526  -27.240  -81.920  14.372 0.6000000238
6937  -13.804  -73.954  10.381 0.6000000238
7452  -14.210  -72.798  11.224 0.5000000000
6938  -14.873  -73.230  10.490 0.6000000238
7453  -15.668  -72.327  11.052 0.5000000000
113524  -12.586  -75.137  10.567 0.6000000238
7451  -13.762  -72.549  11.993 0.6000000238
6948  -14.564  -74.347  10.030 0.5000000000
6949  -15.349  -74.165  9.832 0.5000000000
6950  -16.246  -74.034  9.684 0.5000000000
6925  -12.621  -73.393  11.485 0.5000000000
6936  -12.868  -74.146  10.616 0.6000000238
6915  -12.222  -73.119  12.312 0.5000000000
5928  -16.323  -75.119  9.934 0.6000000238
6902  -9.533  -73.947  14.164 0.6999999881
7436  -11.296  -72.844  13.640 0.6000000238
7419  -11.117  -72.552  14.531 0.6000000238
100169  -17.447  -74.240  14.781 0.5000000000
6882  -8.794  -73.366  16.102 0.5000000000
7418  -10.220  -72.944  14.918 0.6999999881
6884  -17.768  -73.702  16.315 0.5000000000
6875  -18.933  -73.360  17.225 0.5000000000
6864  -19.318  -73.177  18.156 0.6000000238
6323  -21.885  -74.046  17.334 0.6000000238
102328  -21.090  -73.147  18.323 0.5000000000
6342  -22.381  -74.731  17.244 0.6000000238
6324  -22.552  -74.236  18.098 0.6000000238
5817  -25.182  -74.650  18.499 0.5000000000
3337  -27.672  -80.450  16.538 0.5000000000
2910  -27.033  -81.583  15.783 0.5000000000
2525  -26.476  -82.746  15.035 0.6000000238
2159  -26.055  -83.665  14.623 0.6000000238
99083  -14.709  -72.378  12.356 0.6000000238
107643  -15.620  -72.190  12.101 0.6000000238
115380  -14.830  -72.482  13.486 0.6000000238
7463  -16.507  -72.323  10.717 0.5000000000
7439  -14.065  -72.513  13.086 0.6000000238
98894  -13.504  -72.532  13.872 0.6999999881
6951  -17.176  -73.906  9.693 0.6000000238
7420  -12.101  -72.457  14.656 0.6000000238
7437  -12.371  -72.632  13.499 0.6000000238
5907  -16.899  -75.382  10.928 0.6000000238
7405  -10.950  -72.133  15.058 0.6000000238
7406  -11.850  -72.197  15.189 0.6000000238
6388  -17.391  -74.747  13.459 0.5000000000
6885  -18.618  -73.603  16.422 0.5000000000
7397  -9.124  -72.515  16.601 0.5000000000
116717  -10.426  -72.235  15.585 0.6000000238
6876  -19.856  -73.404  17.461 0.5000000000
6322  -21.161  -74.181  16.791 0.6000000238
110249  -20.585  -73.393  17.694 0.5000000000
5824  -22.571  -75.493  16.694 0.5000000000
5825  -23.296  -75.458  17.013 0.5000000000
2496  -27.357  -82.353  16.400 0.6000000238
117960  -26.683  -82.742  15.707 0.6000000238
7424  -16.225  -72.232  14.074 0.6000000238
7441  -16.359  -72.094  12.961 0.5000000000
7454  -16.545  -71.924  11.752 0.5000000000
7410  -16.037  -72.156  15.214 0.6999999881
7455  -17.485  -71.558  11.871 0.5000000000
7409  -14.450  -72.378  15.427 0.6999999881
103353  -14.360  -72.531  14.217 0.6000000238
7987  -18.004  -71.388  11.196 0.5000000000
7421  -13.059  -72.440  14.769 0.6000000238
7475  -17.654  -72.966  9.897 0.5000000000
117296  -18.208  -74.161  9.722 0.6000000238
7930  -12.999  -71.866  16.117 0.6999999881
5908  -17.966  -75.608  11.158 0.6000000238
117668  -11.858  -71.509  15.204 0.6000000238
5872  -18.080  -75.635  12.323 0.6000000238
9114  -10.796  -70.105  15.307 0.6999999881
7945  -10.738  -71.606  15.425 0.6999999881
6356  -18.152  -74.154  14.971 0.5000000000
106598  -17.985  -74.500  14.109 0.5000000000
7929  -9.972  -71.528  16.042 0.6000000238
6357  -19.080  -74.213  15.207 0.5000000000
9087  -10.603  -69.443  16.045 0.5000000000
6358  -19.928  -74.622  15.331 0.6000000238
6886  -19.590  -73.662  16.521 0.5000000000
9065  -9.777  -70.004  17.541 0.6000000238
6340  -20.366  -74.280  16.165 0.5000000000
6341  -21.832  -74.784  16.717 0.6000000238
5839  -23.321  -76.153  15.774 0.5000000000
7961  -16.882  -71.923  14.795 0.6999999881
100469  -17.638  -71.712  14.305 0.5000000000
110822  -18.223  -71.551  13.693 0.5000000000
7933  -16.089  -71.527  17.136 0.8000000119
7948  -16.586  -71.764  15.983 0.6999999881
7974  -17.925  -71.628  12.822 0.5000000000
116479  -18.935  -71.086  12.284 0.5000000000
7922  -14.984  -71.200  17.276 0.6999999881
7402  -14.827  -71.967  16.392 0.6999999881
114035  -15.283  -72.187  15.591 0.8000000119
7401  -13.989  -72.088  16.295 0.6999999881
7983  -19.392  -70.712  11.928 0.5000000000
8523  -14.094  -71.151  16.638 0.6999999881
100279  -13.718  -71.735  16.368 0.6999999881
7476  -18.405  -72.463  9.970 0.6000000238
7993  -18.698  -71.557  10.541 0.5000000000
8556  -13.582  -69.748  14.275 0.6000000238
7946  -12.431  -71.392  15.411 0.6000000238
5909  -18.876  -75.589  11.166 0.6000000238
9116  -12.410  -69.771  14.672 0.6999999881
8538  -11.978  -70.643  14.878 0.6999999881
5853  -18.726  -75.131  13.841 0.6000000238
5889  -18.674  -75.918  11.887 0.6000000238
117920  -11.194  -69.426  15.473 0.6000000238
5854  -19.430  -75.022  14.498 0.6000000238
113915  -20.571  -75.024  15.628 0.6000000238
9675  -9.809  -69.112  17.914 0.6000000238
5837  -21.194  -75.767  15.529 0.6000000238
116545  -21.846  -76.073  15.730 0.5000000000
7925  -17.526  -71.031  17.569 0.6000000238
7935  -18.096  -71.255  16.512 0.5000000000
7950  -18.660  -71.327  15.553 0.5000000000
8567  -19.919  -70.962  14.111 0.5000000000
8513  -16.431  -70.638  17.734 0.8000000119
116135  -20.254  -70.799  13.251 0.5000000000
115941  -14.744  -70.777  17.073 0.6999999881
6962  -18.961  -73.069  9.744 0.6000000238
11526  -12.246  -65.109  20.098 0.6000000238
9089  -14.297  -70.177  15.557 0.8000000119
10920  -12.670  -65.805  19.587 0.6000000238
9117  -13.150  -69.363  14.192 0.6999999881
9133  -14.567  -69.375  13.836 0.8000000119
111745  -19.137  -74.256  9.803 0.6000000238
11558  -11.487  -65.859  18.734 0.6000000238
9705  -12.630  -68.922  14.682 0.6000000238
114282  -18.898  -75.909  12.858 0.6000000238
5873  -19.759  -76.422  13.278 0.6000000238
10296  -11.661  -67.037  17.252 0.6000000238
9677  -11.375  -68.076  16.921 0.6000000238
118262  -11.681  -68.121  16.400 0.6000000238
5836  -20.298  -75.589  14.860 0.6000000238
5379  -20.507  -76.761  13.434 0.6000000238
9688  -10.945  -68.825  16.739 0.5000000000
115670  -21.667  -76.868  14.373 0.5000000000
5381  -22.538  -77.027  14.327 0.5000000000
5391  -22.605  -77.037  13.517 0.5000000000
113006  -18.791  -70.550  17.994 0.5000000000
8516  -19.411  -70.675  17.265 0.5000000000
8514  -17.125  -70.602  18.110 0.6000000238
8505  -18.529  -70.152  18.710 0.5000000000
9068  -16.299  -70.097  17.699 0.8000000119
9046  -17.488  -69.838  18.433 0.6999999881
9090  -15.941  -69.700  16.758 0.8000000119
9067  -15.209  -70.165  16.703 0.8000000119
7988  -19.498  -70.851  10.840 0.6000000238
105368  -20.797  -70.420  12.884 0.5000000000
10887  -13.216  -66.772  21.225 0.6000000238
9118  -15.374  -69.642  15.093 0.8000000119
8586  -20.320  -70.254  10.798 0.5000000000
10243  -13.780  -67.264  19.537 0.6999999881
10898  -13.219  -66.732  20.071 0.6000000238
9717  -14.633  -68.760  13.549 0.8000000119
5931  -19.251  -74.952  10.355 0.6000000238
6952  -19.426  -73.596  9.785 0.6000000238
7994  -20.097  -71.117  10.367 0.6000000238
10272  -13.571  -66.942  18.430 0.6000000238
5910  -20.353  -75.665  11.722 0.6000000238
110526  -19.620  -75.461  11.303 0.6000000238
6953  -20.308  -73.159  10.063 0.6000000238
10949  -11.795  -66.691  18.057 0.6000000238
9690  -12.982  -68.098  15.348 0.6000000238
9707  -14.074  -68.168  14.073 0.5000000000
5891  -20.545  -76.430  12.550 0.6000000238
10315  -11.910  -67.530  16.606 0.6000000238
5390  -21.228  -76.827  13.180 0.6000000238
5892  -21.540  -76.419  12.441 0.6000000238
102157  -21.919  -75.911  11.897 0.5000000000
5413  -23.106  -76.371  12.075 0.5000000000
5401  -23.063  -76.754  12.790 0.5000000000
5913  -23.413  -75.853  11.391 0.5000000000
9047  -18.245  -69.581  18.825 0.6000000238
9678  -17.348  -69.197  17.268 0.6999999881
9613  -13.941  -68.159  22.934 0.6000000238
10231  -13.536  -67.689  22.590 0.6000000238
102907  -16.217  -69.477  15.539 0.8000000119
8578  -21.378  -69.925  12.461 0.5000000000
9625  -14.564  -67.967  21.147 0.6000000238
9709  -17.486  -68.910  14.393 0.8000000119
9154  -21.244  -69.435  11.554 0.5000000000
105157  -13.864  -67.437  20.637 0.6999999881
10340  -15.357  -68.231  13.540 0.8000000119
7995  -20.790  -71.106  10.237 0.6000000238
102053  -20.989  -69.512  10.926 0.6000000238
10273  -14.393  -67.462  18.949 0.8000000119
10339  -14.631  -67.846  13.920 0.6999999881
6420  -20.192  -74.728  11.120 0.6000000238
7479  -21.341  -71.966  10.244 0.6000000238
10285  -14.122  -67.135  17.824 0.6999999881
10299  -13.763  -66.888  16.632 0.6999999881
10328  -13.701  -67.720  14.887 0.6000000238
6421  -21.137  -74.557  11.528 0.6000000238
113493  -22.008  -72.011  10.373 0.6000000238
10950  -12.319  -66.456  17.467 0.6000000238
7467  -21.905  -72.545  11.094 0.5000000000
102763  -22.272  -75.205  11.589 0.5000000000
9671  -18.274  -68.807  18.722 0.6000000238
103942  -18.885  -68.409  19.098 0.5000000000
104754  -14.430  -68.532  24.971 0.6000000238
10321  -18.696  -68.120  17.061 0.6999999881
9597  -13.979  -68.495  24.195 0.6000000238
9692  -18.162  -68.730  16.423 0.6999999881
10322  -19.368  -67.683  16.414 0.6000000238
9615  -15.228  -68.324  22.440 0.6000000238
9609  -15.174  -68.384  23.377 0.6000000238
9710  -18.244  -68.725  15.049 0.6000000238
10343  -18.864  -68.321  14.494 0.6999999881
9626  -15.240  -68.046  20.852 0.8000000119
9720  -17.123  -68.513  13.375 0.6999999881
10349  -18.798  -68.150  13.532 0.6000000238
10244  -14.671  -67.741  20.113 0.8000000119
10331  -15.775  -67.164  13.973 0.8000000119
10980  -16.643  -67.071  13.705 0.6999999881
10286  -15.101  -67.436  18.242 0.6999999881
10300  -14.742  -67.097  17.112 0.6999999881
108254  -15.374  -66.772  16.283 0.6000000238
10966  -16.297  -66.405  14.792 0.8000000119
9591  -14.695  -68.274  25.797 0.6000000238
9599  -15.317  -68.247  24.173 0.6000000238
10233  -16.086  -67.777  22.434 0.6999999881
10350  -19.492  -67.711  13.359 0.6000000238
10235  -15.888  -67.905  21.167 0.6999999881
10246  -16.397  -67.431  20.481 0.6999999881
116657  -18.057  -67.450  13.058 0.6999999881
10996  -18.176  -66.739  13.296 0.6000000238
10275  -16.304  -67.419  19.597 0.8000000119
116887  -16.882  -67.088  19.065 0.6000000238
99765  -16.605  -66.876  17.782 0.5000000000
10981  -17.088  -66.240  14.384 0.6999999881
11580  -17.637  -65.714  15.059 0.6999999881
11593  -18.627  -65.915  13.697 0.6000000238
10274  -15.396  -67.671  19.303 0.8000000119
10952  -17.006  -66.369  16.974 0.6000000238
10951  -16.275  -66.424  16.023 0.6000000238
9582  -14.511  -68.134  26.540 0.6000000238
10207  -15.149  -67.834  25.502 0.6000000238
103214  -15.691  -67.123  24.158 0.6999999881
10215  -15.506  -67.841  24.587 0.6000000238
10876  -16.100  -67.063  23.333 0.6999999881
11512  -16.267  -66.143  22.150 0.6999999881
10888  -16.484  -66.777  21.658 0.6999999881
11528  -16.740  -65.793  20.469 0.6000000238
11603  -18.836  -66.871  13.169 0.6000000238
10922  -16.978  -66.718  19.862 0.6000000238
10945  -17.169  -66.361  17.987 0.6000000238
106682  -20.064  -66.151  13.095 0.5000000000
11582  -19.062  -65.170  14.482 0.6000000238
11594  -19.454  -65.562  13.560 0.5000000000
12239  -21.008  -65.207  12.959 0.5000000000
12219  -18.773  -64.930  15.460 0.6000000238
12228  -19.734  -64.727  14.035 0.5000000000
101674  -14.758  -66.801  27.483 0.6000000238
10847  -14.696  -67.162  26.910 0.6000000238
11496  -15.009  -66.294  24.587 0.6999999881
10867  -14.458  -66.132  25.563 0.6999999881
11510  -14.816  -65.041  23.217 0.6999999881
11511  -15.711  -65.609  22.638 0.6999999881
11518  -15.970  -65.300  21.797 0.6000000238
11527  -16.147  -65.135  20.922 0.5000000000
12169  -16.410  -64.877  20.074 0.6999999881
106612  -15.877  -64.171  19.741 0.6000000238
11539  -17.025  -65.561  19.525 0.6000000238
11540  -17.130  -65.302  18.574 0.6000000238
12191  -16.665  -64.369  18.083 0.6000000238
108473  -17.830  -65.202  16.211 0.6000000238
12211  -18.257  -64.580  16.157 0.5000000000
12212  -19.111  -64.297  16.007 0.5000000000
12882  -19.772  -63.892  15.588 0.5000000000
10812  -17.958  -66.581  28.887 0.6999999881
11455  -17.700  -65.984  27.325 0.6999999881
114148  -18.824  -66.137  28.053 0.6999999881
11452  -14.795  -65.876  27.348 0.6000000238
11474  -16.282  -65.429  27.024 0.6999999881
11475  -17.644  -65.423  26.435 0.6999999881
11488  -18.434  -65.219  25.983 0.6999999881
12128  -18.689  -64.912  25.257 0.6000000238
11487  -14.058  -65.627  26.377 0.6999999881
11473  -14.865  -65.126  27.117 0.6999999881
12125  -15.344  -64.531  26.501 0.6999999881
12127  -17.671  -64.926  25.530 0.6999999881
11495  -13.720  -65.113  25.685 0.6999999881
11471  -13.841  -64.239  26.269 0.6999999881
12789  -15.378  -63.948  25.811 0.6999999881
12156  -15.173  -64.690  22.271 0.6999999881
12160  -14.578  -63.810  21.777 0.6000000238
12168  -15.658  -64.353  20.461 0.6000000238
12849  -15.226  -63.014  18.645 0.6000000238
13547  -15.204  -62.358  18.474 0.6000000238
12177  -16.407  -64.473  19.067 0.6000000238
12190  -15.969  -63.607  18.416 0.6000000238
12850  -15.752  -62.976  18.056 0.6000000238
12859  -17.199  -62.941  17.193 0.5000000000
13558  -18.002  -62.528  17.287 0.6000000238
12868  -17.727  -63.710  16.710 0.5000000000
12869  -18.407  -63.661  16.463 0.5000000000
13570  -18.591  -63.105  16.863 0.5000000000
10813  -18.549  -66.236  28.676 0.6999999881
11476  -18.582  -65.594  26.717 0.6999999881
12114  -19.072  -65.046  26.128 0.6000000238
12777  -19.424  -64.381  26.031 0.6000000238
12138  -18.929  -64.698  24.387 0.6000000238
12814  -18.918  -64.311  22.876 0.4000000060
117407  -16.727  -63.832  24.432 0.6000000238
12136  -17.138  -64.313  24.862 0.5000000000
12147  -18.475  -64.464  23.699 0.5000000000
12821  -18.479  -63.822  22.453 0.4000000060
13515  -19.618  -63.478  22.019 0.5000000000
11502  -14.495  -65.357  24.182 0.6999999881
12134  -13.453  -64.070  25.617 0.8000000119
12801  -14.957  -63.358  25.379 0.6999999881
13507  -15.910  -62.666  23.765 0.5000000000
13512  -16.745  -62.545  22.816 0.4000000060
14170  -17.581  -62.341  22.238 0.4000000060
14178  -18.358  -61.971  21.806 0.4000000060
104613  -18.104  -60.820  21.639 0.4000000060
12145  -13.229  -63.609  24.772 0.8000000119
115551  -13.011  -62.889  24.475 0.8000000119
12799  -13.133  -62.979  25.180 0.8000000119
13495  -13.571  -62.358  24.701 0.8000000119
13506  -14.375  -61.922  24.026 0.6000000238
14161  -15.464  -61.849  23.067 0.5000000000
14169  -16.416  -61.436  22.348 0.4000000060
14177  -17.412  -61.240  21.917 0.4000000060
12155  -14.068  -63.954  22.882 0.6999999881
114925  -13.272  -62.449  21.928 0.6999999881
13529  -13.517  -62.211  20.185 0.5000000000
14819  -15.712  -60.447  21.813 0.5000000000
14176  -16.642  -60.584  21.783 0.4000000060
108073  -17.842  -59.949  21.339 0.4000000060
101584  -13.864  -62.929  21.165 0.6000000238
12841  -14.168  -62.528  19.504 0.5000000000
13538  -13.909  -61.958  19.326 0.5000000000
14203  -15.339  -61.535  18.405 0.6000000238
13556  -16.692  -62.225  17.514 0.6000000238
14215  -16.901  -61.807  17.557 0.6000000238
113465  -19.007  -65.957  28.430 0.6000000238
12083  -18.555  -64.431  28.902 0.5000000000
12763  -19.215  -64.140  27.412 0.5000000000
12776  -19.345  -63.880  26.694 0.4000000060
112689  -19.598  -64.034  25.471 0.5000000000
12139  -19.417  -64.370  24.208 0.5000000000
12823  -19.654  -63.982  22.644 0.5000000000
13516  -20.373  -63.388  22.581 0.5000000000
13520  -20.540  -62.827  21.874 0.5000000000
14180  -21.091  -62.071  21.570 0.5000000000
99849  -19.019  -61.395  21.501 0.5000000000
110541  -20.993  -60.539  20.764 0.5000000000
13505  -13.525  -61.815  23.811 0.6999999881
14160  -14.204  -61.416  23.180 0.6000000238
14817  -13.566  -60.531  21.776 0.5000000000
102891  -15.078  -61.080  22.449 0.5000000000
14831  -19.533  -60.718  21.228 0.5000000000
14846  -19.936  -60.084  20.835 0.5000000000
12820  -13.357  -63.089  23.086 0.8000000119
12819  -13.203  -62.455  22.745 0.6999999881
12825  -13.019  -61.996  21.274 0.6000000238
14818  -14.583  -60.418  21.795 0.5000000000
14828  -16.282  -59.739  21.146 0.4000000060
15522  -17.191  -59.454  20.906 0.5000000000
14845  -18.940  -59.615  20.976 0.4000000060
15538  -19.276  -59.158  20.555 0.5000000000
13537  -13.458  -61.481  19.841 0.5000000000
14855  -14.247  -60.137  19.519 0.5000000000
14826  -13.928  -59.970  21.058 0.6000000238
15534  -15.573  -59.425  20.344 0.5000000000
15535  -16.511  -59.177  20.313 0.5000000000
15536  -17.324  -58.858  20.246 0.5000000000
14196  -14.727  -60.815  18.858 0.5000000000
14856  -14.959  -60.170  18.950 0.5000000000
15550  -15.076  -59.655  19.460 0.5000000000
15551  -16.028  -59.469  19.582 0.5000000000
14205  -16.931  -61.244  18.105 0.6000000238
14206  -17.892  -61.149  18.436 0.6000000238
12725  -17.127  -63.652  29.187 0.5000000000
114910  -17.188  -63.189  28.613 0.5000000000
12762  -18.501  -63.433  27.860 0.5000000000
13473  -18.930  -62.993  26.607 0.4000000060
13474  -19.417  -63.548  26.010 0.4000000060
12746  -16.404  -63.185  28.776 0.5000000000
13464  -18.198  -62.634  27.292 0.4000000060
12791  -19.725  -64.004  24.798 0.5000000000
12804  -19.939  -63.905  24.015 0.6000000238
13508  -20.753  -63.042  23.184 0.5000000000
13517  -21.092  -62.731  22.529 0.5000000000
14171  -21.776  -62.196  22.443 0.4000000060
14833  -21.533  -61.381  21.251 0.4000000060
14848  -22.684  -60.572  20.713 0.4000000060
104361  -17.183  -62.314  27.565 0.4000000060
13472  -17.541  -61.914  26.824 0.4000000060
13482  -19.111  -62.656  25.836 0.4000000060
14139  -19.438  -62.355  25.013 0.5000000000
13499  -20.380  -63.228  23.875 0.5000000000
108790  -20.860  -62.515  23.774 0.5000000000
14138  -18.611  -61.776  25.599 0.4000000060
14149  -18.840  -61.355  24.966 0.4000000060
14151  -20.490  -61.758  24.179 0.5000000000
14162  -21.325  -61.763  23.717 0.4000000060
14163  -22.061  -61.644  23.044 0.4000000060
14172  -22.341  -61.610  22.294 0.4000000060
14835  -23.471  -60.216  21.823 0.4000000060
14122  -15.745  -61.718  27.272 0.4000000060
14134  -16.994  -61.291  26.441 0.4000000060
14135  -17.854  -61.423  26.129 0.4000000060
14779  -15.651  -60.697  26.281 0.4000000060
14780  -16.496  -60.692  26.109 0.4000000060
14787  -18.108  -60.985  25.451 0.4000000060
14794  -18.412  -60.425  24.861 0.4000000060
14796  -19.784  -60.981  24.265 0.5000000000
14808  -20.731  -60.974  24.044 0.5000000000
14809  -21.625  -60.909  23.652 0.4000000060
14164  -22.509  -61.259  22.681 0.4000000060
14795  -19.140  -60.299  24.352 0.4000000060
116476  -20.751  -59.389  23.559 0.4000000060
16255  -21.238  -58.991  23.308 0.4000000060
14810  -22.483  -60.673  23.125 0.4000000060
15515  -23.156  -60.075  22.631 0.4000000060
14778  -14.648  -60.855  26.205 0.4000000060
14785  -15.227  -60.205  25.756 0.3000000119
14792  -16.760  -60.117  25.424 0.3000000119
15494  -17.557  -59.600  24.814 0.4000000060
100539  -15.446  -59.148  24.711 0.4000000060
15489  -15.800  -59.787  25.278 0.3000000119
15493  -16.451  -59.290  24.873 0.3000000119
16253  -18.473  -58.275  23.694 0.5000000000
16254  -20.298  -58.728  23.291 0.4000000060
17010  -20.822  -58.221  22.922 0.4000000060
16265  -22.408  -58.413  22.918 0.4000000060
17027  -23.554  -57.756  22.291 0.3000000119
17007  -18.032  -57.659  23.210 0.5000000000
17024  -19.502  -57.270  22.657 0.5000000000
17009  -19.882  -57.992  22.950 0.4000000060
103334  -21.533  -57.692  22.755 0.4000000060
17026  -22.543  -57.607  22.658 0.3000000119
15488  -14.836  -59.675  25.106 0.4000000060
113703  -15.133  -58.699  24.070 0.4000000060
16250  -15.475  -58.228  23.567 0.4000000060
16251  -16.526  -58.167  23.723 0.5000000000
16252  -17.522  -58.170  23.777 0.5000000000
17004  -14.789  -57.788  22.746 0.4000000060
17006  -17.019  -57.636  23.148 0.5000000000
17022  -17.518  -57.003  22.488 0.5000000000
17023  -18.583  -57.171  22.679 0.4000000060
17749  -19.991  -56.637  22.232 0.4000000060
17751  -21.813  -56.812  22.464 0.3000000119
110485  -17.490  -56.346  21.787 0.3000000119
17747  -18.261  -56.540  22.104 0.3000000119
18504  -18.755  -56.140  21.791 0.3000000119
16236  -14.305  -59.049  24.333 0.4000000060
17744  -14.746  -56.792  21.382 0.4000000060
18506  -20.383  -55.731  21.967 0.3000000119
103326  -13.628  -57.800  22.465 0.3000000119
18503  -14.209  -56.179  21.328 0.3000000119
5852  -13.612  -75.530  13.904 0.6000000238
5884  -12.989  -75.410  11.157 0.5000000000
11573  -17.600  -65.565  15.856 0.6000000238
98075  -17.462  -65.659  16.512 0.6000000238
4349  -16.649  -77.791  14.090 0.5000000000
4866  -17.459  -76.713  17.070 0.6000000238
4807  -16.135  -76.808  22.809 0.5000000000
4881  -18.106  -77.353  16.539 0.6999999881
3819  -18.838  -79.107  15.236 0.6999999881
4338  -19.587  -79.044  15.694 0.6999999881
5777  -19.027  -75.444  19.931 0.6999999881
4308  -20.211  -78.345  16.738 0.6999999881
115260  -20.117  -77.490  17.761 0.6999999881
6872  -15.922  -73.739  18.338 0.5000000000
112764  -22.442  -79.627  15.527 0.6999999881
6835  -19.218  -73.402  21.615 0.6999999881
6267  -19.889  -74.297  21.211 0.6999999881
3804  -22.581  -79.436  16.410 0.6999999881
5762  -21.223  -74.848  20.788 0.6999999881
6385  -14.482  -74.971  14.598 0.6000000238
3822  -23.927  -79.804  15.627 0.6999999881
7372  -21.088  -72.850  20.668 0.6000000238
6280  -22.386  -74.351  20.592 0.6000000238
4845  -23.573  -77.656  20.060 0.5000000000
98471  -10.767  -76.080  12.918 0.6999999881
6852  -21.849  -73.063  20.257 0.6000000238
3853  -26.757  -79.577  13.993 0.6000000238
2939  -27.832  -81.749  12.679 0.6000000238
6295  -22.722  -74.216  20.171 0.5000000000
6297  -25.837  -74.753  19.221 0.5000000000
3348  -27.350  -80.748  15.707 0.5000000000
5867  -10.823  -75.500  12.260 0.6000000238
5848  -9.326  -75.729  14.001 0.6999999881
5888  -17.305  -75.433  12.004 0.6000000238
6865  -20.229  -73.111  18.314 0.5000000000
6866  -21.742  -73.004  19.239 0.5000000000
5797  -23.340  -74.770  18.714 0.6000000238
6309  -22.805  -74.180  19.270 0.5000000000
107841  -24.376  -75.041  18.720 0.5000000000
2540  -26.787  -82.834  14.176 0.6000000238
2909  -26.802  -82.060  15.418 0.6000000238
2900  -27.996  -81.101  17.086 0.5000000000
7407  -12.744  -72.246  15.496 0.6000000238
8585  -19.831  -70.393  11.453 0.5000000000
11538  -11.951  -65.324  19.228 0.6000000238
9669  -10.181  -68.149  18.043 0.6000000238
5856  -21.056  -76.363  14.666 0.6000000238
104059  -12.481  -65.828  18.805 0.6000000238
9719  -16.081  -68.898  13.421 0.8000000119
10943  -12.730  -66.350  18.051 0.6000000238
7466  -21.108  -72.600  10.940 0.6000000238
10317  -13.356  -67.273  16.006 0.6000000238
6422  -21.923  -74.203  11.604 0.6000000238
10342  -17.153  -67.952  13.044 0.8000000119
8587  -21.298  -69.147  10.214 0.6000000238
10319  -14.677  -66.863  15.217 0.6000000238
109855  -14.448  -66.890  16.109 0.6999999881
116334  -16.320  -66.841  16.943 0.6000000238
10923  -17.218  -66.308  18.827 0.6000000238
10967  -17.068  -66.014  15.717 0.6999999881
11567  -17.352  -65.736  17.384 0.6000000238
12220  -19.435  -64.472  15.061 0.5000000000
12834  -15.198  -63.645  19.908 0.5000000000
114619  -17.645  -64.877  16.804 0.6000000238
12870  -19.279  -63.569  16.329 0.5000000000
10830  -17.284  -66.324  28.242 0.6999999881
11453  -15.488  -65.848  27.634 0.6000000238
12113  -16.691  -64.941  26.257 0.6999999881
12788  -13.676  -63.596  25.708 0.8000000119
13496  -14.675  -62.680  24.720 0.6000000238
12099  -19.353  -65.002  27.636 0.6000000238
12813  -17.949  -63.988  23.052 0.5000000000
12802  -16.788  -63.527  23.842 0.5000000000
15523  -18.004  -59.338  20.914 0.5000000000
12747  -18.895  -64.257  28.221 0.5000000000
14832  -20.548  -61.156  21.136 0.5000000000
14158  -13.119  -61.359  22.280 0.6000000238
14825  -13.000  -60.414  21.093 0.6000000238
14857  -16.508  -59.709  19.102 0.5000000000
13449  -16.760  -62.686  28.235 0.5000000000
13509  -21.401  -62.374  23.117 0.5000000000
108291  -20.163  -62.497  24.353 0.6000000238
14133  -15.265  -61.276  26.771 0.4000000060
103892  -16.143  -61.205  26.696 0.4000000060
14786  -17.308  -60.802  25.798 0.4000000060
14793  -17.638  -60.362  25.295 0.4000000060
14807  -19.889  -60.223  23.994 0.5000000000
15507  -21.597  -59.898  23.567 0.4000000060
15504  -18.912  -59.002  23.962 0.4000000060
15505  -19.871  -59.346  23.725 0.4000000060
16266  -23.165  -59.119  22.707 0.4000000060
16267  -23.817  -58.782  22.133 0.4000000060
16237  -16.033  -58.705  24.234 0.3000000119
16238  -17.022  -58.752  24.317 0.5000000000
16239  -17.994  -58.885  24.170 0.4000000060
106383  -19.384  -58.479  23.494 0.4000000060
105834  -23.139  -58.321  22.626 0.4000000060
17748  -19.111  -56.652  22.261 0.5000000000
118549  -21.170  -57.106  22.490 0.4000000060
17005  -15.948  -57.712  22.994 0.5000000000
17020  -15.290  -57.269  22.140 0.5000000000
17021  -16.385  -57.170  22.357 0.4000000060
18505  -19.472  -56.027  21.837 0.4000000060
17745  -15.690  -56.724  21.483 0.4000000060
17019  -14.219  -57.319  21.892 0.3000000119
17758  -14.558  -56.362  21.151 0.3000000119
17760  -16.010  -56.148  20.828 0.3000000119
109424  -25.141  -87.650  9.605 0.5000000000
693  -24.394  -88.352  10.074 0.5000000000
493  -23.530  -89.588  11.474 0.5000000000
684  -24.627  -88.817  10.803 0.5000000000
488  -24.333  -89.805  11.871 0.5000000000
674  -24.784  -89.271  11.372 0.5000000000
312  -23.978  -90.485  13.192 0.6000000238
118588  -25.818  -87.228  9.497 0.5000000000
934  -25.578  -87.673  9.916 0.5000000000
929  -25.534  -87.988  10.478 0.5000000000
675  -25.288  -88.774  11.193 0.5000000000
313  -24.316  -90.423  13.681 0.6000000238
489  -25.193  -89.515  11.921 0.6000000238
481  -24.882  -90.069  12.548 0.6000000238
1218  -26.030  -86.313  8.423 0.4000000060
2579  -24.691  -82.586  8.881 0.4000000060
2585  -25.198  -83.220  8.231 0.4000000060
2188  -25.702  -83.806  7.933 0.5000000000
2196  -26.041  -84.372  7.801 0.5000000000
1514  -25.422  -84.949  7.311 0.5000000000
1508  -26.764  -85.310  8.531 0.5000000000
2190  -27.015  -84.431  9.306 0.5000000000
1507  -26.275  -85.561  7.973 0.5000000000
117164  -26.653  -85.929  8.609 0.5000000000
450  -25.156  -90.040  14.886 0.6000000238
638  -25.532  -89.370  15.513 0.6000000238
1211  -26.409  -86.598  9.139 0.5000000000
1207  -26.095  -87.249  9.855 0.5000000000
1204  -26.719  -86.158  10.660 0.5000000000
462  -25.704  -90.250  14.631 0.6000000238
99303  -25.821  -87.599  10.609 0.5000000000
668  -25.864  -89.167  11.965 0.6000000238
472  -25.834  -90.145  13.336 0.6000000238
451  -26.036  -90.039  15.115 0.6000000238
473  -26.573  -89.912  13.778 0.6000000238
463  -26.360  -90.098  14.608 0.6000000238
452  -26.866  -89.807  15.185 0.6999999881
464  -27.289  -89.645  14.518 0.6000000238
453  -27.650  -89.448  15.288 0.6999999881
3399  -23.350  -80.756  10.235 0.6000000238
2965  -24.029  -81.447  10.689 0.6000000238
115533  -23.897  -81.177  11.673 0.6000000238
2979  -24.467  -81.901  9.737 0.5000000000
2573  -25.355  -82.479  10.020 0.5000000000
2966  -25.075  -81.890  10.750 0.6000000238
2586  -26.094  -83.770  9.011 0.5000000000
2580  -25.634  -83.172  9.417 0.5000000000
2581  -26.784  -83.477  9.970 0.5000000000
1509  -27.205  -84.979  9.096 0.5000000000
2186  -27.361  -83.911  9.971 0.5000000000
1500  -27.477  -85.683  9.900 0.5000000000
103846  -25.206  -87.717  16.395 0.6999999881
627  -25.844  -88.609  16.034 0.6000000238
879  -26.144  -87.839  16.458 0.8000000119
1203  -25.856  -86.846  11.123 0.5000000000
117105  -25.697  -87.601  11.445 0.5000000000
922  -25.750  -87.909  12.222 0.6000000238
639  -26.433  -89.425  15.626 0.6999999881
628  -26.735  -88.699  16.143 0.6999999881
482  -26.185  -89.587  12.937 0.6000000238
641  -28.014  -89.102  15.830 0.6999999881
106346  -26.800  -89.372  13.246 0.6000000238
98801  -27.329  -89.327  13.783 0.6000000238
660  -27.909  -88.733  13.869 0.6999999881
652  -28.647  -88.958  14.791 0.6999999881
642  -29.117  -88.673  15.515 0.6000000238
3886  -22.292  -79.753  10.270 0.5000000000
3388  -23.431  -80.891  11.073 0.6000000238
2951  -24.726  -81.476  11.524 0.6000000238
2967  -26.381  -82.140  10.827 0.6000000238
2575  -27.254  -82.815  10.624 0.6000000238
1501  -27.723  -84.819  10.219 0.5000000000
1829  -28.057  -83.751  11.577 0.6000000238
1174  -24.625  -86.902  16.803 0.6999999881
107800  -27.521  -85.322  10.571 0.5000000000
1828  -27.273  -84.439  11.907 0.5000000000
106951  -25.983  -86.318  17.208 0.5000000000
1443  -25.425  -85.639  17.661 0.6000000238
1496  -26.881  -85.293  11.375 0.6000000238
1200  -25.402  -86.794  12.989 0.5000000000
1175  -26.507  -87.113  16.787 0.6000000238
912  -25.832  -87.628  13.141 0.5000000000
629  -27.575  -88.689  16.201 0.6999999881
881  -27.851  -87.984  16.534 0.6000000238
913  -26.680  -88.377  13.273 0.5000000000
630  -28.311  -88.590  16.226 0.6000000238
883  -29.482  -88.171  16.213 0.6000000238
1194  -27.067  -87.572  13.731 0.5000000000
1195  -28.336  -87.532  13.861 0.6000000238
111579  -29.604  -88.432  15.100 0.5000000000
101296  -30.022  -87.298  13.747 0.5000000000
885  -31.171  -87.446  16.009 0.5000000000
3874  -22.175  -79.865  11.371 0.6000000238
3398  -22.844  -80.369  10.817 0.6000000238
3873  -21.360  -79.331  11.461 0.4000000060
2174  -27.250  -83.540  12.926 0.5000000000
1444  -26.363  -85.606  17.589 0.6000000238
1491  -25.877  -85.063  12.335 0.5000000000
1163  -27.080  -86.475  17.103 0.5000000000
112777  -25.591  -86.737  13.546 0.5000000000
1177  -27.985  -87.174  16.796 0.5000000000
1164  -28.101  -86.397  17.159 0.5000000000
1445  -27.374  -85.632  17.555 0.5000000000
1187  -26.394  -86.550  14.146 0.5000000000
882  -28.742  -87.899  16.542 0.5000000000
116501  -29.665  -87.222  16.721 0.5000000000
1188  -27.716  -86.743  14.041 0.6000000238
1474  -28.278  -85.887  14.240 0.6000000238
896  -29.881  -88.221  15.553 0.5000000000
884  -30.318  -87.793  16.196 0.6000000238
1481  -29.078  -86.632  13.763 0.6000000238
1197  -30.357  -86.538  13.259 0.5000000000
3862  -20.481  -79.334  12.469 0.4000000060
1801  -25.472  -84.898  13.372 0.5000000000
1446  -28.343  -85.669  17.526 0.5000000000
1471  -25.522  -85.254  14.095 0.5000000000
1790  -26.561  -84.911  15.094 0.5000000000
114084  -30.317  -86.552  16.932 0.5000000000
1762  -29.518  -84.942  17.845 0.5000000000
1753  -29.764  -84.265  18.316 0.5000000000
2132  -30.047  -83.584  18.619 0.5000000000
2877  -31.404  -81.903  18.742 0.5000000000
1791  -27.600  -85.045  15.054 0.6000000238
99379  -28.769  -85.064  14.553 0.6000000238
1179  -30.735  -87.062  16.592 0.5000000000
1475  -29.393  -85.682  13.658 0.6000000238
1181  -32.328  -86.464  16.460 0.5000000000
1793  -30.413  -84.633  13.160 0.5000000000
1804  -30.985  -85.132  12.551 0.5000000000
2146  -27.841  -82.773  16.447 0.5000000000
1448  -30.211  -85.748  17.388 0.5000000000
115652  -31.044  -84.764  17.848 0.5000000000
1755  -31.375  -84.254  18.042 0.5000000000
2473  -31.173  -82.764  18.563 0.5000000000
117312  -27.594  -83.712  15.863 0.5000000000
2154  -28.214  -83.459  16.072 0.6000000238
1166  -31.154  -86.252  17.011 0.5000000000
1764  -31.804  -85.040  17.644 0.5000000000
2134  -31.738  -83.515  18.181 0.5000000000
2474  -32.052  -82.622  18.305 0.5000000000
2878  -32.314  -81.678  18.466 0.5000000000
1792  -29.661  -84.840  13.738 0.5000000000
1167  -32.054  -86.209  17.021 0.5000000000
1457  -32.769  -85.883  16.987 0.5000000000
116631  -28.678  -81.549  17.168 0.5000000000
2141  -33.632  -83.813  17.593 0.5000000000
2135  -32.778  -83.458  17.812 0.5000000000
2475  -33.002  -82.422  17.944 0.5000000000
114388  -34.580  -81.184  17.900 0.4000000060
2136  -33.749  -83.080  17.694 0.4000000060
5795  -13.410  -76.202  18.316 0.4000000060
10886  -12.729  -65.943  21.298 0.5000000000
116204  -12.794  -67.365  23.533 0.5000000000
10230  -12.842  -67.137  22.887 0.5000000000
9589  -13.183  -68.215  25.621 0.5000000000
10214  -13.424  -68.284  24.845 0.5000000000
10881  -12.698  -66.403  22.081 0.5000000000
10811  -16.934  -66.603  29.024 0.5000000000
10795  -18.380  -66.355  29.708 0.5000000000
12056  -18.564  -65.042  29.423 0.5000000000
2152  -26.481  -83.410  15.446 0.5000000000
1789  -25.839  -84.621  14.679 0.5000000000
314  -25.159  -90.333  13.621 0.6000000238
924  -25.628  -88.338  11.272 0.6000000238
310  -25.811  -90.332  14.104 0.6000000238
659  -26.335  -88.809  12.600 0.6000000238
474  -28.024  -89.138  14.265 0.6999999881
1495  -25.732  -85.952  11.727 0.5000000000
914  -27.693  -88.355  13.700 0.6000000238
661  -28.637  -88.501  14.237 0.6000000238
916  -29.317  -87.919  14.083 0.6000000238
1162  -25.048  -86.276  17.255 0.6999999881
1490  -25.354  -85.877  12.728 0.5000000000
1193  -26.001  -87.224  13.720 0.5000000000
1196  -29.252  -87.342  13.794 0.6000000238
643  -29.953  -87.999  14.610 0.5000000000
1180  -31.607  -86.815  16.531 0.5000000000
1178  -28.727  -87.031  16.859 0.5000000000
1447  -29.245  -85.692  17.475 0.5000000000
1473  -27.018  -85.779  14.552 0.5000000000
1803  -30.241  -85.409  13.076 0.5000000000
1779  -27.051  -84.119  15.606 0.5000000000
1781  -29.348  -84.284  14.952 0.5000000000
1780  -28.206  -84.244  15.455 0.5000000000
1756  -32.226  -84.294  17.792 0.5000000000
1450  -32.411  -85.561  17.325 0.5000000000
116653  -32.582  -84.942  17.555 0.5000000000
2879  -33.355  -81.508  18.161 0.5000000000
1451  -33.191  -85.107  17.335 0.4000000060
2880  -34.477  -81.892  17.888 0.4000000060
2461  -25.487  -82.968  20.271 0.5000000000
100138  -25.838  -83.294  19.704 0.6000000238
2116  -26.527  -83.390  19.338 0.6000000238
2128  -25.752  -83.891  19.157 0.6000000238
1744  -24.789  -84.013  19.506 0.4000000060
2130  -28.158  -83.583  18.917 0.4000000060
1751  -27.976  -84.328  18.396 0.4000000060
2129  -27.264  -83.815  18.823 0.5000000000
110815  -26.555  -84.108  18.701 0.6000000238
114989  -27.235  -84.396  18.370 0.5000000000
1760  -27.701  -84.928  17.914 0.4000000060
1749  -25.282  -84.529  18.706 0.5000000000
1437  -24.940  -85.141  18.212 0.6000000238
1161  -24.198  -86.296  17.335 0.6000000238
1173  -23.739  -86.859  16.871 0.6000000238
894  -23.398  -87.980  15.969 0.6000000238
895  -24.137  -88.361  15.772 0.6000000238
636  -23.681  -88.789  15.244 0.6000000238
651  -24.332  -89.630  14.869 0.5000000000
650  -23.642  -89.624  14.515 0.5000000000
460  -23.504  -90.269  13.784 0.4000000060
480  -23.414  -90.355  12.908 0.5000000000
103745  -33.952  -80.962  18.171 0.3000000119
683  -23.685  -88.988  10.711 0.4000000060
9165  -21.543  -68.923  10.908 0.4000000060
9174  -21.940  -68.469  10.079 0.4000000060
98382  -21.993  -69.448  9.538 0.5000000000
13572  -20.577  -62.941  16.855 0.5000000000
13559  -19.047  -62.512  17.439 0.5000000000
13561  -21.132  -62.286  17.602 0.5000000000
110586  -20.605  -61.801  18.048 0.4000000060
14867  -18.030  -60.130  18.640 0.4000000060
14236  -23.849  -61.536  15.264 0.4000000060
15564  -17.428  -59.229  19.089 0.4000000060
14868  -18.930  -60.077  18.493 0.4000000060
14869  -19.798  -60.143  18.244 0.4000000060
15552  -16.843  -59.035  19.629 0.4000000060
99597  -18.243  -59.023  18.624 0.4000000060
14888  -22.806  -59.949  15.754 0.4000000060
16304  -18.097  -58.420  18.879 0.4000000060
112161  -18.556  -58.162  18.214 0.4000000060
15585  -21.581  -58.697  15.784 0.4000000060
16282  -18.278  -58.208  19.359 0.4000000060
111512  -18.573  -57.795  18.554 0.4000000060
15537  -18.285  -58.771  20.255 0.4000000060
16292  -18.935  -57.720  19.211 0.4000000060
14847  -21.620  -60.132  20.367 0.3000000119
15539  -21.237  -59.102  19.938 0.4000000060
15524  -23.950  -59.481  21.457 0.3000000119
15542  -23.955  -59.566  20.771 0.3000000119
15554  -22.051  -58.991  19.680 0.3000000119
15555  -22.977  -59.297  19.799 0.3000000119
14230  -23.271  -61.561  16.134 0.4000000060
14875  -22.201  -60.993  17.418 0.4000000060
14220  -21.363  -61.263  17.964 0.4000000060
13562  -22.113  -62.004  17.512 0.4000000060
112132  -21.470  -60.399  17.582 0.4000000060
15572  -20.790  -59.417  17.277 0.4000000060
15587  -23.229  -59.844  15.081 0.4000000060
15579  -21.250  -59.033  16.493 0.4000000060
15578  -20.367  -58.507  16.678 0.4000000060
106433  -19.815  -59.275  17.786 0.4000000060
2838  -33.481  -81.615  23.068 0.3000000119
3268  -32.573  -80.637  22.930 0.3000000119
2432  -33.256  -82.582  22.842 0.4000000060
114197  -32.622  -81.648  22.837 0.3000000119
116903  -32.117  -81.008  22.847 0.4000000060
2430  -31.257  -83.166  22.447 0.3000000119
2837  -31.429  -82.337  22.675 0.3000000119
98418  -30.637  -81.445  22.770 0.4000000060
105592  -30.295  -83.205  22.539 0.3000000119
2429  -30.514  -82.328  22.693 0.3000000119
115333  -29.851  -81.532  22.726 0.3000000119
2428  -29.538  -82.215  22.706 0.3000000119
2835  -28.919  -81.132  22.601 0.3000000119
2080  -29.249  -83.092  22.596 0.3000000119
2427  -28.498  -82.045  22.630 0.3000000119
2426  -27.475  -81.999  22.451 0.3000000119
2079  -28.232  -82.996  22.551 0.3000000119
2078  -27.212  -83.004  22.475 0.3000000119
2425  -26.456  -82.097  22.108 0.3000000119
102927  -27.370  -85.885  22.008 0.3000000119
1718  -28.148  -84.157  22.401 0.3000000119
1717  -27.036  -84.054  22.389 0.3000000119
2077  -26.228  -83.082  22.347 0.3000000119
2424  -25.697  -82.590  21.858 0.3000000119
1730  -26.782  -84.985  22.262 0.4000000060
100017  -31.544  -80.352  22.831 0.3000000119
2083  -32.684  -83.386  22.550 0.4000000060
3267  -30.624  -80.447  22.741 0.4000000060
3266  -29.025  -80.190  22.335 0.4000000060
97641  -29.976  -84.169  22.349 0.3000000119
3265  -28.312  -80.539  22.149 0.4000000060
2833  -27.108  -81.387  22.010 0.4000000060
1719  -29.223  -84.734  22.243 0.3000000119
115576  -26.481  -81.616  21.407 0.4000000060
1415  -28.216  -85.951  22.006 0.3000000119
117163  -29.348  -85.498  22.153 0.4000000060
2848  -25.767  -82.020  21.056 0.4000000060
2095  -24.747  -83.079  21.228 0.3000000119
99783  -28.558  -86.661  21.689 0.3000000119
3748  -31.752  -79.482  22.833 0.3000000119
99488  -32.787  -79.655  22.996 0.3000000119
3747  -30.633  -79.337  22.577 0.3000000119
4261  -30.434  -78.496  22.061 0.3000000119
1707  -33.272  -84.303  23.534 0.4000000060
104036  -29.768  -79.777  22.448 0.3000000119
110794  -29.868  -79.092  22.174 0.3000000119
2081  -31.052  -84.029  22.309 0.3000000119
2082  -31.906  -83.796  22.311 0.4000000060
114929  -28.662  -80.044  21.935 0.4000000060
3745  -28.747  -79.874  21.461 0.3000000119
3283  -28.205  -80.394  21.592 0.4000000060
3296  -28.303  -80.278  21.113 0.4000000060
1407  -31.455  -85.228  22.794 0.3000000119
3282  -27.568  -80.801  21.233 0.4000000060
2857  -27.191  -81.330  20.741 0.4000000060
1733  -29.960  -85.180  22.181 0.3000000119
1406  -30.729  -85.679  22.707 0.3000000119
2453  -26.630  -82.107  20.415 0.4000000060
2463  -27.457  -82.066  20.078 0.5000000000
1418  -30.276  -85.587  22.404 0.3000000119
2452  -25.853  -82.291  20.665 0.4000000060
2462  -26.193  -82.784  20.042 0.4000000060
99260  -26.954  -82.705  19.761 0.5000000000
107341  -28.742  -87.445  21.628 0.3000000119
111587  -31.179  -78.540  22.523 0.3000000119
4262  -32.073  -78.667  22.831 0.3000000119
1706  -32.693  -84.652  22.972 0.4000000060
3767  -28.860  -79.787  20.960 0.4000000060
2859  -28.698  -80.850  20.283 0.4000000060
1398  -32.072  -85.142  23.291 0.4000000060
2867  -28.049  -81.428  20.234 0.4000000060
2868  -28.907  -81.636  19.763 0.5000000000
2118  -28.688  -82.913  19.186 0.4000000060
1397  -31.458  -85.612  23.551 0.3000000119
2464  -28.310  -82.184  19.680 0.4000000060
1111  -30.833  -86.106  23.719 0.3000000119
1752  -28.872  -84.274  18.363 0.4000000060
1130  -30.052  -86.372  22.527 0.3000000119
1129  -29.597  -86.726  22.216 0.3000000119
587  -29.033  -88.014  22.042 0.3000000119
4260  -29.794  -78.915  21.675 0.3000000119
3297  -29.296  -80.164  20.410 0.3000000119
1393  -31.851  -85.398  24.076 0.4000000060
3310  -29.587  -81.030  19.762 0.5000000000
2465  -29.847  -82.039  19.276 0.4000000060
1392  -31.139  -85.734  24.504 0.4000000060
2119  -29.543  -82.895  18.973 0.4000000060
1390  -29.902  -86.229  24.863 0.3000000119
1391  -30.567  -85.847  24.920 0.3000000119
1110  -30.220  -86.648  23.689 0.3000000119
114172  -29.678  -87.047  23.628 0.3000000119
590  -28.568  -88.476  21.848 0.3000000119
584  -28.791  -88.026  22.706 0.3000000119
3769  -30.133  -79.086  20.606 0.3000000119
3311  -30.173  -80.317  19.856 0.4000000060
2869  -30.634  -81.245  19.271 0.4000000060
1389  -28.986  -86.131  24.840 0.3000000119
820  -29.206  -87.174  23.931 0.3000000119
1100  -29.217  -86.793  24.444 0.3000000119
106340  -28.798  -87.593  23.485 0.3000000119
1388  -27.921  -85.729  24.774 0.3000000119
109602  -27.220  -86.080  24.408 0.3000000119
1099  -28.389  -86.737  24.418 0.3000000119
818  -28.171  -87.400  23.874 0.3000000119
831  -28.375  -87.721  23.528 0.3000000119
99613  -31.968  -80.109  19.199 0.3000000119
3322  -31.644  -80.981  18.948 0.4000000060
1387  -26.108  -85.486  24.569 0.3000000119
1097  -25.620  -86.261  24.396 0.3000000119
4281  -32.127  -78.161  20.099 0.3000000119
3777  -32.315  -79.177  19.481 0.3000000119
100736  -32.984  -78.456  19.414 0.3000000119
3778  -33.275  -79.336  18.942 0.3000000119
14217  -18.498  -61.904  18.059 0.5000000000
109850  -20.283  -59.328  20.362 0.5000000000
16283  -19.051  -58.430  19.972 0.4000000060
14207  -18.814  -61.057  18.484 0.4000000060
1442  -24.604  -85.748  17.774 0.6000000238
1438  -25.754  -84.974  18.057 0.5000000000
1761  -28.616  -84.943  17.876 0.4000000060
2472  -30.370  -82.838  18.789 0.4000000060
2466  -30.683  -82.158  18.931 0.4000000060
99380  -33.246  -80.654  18.500 0.3000000119
13573  -21.598  -62.793  16.912 0.5000000000
13574  -22.514  -62.505  16.778 0.4000000060
14889  -23.304  -60.674  15.620 0.4000000060
2431  -32.333  -82.451  22.652 0.3000000119
1732  -28.641  -85.271  22.172 0.3000000119
2066  -33.109  -83.944  22.757 0.4000000060
2856  -26.371  -81.654  20.931 0.4000000060
1721  -31.536  -84.539  22.407 0.3000000119
1720  -30.721  -84.804  22.296 0.3000000119
107055  -28.577  -80.312  20.737 0.4000000060
833  -29.877  -87.035  22.924 0.3000000119
100414  -29.082  -82.358  19.386 0.4000000060
837  -29.578  -87.071  22.335 0.3000000119
100408  -31.079  -80.289  19.507 0.4000000060
1381  -30.386  -85.531  25.191 0.3000000119
116436  -28.546  -87.912  23.224 0.3000000119
3776  -31.398  -79.454  19.774 0.3000000119
1109  -27.181  -87.352  23.819 0.3000000119
635  -22.913  -88.883  14.720 0.5000000000
893  -22.748  -88.207  15.463 0.5000000000
876  -22.562  -87.608  16.311 0.5000000000
1436  -24.113  -85.342  18.400 0.4000000060
2498  -29.108  -82.159  16.844 0.4000000060
2115  -25.315  -83.491  19.778 0.5000000000
2107  -24.808  -83.385  20.317 0.3000000119
2075  -24.692  -83.593  21.728 0.3000000119
2441  -25.131  -82.705  20.874 0.4000000060
1716  -26.096  -84.040  22.335 0.3000000119
2076  -25.458  -83.316  22.092 0.3000000119
1382  -31.082  -85.401  25.176 0.3000000119
1686  -31.647  -84.800  25.418 0.3000000119
1699  -31.823  -85.255  24.863 0.3000000119
2084  -33.369  -83.286  22.834 0.3000000119
2045  -31.462  -84.059  25.677 0.3000000119
99993  -32.406  -84.679  25.170 0.3000000119
1700  -32.557  -84.936  24.102 0.3000000119
1687  -33.164  -84.380  24.709 0.3000000119
2058  -33.811  -83.856  24.132 0.3000000119
2047  -33.574  -83.849  25.206 0.3000000119
104003  -32.090  -83.534  25.879 0.3000000119
2046  -32.847  -83.925  25.670 0.3000000119
2397  -33.685  -83.308  26.037 0.3000000119
2067  -33.704  -83.590  23.180 0.3000000119
2415  -33.871  -82.836  23.143 0.3000000119
2396  -32.759  -83.117  26.320 0.3000000119
2059  -34.296  -83.128  23.690 0.3000000119
2048  -34.150  -83.326  24.904 0.3000000119
98398  -22.667  -89.761  11.725 0.3000000119
1748  -24.471  -84.744  18.935 0.5000000000
1441  -23.896  -85.889  17.916 0.4000000060
877  -23.325  -87.394  16.496 0.5000000000
2106  -24.356  -83.400  20.887 0.3000000119
15601  -23.020  -59.095  14.706 0.3000000119
15586  -22.451  -59.232  15.380 0.3000000119
17065  -19.008  -57.293  18.337 0.3000000119
116382  -22.973  -89.624  14.171 0.4000000060
903  -21.267  -88.088  14.996 0.4000000060
106232  -20.181  -88.364  19.510 0.4000000060
862  -19.940  -87.031  18.323 0.4000000060
1157  -20.799  -86.871  17.985 0.4000000060
1158  -21.644  -86.868  17.749 0.4000000060
1152  -22.578  -86.153  18.146 0.4000000060
875  -21.617  -87.515  16.442 0.4000000060
867  -22.096  -87.161  17.034 0.4000000060
1159  -22.433  -86.688  17.622 0.4000000060
432  -22.401  -89.792  18.443 0.3000000119
593  -20.808  -88.266  19.880 0.4000000060
1135  -20.795  -86.884  20.033 0.4000000060
892  -21.887  -87.913  15.659 0.4000000060
857  -19.622  -87.510  19.122 0.4000000060
865  -20.360  -87.221  17.455 0.4000000060
419  -20.752  -89.038  19.324 0.3000000119
858  -20.279  -87.603  19.651 0.4000000060
110733  -19.834  -87.076  18.920 0.4000000060
866  -21.251  -87.238  17.224 0.4000000060
114079  -21.183  -86.513  18.378 0.4000000060
1151  -21.856  -86.320  18.257 0.4000000060
116673  -22.459  -89.317  19.060 0.3000000119
108321  -21.373  -88.730  19.693 0.3000000119
848  -21.020  -87.504  20.211 0.3000000119
594  -21.654  -88.172  20.193 0.3000000119
1427  -21.709  -85.773  19.627 0.3000000119
1428  -22.541  -85.281  19.461 0.3000000119
1150  -21.311  -86.132  18.973 0.3000000119
1742  -22.909  -84.752  20.069 0.3000000119
2114  -24.013  -83.909  20.279 0.3000000119
1429  -23.522  -84.911  19.249 0.3000000119
1434  -22.093  -85.750  18.847 0.3000000119
1435  -23.149  -85.640  18.489 0.3000000119
1049  -28.146  -86.496  29.664 0.3000000119
1349  -28.756  -85.985  29.469 0.3000000119
2057  -27.985  -84.088  25.069 0.3000000119
2009  -28.651  -83.905  28.664 0.3000000119
2373  -27.382  -82.417  27.462 0.3000000119
2778  -26.875  -82.132  26.734 0.3000000119
2378  -26.456  -82.476  26.226 0.3000000119
2390  -26.699  -82.098  25.735 0.3000000119
2391  -26.998  -82.341  25.300 0.3000000119
2392  -27.947  -82.466  25.209 0.3000000119
2359  -28.131  -82.810  28.235 0.3000000119
2780  -27.892  -81.833  27.875 0.3000000119
2790  -26.782  -81.649  26.163 0.3000000119
1136  -21.542  -86.243  20.361 0.3000000119
1358  -28.634  -85.964  28.830 0.3000000119
2021  -26.801  -83.743  27.200 0.3000000119
106772  -28.152  -84.465  28.344 0.3000000119
1654  -28.803  -84.991  28.831 0.3000000119
1663  -27.427  -84.525  27.835 0.3000000119
2008  -27.579  -83.508  27.856 0.3000000119
315  -24.604  -90.404  13.155 0.6000000238
316  -25.266  -90.237  13.051 0.6000000238
317  -24.095  -90.340  12.655 0.6000000238
420  -21.713  -89.265  19.189 0.3000000119
454  -28.364  -89.109  15.401 0.6999999881
461  -24.389  -90.181  14.305 0.6000000238
465  -28.045  -89.331  14.836 0.6999999881
471  -23.629  -90.423  13.338 0.4000000060
487  -23.415  -90.061  12.191 0.5000000000
494  -24.219  -89.316  11.215 0.5000000000
605  -19.519  -88.049  19.244 0.4000000060
626  -24.930  -88.453  15.896 0.6000000238
631  -28.863  -88.539  16.151 0.6000000238
637  -24.636  -89.142  15.382 0.6000000238
640  -27.266  -89.310  15.735 0.6999999881
653  -29.265  -88.487  14.663 0.6000000238
685  -25.138  -88.194  10.347 0.5000000000
819  -28.733  -87.249  23.982 0.3000000119
832  -29.295  -87.451  23.181 0.3000000119
836  -29.326  -87.560  22.428 0.3000000119
845  -29.268  -87.494  21.964 0.3000000119
861  -19.154  -87.459  18.513 0.4000000060
874  -20.728  -87.453  16.647 0.4000000060
878  -24.160  -87.634  16.327 0.6999999881
880  -27.021  -87.959  16.508 0.6000000238
915  -28.585  -88.055  13.918 0.6999999881
943  -25.618  -86.953  9.025 0.5000000000
1098  -26.578  -86.490  24.165 0.3000000119
1101  -29.731  -86.723  24.279 0.3000000119
1102  -30.377  -86.245  24.455 0.3000000119
1108  -26.080  -87.053  23.911 0.3000000119
1116  -30.548  -86.326  23.005 0.3000000119
1117  -31.042  -85.779  23.087 0.3000000119
1128  -29.209  -86.798  21.888 0.3000000119
1144  -20.294  -86.990  19.426 0.4000000060
1145  -20.959  -86.388  19.603 0.4000000060
1149  -20.532  -86.638  18.882 0.4000000060
1160  -23.295  -86.354  17.599 0.4000000060
1165  -29.700  -86.346  17.117 0.5000000000
1172  -22.927  -86.993  16.970 0.5000000000
1176  -27.292  -87.322  16.727 0.6000000238
1186  -25.654  -86.232  14.001 0.5000000000
1208  -26.836  -86.465  9.746 0.5000000000
1408  -32.067  -84.766  22.694 0.4000000060
1416  -28.968  -86.062  22.005 0.4000000060
1449  -31.760  -85.759  17.310 0.5000000000
1472  -26.018  -85.553  14.528 0.5000000000
1480  -25.389  -85.965  13.540 0.5000000000
1482  -29.973  -86.158  13.252 0.5000000000
1497  -27.916  -84.596  11.019 0.5000000000
1503  -27.120  -85.751  9.146 0.5000000000
1504  -27.493  -85.137  9.558 0.5000000000
1722  -32.385  -84.209  22.507 0.4000000060
1729  -24.041  -84.287  21.713 0.3000000119
1731  -27.712  -85.065  22.242 0.3000000119
1743  -23.502  -84.388  19.945 0.3000000119
1750  -26.694  -84.825  18.047 0.5000000000
1754  -30.573  -84.227  18.228 0.5000000000
1763  -30.361  -84.880  17.845 0.5000000000
1765  -33.074  -84.365  17.597 0.5000000000
1766  -33.815  -84.299  17.443 0.5000000000
1778  -26.253  -84.150  15.211 0.5000000000
1788  -25.648  -84.418  14.111 0.5000000000
1802  -26.139  -83.744  13.682 0.6000000238
1816  -27.570  -83.773  12.305 0.5000000000
1844  -27.539  -84.509  9.771 0.5000000000
1849  -26.655  -84.756  8.563 0.5000000000
1855  -26.277  -84.919  7.792 0.5000000000
2094  -24.068  -83.728  21.268 0.3000000119
2096  -25.151  -82.955  21.608 0.3000000119
2117  -27.792  -82.771  19.480 0.4000000060
2131  -29.180  -83.598  18.727 0.4000000060
2133  -30.870  -83.543  18.426 0.5000000000
2147  -28.738  -82.814  16.474 0.6000000238
2153  -27.060  -83.120  16.166 0.6000000238
2165  -27.591  -82.918  13.220 0.6000000238
2175  -28.064  -83.109  12.325 0.6000000238
2185  -26.762  -84.000  9.450 0.5000000000
2189  -26.413  -84.264  8.710 0.5000000000
2372  -26.829  -82.859  27.021 0.3000000119
2442  -25.363  -82.506  21.293 0.3000000119
2443  -25.900  -82.096  21.504 0.3000000119
2476  -34.561  -82.759  17.700 0.4000000060
2497  -28.101  -82.084  16.808 0.5000000000
2499  -29.867  -82.020  16.609 0.4000000060
2513  -26.890  -82.259  16.094 0.6000000238
2574  -26.282  -82.820  10.208 0.5000000000
2576  -28.052  -82.917  10.923 0.6000000238
2582  -27.679  -83.377  10.504 0.5000000000
2834  -27.909  -81.206  22.333 0.3000000119
2836  -29.750  -80.693  22.653 0.3000000119
2849  -27.125  -81.155  21.500 0.4000000060
2858  -27.984  -80.737  20.756 0.4000000060
2899  -27.396  -81.542  16.379 0.6000000238
2953  -27.567  -82.280  11.195 0.6999999881
2954  -27.714  -81.954  11.861 0.6999999881
3264  -27.642  -80.833  21.817 0.4000000060
3281  -26.900  -81.269  21.133 0.4000000060
3298  -29.910  -79.678  20.344 0.3000000119
3312  -32.823  -80.022  18.902 0.3000000119
3323  -32.544  -80.799  18.691 0.3000000119
3356  -24.158  -80.287  14.272 0.6999999881
3367  -26.603  -80.054  13.339 0.6999999881
3368  -27.214  -80.448  13.833 0.6000000238
3375  -24.718  -80.799  12.803 0.6999999881
3376  -25.781  -80.533  12.594 0.6999999881
3387  -23.078  -80.585  11.824 0.6000000238
3746  -29.234  -79.514  21.943 0.3000000119
3760  -29.299  -79.353  21.314 0.3000000119
3768  -29.478  -79.391  20.812 0.3000000119
3792  -23.662  -79.218  17.308 0.6999999881
3805  -23.814  -79.532  16.493 0.6000000238
3806  -24.444  -79.236  16.112 0.6999999881
3820  -20.476  -79.254  15.502 0.6999999881
3821  -21.438  -79.385  15.428 0.6999999881
3824  -26.672  -78.572  14.734 0.6000000238
3837  -24.910  -79.571  14.255 0.6999999881
3838  -25.775  -78.864  13.993 0.6000000238
3863  -21.241  -79.500  12.798 0.6999999881
3864  -22.143  -79.853  13.090 0.6999999881
4272  -15.316  -78.534  22.297 0.5000000000
4273  -29.832  -78.850  21.098 0.3000000119
4296  -22.640  -78.513  18.650 0.6999999881
4297  -23.430  -78.553  18.710 0.6999999881
4298  -24.221  -78.422  18.554 0.5000000000
4299  -24.968  -78.241  18.333 0.5000000000
4309  -21.404  -78.380  17.499 0.6999999881
4323  -18.595  -78.134  16.191 0.6999999881
4324  -19.451  -78.446  16.405 0.6999999881
4328  -25.814  -78.087  16.301 0.6000000238
4336  -17.613  -78.093  15.166 0.6000000238
4340  -26.652  -78.292  15.276 0.5000000000
4341  -27.216  -78.254  15.890 0.4000000060
4352  -26.084  -78.402  14.654 0.6000000238
4806  -15.233  -77.153  23.213 0.5000000000
4821  -16.405  -77.420  22.020 0.5000000000
4831  -23.232  -76.945  20.482 0.6000000238
4832  -24.022  -76.903  20.379 0.5000000000
4855  -19.663  -76.760  18.081 0.6999999881
4856  -20.469  -77.097  18.557 0.6999999881
4867  -18.462  -76.887  17.178 0.6999999881
4879  -16.409  -76.993  16.165 0.5000000000
4880  -17.263  -77.149  16.308 0.6000000238
4888  -16.158  -77.149  15.384 0.5000000000
4896  -16.855  -77.580  14.828 0.5000000000
5275  -16.066  -75.763  23.089 0.6000000238
5282  -14.826  -76.659  23.155 0.5000000000
5284  -16.298  -75.966  23.004 0.6000000238
5285  -16.929  -75.658  22.628 0.6999999881
5299  -14.244  -76.337  22.517 0.5000000000
5300  -16.795  -76.761  21.914 0.6999999881
5310  -17.237  -76.427  21.007 0.6999999881
5311  -22.239  -75.970  20.691 0.6000000238
5321  -22.450  -76.793  20.435 0.6000000238
5335  -26.156  -76.850  19.344 0.5000000000
5350  -12.799  -76.939  17.658 0.5000000000
5351  -17.169  -76.399  17.895 0.6000000238
5352  -18.054  -76.364  17.751 0.6999999881
5353  -18.888  -76.431  17.777 0.6999999881
5371  -10.585  -76.348  14.848 0.6999999881
5372  -21.959  -76.472  15.116 0.5000000000
5373  -22.921  -76.655  15.162 0.5000000000
5380  -21.033  -76.904  13.959 0.6000000238
5392  -23.276  -76.911  13.680 0.5000000000
5400  -22.129  -76.782  12.997 0.5000000000
5412  -22.448  -76.457  12.303 0.5000000000
5727  -15.260  -75.878  22.920 0.5000000000
5728  -15.881  -75.527  22.986 0.6000000238
5742  -14.797  -75.585  22.394 0.6000000238
5743  -15.448  -75.110  22.476 0.6000000238
5744  -17.596  -75.260  22.270 0.6999999881
5745  -18.328  -74.819  21.872 0.6999999881
5760  -18.739  -75.187  20.935 0.6999999881
5761  -19.511  -74.981  20.681 0.6999999881
5764  -22.628  -75.229  20.710 0.6000000238
5766  -24.203  -76.068  20.345 0.5000000000
5780  -23.809  -75.376  20.207 0.5000000000
5813  -13.603  -75.436  17.183 0.6000000238
5823  -21.815  -75.628  16.178 0.6000000238
5832  -8.496  -75.912  15.321 0.6000000238
5833  -9.083  -76.356  15.235 0.6000000238
5834  -11.535  -76.343  15.236 0.6000000238
5838  -22.509  -76.127  15.885 0.5000000000
5849  -10.120  -76.174  13.788 0.6999999881
5851  -12.674  -75.950  14.308 0.6000000238
5855  -20.323  -76.476  14.099 0.6000000238
5866  -10.074  -75.444  13.148 0.6999999881
5869  -13.359  -75.694  12.577 0.6000000238
5870  -14.575  -75.260  13.420 0.5000000000
5882  -11.467  -75.461  11.630 0.6000000238
5883  -12.162  -75.311  10.991 0.6000000238
5890  -19.526  -76.054  12.118 0.6000000238
5893  -23.563  -76.269  12.179 0.5000000000
5902  -12.459  -74.871  10.480 0.6000000238
5905  -15.018  -75.309  10.627 0.6000000238
5906  -15.941  -75.296  10.805 0.6000000238
5911  -21.146  -75.748  11.881 0.6000000238
5912  -22.727  -76.025  11.715 0.5000000000
5926  -14.609  -75.090  10.028 0.6000000238
5929  -17.433  -75.119  10.016 0.6000000238
5930  -18.359  -75.199  10.255 0.6000000238
6252  -16.145  -74.778  22.648 0.6000000238
6253  -16.910  -74.575  22.685 0.6999999881
6266  -18.664  -74.052  21.975 0.6999999881
6278  -20.690  -74.125  21.148 0.6999999881
6281  -23.098  -74.917  20.446 0.6000000238
6293  -14.551  -74.724  19.850 0.6000000238
6296  -23.402  -74.725  19.885 0.5000000000
6320  -14.230  -74.702  17.323 0.6000000238
6321  -15.929  -73.835  17.385 0.6000000238
6334  -13.756  -74.973  15.968 0.6000000238
6339  -19.641  -74.052  15.793 0.5000000000
6353  -15.834  -74.429  15.079 0.5000000000
6355  -17.359  -73.951  15.557 0.5000000000
6359  -21.119  -74.971  16.203 0.6000000238
6367  -8.642  -75.253  14.631 0.6999999881
6371  -17.059  -74.404  14.195 0.5000000000
6372  -18.705  -74.548  14.516 0.6000000238
6389  -18.113  -75.123  13.249 0.5000000000
6400  -11.096  -74.860  11.721 0.6000000238
6402  -16.066  -75.059  12.722 0.4000000060
6403  -16.901  -75.034  12.783 0.6000000238
6418  -13.172  -74.726  10.282 0.6000000238
6419  -13.963  -74.876  10.042 0.5000000000
6423  -22.474  -74.408  11.285 0.5000000000
6437  -14.907  -74.813  9.826 0.6000000238
6438  -15.776  -74.706  9.703 0.6000000238
6439  -16.737  -74.567  9.687 0.6000000238
6440  -17.719  -74.415  9.710 0.6000000238
6441  -18.475  -74.531  9.801 0.6000000238
6442  -19.859  -74.107  10.190 0.6000000238
6448  -17.981  -73.845  9.710 0.6000000238
6449  -18.659  -73.878  9.702 0.6000000238
6825  -17.815  -73.561  22.114 0.6999999881
6832  -16.468  -73.620  21.825 0.6999999881
6833  -17.243  -73.266  21.638 0.6999999881
6834  -18.481  -73.434  21.844 0.6999999881
6842  -21.727  -73.648  20.756 0.6000000238
6848  -15.835  -73.640  20.252 0.6000000238
6850  -17.209  -73.193  19.445 0.6999999881
6851  -18.014  -73.118  19.150 0.6999999881
6853  -22.355  -73.514  19.773 0.5000000000
6860  -15.871  -73.717  19.254 0.5000000000
6867  -22.305  -73.592  18.864 0.6000000238
6873  -16.640  -73.572  17.933 0.6000000238
6877  -21.207  -73.619  17.509 0.5000000000
6878  -21.861  -73.482  18.144 0.5000000000
6883  -16.767  -73.704  17.112 0.6000000238
6887  -20.476  -73.712  16.988 0.5000000000
6891  -8.327  -74.210  15.532 0.6000000238
6892  -9.194  -73.590  15.174 0.6000000238
6893  -18.335  -73.833  15.703 0.5000000000
6894  -19.088  -73.788  15.883 0.5000000000
6903  -10.446  -73.383  13.900 0.6000000238
6926  -13.401  -73.215  11.182 0.6000000238
6935  -12.161  -74.319  10.820 0.6000000238
6939  -20.749  -73.602  11.123 0.6000000238
6940  -21.597  -73.397  11.357 0.5000000000
6961  -18.349  -73.294  9.768 0.6000000238
7359  -18.052  -72.984  21.478 0.6999999881
7360  -18.873  -72.864  21.360 0.6999999881
7361  -19.693  -72.846  21.240 0.6000000238
7362  -20.440  -72.912  21.095 0.6000000238
7371  -20.135  -72.575  20.732 0.6000000238
7381  -20.733  -72.508  20.203 0.6000000238
7389  -18.876  -72.949  18.963 0.6000000238
7390  -19.756  -72.812  19.039 0.6000000238
7391  -20.739  -72.694  19.300 0.6000000238
7398  -9.675  -72.737  15.799 0.6000000238
7399  -12.428  -72.008  15.673 0.6999999881
7400  -13.219  -72.094  16.112 0.6000000238
7408  -13.537  -72.358  15.639 0.6000000238
7422  -13.812  -72.513  14.843 0.6999999881
7423  -15.288  -72.402  14.470 0.6000000238
7425  -16.996  -71.965  13.734 0.5000000000
7438  -13.107  -72.688  12.563 0.6000000238
7440  -15.534  -72.330  13.251 0.6000000238
7442  -17.159  -71.841  12.780 0.5000000000
7462  -15.875  -73.149  10.199 0.5000000000
7464  -17.208  -71.760  11.023 0.5000000000
7465  -17.829  -71.991  10.495 0.5000000000
7474  -16.751  -73.105  10.008 0.5000000000
7477  -19.661  -72.672  9.826 0.6000000238
7478  -20.492  -72.070  9.982 0.6000000238
7923  -15.765  -71.130  17.483 0.8000000119
7924  -16.606  -71.082  17.650 0.8000000119
7931  -14.507  -71.567  16.739 0.6999999881
7932  -15.246  -71.564  17.115 0.6999999881
7934  -17.082  -71.424  16.819 0.6999999881
7936  -19.002  -71.054  16.274 0.5000000000
7947  -15.676  -71.867  16.303 0.8000000119
7949  -17.648  -71.585  15.512 0.6999999881
7975  -18.682  -71.401  12.969 0.5000000000
7976  -19.525  -71.098  12.972 0.5000000000
7982  -18.277  -71.268  12.068 0.5000000000
7996  -21.688  -70.376  9.747 0.5000000000
8503  -16.960  -70.183  18.220 0.6999999881
8504  -17.674  -70.145  18.482 0.6000000238
8512  -15.584  -70.642  17.470 0.8000000119
8515  -17.974  -70.589  18.150 0.6000000238
8521  -10.248  -70.389  15.918 0.6000000238
8522  -13.224  -71.305  16.005 0.6999999881
8524  -18.579  -70.892  17.232 0.5000000000
8536  -10.588  -70.901  15.583 0.6999999881
8537  -11.176  -70.937  14.963 0.6999999881
8539  -12.779  -70.377  14.741 0.6000000238
8540  -13.526  -70.612  15.496 0.6000000238
8568  -20.768  -70.677  13.859 0.5000000000
8576  -20.044  -70.507  12.355 0.5000000000
8577  -20.581  -69.899  11.737 0.5000000000
9066  -10.435  -69.374  17.090 0.5000000000
9069  -16.977  -69.751  18.123 0.6999999881
9086  -10.051  -70.055  16.653 0.5000000000
9088  -11.265  -68.628  16.019 0.6000000238
9091  -16.761  -69.393  16.360 0.8000000119
9115  -11.555  -70.008  14.921 0.6999999881
9119  -16.179  -69.287  14.300 0.8000000119
9120  -16.890  -69.282  14.963 0.8000000119
9134  -15.471  -69.210  13.760 0.8000000119
9155  -22.038  -69.398  11.971 0.5000000000
9166  -22.380  -68.669  10.911 0.4000000060
9590  -13.975  -68.565  25.700 0.5000000000
9592  -15.126  -68.287  24.909 0.6000000238
9598  -14.806  -68.461  24.223 0.6000000238
9608  -14.345  -68.416  23.504 0.6000000238
9614  -14.564  -68.364  22.769 0.6000000238
9619  -14.067  -68.060  22.396 0.6000000238
9620  -14.590  -68.180  22.005 0.6000000238
9621  -15.252  -68.191  21.603 0.6000000238
9670  -17.664  -69.300  18.331 0.6000000238
9676  -10.680  -68.557  17.388 0.6000000238
9679  -18.005  -68.601  17.817 0.6999999881
9689  -12.114  -68.264  15.812 0.6000000238
9691  -17.550  -69.102  15.720 0.6000000238
9704  -11.911  -69.185  15.303 0.6000000238
9706  -13.318  -68.627  14.147 0.5000000000
9708  -16.776  -69.069  13.917 0.8000000119
9718  -15.203  -69.007  13.342 0.8000000119
9721  -18.102  -68.466  13.819 0.6999999881
9727  -17.951  -68.093  12.950 0.6999999881
10206  -14.785  -67.799  26.374 0.6000000238
10224  -13.408  -67.925  23.483 0.5000000000
10225  -15.766  -67.894  23.652 0.6000000238
10226  -16.101  -67.644  22.973 0.6999999881
10232  -15.732  -68.055  22.050 0.6000000238
10234  -13.848  -67.659  21.728 0.6000000238
10236  -16.217  -67.571  21.821 0.6999999881
10245  -15.660  -67.783  20.260 0.8000000119
10283  -11.318  -67.141  17.991 0.6000000238
10284  -13.172  -66.486  17.388 0.6999999881
10287  -16.219  -67.357  18.579 0.8000000119
10288  -18.675  -68.129  18.237 0.6000000238
10295  -11.037  -67.743  17.670 0.6000000238
10297  -12.197  -66.765  16.842 0.6000000238
10298  -12.819  -66.582  16.835 0.6000000238
10301  -15.803  -67.211  17.491 0.6000000238
10316  -12.600  -67.426  16.319 0.6000000238
10318  -13.992  -67.082  15.498 0.6000000238
10320  -15.482  -66.636  15.072 0.8000000119
10329  -14.283  -67.293  14.539 0.6999999881
10330  -14.894  -67.164  14.244 0.6999999881
10332  -18.874  -68.327  15.751 0.6000000238
10341  -16.386  -68.148  13.242 0.8000000119
10794  -17.615  -66.670  29.753 0.5000000000
10831  -18.270  -66.314  28.068 0.6999999881
10857  -14.766  -66.973  26.224 0.6000000238
10868  -15.275  -67.161  25.118 0.6000000238
10882  -13.233  -67.139  22.116 0.6000000238
10883  -16.110  -66.400  22.864 0.6999999881
10884  -16.333  -67.049  22.501 0.6999999881
10897  -12.778  -65.911  20.541 0.6000000238
10899  -16.683  -66.666  20.861 0.6999999881
10921  -13.136  -66.334  18.998 0.6000000238
10941  -10.658  -66.037  18.870 0.6000000238
10944  -16.927  -66.891  18.466 0.6000000238
10995  -17.494  -67.039  13.341 0.6999999881
11008  -18.573  -67.628  13.123 0.6999999881
11419  -18.798  -65.774  29.184 0.6999999881
11436  -19.187  -65.747  27.837 0.6999999881
11454  -16.489  -65.972  27.718 0.6999999881
11456  -18.737  -65.982  27.478 0.6999999881
11457  -19.159  -65.451  27.087 0.6999999881
11472  -14.164  -65.068  26.781 0.6999999881
11503  -15.539  -66.139  23.574 0.6999999881
11517  -12.405  -65.154  20.970 0.5000000000
11519  -16.476  -65.937  21.336 0.6999999881
11574  -18.084  -65.265  15.627 0.6000000238
11581  -18.322  -65.469  14.755 0.6000000238
11592  -17.795  -66.045  14.015 0.6000000238
11595  -20.210  -65.275  13.252 0.5000000000
11604  -19.398  -66.547  13.195 0.6000000238
12055  -18.057  -64.962  30.159 0.5000000000
12084  -19.071  -65.187  28.548 0.6000000238
12112  -14.341  -64.481  26.644 0.6999999881
12126  -16.398  -64.401  25.695 0.6999999881
12129  -19.305  -64.580  25.156 0.6000000238
12135  -13.652  -64.662  24.909 0.6999999881
12137  -18.150  -64.676  24.569 0.5000000000
12146  -13.815  -64.364  23.947 0.6999999881
12148  -19.096  -64.501  23.658 0.4000000060
12149  -19.558  -64.234  23.399 0.5000000000
12161  -15.418  -64.517  21.321 0.6000000238
12167  -14.877  -63.712  20.780 0.5000000000
12176  -15.561  -63.619  19.140 0.6000000238
12192  -17.279  -65.078  17.695 0.6000000238
12200  -17.036  -63.888  17.280 0.6000000238
12229  -20.474  -64.462  13.645 0.5000000000
12764  -19.346  -64.743  26.808 0.5000000000
12775  -14.278  -63.781  26.151 0.8000000119
12790  -16.114  -63.842  25.111 0.6999999881
12800  -13.824  -63.044  25.421 0.6999999881
12803  -17.533  -64.131  23.944 0.5000000000
12810  -13.133  -62.617  23.689 0.8000000119
12811  -13.301  -63.396  23.830 0.8000000119
12812  -17.104  -63.360  23.161 0.4000000060
12815  -20.184  -63.729  23.270 0.6000000238
12822  -19.046  -63.958  22.198 0.5000000000
12826  -13.679  -63.127  22.247 0.6999999881
12833  -14.371  -63.028  20.098 0.5000000000
12842  -14.795  -63.037  19.308 0.6000000238
12858  -16.426  -62.961  17.540 0.6000000238
12860  -17.817  -63.059  17.021 0.6000000238
13450  -17.661  -62.917  28.086 0.5000000000
13465  -18.880  -63.366  27.207 0.5000000000
13483  -19.608  -63.326  25.300 0.5000000000
13494  -13.188  -62.412  24.277 0.6999999881
13497  -15.898  -63.297  24.541 0.6000000238
13498  -19.956  -63.265  24.598 0.5000000000
13504  -13.221  -61.943  23.156 0.6999999881
13511  -12.994  -61.843  22.170 0.6999999881
13513  -17.758  -63.294  22.537 0.5000000000
13514  -18.597  -63.218  21.969 0.4000000060
13519  -19.381  -62.578  21.641 0.5000000000
13521  -21.399  -62.486  22.007 0.4000000060
13528  -12.995  -61.318  20.649 0.5000000000
13539  -14.618  -62.433  19.001 0.6000000238
13546  -14.593  -61.711  18.864 0.5000000000
13548  -15.903  -62.255  17.929 0.6000000238
13557  -17.305  -62.369  17.306 0.6000000238
13560  -20.122  -62.453  17.543 0.5000000000
13571  -19.586  -63.043  16.837 0.5000000000
13575  -23.074  -62.239  16.384 0.4000000060
14136  -18.384  -62.182  26.397 0.4000000060
14150  -19.610  -61.663  24.554 0.4000000060
14159  -13.514  -61.413  22.858 0.6000000238
14167  -13.326  -60.972  22.283 0.6000000238
14168  -13.997  -60.916  22.446 0.5000000000
14174  -12.898  -61.235  21.566 0.6000000238
14175  -13.036  -60.853  21.822 0.6000000238
14179  -20.070  -61.886  21.424 0.5000000000
14181  -21.920  -62.017  21.803 0.4000000060
14188  -13.454  -60.670  20.080 0.5000000000
14195  -14.017  -61.117  19.347 0.5000000000
14204  -16.219  -61.419  17.959 0.6000000238
14208  -19.597  -60.839  18.407 0.4000000060
14216  -17.460  -61.896  17.671 0.6000000238
14218  -19.635  -61.730  18.165 0.4000000060
14219  -20.403  -61.013  18.299 0.4000000060
14229  -22.860  -61.721  17.026 0.4000000060
14820  -22.938  -60.930  22.232 0.4000000060
14821  -23.590  -59.599  22.167 0.4000000060
14827  -15.063  -59.791  21.092 0.5000000000
14829  -17.262  -60.233  21.515 0.4000000060
14830  -18.589  -60.254  21.346 0.4000000060
14834  -22.452  -61.249  21.495 0.4000000060
14843  -13.692  -59.975  20.385 0.5000000000
14844  -14.464  -59.566  20.267 0.6000000238
14849  -23.637  -60.157  21.128 0.3000000119
14864  -15.477  -60.710  18.556 0.5000000000
14865  -16.268  -60.548  18.536 0.5000000000
14866  -17.177  -60.307  18.708 0.5000000000
14874  -20.717  -60.259  18.001 0.4000000060
14882  -21.884  -59.945  17.015 0.4000000060
14883  -22.743  -60.600  16.528 0.4000000060
15495  -18.535  -59.628  24.389 0.4000000060
15496  -19.256  -59.671  24.091 0.4000000060
15506  -20.769  -60.108  23.809 0.4000000060
15540  -22.386  -59.783  20.093 0.3000000119
15541  -23.329  -59.998  20.461 0.3000000119
15553  -17.643  -58.700  19.527 0.5000000000
15565  -18.974  -59.087  18.175 0.4000000060
15570  -18.967  -58.205  17.603 0.4000000060
15580  -22.130  -59.533  16.114 0.4000000060
16256  -22.314  -59.377  23.178 0.4000000060
17008  -18.974  -57.791  23.151 0.5000000000
17011  -21.650  -58.513  23.058 0.4000000060
17025  -20.519  -57.348  22.597 0.4000000060
17032  -24.262  -57.679  21.709 0.3000000119
17074  -19.125  -57.074  17.528 0.3000000119
17743  -14.047  -56.771  21.446 0.3000000119
17746  -16.676  -56.532  21.692 0.3000000119
17750  -20.895  -56.568  22.300 0.4000000060
17759  -15.159  -56.198  20.822 0.3000000119
98668  -31.637  -81.395  22.804 0.4000000060
98695  -30.986  -85.137  22.468 0.3000000119
98745  -19.566  -71.691  10.155 0.6000000238
99061  -15.652  -59.982  18.935 0.5000000000
99156  -15.043  -74.204  17.286 0.6000000238
99255  -15.480  -77.598  17.798 0.5000000000
99423  -16.644  -61.748  27.109 0.4000000060
99688  -26.337  -86.944  10.268 0.5000000000
99934  -19.267  -75.762  13.748 0.6000000238
99942  -28.037  -82.451  12.726 0.6000000238
100180  -28.984  -86.407  17.139 0.5000000000
100198  -21.845  -77.274  19.873 0.6999999881
100681  -20.980  -70.127  10.264 0.6000000238
101370  -14.102  -75.320  20.003 0.5000000000
101385  -16.628  -69.637  17.396 0.8000000119
101736  -15.701  -68.125  22.820 0.6000000238
102052  -24.040  -84.368  19.571 0.3000000119
102128  -25.987  -84.433  18.492 0.6000000238
102468  -20.572  -78.062  17.299 0.6999999881
102750  -25.440  -86.795  12.081 0.5000000000
102815  -32.911  -86.041  16.372 0.5000000000
102982  -11.536  -71.838  15.230 0.6000000238
103485  -20.027  -75.822  19.436 0.6999999881
103589  -19.757  -75.922  14.138 0.6000000238
103771  -11.459  -73.341  12.615 0.6000000238
103845  -25.453  -80.210  13.071 0.6999999881
104352  -27.439  -79.666  15.576 0.5000000000
104593  -18.831  -70.960  11.414 0.5000000000
105023  -16.680  -76.865  16.779 0.5000000000
105800  -21.841  -77.072  13.748 0.6000000238
105897  -25.110  -90.310  14.250 0.6000000238
106094  -23.237  -79.898  15.369 0.6999999881
106106  -28.257  -88.268  23.114 0.3000000119
106165  -28.970  -83.841  22.430 0.3000000119
106368  -21.380  -74.051  21.030 0.6000000238
106419  -19.690  -79.438  13.056 0.6999999881
106492  -17.174  -72.362  10.433 0.5000000000
106752  -16.406  -76.714  18.215 0.6000000238
107147  -17.385  -73.659  16.867 0.6000000238
107421  -21.506  -71.245  9.930 0.6000000238
107487  -12.817  -67.578  24.168 0.5000000000
107501  -14.484  -66.171  27.010 0.6999999881
107793  -20.590  -79.468  13.192 0.6999999881
107889  -16.332  -63.519  17.804 0.6000000238
107988  -18.021  -63.651  28.676 0.5000000000
108915  -23.187  -60.673  21.375 0.4000000060
109074  -31.075  -85.421  17.498 0.5000000000
109106  -19.317  -77.172  17.416 0.6999999881
109173  -23.550  -59.001  14.041 0.3000000119
109474  -19.052  -72.229  9.910 0.6000000238
109646  -25.607  -89.829  12.613 0.6000000238
109659  -11.280  -75.973  12.260 0.6000000238
110181  -22.198  -71.570  9.840 0.6000000238
110450  -25.572  -86.984  16.805 0.6999999881
110488  -27.583  -86.862  24.106 0.3000000119
110567  -12.125  -66.120  18.313 0.6000000238
111048  -23.061  -75.901  16.378 0.5000000000
111158  -27.308  -83.233  19.256 0.5000000000
111516  -28.564  -88.872  15.875 0.6000000238
111543  -27.730  -81.036  27.555 0.3000000119
111767  -18.000  -74.817  9.865 0.6000000238
111920  -27.870  -86.474  21.668 0.3000000119
112036  -29.767  -86.779  13.493 0.6000000238
112100  -17.497  -76.145  19.232 0.6999999881
112491  -13.240  -72.846  11.805 0.5000000000
113312  -28.019  -83.810  10.639 0.5000000000
113369  -21.896  -60.852  20.870 0.4000000060
113506  -33.874  -82.338  17.824 0.4000000060
113696  -16.707  -76.279  22.515 0.6999999881
113821  -14.775  -75.396  11.475 0.6999999881
114094  -17.565  -75.172  12.807 0.6000000238
114102  -14.974  -72.405  11.394 0.5000000000
114255  -29.993  -84.223  13.978 0.5000000000
114321  -12.342  -65.624  21.658 0.5000000000
114324  -15.089  -74.598  15.087 0.6000000238
114434  -19.413  -73.931  21.588 0.6999999881
114452  -14.169  -65.521  24.998 0.6999999881
114772  -13.395  -68.120  24.169 0.6000000238
114851  -21.636  -75.084  11.695 0.5000000000
114889  -32.126  -84.246  25.615 0.3000000119
114918  -19.336  -72.534  20.390 0.6000000238
115251  -19.485  -68.083  19.348 0.5000000000
115294  -25.398  -78.800  14.749 0.6000000238
115609  -13.818  -69.061  13.676 0.6999999881
115704  -15.327  -73.954  17.948 0.6000000238
115875  -28.815  -83.874  15.605 0.5000000000
115908  -15.944  -76.958  17.775 0.5000000000
116011  -27.347  -88.980  13.472 0.6000000238
116067  -13.711  -64.762  26.223 0.6999999881
116117  -16.010  -60.252  25.816 0.3000000119
116244  -34.309  -82.685  23.420 0.3000000119
116299  -24.089  -58.235  21.919 0.3000000119
116459  -19.329  -72.651  19.639 0.6000000238
116595  -17.375  -63.767  23.463 0.5000000000
116641  -18.688  -69.776  19.071 0.5000000000
116649  -26.326  -75.214  19.392 0.5000000000
116766  -17.300  -65.804  18.130 0.6000000238
116800  -11.660  -66.313  18.385 0.6000000238
116823  -17.594  -71.755  13.474 0.5000000000
116862  -31.994  -83.085  22.412 0.3000000119
116885  -20.619  -66.591  13.112 0.5000000000
116973  -12.713  -66.322  17.346 0.6000000238
117450  -16.405  -67.381  21.185 0.6999999881
117587  -10.958  -74.196  12.131 0.6000000238
117714  -18.662  -68.994  19.220 0.6000000238
117825  -12.053  -65.697  18.791 0.6000000238
117871  -19.372  -70.679  11.366 0.5000000000
118157  -15.761  -70.129  17.255 0.6999999881
118387  -23.298  -60.444  20.889 0.4000000060
118600  -19.247  -70.876  16.713 0.5000000000
118746  -19.114  -60.948  24.574 0.4000000060
