#!ascii label  , from subject sub-v1s6x0051363_ses-1 vox2ras=TkReg
702
61211  16.780  -10.341  4.054 0.2500000000
120390  16.810  -10.859  3.979 0.7500000000
104801  17.577  -7.814  3.379 0.2500000000
62928  17.443  -9.198  2.971 0.1250000000
113576  17.646  -8.192  2.343 0.3750000000
62081  17.197  -9.547  3.676 0.2500000000
62082  16.786  -9.803  4.170 0.2500000000
61218  17.450  -10.424  2.889 0.7500000000
62091  17.192  -9.906  3.508 0.3750000000
60294  17.338  -11.259  2.996 0.8750000000
61210  17.084  -10.695  3.577 0.8750000000
113215  17.746  -11.825  2.373 0.8750000000
62106  17.807  -9.091  2.105 0.3750000000
62098  17.525  -9.709  2.753 0.3750000000
61224  17.833  -10.090  2.108 0.8750000000
60332  18.652  -11.290  0.138 1.0000000000
61223  18.134  -10.668  1.410 1.0000000000
60318  18.142  -11.501  1.561 1.0000000000
60305  17.761  -10.954  2.235 0.8750000000
59344  18.464  -12.022  0.633 1.0000000000
62112  18.657  -9.149  0.448 0.8750000000
62105  18.238  -9.732  1.133 0.8750000000
61243  18.834  -10.493  -0.074 1.0000000000
61231  18.456  -10.551  0.568 1.0000000000
113225  18.613  -9.896  0.292 1.0000000000
59370  19.495  -11.812  -0.235 1.0000000000
60343  19.139  -11.211  -0.294 1.0000000000
59360  18.847  -12.006  -0.165 1.0000000000
63862  17.692  -7.477  2.259 0.1250000000
62937  17.846  -8.188  1.860 0.6250000000
62936  18.286  -8.700  1.253 0.8750000000
61230  20.621  -10.431  0.265 1.0000000000
61242  19.446  -10.383  -0.287 1.0000000000
105011  19.083  -9.602  -0.051 1.0000000000
119434  20.323  -10.936  -0.178 1.0000000000
60342  19.835  -11.054  -0.385 1.0000000000
61222  21.227  -10.820  0.984 1.0000000000
60341  20.197  -11.586  -0.085 1.0000000000
65402  19.110  -5.772  0.957 0.2500000000
63869  17.755  -7.498  2.051 0.2500000000
63868  18.347  -7.745  1.385 0.5000000000
62951  19.300  -7.879  0.415 1.0000000000
62943  18.756  -8.303  0.599 1.0000000000
62122  19.598  -8.960  0.240 1.0000000000
62123  19.161  -8.685  0.280 1.0000000000
107026  21.018  -9.776  0.863 1.0000000000
61241  20.079  -10.201  -0.176 1.0000000000
62942  20.430  -8.539  0.526 1.0000000000
62104  21.486  -9.163  1.308 1.0000000000
115379  21.592  -10.030  1.566 1.0000000000
65411  19.484  -5.592  0.372 0.5000000000
64655  19.079  -6.334  0.728 0.3750000000
102465  18.732  -7.019  1.129 0.5000000000
63876  19.395  -7.067  0.427 0.8750000000
63883  19.737  -7.471  0.274 1.0000000000
64662  19.930  -6.883  0.027 1.0000000000
62949  20.049  -8.293  0.360 1.0000000000
63882  20.071  -7.503  0.217 1.0000000000
62941  20.971  -8.023  0.705 1.0000000000
62934  22.051  -7.902  1.343 1.0000000000
104048  21.970  -8.686  1.494 1.0000000000
62103  22.198  -9.501  1.872 0.8750000000
65420  19.914  -5.561  -0.181 0.6250000000
111541  20.166  -6.209  -0.202 1.0000000000
64654  19.675  -6.276  0.089 0.7500000000
64661  20.387  -6.856  0.086 1.0000000000
64652  22.040  -6.487  0.820 1.0000000000
63874  21.164  -7.376  0.534 1.0000000000
64653  20.871  -6.941  0.263 1.0000000000
63866  22.478  -7.054  1.411 1.0000000000
119533  21.413  -7.733  0.883 1.0000000000
62933  22.760  -7.789  1.844 0.8750000000
118565  21.505  -5.576  0.249 1.0000000000
64660  20.877  -6.088  0.143 1.0000000000
65410  21.760  -5.952  0.450 1.0000000000
65409  23.300  -5.431  0.253 1.0000000000
64648  23.194  -6.527  1.701 1.0000000000
64649  22.628  -6.255  1.154 1.0000000000
65401  22.741  -5.756  0.392 1.0000000000
65400  23.230  -5.702  1.225 1.0000000000
66155  19.769  -4.821  0.047 0.5000000000
106450  20.211  -4.927  -0.213 0.8750000000
66973  22.001  -3.966  -0.669 1.0000000000
102433  21.273  -5.052  -0.005 1.0000000000
66958  24.031  -4.162  -0.286 1.0000000000
66167  23.459  -4.723  -0.562 1.0000000000
66153  24.256  -4.372  0.712 1.0000000000
65417  23.216  -5.335  -0.272 1.0000000000
66141  23.691  -4.982  1.001 1.0000000000
66154  23.687  -4.899  0.014 1.0000000000
65399  24.047  -5.466  1.623 0.8750000000
108883  21.097  -1.990  -2.256 1.0000000000
68392  20.780  -2.257  -0.585 0.3750000000
68401  21.218  -2.327  -1.404 0.8750000000
66987  21.723  -3.232  -0.903 1.0000000000
119481  23.891  -3.697  -0.699 1.0000000000
66985  23.325  -3.594  -0.919 1.0000000000
68408  20.983  -1.485  -3.013 0.8750000000
68400  21.386  -1.963  -2.696 1.0000000000
112192  21.547  -2.309  -2.055 1.0000000000
68406  22.198  -1.769  -2.847 1.0000000000
67719  22.898  -2.725  -1.437 1.0000000000
67710  23.847  -3.007  -0.863 1.0000000000
68391  23.932  -2.200  -1.255 1.0000000000
67709  24.638  -2.477  -0.549 1.0000000000
116343  20.717  -1.020  -2.718 0.7500000000
68407  21.532  -1.665  -3.074 1.0000000000
68397  24.020  -1.290  -1.509 1.0000000000
68398  22.935  -1.839  -1.900 1.0000000000
69136  21.897  -1.126  -3.394 1.0000000000
72485  23.342  3.447  -2.699 0.1250000000
73237  23.830  4.324  -1.956 0.1250000000
72492  22.624  3.644  -4.020 0.2500000000
73244  23.420  4.203  -3.310 0.1250000000
73251  22.472  3.927  -4.837 0.3750000000
108549  23.349  4.874  -3.723 0.2500000000
73257  22.248  3.640  -5.841 0.5000000000
73949  22.699  4.639  -4.967 0.2500000000
101324  22.213  3.990  -5.966 0.3750000000
73943  23.166  5.645  -3.860 0.2500000000
74639  22.612  6.795  -4.670 0.2500000000
73950  22.443  4.819  -5.734 0.2500000000
117232  22.726  5.974  -5.557 0.2500000000
74644  22.859  5.747  -4.747 0.2500000000
73958  22.362  5.131  -6.557 0.3750000000
115170  16.448  -9.743  4.779 0.1250000000
59357  20.762  -12.089  0.485 1.0000000000
65419  20.453  -5.418  -0.167 0.8750000000
66168  23.007  -5.024  -0.600 1.0000000000
103811  15.715  -9.892  5.703 0.1250000000
60295  16.884  -11.494  3.740 0.6250000000
59330  17.671  -12.757  2.439 0.7500000000
62920  17.588  -8.154  4.060 0.1250000000
58450  18.255  -13.316  1.869 1.0000000000
110071  16.614  -8.478  4.909 0.1250000000
102210  18.527  -12.935  0.962 1.0000000000
59358  20.015  -12.291  0.221 1.0000000000
107547  21.358  -12.135  0.985 1.0000000000
121209  17.768  -7.076  2.113 0.3750000000
64650  18.612  -6.535  1.487 0.2500000000
120088  22.062  -10.159  1.941 0.8750000000
63861  23.253  -7.306  2.082 0.8750000000
62927  22.723  -8.642  1.975 0.8750000000
64640  23.856  -6.847  2.333 0.8750000000
67700  20.415  -2.064  0.301 0.1250000000
67711  20.463  -2.709  -0.134 0.1250000000
66171  20.141  -4.219  -0.265 0.6250000000
64647  23.880  -6.082  2.015 0.8750000000
69120  20.872  -1.857  -1.245 0.5000000000
67722  20.849  -2.983  -0.776 0.8750000000
66970  24.386  -3.257  -0.272 1.0000000000
69138  20.912  -0.594  -3.449 0.8750000000
69147  21.500  -0.237  -4.125 1.0000000000
111353  22.565  -0.371  -3.432 1.0000000000
72484  24.095  3.558  -1.490 0.1250000000
104007  22.860  2.667  -2.757 0.1250000000
71684  21.275  2.501  -5.476 0.6250000000
71683  21.816  3.138  -5.253 0.6250000000
73265  22.427  3.573  -6.274 0.5000000000
73937  23.773  5.679  -3.149 0.2500000000
74638  22.739  6.598  -3.915 0.2500000000
73957  22.297  4.074  -6.426 0.5000000000
73964  22.473  4.510  -7.068 0.5000000000
74645  22.350  6.978  -5.565 0.2500000000
106661  22.119  6.166  -6.958 0.2500000000
73965  22.160  5.274  -7.490 0.3750000000
74659  21.923  6.207  -7.711 0.2500000000
61189  16.199  -9.987  5.195 0.1250000000
61200  16.489  -10.137  4.604 0.3750000000
60287  16.546  -11.021  4.424 0.5000000000
59314  17.176  -12.174  3.032 0.7500000000
59345  18.208  -12.380  1.704 1.0000000000
59359  19.233  -12.595  0.172 1.0000000000
115074  19.650  -9.702  -0.081 1.0000000000
60331  20.716  -11.284  0.269 1.0000000000
60330  21.146  -11.632  0.763 1.0000000000
109186  18.070  -6.999  1.810 0.3750000000
63877  18.896  -7.615  0.660 0.8750000000
62950  19.683  -8.118  0.361 1.0000000000
62111  20.447  -9.488  0.392 1.0000000000
62121  20.007  -9.217  0.193 1.0000000000
108048  20.892  -8.829  0.851 1.0000000000
63875  20.557  -7.618  0.377 1.0000000000
62935  21.407  -8.334  1.093 1.0000000000
62097  23.071  -9.618  2.334 0.8750000000
63867  21.706  -7.214  0.873 1.0000000000
63873  21.393  -6.709  0.457 1.0000000000
65418  22.319  -5.367  -0.019 1.0000000000
66170  20.760  -4.547  -0.380 0.7500000000
118118  21.425  -4.409  -0.455 1.0000000000
66169  22.207  -4.682  -0.396 1.0000000000
66972  22.990  -4.327  -0.823 1.0000000000
66971  23.591  -4.179  -0.718 1.0000000000
67721  21.484  -2.745  -1.237 1.0000000000
66181  21.240  -3.888  -0.663 1.0000000000
66986  22.499  -3.361  -0.967 1.0000000000
67720  22.027  -2.732  -1.600 1.0000000000
69137  21.229  -0.801  -3.556 0.8750000000
68399  22.018  -2.297  -2.465 1.0000000000
69128  23.012  -0.934  -2.336 1.0000000000
73930  23.868  5.127  -2.477 0.2500000000
71672  22.237  3.025  -4.063 0.5000000000
119636  22.354  6.260  -6.184 0.2500000000
60275  16.173  -10.743  5.133 0.2500000000
62054  14.577  -9.959  6.776 0.1250000000
61190  15.677  -10.461  5.720 0.1250000000
111805  16.499  -11.992  4.317 0.6250000000
66974  20.768  -3.764  -0.500 0.7500000000
66975  20.252  -3.396  -0.180 0.8750000000
66988  21.186  -3.328  -0.860 1.0000000000
70005  22.078  0.338  -4.323 1.0000000000
69135  23.739  -0.012  -2.357 1.0000000000
72499  22.111  3.062  -5.669 0.7500000000
121044  21.956  5.551  -8.084 0.2500000000
73971  22.242  4.961  -7.957 0.3750000000
54456  17.550  -17.200  2.842 0.7500000000
54453  19.797  -17.296  2.525 0.7500000000
56506  17.223  -16.066  3.631 0.7500000000
56490  16.773  -15.179  4.229 0.7500000000
55492  19.279  -16.741  2.052 0.7500000000
55494  17.914  -16.682  2.503 0.7500000000
116327  17.801  -16.122  2.587 0.7500000000
56505  17.457  -15.770  2.919 0.7500000000
55491  20.124  -16.575  2.101 0.7500000000
55504  18.933  -16.091  1.789 0.7500000000
117349  18.355  -15.980  2.237 0.7500000000
58426  16.749  -13.537  3.838 0.7500000000
59315  16.785  -12.518  3.706 0.6250000000
56534  18.360  -15.126  2.081 0.7500000000
57524  17.777  -14.678  2.493 0.8750000000
58439  17.653  -13.743  2.477 0.8750000000
56518  20.479  -15.792  1.797 0.7500000000
55503  19.657  -16.018  1.646 0.7500000000
56532  19.286  -15.468  1.328 0.7500000000
57535  18.312  -14.253  1.989 0.8750000000
58449  18.622  -13.862  1.203 0.8750000000
56530  20.740  -14.989  1.541 0.7500000000
56544  19.953  -14.723  0.779 0.7500000000
57544  19.760  -14.257  0.653 0.8750000000
58460  18.922  -13.305  0.613 0.8750000000
58447  21.365  -13.543  1.542 0.7500000000
58458  20.148  -13.578  0.581 0.8750000000
102247  19.882  -12.935  0.474 0.8750000000
59328  22.379  -12.420  2.260 0.8750000000
59342  21.277  -12.773  1.057 0.8750000000
59341  21.862  -12.323  1.509 0.8750000000
60316  21.633  -11.621  1.355 0.8750000000
61206  23.922  -10.598  3.279 0.3750000000
60303  23.358  -11.268  3.050 0.6250000000
60304  22.739  -11.104  2.429 0.7500000000
111661  21.974  -10.828  1.854 0.7500000000
62087  24.525  -9.853  3.450 0.5000000000
62088  23.699  -9.773  3.000 0.7500000000
62905  25.659  -8.906  3.990 0.1250000000
104120  24.636  -9.066  3.398 0.3750000000
62095  24.108  -9.209  3.132 0.6250000000
62096  23.534  -8.959  2.644 0.6250000000
62903  27.191  -8.192  4.817 0.1250000000
63839  25.835  -8.165  4.110 0.1250000000
63850  25.412  -7.551  3.640 0.1250000000
63851  24.644  -7.680  3.198 0.6250000000
115334  24.394  -7.114  2.806 0.6250000000
63849  26.214  -7.290  4.163 0.1250000000
64626  26.666  -6.400  4.055 0.1250000000
65368  26.175  -5.919  3.355 0.1250000000
64638  25.310  -6.202  2.970 0.5000000000
64639  24.527  -6.473  2.617 0.6250000000
65386  24.724  -5.601  2.361 0.7500000000
63838  27.378  -7.162  4.501 0.1250000000
65385  25.698  -5.459  2.761 0.5000000000
69996  20.789  0.313  -3.786 0.5000000000
69148  20.986  0.165  -4.496 0.7500000000
66139  25.501  -4.329  2.055 0.6250000000
66945  25.072  -4.010  1.324 0.6250000000
66943  26.548  -3.524  1.592 0.5000000000
66944  25.809  -3.793  1.706 0.6250000000
66956  25.647  -3.214  1.121 0.6250000000
70844  20.753  0.854  -4.921 0.7500000000
66957  24.686  -3.565  0.554 0.8750000000
68390  24.877  -1.647  -0.874 0.8750000000
67699  25.080  -2.752  0.315 0.7500000000
67708  25.503  -2.042  -0.164 0.8750000000
105325  25.125  -0.734  -1.278 0.8750000000
66942  27.352  -3.354  1.367 0.3750000000
66955  26.760  -2.937  1.053 0.5000000000
67698  26.067  -2.478  0.537 0.6250000000
66954  27.784  -2.929  0.883 0.2500000000
70851  20.729  1.313  -6.126 0.7500000000
70014  20.755  0.891  -5.738 0.7500000000
70006  21.110  0.554  -5.126 0.8750000000
69986  24.823  0.094  -1.763 0.8750000000
68389  25.997  -1.275  -0.667 0.7500000000
67697  27.210  -2.422  0.428 0.3750000000
67706  27.686  -1.968  -0.283 0.5000000000
69118  26.089  -0.607  -1.155 0.7500000000
67696  28.233  -2.567  0.220 0.2500000000
71674  20.887  1.512  -4.630 0.6250000000
69995  23.333  0.572  -3.228 0.8750000000
70830  22.808  1.230  -4.107 0.7500000000
69994  24.488  0.770  -2.343 0.8750000000
69985  25.515  0.695  -1.932 0.7500000000
68387  28.171  -1.678  -0.927 0.2500000000
118505  27.666  -1.580  -0.709 0.5000000000
71673  21.595  2.317  -3.974 0.5000000000
117645  20.789  1.993  -5.527 0.5000000000
71693  20.757  1.863  -6.116 0.6250000000
70850  21.171  1.634  -6.129 0.7500000000
120782  22.224  1.694  -5.077 0.7500000000
109758  22.424  2.499  -5.366 0.7500000000
70841  23.504  2.003  -4.293 0.7500000000
70840  25.054  2.056  -3.371 0.7500000000
71692  23.509  2.930  -5.308 0.7500000000
70829  24.093  1.461  -3.113 0.7500000000
70828  25.256  1.306  -2.540 0.7500000000
69983  27.111  -0.001  -1.854 0.5000000000
69992  27.104  0.284  -2.334 0.3750000000
115889  26.021  0.960  -2.319 0.6250000000
68396  27.955  -1.222  -1.448 0.2500000000
69124  27.456  -0.640  -1.574 0.3750000000
69134  27.602  -0.221  -2.276 0.3750000000
72500  21.505  2.447  -5.891 0.6250000000
71682  24.276  2.640  -4.442 0.7500000000
71681  25.479  2.432  -4.121 0.7500000000
70839  26.149  1.763  -3.657 0.6250000000
105449  27.508  0.305  -3.153 0.3750000000
70004  26.739  1.009  -3.438 0.3750000000
68405  28.404  -1.464  -2.471 0.1250000000
69133  28.109  -0.639  -2.914 0.1250000000
69146  28.072  -0.231  -3.665 0.2500000000
105529  22.388  2.978  -5.750 0.6250000000
72504  23.450  3.214  -5.681 0.7500000000
71691  24.798  3.157  -4.800 0.7500000000
105172  26.830  1.328  -4.250 0.3750000000
70003  27.252  0.708  -3.998 0.2500000000
70827  26.016  1.366  -2.914 0.6250000000
68430  28.349  -1.208  -4.498 0.1250000000
69158  28.154  -0.453  -4.372 0.1250000000
116658  28.421  -1.333  -3.205 0.1250000000
72511  22.480  3.327  -6.057 0.6250000000
72509  24.565  3.494  -5.541 0.3750000000
71702  25.513  3.052  -5.315 0.3750000000
70860  26.799  1.753  -6.209 0.2500000000
101272  26.291  1.968  -4.368 0.3750000000
71690  25.950  2.535  -4.831 0.3750000000
112179  27.812  -0.053  -4.965 0.1250000000
70013  27.362  0.755  -4.869 0.3750000000
67749  28.274  -2.073  -4.584 0.1250000000
69159  27.737  0.201  -4.173 0.1250000000
73281  22.672  4.467  -7.270 0.3750000000
72510  23.220  3.396  -6.151 0.3750000000
72518  24.345  3.948  -6.184 0.3750000000
72516  26.155  3.286  -7.082 0.3750000000
71710  25.603  3.234  -6.143 0.3750000000
70849  26.751  1.716  -5.140 0.3750000000
71701  26.208  2.422  -5.711 0.3750000000
103338  27.419  -0.381  -7.229 0.1250000000
70859  27.227  1.010  -5.864 0.1250000000
68441  27.825  -1.040  -5.865 0.1250000000
73280  23.990  4.773  -7.289 0.2500000000
73279  25.041  4.477  -7.512 0.2500000000
73270  24.601  4.462  -6.774 0.3750000000
71716  26.513  2.530  -7.548 0.1250000000
72517  25.403  4.012  -6.814 0.3750000000
71709  26.459  2.518  -6.624 0.2500000000
116223  27.057  0.478  -8.282 0.1250000000
70869  26.890  1.853  -7.150 0.1250000000
73288  24.497  4.907  -8.308 0.2500000000
72524  26.240  3.117  -7.982 0.1250000000
121222  25.935  4.436  -9.454 0.1250000000
71721  26.554  2.597  -8.554 0.1250000000
72529  26.389  3.653  -8.997 0.1250000000
70043  27.059  -0.251  -8.237 0.1250000000
70886  26.812  1.796  -9.151 0.1250000000
73986  25.408  5.346  -10.560 0.1250000000
71727  26.705  2.635  -9.726 0.1250000000
73300  26.445  4.224  -10.572 0.1250000000
103853  26.759  0.966  -9.739 0.1250000000
70044  26.808  0.143  -9.221 0.1250000000
58459  19.488  -13.499  0.566 0.8750000000
66120  25.289  -4.936  2.354 0.6250000000
68388  27.075  -1.463  -0.618 0.5000000000
70852  20.524  1.434  -5.869 0.6250000000
70843  20.884  0.974  -6.008 0.8750000000
70842  21.512  1.031  -5.208 0.8750000000
69117  26.828  -0.908  -1.067 0.5000000000
69125  26.658  -0.244  -1.470 0.5000000000
69116  27.562  -1.245  -1.054 0.5000000000
70037  27.294  0.420  -7.487 0.1250000000
72525  25.774  3.761  -7.821 0.2500000000
72535  26.559  3.423  -10.255 0.1250000000
62925  24.160  -8.425  3.069 0.6250000000
62926  23.379  -8.106  2.408 0.7500000000
66119  26.075  -4.730  2.533 0.3750000000
66138  26.383  -4.094  2.133 0.3750000000
66941  28.185  -3.521  1.281 0.2500000000
66953  28.622  -3.218  0.590 0.1250000000
53456  18.177  -18.058  2.799 0.7500000000
54444  17.353  -17.641  3.362 0.7500000000
55466  16.915  -16.756  4.035 0.7500000000
107232  16.713  -16.048  4.313 0.7500000000
54443  19.506  -18.008  2.924 0.7500000000
54455  18.024  -17.380  2.533 0.7500000000
100519  20.583  -16.958  2.791 0.7500000000
58409  16.392  -13.436  4.519 0.6250000000
57519  16.888  -14.463  3.803 0.7500000000
55490  20.862  -16.197  2.520 0.6250000000
56517  21.277  -15.287  2.348 0.7500000000
57532  21.357  -14.345  1.961 0.6250000000
59313  23.500  -12.035  3.200 0.3750000000
59327  22.863  -11.879  2.670 0.5000000000
61205  24.680  -10.783  3.653 0.1250000000
62076  25.788  -9.588  4.157 0.1250000000
62904  26.290  -8.814  4.500 0.1250000000
63837  28.389  -7.124  4.664 0.1250000000
64618  28.251  -6.643  4.387 0.1250000000
64625  27.673  -6.197  4.132 0.1250000000
65366  28.047  -5.659  3.502 0.1250000000
65367  27.120  -5.669  3.618 0.1250000000
66118  27.040  -4.581  2.534 0.1250000000
66137  27.429  -3.943  1.902 0.2500000000
70831  21.402  1.609  -3.136 0.5000000000
66969  28.900  -2.965  -0.111 0.1250000000
66983  28.898  -2.965  -1.345 0.1250000000
108118  28.624  -2.066  -3.084 0.1250000000
109646  28.564  -2.562  -3.879 0.1250000000
67758  27.880  -2.457  -5.340 0.1250000000
67011  28.171  -2.973  -4.663 0.1250000000
68449  27.489  -1.155  -6.773 0.1250000000
68454  26.887  -1.178  -7.881 0.1250000000
73977  23.975  5.684  -9.000 0.2500000000
73987  23.927  6.374  -10.274 0.1250000000
73301  25.951  5.066  -11.082 0.1250000000
70892  26.977  1.746  -10.183 0.1250000000
111653  26.385  -0.382  -9.978 0.1250000000
109668  26.790  0.903  -10.641 0.1250000000
66140  24.622  -4.807  1.659 0.7500000000
69129  20.900  -1.406  -2.022 0.3750000000
59343  20.519  -12.848  0.598 0.8750000000
101643  17.034  -13.172  3.006 0.7500000000
61217  22.604  -10.291  2.198 0.7500000000
63860  23.931  -7.574  2.689 0.6250000000
69127  24.150  -0.522  -1.754 0.8750000000
73272  22.542  3.892  -6.699 0.3750000000
73972  22.277  5.829  -8.465 0.1250000000
101932  22.852  5.804  -8.694 0.2500000000
55478  17.485  -16.500  2.890 0.7500000000
55479  17.258  -16.949  3.373 0.7500000000
55493  18.517  -16.745  2.232 0.7500000000
54454  18.826  -17.538  2.468 0.7500000000
54442  20.305  -17.660  3.149 0.7500000000
57518  17.184  -15.148  3.417 0.7500000000
110937  17.859  -15.493  2.517 0.7500000000
56533  18.782  -15.441  1.618 0.7500000000
58425  17.119  -14.273  3.042 0.7500000000
59302  16.473  -12.779  4.334 0.6250000000
57534  18.694  -14.735  1.388 0.8750000000
56531  19.981  -15.295  1.144 0.7500000000
56545  19.513  -14.866  0.923 0.8750000000
57545  19.098  -14.278  0.837 0.8750000000
57533  20.801  -14.221  1.287 0.7500000000
59329  21.921  -12.932  1.826 0.7500000000
58448  20.752  -13.523  0.925 0.8750000000
109548  22.452  -12.988  2.568 0.6250000000
60315  22.263  -11.747  2.008 0.7500000000
60293  24.091  -11.436  3.437 0.2500000000
61216  23.249  -10.452  2.714 0.7500000000
62086  25.212  -9.360  3.715 0.2500000000
107095  25.301  -10.178  3.852 0.1250000000
62916  25.098  -8.468  3.575 0.2500000000
102867  26.559  -7.934  4.461 0.1250000000
64627  25.762  -6.697  3.607 0.1250000000
64628  24.994  -6.958  3.159 0.5000000000
65384  26.636  -5.254  2.943 0.1250000000
69126  25.803  -0.005  -1.502 0.7500000000
67707  26.592  -1.902  -0.079 0.5000000000
69984  26.463  0.436  -1.919 0.6250000000
68395  28.387  -1.615  -1.655 0.1250000000
67718  28.647  -2.270  -1.182 0.1250000000
67705  28.479  -2.365  -0.492 0.2500000000
67704  28.850  -2.821  -0.747 0.1250000000
69993  26.647  0.723  -2.670 0.3750000000
69123  28.043  -0.927  -2.024 0.1250000000
68417  28.383  -0.880  -3.744 0.1250000000
69171  28.090  -0.761  -5.114 0.1250000000
68440  28.035  -1.581  -5.265 0.1250000000
106386  28.534  -1.671  -3.844 0.1250000000
73264  23.019  3.569  -6.475 0.3750000000
107929  27.808  -0.395  -5.575 0.1250000000
69181  27.652  -0.400  -6.278 0.1250000000
70019  27.594  0.236  -5.673 0.1250000000
73271  23.489  4.237  -6.701 0.3750000000
70028  27.471  0.351  -6.553 0.1250000000
70868  27.215  1.128  -6.823 0.1250000000
110024  27.598  -1.936  -6.144 0.1250000000
73289  23.115  5.017  -8.046 0.2500000000
73287  25.567  4.416  -8.540 0.2500000000
70885  26.921  1.034  -8.696 0.1250000000
70877  27.006  1.131  -7.732 0.1250000000
73976  25.175  5.092  -9.464 0.1250000000
73297  25.836  4.657  -10.314 0.1250000000
70878  26.726  1.810  -8.101 0.1250000000
73995  25.104  6.469  -11.272 0.1250000000
116036  24.491  5.777  -10.367 0.1250000000
53445  17.491  -18.292  3.485 0.7500000000
53443  19.200  -18.660  3.314 0.7500000000
54445  17.087  -17.368  3.814 0.7500000000
53446  17.077  -18.035  4.020 0.7500000000
57504  16.511  -14.191  4.397 0.6250000000
58438  21.917  -13.585  2.412 0.6250000000
65383  27.541  -5.178  2.948 0.1250000000
65382  28.351  -5.326  2.674 0.1250000000
67730  28.716  -2.347  -2.086 0.1250000000
54433  16.669  -17.406  4.349 0.7500000000
56477  16.254  -15.627  4.895 0.5000000000
52481  18.867  -19.244  3.822 0.6250000000
53433  19.676  -18.937  3.952 0.6250000000
54432  20.724  -17.912  3.834 0.3750000000
54430  22.062  -16.845  4.429 0.2500000000
100230  21.528  -16.857  3.773 0.3750000000
58436  22.926  -12.526  2.917 0.3750000000
70832  20.716  1.003  -3.873 0.3750000000
53444  18.375  -18.731  3.327 0.6250000000
105380  21.345  -15.824  3.066 0.5000000000
57517  21.820  -14.384  2.785 0.3750000000
53431  21.153  -18.144  4.537 0.5000000000
53432  20.425  -18.554  4.245 0.6250000000
58437  22.507  -13.388  2.901 0.5000000000
52446  18.570  -19.968  4.486 0.6250000000
56478  15.809  -15.185  5.769 0.3750000000
55451  15.854  -16.733  5.731 0.3750000000
52482  18.137  -19.483  3.848 0.6250000000
52483  17.734  -18.923  3.608 0.6250000000
106864  16.585  -18.035  4.591 0.6250000000
52443  21.250  -18.999  5.730 0.3750000000
52464  20.105  -19.184  4.636 0.5000000000
52465  19.379  -19.438  4.371 0.6250000000
57474  15.431  -14.429  6.540 0.2500000000
53414  22.129  -17.916  5.433 0.3750000000
55465  22.515  -15.941  4.416 0.2500000000
54415  22.435  -17.296  5.191 0.2500000000
55476  21.827  -16.053  3.741 0.2500000000
56504  21.818  -15.166  3.260 0.3750000000
57516  22.464  -14.358  3.468 0.2500000000
117233  22.952  -13.069  3.135 0.2500000000
101122  23.546  -12.681  3.384 0.2500000000
64644  18.039  -6.841  1.902 0.1250000000
59312  24.160  -12.184  3.603 0.2500000000
66959  19.796  -3.939  0.179 0.2500000000
71666  22.083  2.231  -2.309 0.2500000000
101855  16.116  -11.864  5.102 0.2500000000
55450  16.333  -16.599  4.815 0.5000000000
53442  20.003  -18.347  3.512 0.6250000000
54441  21.002  -17.263  3.450 0.5000000000
55477  21.210  -16.547  3.212 0.5000000000
57489  15.839  -14.335  5.624 0.3750000000
53434  17.247  -18.830  4.043 0.6250000000
58397  15.676  -13.506  5.898 0.3750000000
119608  22.316  -13.821  2.996 0.2500000000
54431  21.381  -17.447  4.149 0.2500000000
54416  21.784  -17.660  4.851 0.2500000000
100713  22.767  -16.507  5.007 0.2500000000
53416  20.854  -18.793  4.964 0.5000000000
53415  21.562  -18.342  5.266 0.3750000000
102246  15.936  -16.028  5.469 0.3750000000
52444  20.470  -19.438  5.374 0.3750000000
56503  22.417  -15.218  3.919 0.2500000000
58424  22.810  -13.599  3.335 0.2500000000
51508  17.010  -20.258  4.762 0.5000000000
52433  20.795  -19.651  6.169 0.2500000000
51478  19.486  -20.762  6.123 0.3750000000
51490  19.059  -20.500  5.293 0.5000000000
51507  17.694  -20.338  4.557 0.5000000000
51493  16.680  -20.725  5.619 0.3750000000
53402  16.146  -19.011  5.777 0.5000000000
52467  16.872  -19.420  4.567 0.5000000000
52447  16.524  -19.801  5.247 0.5000000000
53417  16.367  -18.432  5.115 0.3750000000
105630  16.748  -18.660  4.514 0.5000000000
51470  15.853  -20.750  7.520 0.1250000000
51480  16.224  -20.720  6.616 0.3750000000
54405  15.791  -17.510  6.152 0.2500000000
49515  16.345  -22.329  8.470 0.1250000000
50499  16.334  -21.442  7.051 0.2500000000
50508  17.398  -21.875  6.253 0.3750000000
51477  20.371  -20.376  6.506 0.2500000000
50506  18.979  -21.387  6.542 0.3750000000
51479  18.549  -21.171  5.746 0.5000000000
101604  15.670  -20.812  8.410 0.1250000000
119253  16.630  -21.292  6.262 0.3750000000
50517  17.713  -21.432  5.608 0.3750000000
52425  15.520  -19.318  7.736 0.1250000000
53403  15.784  -18.316  6.501 0.1250000000
54417  16.239  -17.561  5.197 0.3750000000
52445  19.626  -19.795  4.975 0.3750000000
114936  17.929  -19.930  4.188 0.5000000000
102643  15.677  -15.964  6.265 0.2500000000
51492  17.329  -20.972  5.103 0.5000000000
51491  18.117  -20.880  4.991 0.5000000000
51489  19.998  -20.106  5.738 0.3750000000
50518  17.060  -21.471  5.781 0.3750000000
52434  16.204  -19.929  6.198 0.2500000000
52435  15.781  -19.189  6.786 0.1250000000
53418  16.047  -18.178  5.731 0.1250000000
102774  16.482  -19.097  4.995 0.5000000000
99832  15.975  -21.275  7.883 0.1250000000
105168  15.532  -20.115  8.080 0.1250000000
51481  15.753  -20.025  7.140 0.1250000000
50488  15.863  -21.519  8.672 0.1250000000
50500  16.345  -21.850  7.770 0.1250000000
50509  16.864  -21.828  6.484 0.3750000000
49530  17.118  -22.302  6.867 0.2500000000
50498  18.458  -21.923  7.004 0.2500000000
106681  15.761  -12.624  5.660 0.2500000000
49524  16.800  -22.391  7.552 0.1250000000
107218  16.689  -22.054  7.072 0.1250000000
50507  18.097  -21.781  6.220 0.2500000000
49529  17.680  -22.197  6.747 0.2500000000
119596  17.423  -22.411  7.068 0.1250000000
59272  15.253  -12.773  6.500 0.1250000000
105868  20.806  -0.646  -1.561 0.1250000000
69987  20.852  0.022  -2.353 0.1250000000
69980  21.134  0.274  -0.844 0.1250000000
70821  21.068  0.955  -2.663 0.1250000000
69979  21.688  0.947  -0.209 0.1250000000
70814  21.379  1.032  -1.333 0.1250000000
70820  21.679  1.708  -1.768 0.1250000000
70813  22.124  1.496  -0.725 0.1250000000
70812  23.235  1.616  -0.416 0.1250000000
69113  20.737  -1.306  0.019 0.1250000000
121183  20.683  -1.143  -1.021 0.1250000000
66142  19.607  -4.949  0.629 0.1250000000
56462  15.456  -15.243  6.781 0.1250000000
58383  15.029  -13.670  6.900 0.1250000000
67712  20.022  -2.753  0.281 0.1250000000
69119  20.929  -0.416  -0.315 0.1250000000
69973  21.306  0.400  0.332 0.1250000000
70804  22.470  1.291  0.192 0.1250000000
70819  22.833  1.848  -1.305 0.1250000000
60276  15.637  -11.314  5.793 0.1250000000
59288  16.153  -12.899  5.032 0.1250000000
59289  15.601  -12.091  5.903 0.1250000000
59273  14.469  -12.476  7.121 0.1250000000
109871  14.553  -13.159  7.172 0.1250000000
69963  21.551  0.417  1.338 0.1250000000
71658  23.968  1.986  -0.017 0.1250000000
53401  22.092  -18.476  6.043 0.1250000000
54404  22.769  -17.816  5.755 0.1250000000
54414  23.138  -17.029  5.597 0.1250000000
56489  22.984  -15.222  4.457 0.1250000000
57503  22.869  -14.599  4.083 0.1250000000
57501  24.226  -14.116  4.747 0.1250000000
57515  23.127  -13.937  3.876 0.1250000000
58407  24.494  -13.361  4.496 0.1250000000
58423  23.419  -13.270  3.601 0.1250000000
58406  25.201  -13.108  4.762 0.1250000000
100695  24.756  -12.765  4.379 0.1250000000
59297  24.708  -12.226  4.105 0.1250000000
51469  19.907  -21.039  6.879 0.1250000000
51468  20.738  -20.663  7.234 0.1250000000
51476  21.190  -20.006  6.846 0.1250000000
52424  22.017  -19.718  7.125 0.1250000000
53400  23.004  -18.281  6.441 0.1250000000
52431  22.459  -18.962  6.820 0.1250000000
54403  23.480  -17.565  6.190 0.1250000000
103935  23.832  -16.744  6.037 0.1250000000
56476  24.029  -15.386  5.475 0.1250000000
56488  23.510  -15.298  4.944 0.1250000000
57486  24.580  -14.658  5.498 0.1250000000
60282  25.274  -11.708  4.272 0.1250000000
118806  25.634  -11.839  4.551 0.1250000000
59295  26.000  -12.012  4.873 0.1250000000
60292  24.731  -11.579  3.843 0.1250000000
52432  21.631  -19.288  6.479 0.1250000000
58422  24.128  -12.855  3.917 0.1250000000
58408  23.789  -13.621  4.199 0.1250000000
50497  19.396  -21.605  7.324 0.1250000000
55464  23.075  -15.829  4.833 0.1250000000
55449  23.490  -16.114  5.407 0.1250000000
57502  23.500  -14.484  4.468 0.1250000000
57487  23.946  -14.759  5.043 0.1250000000
58391  24.906  -13.804  5.075 0.1250000000
59296  25.356  -12.353  4.551 0.1250000000
59281  25.850  -12.757  5.081 0.1250000000
50496  20.304  -21.317  7.612 0.1250000000
52466  17.497  -19.620  4.193 0.5000000000
53455  18.789  -18.251  2.903 0.7500000000
53457  17.687  -17.855  2.945 0.7500000000
56546  19.016  -15.018  1.111 0.8750000000
57488  16.191  -14.723  4.969 0.7500000000
57543  20.274  -14.204  0.779 0.7500000000
58396  16.128  -13.843  5.060 0.3750000000
60317  18.346  -11.213  0.830 1.0000000000
61177  15.336  -10.209  6.244 0.1250000000
62053  15.171  -9.883  6.406 0.1250000000
73286  26.204  4.006  -9.934 0.1250000000
73990  25.357  5.874  -11.190 0.1250000000
73991  24.740  6.301  -10.867 0.1250000000
110479  20.308  -14.702  1.057 0.7500000000
111254  17.845  -18.379  3.184 0.7500000000
117129  18.812  -12.560  0.329 1.0000000000
118119  17.442  -15.101  2.849 0.7500000000
121021  16.314  -12.364  4.684 0.6250000000
