#Insight Transform File V1.0
#Transform 0
Transform: AffineTransform_float_3_3
Parameters: 1 -0.00101977 0.000166364 0.00101964 1 0.000311191 -0.000165999 -0.00031081 1 0.101985 -0.0188754 0.152896
FixedParameters: 0 0 0

#Transform 1
Transform: AffineTransform_float_3_3
Parameters: 0.999999 -0.000717281 0.000245054 0.000717296 0.999999 -3.08242e-05 -0.00024501 3.11757e-05 1 0.0752551 0.00048607 0.120347
FixedParameters: 0 0 0

#Transform 2
Transform: AffineTransform_float_3_3
Parameters: 0.999999 -0.000748835 0.00036536 0.000748798 0.999999 5.0274e-05 -0.000365436 -5.07259e-05 1 0.0697647 0.0175545 0.123166
FixedParameters: 0 0 0

#Transform 3
Transform: AffineTransform_float_3_3
Parameters: 0.999999 -0.000747915 0.000318213 0.000747749 0.999999 0.000261238 -0.000318603 -0.000260762 1 0.0674371 -0.00884114 0.134504
FixedParameters: 0 0 0

#Transform 4
Transform: AffineTransform_float_3_3
Parameters: 1 -0.000498073 0.000379635 0.000498047 1 3.51891e-05 -0.00037967 -3.48109e-05 1 0.061426 0.0385917 0.10452
FixedParameters: 0 0 0

#Transform 5
Transform: AffineTransform_float_3_3
Parameters: 1 -0.000240329 0.000254063 0.000240416 1 -0.000171939 -0.00025398 0.000172061 1 0.0612576 -0.00846371 0.143371
FixedParameters: 0 0 0

#Transform 6
Transform: AffineTransform_float_3_3
Parameters: 1 -8.7123e-05 0.000388266 8.61776e-05 1 -6.99665e-05 -0.000388275 7.00338e-05 1 0.0388319 0.0360423 0.112618
FixedParameters: 0 0 0

#Transform 7
Transform: AffineTransform_float_3_3
Parameters: 1 -8.36978e-05 0.00022531 8.27756e-05 1 -0.000171981 -0.000225302 0.000172019 1 0.0423881 0.0249748 0.128249
FixedParameters: 0 0 0

#Transform 8
Transform: AffineTransform_float_3_3
Parameters: 1 -0.000127907 -5.73331e-06 0.000127911 1 0.000416999 5.62663e-06 -0.000417001 1 0.034818 0.0062369 0.105331
FixedParameters: 0 0 0

#Transform 9
Transform: AffineTransform_float_3_3
Parameters: 1 -8.06626e-05 0.000127352 8.07064e-05 1 -0.00017199 -0.000127324 0.00017201 1 0.0337329 0.081301 0.0973047
FixedParameters: 0 0 0

#Transform 10
Transform: AffineTransform_float_3_3
Parameters: 1 -8.22352e-05 0.000198296 8.21075e-05 1 0.000322016 -0.000198349 -0.000321984 1 0.0355969 0.00707521 0.124306
FixedParameters: 0 0 0

#Transform 11
Transform: AffineTransform_float_3_3
Parameters: 1 -8.11596e-05 0.000148314 8.10889e-05 1 0.000238012 -0.000148353 -0.000237988 1 0.0252218 -0.0356355 0.117577
FixedParameters: 0 0 0

#Transform 12
Transform: AffineTransform_float_3_3
Parameters: 1 -0.000138749 3.40855e-05 0.000138741 1 0.000118005 -3.41182e-05 -0.000117995 1 0.0419715 0.027205 0.0518839
FixedParameters: 0 0 0

#Transform 13
Transform: AffineTransform_float_3_3
Parameters: 1 -0.000333069 -4.71255e-05 0.000333109 1 0.000418984 4.68464e-05 -0.000419016 1 0.0417673 0.00497192 0.0380837
FixedParameters: 0 0 0

#Transform 14
Transform: AffineTransform_float_3_3
Parameters: 1 -8.11195e-05 0.000149347 8.11709e-05 1 -0.000171988 -0.000149319 0.000172012 1 0.0161271 0.00661711 0.0276306
FixedParameters: 0 0 0

#Transform 15
Transform: AffineTransform_float_3_3
Parameters: 1 -2.34762e-05 2.25137e-05 2.3477e-05 1 -1.69995e-05 -2.25129e-05 1.70005e-05 1 0.0142327 0.0186446 0.0350482
FixedParameters: 0 0 0

#Transform 16
Transform: AffineTransform_float_3_3
Parameters: 1 -8.26306e-05 0.000220318 8.26336e-05 1 -6.98179e-06 -0.000220317 7.0182e-06 1 0.0150302 -0.0292214 -0.0069631
FixedParameters: 0 0 0

#Transform 17
Transform: AffineTransform_float_3_3
Parameters: 1 -0.000207507 0.000258677 0.00020742 1 0.000169054 -0.000258747 -0.000168946 1 0.0135602 0.0138315 0.0193244
FixedParameters: 0 0 0

#Transform 18
Transform: AffineTransform_float_3_3
Parameters: 1 -0.000179469 0.000213318 0.000179543 1 -0.000171962 -0.000213257 0.000172038 1 0.0080321 0.017677 0.0125947
FixedParameters: 0 0 0

#Transform 19
Transform: AffineTransform_float_3_3
Parameters: 1 -7.71524e-05 -4.16115e-05 7.7138e-05 1 -0.000172003 4.1638e-05 0.000171997 1 0.00212758 -0.0250371 -0.000642082
FixedParameters: 0 0 0

#Transform 20
Transform: AffineTransform_float_3_3
Parameters: 1 9.97038e-05 0.000111104 -9.9686e-05 1 -8.00111e-05 -0.00011112 7.99889e-05 1 -0.00354965 0.0153434 0.0113303
FixedParameters: 0 0 0

#Transform 21
Transform: AffineTransform_float_3_3
Parameters: 1 -0.00041408 -4.86111e-05 0.000414063 1 -0.00017202 4.87535e-05 0.00017198 1 0.00720155 0.00560921 -0.0167574
FixedParameters: 0 0 0

#Transform 22
Transform: AffineTransform_float_3_3
Parameters: 1 -7.83768e-05 1.73805e-05 7.83848e-05 1 -0.000231999 -1.73441e-05 0.000232001 1 0.000826046 0.0320735 -0.00290362
FixedParameters: 0 0 0

#Transform 23
Transform: AffineTransform_float_3_3
Parameters: 1 -0.000131576 7.63462e-05 0.000131676 1 -0.00065399 -7.6174e-05 0.00065401 1 0.00169818 0.0463873 -0.012261
FixedParameters: 0 0 0

#Transform 24
Transform: AffineTransform_float_3_3
Parameters: 1 -8.7109e-05 0.000441299 8.74117e-05 1 -0.000342961 -0.000441239 0.000343038 1 -0.0109015 -0.0200106 -0.00580742
FixedParameters: 0 0 0

#Transform 25
Transform: AffineTransform_float_3_3
Parameters: 1 9.58761e-05 0.000445064 -9.55227e-05 1 -0.000397042 -0.00044514 0.000396957 1 -0.030435 0.013979 -0.0214829
FixedParameters: 0 0 0

#Transform 26
Transform: AffineTransform_float_3_3
Parameters: 1 -8.16131e-05 0.000174354 8.17244e-05 1 -0.000318986 -0.000174302 0.000319014 1 -0.0199086 0.00696954 -0.0361539
FixedParameters: 0 0 0

#Transform 27
Transform: AffineTransform_float_3_3
Parameters: 1 0.000304369 0.000130324 -0.000304302 1 -0.00025804 -0.000130481 0.00025796 1 -0.0351551 -0.0110159 -0.0161286
FixedParameters: 0 0 0

#Transform 28
Transform: AffineTransform_float_3_3
Parameters: 1 3.58156e-05 0.000443837 -3.56097e-05 1 -0.000232016 -0.000443853 0.000231984 1 -0.0366169 0.00324108 -0.0472241
FixedParameters: 0 0 0

#Transform 29
Transform: AffineTransform_float_3_3
Parameters: 1 -9.61387e-05 -0.000374109 9.62345e-05 1 0.000127964 0.000374084 -0.000128036 1 0.00152612 0.0125282 -0.0223939
FixedParameters: 0 0 0

#Transform 30
Transform: AffineTransform_float_3_3
Parameters: 1 -0.000177734 -6.27116e-05 0.000177717 1 -0.000136011 6.27599e-05 0.000135989 1 -0.0120712 0.0216518 -0.0344237
FixedParameters: 0 0 0

#Transform 31
Transform: AffineTransform_float_3_3
Parameters: 1 0.000198333 0.000228142 -0.000198195 1 -0.000302045 -0.000228262 0.000301955 1 -0.0244383 0.0436017 -0.0574504
FixedParameters: 0 0 0

#Transform 32
Transform: AffineTransform_float_3_3
Parameters: 1 5.96969e-06 0.000486227 -5.66726e-06 1 -0.000311003 -0.00048623 0.000310997 1 -0.0320257 -0.0690495 -0.0943784
FixedParameters: 0 0 0

#Transform 33
Transform: AffineTransform_float_3_3
Parameters: 1 0.000145124 0.00048904 -0.000144452 1 -0.00068707 -0.000489239 0.000686929 0.999999 -0.0365808 0.0444831 -0.0861299
FixedParameters: 0 0 0

#Transform 34
Transform: AffineTransform_float_3_3
Parameters: 1 -0.000117569 0.000555677 0.000117756 1 -0.000167935 -0.000555638 0.000168065 1 -0.0356323 -0.0110853 -0.0912834
FixedParameters: 0 0 0

#Transform 35
Transform: AffineTransform_float_3_3
Parameters: 1 -0.000101974 0.000484005 0.000102341 1 -0.00037895 -0.000483928 0.000379049 1 -0.0253914 -0.0291781 -0.114845
FixedParameters: 0 0 0

#Transform 36
Transform: AffineTransform_float_3_3
Parameters: 1 -0.000175986 0.000482474 0.000176297 1 -0.000321915 -0.00048236 0.000322085 1 -0.0280816 -0.0309618 -0.109852
FixedParameters: 0 0 0

#Transform 37
Transform: AffineTransform_float_3_3
Parameters: 0.999999 -8.12029e-05 0.000923512 8.05134e-05 1 -0.000167926 -0.000923505 0.000168075 0.999999 -0.0462237 -0.0203901 -0.109226
FixedParameters: 0 0 0

#Transform 38
Transform: AffineTransform_float_3_3
Parameters: 1 -7.37657e-05 0.000565589 7.2956e-05 1 -0.000167959 -0.000565586 0.000168042 1 -0.0388795 0.0229306 -0.0957566
FixedParameters: 0 0 0

#Transform 39
Transform: AffineTransform_float_3_3
Parameters: 1 -7.42004e-05 0.000582575 7.42331e-05 1 -2.79568e-05 -0.000582571 2.80432e-05 1 -0.0400731 -0.0712808 -0.0787354
FixedParameters: 0 0 0

#Transform 40
Transform: AffineTransform_float_3_3
Parameters: 1 -7.56376e-05 0.000650559 7.56441e-05 1 -4.95079e-06 -0.000650558 5.04921e-06 1 -0.0428031 -0.0424688 -0.0790254
FixedParameters: 0 0 0

#Transform 41
Transform: AffineTransform_float_3_3
Parameters: 1 -7.2083e-05 0.000484607 7.1246e-05 1 -0.000167965 -0.000484604 0.000168035 1 -0.0348494 -0.0220931 -0.0637835
FixedParameters: 0 0 0

#Transform 42
Transform: AffineTransform_float_3_3
Parameters: 1 -7.49291e-05 0.000621577 7.41381e-05 1 -0.000167954 -0.000621573 0.000168047 1 -0.0354847 -0.0375911 -0.0605862
FixedParameters: 0 0 0

#Transform 43
Transform: AffineTransform_float_3_3
Parameters: 1 -0.000363745 0.000412449 0.000363691 1 6.615e-05 -0.000412497 -6.585e-05 1 -0.0213824 -0.010148 -0.059393
FixedParameters: 0 0 0

#Transform 44
Transform: AffineTransform_float_3_3
Parameters: 1 -0.00019235 0.000578036 0.000191948 1 0.000347111 -0.000578169 -0.000346889 1 -0.0294125 -0.0262299 -0.0554158
FixedParameters: 0 0 0

#Transform 45
Transform: AffineTransform_float_3_3
Parameters: 1 -0.000433264 0.000476872 0.000432906 1 0.000375207 -0.000477197 -0.000375793 1 -0.0225955 -0.000245638 -0.0365487
FixedParameters: 0 0 0

#Transform 46
Transform: AffineTransform_float_3_3
Parameters: 1 -0.00030135 0.000479651 0.000300878 1 0.000491144 -0.000479947 -0.000490855 1 -0.0285523 -0.0350441 -0.0469333
FixedParameters: 0 0 0

#Transform 47
Transform: AffineTransform_float_3_3
Parameters: 1 -7.49895e-05 0.000608539 7.4533e-05 1 0.000375045 -0.000608596 -0.000374954 0.999999 -0.0375644 -0.0346372 -0.0562032
FixedParameters: 0 0 0

#Transform 48
Transform: AffineTransform_float_3_3
Parameters: 1 -0.000459258 0.000476318 0.000458901 1 0.000375219 -0.000476663 -0.000375781 1 -0.0208287 0.00646534 -0.0781783
FixedParameters: 0 0 0

#Transform 49
Transform: AffineTransform_float_3_3
Parameters: 0.999999 -0.000478397 0.000627 0.000478079 1 0.0002543 -0.000627243 -0.0002537 1 -0.034916 -0.025279 -0.118337
FixedParameters: 0 0 0

#Transform 50
Transform: AffineTransform_float_3_3
Parameters: 1 -0.000335228 0.000945067 0.000334508 1 0.000381316 -0.000945322 -0.000380683 0.999999 -0.0506138 -0.0509957 -0.110859
FixedParameters: 0 0 0

#Transform 51
Transform: AffineTransform_float_3_3
Parameters: 0.999999 -0.000484056 0.000882815 0.000484121 0.999999 0.000518407 -0.000882296 -0.000517594 1 -0.0456172 -0.0253844 -0.0836948
FixedParameters: 0 0 0

#Transform 52
Transform: AffineTransform_float_3_3
Parameters: 1 -0.000475224 0.000476007 0.000474928 1 0.000311226 -0.000476303 -0.000311773 1 -0.0329136 -0.0243303 -0.0694979
FixedParameters: 0 0 0

#Transform 53
Transform: AffineTransform_float_3_3
Parameters: 1 -0.000475184 0.000476047 0.000474967 1 0.000228226 -0.000476263 -0.000227774 1 -0.028833 -0.0210161 -0.0962663
FixedParameters: 0 0 0

#Transform 54
Transform: AffineTransform_float_3_3
Parameters: 1 -0.000484076 0.000897975 0.000483751 1 0.000181434 -0.00089815 -0.000180565 0.999999 -0.0339435 -0.0291287 -0.154029
FixedParameters: 0 0 0

#Transform 55
Transform: AffineTransform_float_3_3
Parameters: 0.999999 -0.00047779 0.000616293 0.000478226 1 -0.000353705 -0.000615955 0.000354294 0.999999 -0.0295831 -0.0220003 -0.126553
FixedParameters: 0 0 0

#Transform 56
Transform: AffineTransform_float_3_3
Parameters: 0.999999 -0.000529171 0.000677161 0.00052942 1 -0.000183641 -0.000676966 0.000183359 0.999999 -0.0261842 -0.00980902 -0.114044
FixedParameters: 0 0 0

#Transform 57
Transform: AffineTransform_float_3_3
Parameters: 1 -0.000554764 0.000892608 0.000554864 1 -5.55047e-05 -0.000892545 5.64952e-05 0.999999 -0.0367874 -0.0317528 -0.122522
FixedParameters: 0 0 0

#Transform 58
Transform: AffineTransform_float_3_3
Parameters: 0.999999 -0.000481964 0.000797996 0.000481653 1 0.000182384 -0.000797172 -0.000181616 0.999999 -0.0346471 -0.044837 -0.131989
FixedParameters: 0 0 0

#Transform 59
Transform: AffineTransform_float_3_3
Parameters: 1 -0.000485212 0.000953986 0.00048496 1 0.000132463 -0.000954114 -0.000131537 0.999999 -0.039399 -0.0226397 -0.131632
FixedParameters: 0 0 0

#Transform 60
Transform: AffineTransform_float_3_3
Parameters: 0.999999 -0.000536281 0.000674894 0.000536223 1 4.33623e-05 -0.000674941 -4.36376e-05 1 -0.0293642 -0.00556801 -0.142785
FixedParameters: 0 0 0

#Transform 61
Transform: AffineTransform_float_3_3
Parameters: 0.999999 -0.000341553 0.000635904 0.000341235 1 0.000250217 -0.000636075 -0.000249783 1 -0.0342565 -0.082434 -0.117582
FixedParameters: 0 0 0

#Transform 62
Transform: AffineTransform_float_3_3
Parameters: 1 -0.000352487 0.000488603 0.000352138 1 0.000357172 -0.000488854 -0.000356828 1 -0.0254035 -0.0455139 -0.134511
FixedParameters: 0 0 0

#Transform 63
Transform: AffineTransform_float_3_3
Parameters: 1 -0.000159772 0.000492635 0.000159937 0.999999 0.000847078 -0.000492885 -0.000846921 0.999999 -0.018437 -0.0787992 -0.130262
FixedParameters: 0 0 0

#Transform 64
Transform: AffineTransform_float_3_3
Parameters: 0.999999 -8.12048e-05 0.000964449 8.02293e-05 1 0.00102408 -0.000964593 -0.00102392 0.999999 -0.0354516 -0.0681404 -0.144234
FixedParameters: 0 0 0

#Transform 65
Transform: AffineTransform_float_3_3
Parameters: 1 -0.00031659 0.00095945 0.000315742 1 0.000441283 -0.00095973 -0.000441717 1 -0.0313065 0.0263956 -0.0737565
FixedParameters: 0 0 0

#Transform 66
Transform: AffineTransform_float_3_3
Parameters: 1 -8.40078e-05 0.00109843 8.3039e-05 1 0.000896092 -0.00109856 -0.000895909 0.999999 -0.0397696 -0.0800601 -0.109832
FixedParameters: 0 0 0

#Transform 67
Transform: AffineTransform_float_3_3
Parameters: 0.999999 -0.000208464 0.000961596 0.000207914 0.999999 0.0013252 -0.000962106 -0.0013258 0.999998 -0.0333165 -0.129222 -0.103133
FixedParameters: 0 0 0

#Transform 68
Transform: AffineTransform_float_3_3
Parameters: 0.999999 -8.17413e-05 0.000986439 8.06142e-05 1 0.00107808 -0.000986593 -0.00107792 0.999999 -0.0432644 -0.0406508 -0.105659
FixedParameters: 0 0 0

#Transform 69
Transform: AffineTransform_float_3_3
Parameters: 1 -8.26586e-05 0.00103344 8.16657e-05 1 0.000964085 -0.00103358 -0.000963916 0.999999 -0.0582341 -0.000881375 -0.0853929
FixedParameters: 0 0 0

#Transform 70
Transform: AffineTransform_float_3_3
Parameters: 1 -8.32297e-05 0.00106844 8.15607e-05 0.999999 0.000781067 -0.00106857 -0.000780932 0.999999 -0.0463876 -0.0593594 -0.0897846
FixedParameters: 0 0 0

#Transform 71
Transform: AffineTransform_float_3_3
Parameters: 0.999999 -8.1107e-05 0.000965458 7.93691e-05 0.999999 0.000900056 -0.000965603 -0.000899943 0.999999 -0.0354572 -0.102117 -0.111355
FixedParameters: 0 0 0

#Transform 72
Transform: AffineTransform_float_3_3
Parameters: 1 -8.50484e-05 0.0011354 8.35479e-05 0.999999 0.00110107 -0.00113557 -0.00110092 0.999998 -0.0477994 -0.0447054 -0.0933909
FixedParameters: 0 0 0

#Transform 73
Transform: AffineTransform_float_3_3
Parameters: 0.999999 -8.73098e-05 0.00123337 8.53913e-05 1 0.00118311 -0.00123355 -0.00118289 0.999998 -0.0441823 -0.0349419 -0.0785173
FixedParameters: 0 0 0

#Transform 74
Transform: AffineTransform_float_3_3
Parameters: 1 -8.41337e-05 0.0010894 8.25174e-05 1 0.00119109 -0.00108858 -0.00119191 0.999998 -0.0393792 -0.0369939 -0.0560995
FixedParameters: 0 0 0

#Transform 75
Transform: AffineTransform_float_3_3
Parameters: 1 -8.42693e-05 0.00110241 8.2945e-05 1 0.00105409 -0.00110257 -0.00105391 0.999999 -0.0291138 -0.0378972 -0.071329
FixedParameters: 0 0 0

#Transform 76
Transform: AffineTransform_float_3_3
Parameters: 0.999999 -9.02599e-05 0.00138035 8.85982e-05 0.999999 0.000964101 -0.0013805 -0.000963896 0.999998 -0.0401768 -0.0533948 -0.0724944
FixedParameters: 0 0 0

#Transform 77
Transform: AffineTransform_float_3_3
Parameters: 1 0.000138602 0.0012153 -0.000139561 0.999999 0.00080581 -0.00121506 -0.00080619 0.999999 -0.0472627 -0.0776889 -0.0639375
FixedParameters: 0 0 0

#Transform 78
Transform: AffineTransform_float_3_3
Parameters: 0.999999 5.87069e-05 0.00138362 -6.03691e-05 0.999999 0.000961896 -0.00138348 -0.000962102 0.999998 -0.0423822 -0.0361118 -0.0725685
FixedParameters: 0 0 0

#Transform 79
Transform: AffineTransform_float_3_3
Parameters: 0.999999 0.000252638 0.00138787 -0.000253354 1 0.000978649 -0.00138733 -0.000978352 0.999998 -0.037518 -0.0674961 -0.0613026
FixedParameters: 0 0 0

#Transform 80
Transform: AffineTransform_float_3_3
Parameters: 0.999999 0.000502589 0.00139335 -0.000503293 1 0.000970299 -0.00139233 -0.000970701 0.999998 -0.0417917 -0.0564596 -0.0611089
FixedParameters: 0 0 0

#Transform 81
Transform: AffineTransform_float_3_3
Parameters: 0.999999 0.000506532 0.00122033 -0.000507594 0.999999 0.00084436 -0.00121945 -0.000845639 0.999999 -0.0465569 -0.0337074 -0.0819938
FixedParameters: 0 0 0

#Transform 82
Transform: AffineTransform_float_3_3
Parameters: 1 0.000230902 0.00109237 -0.000231458 1 0.00116975 -0.00109179 -0.00117025 0.999998 -0.0417317 -0.0786067 -0.0794693
FixedParameters: 0 0 0

#Transform 83
Transform: AffineTransform_float_3_3
Parameters: 0.999999 0.000267009 0.00123315 -0.00026845 1 0.00099767 -0.0012336 -0.00099833 0.999998 -0.050371 -0.034161 -0.0928787
FixedParameters: 0 0 0

#Transform 84
Transform: AffineTransform_float_3_3
Parameters: 0.999999 0.000225853 0.00138725 -0.00022715 0.999999 0.000827664 -0.00138685 -0.000828334 0.999998 -0.0525855 -0.035137 -0.0786525
FixedParameters: 0 0 0

#Transform 85
Transform: AffineTransform_float_3_3
Parameters: 0.999999 0.000152969 0.00128365 -0.00015434 0.999999 0.000923781 -0.00128335 -0.000923218 0.999999 -0.0566558 -0.054075 -0.0884812
FixedParameters: 0 0 0

#Transform 86
Transform: AffineTransform_float_3_3
Parameters: 0.999999 0.000281774 0.00138848 -0.000283205 0.999999 0.000875586 -0.00138796 -0.000875413 0.999998 -0.0602026 -0.0712536 -0.0986207
FixedParameters: 0 0 0

#Transform 87
Transform: AffineTransform_float_3_3
Parameters: 0.999999 0.000340574 0.00138981 -0.000342379 1 0.00100952 -0.0013891 -0.00100947 0.999998 -0.0619329 -0.0557046 -0.10456
FixedParameters: 0 0 0

#Transform 88
Transform: AffineTransform_float_3_3
Parameters: 0.999999 0.000502457 0.0013934 -0.000503425 1 0.00106528 -0.00139228 -0.00106572 0.999999 -0.0622878 -0.0562534 -0.10506
FixedParameters: 0 0 0

#Transform 89
Transform: AffineTransform_float_3_3
Parameters: 0.999999 0.000241448 0.00138766 -0.000242548 1 0.00111664 -0.00138708 -0.00111736 0.999999 -0.0550809 -0.0782319 -0.104614
FixedParameters: 0 0 0

#Transform 90
Transform: AffineTransform_float_3_3
Parameters: 0.999999 0.00027633 0.00143944 -0.000277494 1 0.00110558 -0.00143979 -0.00110642 0.999999 -0.0570061 -0.0715446 -0.0797115
FixedParameters: 0 0 0

#Transform 91
Transform: AffineTransform_float_3_3
Parameters: 0.999999 0.000166859 0.0013861 -0.000168171 0.999999 0.00155575 -0.00138552 -0.00155525 0.999998 -0.0558781 -0.0926489 -0.0898063
FixedParameters: 0 0 0

#Transform 92
Transform: AffineTransform_float_3_3
Parameters: 0.999999 9.94646e-05 0.0012485 -0.000101291 1 0.00113187 -0.00124825 -0.00113212 0.999998 -0.0512005 -0.0506097 -0.108982
FixedParameters: 0 0 0

#Transform 93
Transform: AffineTransform_float_3_3
Parameters: 0.999999 0.000150452 0.00138566 -0.000152583 1 0.00112977 -0.0013853 -0.00113023 0.999999 -0.0466279 -0.0805392 -0.125358
FixedParameters: 0 0 0

#Transform 94
Transform: AffineTransform_float_3_3
Parameters: 0.999999 9.17723e-05 0.00138434 -9.32891e-05 0.999999 0.00090885 -0.00138415 -0.000909148 0.999998 -0.0430374 -0.0823301 -0.129177
FixedParameters: 0 0 0

#Transform 95
Transform: AffineTransform_float_3_3
Parameters: 0.999999 -5.67172e-05 0.00133111 5.60609e-05 1 -0.000128946 -0.00133111 0.000129055 0.999999 -0.0350588 0.0666642 -0.198476
FixedParameters: 0 0 0

#Transform 96
Transform: AffineTransform_float_3_3
Parameters: 0.999999 -6.068e-05 0.00144802 5.8998e-05 0.999999 0.000926065 -0.00144811 -0.000925933 0.999998 -0.034513 -0.242049 -0.210889
FixedParameters: 0 0 0

#Transform 97
Transform: AffineTransform_float_3_3
Parameters: 0.999999 -5.88738e-05 0.00138105 5.7998e-05 1 0.00067906 -0.00138111 -0.00067894 0.999999 -0.0321881 -0.0759278 -0.142674
FixedParameters: 0 0 0

#Transform 98
Transform: AffineTransform_float_3_3
Parameters: 0.999999 -5.92163e-05 0.00138103 5.76555e-05 0.999999 0.000927059 -0.00138112 -0.000926939 0.999998 -0.0321581 -0.11146 -0.122434
FixedParameters: 0 0 0

#Transform 99
Transform: AffineTransform_float_3_3
Parameters: 0.999999 5.52733e-05 0.00138357 -5.68043e-05 0.999999 0.0012759 -0.00138339 -0.0012761 0.999998 -0.0341828 -0.113462 -0.129836
FixedParameters: 0 0 0

#Transform 100
Transform: AffineTransform_float_3_3
Parameters: 0.999999 -0.000155754 0.00137887 0.000154075 0.999999 0.00133419 -0.00137924 -0.00133381 0.999998 -0.0305949 -0.10454 -0.143897
FixedParameters: 0 0 0

#Transform 101
Transform: AffineTransform_float_3_3
Parameters: 0.999999 5.53244e-05 0.00138357 -5.67531e-05 0.999999 0.0012389 -0.00138339 -0.0012391 0.999999 -0.0393465 -0.11437 -0.130326
FixedParameters: 0 0 0

#Transform 102
Transform: AffineTransform_float_3_3
Parameters: 0.999999 0.000228735 0.00138752 -0.000231267 0.999998 0.00163366 -0.00138672 -0.00163334 0.999997 -0.0451742 -0.116215 -0.10696
FixedParameters: 0 0 0

#Transform 103
Transform: AffineTransform_float_3_3
Parameters: 0.999999 0.000174845 0.00130225 -0.000176681 0.999999 0.00148075 -0.00130269 -0.00148025 0.999998 -0.0333716 -0.0847844 -0.106063
FixedParameters: 0 0 0

#Transform 104
Transform: AffineTransform_float_3_3
Parameters: 1 -3.17369e-05 0.00121159 3.00251e-05 1 0.00111904 -0.00121164 -0.00111896 0.999998 -0.0269157 -0.0927809 -0.11477
FixedParameters: 0 0 0

#Transform 105
Transform: AffineTransform_float_3_3
Parameters: 0.999999 9.20426e-05 0.00138441 -9.40186e-05 0.999999 0.00143585 -0.0013841 -0.00143615 0.999998 -0.0404206 -0.103337 -0.127346
FixedParameters: 0 0 0

#Transform 106
Transform: AffineTransform_float_3_3
Parameters: 0.999999 0.000229191 0.00138744 -0.000230809 0.999999 0.00130366 -0.0013868 -0.00130434 0.999998 -0.0371006 -0.0996709 -0.11222
FixedParameters: 0 0 0

#Transform 107
Transform: AffineTransform_float_3_3
Parameters: 0.999999 3.26725e-06 0.000926304 -4.93703e-06 0.999999 0.001441 -0.000926272 -0.001441 0.999998 -0.018085 -0.0801003 -0.14115
FixedParameters: 0 0 0

#Transform 108
Transform: AffineTransform_float_3_3
Parameters: 1 0.000217936 0.00112714 -0.000218963 0.999999 0.00134273 -0.00112651 -0.00134327 0.999999 -0.0282312 -0.100384 -0.13722
FixedParameters: 0 0 0

#Transform 109
Transform: AffineTransform_float_3_3
Parameters: 1 -4.24195e-05 0.00120036 4.18767e-05 1 0.00105905 -0.0012004 -0.00105895 0.999998 -0.026471 -0.0613605 -0.159484
FixedParameters: 0 0 0

#Transform 110
Transform: AffineTransform_float_3_3
Parameters: 1 0.000120842 0.00114394 -0.000122305 1 0.00107686 -0.00114366 -0.00107614 0.999999 -0.0271748 -0.114807 -0.118951
FixedParameters: 0 0 0

#Transform 111
Transform: AffineTransform_float_3_3
Parameters: 0.999999 0.00015433 0.000929668 -0.000155808 0.999999 0.00133286 -0.000929233 -0.00133314 0.999998 -0.0206572 -0.0938468 -0.103621
FixedParameters: 0 0 0

#Transform 112
Transform: AffineTransform_float_3_3
Parameters: 1 0.000376878 0.00103967 -0.000378763 0.999999 0.00138761 -0.0010386 -0.00138839 0.999998 -0.027866 -0.130151 -0.0796809
FixedParameters: 0 0 0

#Transform 113
Transform: AffineTransform_float_3_3
Parameters: 1 0.000377638 0.000999736 -0.000378658 0.999999 0.0015206 -0.000999543 -0.0015214 0.999999 -0.0265531 -0.134405 -0.0804915
FixedParameters: 0 0 0

#Transform 114
Transform: AffineTransform_float_3_3
Parameters: 1 0.000186519 0.00104148 -0.000188953 0.999998 0.00164878 -0.00104084 -0.00164922 0.999998 -0.0222453 -0.0957484 -0.051177
FixedParameters: 0 0 0

#Transform 115
Transform: AffineTransform_float_3_3
Parameters: 1 0.000207302 0.00109497 -0.000208922 0.999998 0.00166175 -0.00109523 -0.00166225 0.999998 -0.0269031 -0.069855 -0.0437595
FixedParameters: 0 0 0

#Transform 116
Transform: AffineTransform_float_3_3
Parameters: 1 0.000174926 0.00111622 -0.00017741 0.999999 0.00156078 -0.00111565 -0.00156122 0.999998 -0.0221275 -0.0849377 -0.0457385
FixedParameters: 0 0 0

#Transform 117
Transform: AffineTransform_float_3_3
Parameters: 0.999999 0.000373251 0.00118873 -0.000375129 0.999998 0.00163953 -0.00118846 -0.00164047 0.999998 -0.0259644 -0.101259 -0.0449934
FixedParameters: 0 0 0

#Transform 118
Transform: AffineTransform_float_3_3
Parameters: 1 0.00037642 0.00105472 -0.000377592 0.999999 0.00150358 -0.00105354 -0.00150442 0.999999 -0.0238065 -0.0766116 -0.0432368
FixedParameters: 0 0 0

#Transform 119
Transform: AffineTransform_float_3_3
Parameters: 0.999999 -9.48927e-05 0.000741032 9.3193e-05 0.999999 0.00182107 -0.000741353 -0.00182093 0.999998 0.00136041 -0.0672309 -0.0329832
FixedParameters: 0 0 0
