#Insight Transform File V1.0
#Transform 0
Transform: AffineTransform_float_3_3
Parameters: 0.999998 -0.000617032 -0.00158143 0.000615489 0.999999 -0.000803971 0.00158142 0.000803029 0.999999 0.0343456 0.0417608 -0.056078
FixedParameters: 0 0 0

#Transform 1
Transform: AffineTransform_float_3_3
Parameters: 0.999998 -0.000617032 -0.00158143 0.000615489 0.999999 -0.000803971 0.00158142 0.000803029 0.999999 0.0530503 0.0717221 -0.0340406
FixedParameters: 0 0 0

#Transform 2
Transform: AffineTransform_float_3_3
Parameters: 0.999999 -0.00026961 -0.00141632 0.000268334 0.999999 -0.000803379 0.00141575 0.00080262 0.999998 0.0390983 0.0405563 -0.0575318
FixedParameters: 0 0 0

#Transform 3
Transform: AffineTransform_float_3_3
Parameters: 1 -0.000227458 -0.00106627 0.000225265 0.999999 -0.00149724 0.00106694 0.00149676 0.999999 0.0263806 0.09857 -0.0617534
FixedParameters: 0 0 0

#Transform 4
Transform: AffineTransform_float_3_3
Parameters: 0.999999 -0.000220707 -0.00123935 0.000219622 0.999999 -0.00124427 0.00123989 0.00124473 0.999999 0.029565 0.119426 -0.0911483
FixedParameters: 0 0 0

#Transform 5
Transform: AffineTransform_float_3_3
Parameters: 1 -0.000180089 -0.00112551 0.00017884 0.999999 -0.0009992 0.00112587 0.000998799 0.999999 0.0232001 0.0721953 -0.037455
FixedParameters: 0 0 0

#Transform 6
Transform: AffineTransform_float_3_3
Parameters: 0.999999 -0.000616138 -0.00106519 0.000614584 0.999999 -0.00119766 0.00106566 0.00119734 0.999998 0.0276505 0.0509981 -0.0197649
FixedParameters: 0 0 0

#Transform 7
Transform: AffineTransform_float_3_3
Parameters: 1 -0.00046997 -0.0010657 0.000468754 1 -0.0010395 0.00106667 0.0010395 0.999999 0.0429876 0.0796575 0.00538944
FixedParameters: 0 0 0

#Transform 8
Transform: AffineTransform_float_3_3
Parameters: 1 -0.000131948 -0.00106664 0.000130777 1 -0.00101714 0.00106691 0.00101786 0.999999 0.0395422 0.113905 -0.0233937
FixedParameters: 0 0 0

#Transform 9
Transform: AffineTransform_float_3_3
Parameters: 1 9.63113e-05 -0.000260256 -9.57807e-05 0.999999 -0.000901974 0.000260081 0.000902024 0.999999 -0.0156864 0.146273 -0.0717274
FixedParameters: 0 0 0

#Transform 10
Transform: AffineTransform_float_3_3
Parameters: 1 -0.000153097 -0.000439619 0.000152438 0.999999 -0.000750067 0.000439848 0.000749932 0.999999 0.0171613 0.0334976 0.00706657
FixedParameters: 0 0 0

#Transform 11
Transform: AffineTransform_float_3_3
Parameters: 0.999999 -0.000438893 -0.000664754 0.00043843 1 -0.00110029 0.000665717 0.00109971 0.999999 0.0443379 0.0945896 0.0182143
FixedParameters: 0 0 0

#Transform 12
Transform: AffineTransform_float_3_3
Parameters: 1 0.000111057 -0.000373282 -0.000111641 0.999999 -0.000782958 0.000373107 0.000783041 0.999999 -0.00703328 0.162669 -0.0900977
FixedParameters: 0 0 0

#Transform 13
Transform: AffineTransform_float_3_3
Parameters: 1 0.000172429 -0.000310318 -0.000172489 1 -9.69465e-05 0.000310285 9.70535e-05 1 0.00891841 -0.00478973 0.00783818
FixedParameters: 0 0 0

#Transform 14
Transform: AffineTransform_float_3_3
Parameters: 1 -0.000120133 -5.16926e-05 0.000120048 0.999999 -0.000815006 5.18883e-05 0.000814993 0.999999 0.00118347 0.0697253 0.0309503
FixedParameters: 0 0 0

#Transform 15
Transform: AffineTransform_float_3_3
Parameters: 1 -8.23527e-05 -0.000571807 8.26436e-05 1 -0.000620047 0.000571907 0.000619953 0.999999 0.0363942 0.11 -0.00103676
FixedParameters: 0 0 0

#Transform 16
Transform: AffineTransform_float_3_3
Parameters: 1 0.000104899 -4.52358e-05 -0.000104944 1 -0.000501995 4.51305e-05 0.000502005 1 -0.0188634 0.124392 -0.0655031
FixedParameters: 0 0 0

#Transform 17
Transform: AffineTransform_float_3_3
Parameters: 1 0.000455853 -6.20852e-05 -0.000455931 0.999999 -0.000634971 6.25062e-05 0.000635028 1 -0.00813234 0.0131996 0.011405
FixedParameters: 0 0 0

#Transform 18
Transform: AffineTransform_float_3_3
Parameters: 1 0.000107316 0.000151777 -0.000107214 1 -0.000337016 -0.000151849 0.000336984 1 0.00544067 0.0695433 0.0383293
FixedParameters: 0 0 0

#Transform 19
Transform: AffineTransform_float_3_3
Parameters: 1 0.000205817 -7.55012e-05 -0.000205921 0.999999 -0.000688984 7.52175e-05 0.000689015 1 -0.0109693 0.160064 -0.115868
FixedParameters: 0 0 0

#Transform 20
Transform: AffineTransform_float_3_3
Parameters: 1 -0.000196975 1.43464e-05 0.000196975 1 -1.29972e-05 -1.43412e-05 1.30028e-05 1 -0.000823467 0.00904773 -0.0024194
FixedParameters: 0 0 0

#Transform 21
Transform: AffineTransform_float_3_3
Parameters: 1 -8.26472e-06 -0.000122982 8.16461e-06 1 -0.000407001 0.000122989 0.000406999 1 0.00978524 0.0523793 0.0409257
FixedParameters: 0 0 0

#Transform 22
Transform: AffineTransform_float_3_3
Parameters: 1 -0.000203047 -2.56327e-05 0.000203043 1 -6.40052e-05 2.56587e-05 6.39948e-05 1 0.0221099 0.0707153 0.0641524
FixedParameters: 0 0 0

#Transform 23
Transform: AffineTransform_float_3_3
Parameters: 1 4.1796e-06 0.000100993 -4.17294e-06 1 -3.30004e-05 -0.000100993 3.29996e-05 1 0.0123031 0.132956 -0.0470642
FixedParameters: 0 0 0

#Transform 24
Transform: AffineTransform_float_3_3
Parameters: 1 6.42814e-05 0.000212915 -6.44619e-05 1 0.000423986 -0.000212861 -0.000424014 1 -0.000362077 0.0202408 -0.00302538
FixedParameters: 0 0 0

#Transform 25
Transform: AffineTransform_float_3_3
Parameters: 1 8.71334e-05 9.48776e-05 -8.71979e-05 1 0.000339992 -9.48184e-05 -0.000340008 1 0.0111792 0.0203994 0.0247732
FixedParameters: 0 0 0

#Transform 26
Transform: AffineTransform_float_3_3
Parameters: 1 -6.67472e-05 0.000157108 6.67045e-05 1 0.00013601 -0.000157126 -0.00013599 1 0.0107453 0.0809177 0.0133393
FixedParameters: 0 0 0

#Transform 27
Transform: AffineTransform_float_3_3
Parameters: 1 0.000145161 9.47532e-05 -0.00014517 1 4.39862e-05 -9.47404e-05 -4.40138e-05 1 -0.010814 0.133663 -0.108715
FixedParameters: 0 0 0

#Transform 28
Transform: AffineTransform_float_3_3
Parameters: 1 0.000195353 0.000304774 -0.000195711 1 0.00058694 -0.000304544 -0.000587059 1 -0.000971092 -0.0173859 0.00395336
FixedParameters: 0 0 0

#Transform 29
Transform: AffineTransform_float_3_3
Parameters: 1 0.000196096 9.58027e-05 -0.000196238 0.999999 0.000738981 -9.55127e-05 -0.000739018 0.999999 0.00936628 0.0249664 0.0548631
FixedParameters: 0 0 0

#Transform 30
Transform: AffineTransform_float_3_3
Parameters: 1 2.1669e-05 -0.000345021 -2.11266e-05 0.999999 0.000786007 0.000345054 -0.000785992 0.999999 0.0380678 0.0590774 -0.00631268
FixedParameters: 0 0 0

#Transform 31
Transform: AffineTransform_float_3_3
Parameters: 1 4.04975e-05 -0.000345059 -4.02981e-05 1 0.000289014 0.000345083 -0.000288986 1 0.0261324 0.082591 -0.0330628
FixedParameters: 0 0 0

#Transform 32
Transform: AffineTransform_float_3_3
Parameters: 1 -0.000453289 -0.000344621 0.000452917 1 0.000907845 0.0003448 -0.000908157 1 0.0421707 -0.0230635 0.0651097
FixedParameters: 0 0 0

#Transform 33
Transform: AffineTransform_float_3_3
Parameters: 0.999999 -0.000203998 -0.000708713 0.000204476 1 0.000336855 0.000708575 -0.000337145 0.999999 0.055825 0.0669589 0.033028
FixedParameters: 0 0 0

#Transform 34
Transform: AffineTransform_float_3_3
Parameters: 1 -0.000284211 -0.000211717 0.000284528 0.999999 0.000748939 0.000211291 -0.00074906 0.999999 0.0263937 0.0873125 -0.0173642
FixedParameters: 0 0 0

#Transform 35
Transform: AffineTransform_float_3_3
Parameters: 1 -0.00010218 -0.000187902 0.000101475 0.999999 0.00078498 0.000187744 -0.000785019 0.999999 0.0414921 -0.0258233 0.0576206
FixedParameters: 0 0 0

#Transform 36
Transform: AffineTransform_float_3_3
Parameters: 1 -0.000133492 -0.000389832 0.000133869 1 0.000483948 0.000389702 -0.000484052 1 0.0519233 0.0556727 0.0284484
FixedParameters: 0 0 0

#Transform 37
Transform: AffineTransform_float_3_3
Parameters: 1 4.20384e-05 4.09606e-05 -4.21045e-05 0.999999 0.000807998 -4.08926e-05 -0.000808001 0.999999 -0.00714599 0.113727 -0.119655
FixedParameters: 0 0 0

#Transform 38
Transform: AffineTransform_float_3_3
Parameters: 1 0.000171883 -0.000152132 -0.000171586 0.999999 0.000976025 0.000152467 -0.000975973 0.999999 0.0261378 -0.0263553 0.0113511
FixedParameters: 0 0 0

#Transform 39
Transform: AffineTransform_float_3_3
Parameters: 1 0.000220755 -0.000152356 -0.000220714 1 0.000134034 0.000152415 -0.000133966 1 0.0342522 0.0404242 0.0466248
FixedParameters: 0 0 0

#Transform 40
Transform: AffineTransform_float_3_3
Parameters: 1 0.000244755 -0.000152395 -0.000244714 1 0.000134037 0.00015246 -0.000133963 1 0.0337897 0.0835908 0.0539907
FixedParameters: 0 0 0

#Transform 41
Transform: AffineTransform_float_3_3
Parameters: 1 0.000277734 -0.000220335 -0.000277497 1 0.000538061 0.000220634 -0.000537939 1 -0.00200916 0.130375 -0.13007
FixedParameters: 0 0 0

#Transform 42
Transform: AffineTransform_float_3_3
Parameters: 1 0.000635673 -0.000222934 -0.000635551 1 0.000277142 0.000222286 -0.000276859 1 0.00812393 0.013879 -0.0331465
FixedParameters: 0 0 0

#Transform 43
Transform: AffineTransform_float_3_3
Parameters: 0.999999 0.000659969 -0.000500362 -0.000660285 0.999999 -0.00031667 0.000500943 0.000317331 1 0.0382433 0.0456453 0.00703274
FixedParameters: 0 0 0

#Transform 44
Transform: AffineTransform_float_3_3
Parameters: 0.999999 0.00065961 -0.000493862 -0.000659669 0.999999 -0.00107468 0.000493442 0.00107533 1 0.0335401 0.156703 -0.0932458
FixedParameters: 0 0 0

#Transform 45
Transform: AffineTransform_float_3_3
Parameters: 0.999999 0.000728227 9.93498e-05 -0.000728121 0.999999 -0.000521072 -9.91093e-05 0.000521928 1 -0.028239 0.160691 -0.204639
FixedParameters: 0 0 0

#Transform 46
Transform: AffineTransform_float_3_3
Parameters: 0.999999 0.000835271 0.00013837 -0.000835212 0.999999 -0.000206116 -0.000137714 0.000205885 1 -0.0182731 0.00397026 -0.0857031
FixedParameters: 0 0 0

#Transform 47
Transform: AffineTransform_float_3_3
Parameters: 1 0.00113704 -0.000359041 -0.00113771 0.999999 -0.000927593 0.00035793 0.000928405 0.999999 0.0108311 0.059805 -0.04476
FixedParameters: 0 0 0

#Transform 48
Transform: AffineTransform_float_3_3
Parameters: 0.999999 0.00086603 -0.000358353 -0.000865723 0.999999 -0.000969691 0.000357671 0.000970311 1 0.0212618 0.108512 -0.0780749
FixedParameters: 0 0 0

#Transform 49
Transform: AffineTransform_float_3_3
Parameters: 1 0.000660807 -7.66841e-05 -0.000660928 1 -0.000802951 7.66228e-05 0.000803049 0.999999 -0.0195526 0.179168 -0.231005
FixedParameters: 0 0 0

#Transform 50
Transform: AffineTransform_float_3_3
Parameters: 0.999999 0.000805729 -0.000120816 -0.00080585 0.999999 -0.000507903 0.000120997 0.000508097 1 0.00470744 0.0113364 -0.11594
FixedParameters: 0 0 0

#Transform 51
Transform: AffineTransform_float_3_3
Parameters: 1 0.00106912 -0.000331856 -0.00106973 0.999999 -0.000924647 0.000330878 0.000924352 0.999999 0.0106508 0.0476488 -0.0792441
FixedParameters: 0 0 0

#Transform 52
Transform: AffineTransform_float_3_3
Parameters: 1 0.000987829 -0.0003325 -0.000988017 0.999998 -0.00179567 0.00033095 0.00179633 0.999999 0.0120882 0.118827 -0.105653
FixedParameters: 0 0 0

#Transform 53
Transform: AffineTransform_float_3_3
Parameters: 1 0.00103402 -0.000474351 -0.00103534 0.999997 -0.00245851 0.000471261 0.00245949 0.999997 -0.0148929 0.231701 -0.340156
FixedParameters: 0 0 0

#Transform 54
Transform: AffineTransform_float_3_3
Parameters: 1 0.00105809 -0.000240031 -0.00105908 0.999998 -0.00206275 0.000237664 0.00206325 0.999998 -0.015359 0.117294 -0.285704
FixedParameters: 0 0 0

#Transform 55
Transform: AffineTransform_float_3_3
Parameters: 0.999999 0.00126011 -0.000240693 -0.00126106 0.999997 -0.0019777 0.000237708 0.0019773 0.999998 -0.0145328 0.0737316 -0.222821
FixedParameters: 0 0 0

#Transform 56
Transform: AffineTransform_float_3_3
Parameters: 1 0.00112469 -0.000353197 -0.00112508 0.999998 -0.00198361 0.000350731 0.00198439 0.999998 0.0107921 0.11262 -0.226392
FixedParameters: 0 0 0

#Transform 57
Transform: AffineTransform_float_3_3
Parameters: 0.999999 0.00123273 -0.000538224 -0.0012344 0.999996 -0.00248834 0.000535083 0.00248866 0.999997 -0.00260818 0.18062 -0.326263
FixedParameters: 0 0 0

#Transform 58
Transform: AffineTransform_float_3_3
Parameters: 1 0.00119401 -0.000222403 -0.00119523 0.999996 -0.00277774 0.000218767 0.00277726 0.999996 -0.0276588 0.182636 -0.33964
FixedParameters: 0 0 0

#Transform 59
Transform: AffineTransform_float_3_3
Parameters: 1 0.00118785 -0.000282868 -0.00118817 0.999996 -0.00235067 0.000280282 0.00235033 0.999997 -0.0101984 0.0811707 -0.238248
FixedParameters: 0 0 0

#Transform 60
Transform: AffineTransform_float_3_3
Parameters: 0.999999 0.00122245 -0.000380034 -0.00122324 0.999997 -0.00236954 0.000377237 0.00236946 0.999997 0.0103623 0.121119 -0.223084
FixedParameters: 0 0 0

#Transform 61
Transform: AffineTransform_float_3_3
Parameters: 0.999999 0.00131858 -0.000790725 -0.00132066 0.999996 -0.00258996 0.000786884 0.00259104 0.999997 0.0152362 0.160936 -0.307106
FixedParameters: 0 0 0

#Transform 62
Transform: AffineTransform_float_3_3
Parameters: 1 0.00107529 -0.000173486 -0.00107512 0.999997 -0.00242482 0.000171269 0.00242519 0.999997 -0.0364385 0.204976 -0.425676
FixedParameters: 0 0 0

#Transform 63
Transform: AffineTransform_float_3_3
Parameters: 0.999999 0.00131035 -0.000174002 -0.00131106 0.999997 -0.00207078 0.000171573 0.00207122 0.999998 -0.0241411 0.0429405 -0.288363
FixedParameters: 0 0 0

#Transform 64
Transform: AffineTransform_float_3_3
Parameters: 1 0.00119521 -0.000197812 -0.0011961 0.999996 -0.00227877 0.000194363 0.00227823 0.999998 -0.0210063 0.114312 -0.23446
FixedParameters: 0 0 0

#Transform 65
Transform: AffineTransform_float_3_3
Parameters: 0.999999 0.00122874 -0.000306105 -0.0012292 0.999997 -0.00240663 0.000303187 0.00240737 0.999997 -0.0161749 0.152609 -0.306731
FixedParameters: 0 0 0

#Transform 66
Transform: AffineTransform_float_3_3
Parameters: 0.999999 0.00142328 6.30749e-05 -0.00142296 0.999996 -0.00241809 -6.69571e-05 0.00241791 0.999997 -0.0538469 0.181064 -0.379029
FixedParameters: 0 0 0

#Transform 67
Transform: AffineTransform_float_3_3
Parameters: 0.999998 0.00163683 -4.64417e-05 -0.00163702 0.999997 -0.00218993 4.3272e-05 0.00219007 0.999997 -0.0360236 0.0953179 -0.244124
FixedParameters: 0 0 0

#Transform 68
Transform: AffineTransform_float_3_3
Parameters: 0.999999 0.000996907 -0.000750129 -0.000998482 0.999996 -0.00238925 0.000748357 0.00238975 0.999997 0.0157642 0.144825 -0.22141
FixedParameters: 0 0 0

#Transform 69
Transform: AffineTransform_float_3_3
Parameters: 0.999999 0.00123677 -0.000271665 -0.00123829 0.999995 -0.00283267 0.000267654 0.00283233 0.999996 -0.0341865 0.211931 -0.372229
FixedParameters: 0 0 0

#Transform 70
Transform: AffineTransform_float_3_3
Parameters: 0.999999 0.0013324 -0.000157208 -0.00133206 0.999997 -0.00216279 0.000154443 0.0021632 0.999997 -0.0350106 0.130056 -0.295462
FixedParameters: 0 0 0

#Transform 71
Transform: AffineTransform_float_3_3
Parameters: 0.999999 0.00150541 -0.000157719 -0.00150605 0.999997 -0.00205277 0.000154536 0.00205323 0.999998 -0.0281515 0.0975074 -0.244369
FixedParameters: 0 0 0

#Transform 72
Transform: AffineTransform_float_3_3
Parameters: 0.999999 0.00131837 -0.000647392 -0.00131938 0.999997 -0.00234015 0.000644215 0.00234085 0.999997 -0.0184567 0.147375 -0.28544
FixedParameters: 0 0 0

#Transform 73
Transform: AffineTransform_float_3_3
Parameters: 0.999999 0.00128183 -4.16396e-05 -0.00128203 0.999995 -0.00265395 3.78351e-05 0.00265405 0.999997 -0.0486831 0.223207 -0.443246
FixedParameters: 0 0 0

#Transform 74
Transform: AffineTransform_float_3_3
Parameters: 0.999998 0.00152064 -0.000647574 -0.00152111 0.999997 -0.00191702 0.000644738 0.00191798 0.999998 -0.00127228 0.072642 -0.316396
FixedParameters: 0 0 0

#Transform 75
Transform: AffineTransform_float_3_3
Parameters: 0.999998 0.00157371 -0.000340012 -0.00157411 0.999996 -0.00207347 0.000336484 0.00207353 0.999998 -0.00300228 0.112589 -0.251787
FixedParameters: 0 0 0

#Transform 76
Transform: AffineTransform_float_3_3
Parameters: 0.999998 0.00133012 -0.00109794 -0.00133305 0.999996 -0.00270854 0.00109371 0.00271046 0.999995 0.0343265 0.176215 -0.279199
FixedParameters: 0 0 0

#Transform 77
Transform: AffineTransform_float_3_3
Parameters: 0.999998 0.00140976 -0.000750111 -0.00141163 0.999995 -0.00258394 0.000745816 0.00258505 0.999997 -0.0175801 0.24388 -0.469274
FixedParameters: 0 0 0

#Transform 78
Transform: AffineTransform_float_3_3
Parameters: 0.999999 0.00173884 -0.00054001 -0.00174029 0.999996 -0.00228307 0.000536064 0.00228393 0.999997 -0.0264864 0.102734 -0.407554
FixedParameters: 0 0 0

#Transform 79
Transform: AffineTransform_float_3_3
Parameters: 0.999998 0.00171335 -0.000960533 -0.0017153 0.999997 -0.00206236 0.000956454 0.00206464 0.999998 -0.00526448 0.202173 -0.312802
FixedParameters: 0 0 0

#Transform 80
Transform: AffineTransform_float_3_3
Parameters: 0.999999 0.000996344 -0.00112724 -0.000997728 0.999999 -0.00150288 0.00112524 0.00150312 0.999998 0.0632842 -0.129877 -0.242199
FixedParameters: 0 0 0

#Transform 81
Transform: AffineTransform_float_3_3
Parameters: 0.999998 0.00121501 -0.0015015 -0.00122076 0.999993 -0.00358417 0.00149676 0.00358583 0.999993 0.0269096 0.181063 -0.316852
FixedParameters: 0 0 0

#Transform 82
Transform: AffineTransform_float_3_3
Parameters: 0.999997 0.00165564 -0.00150425 -0.00166212 0.999992 -0.00382751 0.00149754 0.00382949 0.999991 0.00301867 0.222283 -0.369326
FixedParameters: 0 0 0

#Transform 83
Transform: AffineTransform_float_3_3
Parameters: 0.999997 0.00167196 -0.00131132 -0.00167748 0.999989 -0.00440981 0.00130453 0.00441219 0.999989 -0.0344071 0.289121 -0.573143
FixedParameters: 0 0 0

#Transform 84
Transform: AffineTransform_float_3_3
Parameters: 0.999998 0.00176103 -0.00100751 -0.00176547 0.999989 -0.00421323 0.000999643 0.00421576 0.99999 -0.0407942 0.195347 -0.502205
FixedParameters: 0 0 0

#Transform 85
Transform: AffineTransform_float_3_3
Parameters: 0.999998 0.00189663 -0.00127554 -0.00190295 0.999987 -0.00485159 0.00126609 0.00485442 0.999988 -0.0122632 0.174765 -0.402814
FixedParameters: 0 0 0

#Transform 86
Transform: AffineTransform_float_3_3
Parameters: 0.999997 0.00158008 -0.00155417 -0.00158851 0.999984 -0.00530154 0.00154536 0.00530445 0.999984 0.0116632 0.271089 -0.412584
FixedParameters: 0 0 0

#Transform 87
Transform: AffineTransform_float_3_3
Parameters: 0.999997 0.00199673 -0.00155884 -0.00200585 0.999979 -0.00616389 0.00154615 0.0061671 0.99998 -0.02134 0.352194 -0.67407
FixedParameters: 0 0 0

#Transform 88
Transform: AffineTransform_float_3_3
Parameters: 0.999998 0.0020344 -0.00113079 -0.00204068 0.999986 -0.00501971 0.00112032 0.00502229 0.999987 -0.0450003 0.251628 -0.594452
FixedParameters: 0 0 0

#Transform 89
Transform: AffineTransform_float_3_3
Parameters: 0.999997 0.00204344 -0.00137531 -0.00204978 0.999984 -0.0052392 0.00136484 0.00524281 0.999986 -0.0255008 0.204836 -0.50183
FixedParameters: 0 0 0

#Transform 90
Transform: AffineTransform_float_3_3
Parameters: 0.999997 0.00179914 -0.00176821 -0.00180971 0.999979 -0.00612282 0.00175709 0.00612618 0.999979 0.014384 0.291804 -0.471469
FixedParameters: 0 0 0

#Transform 91
Transform: AffineTransform_float_3_3
Parameters: 0.999997 0.00206046 -0.00177106 -0.00207239 0.999976 -0.00650435 0.00175815 0.00650865 0.999978 0.00692919 0.33028 -0.526757
FixedParameters: 0 0 0

#Transform 92
Transform: AffineTransform_float_3_3
Parameters: 0.999997 0.00209092 -0.00130591 -0.00210055 0.999974 -0.00679528 0.00129241 0.00679772 0.999976 -0.0538541 0.390813 -0.681878
FixedParameters: 0 0 0

#Transform 93
Transform: AffineTransform_float_3_3
Parameters: 0.999998 0.00206415 -0.00110075 -0.00207103 0.999977 -0.00635174 0.00108747 0.00635326 0.999979 -0.042728 0.270831 -0.495662
FixedParameters: 0 0 0

#Transform 94
Transform: AffineTransform_float_3_3
Parameters: 0.999996 0.00202635 -0.00156353 -0.00203622 0.999977 -0.00638584 0.00155056 0.00638916 0.999979 -0.0160043 0.260136 -0.438661
FixedParameters: 0 0 0

#Transform 95
Transform: AffineTransform_float_3_3
Parameters: 0.999996 0.00225561 -0.00164474 -0.00226368 0.999984 -0.0052143 0.00163315 0.0052177 0.999985 -0.0103285 0.288423 -0.430386
FixedParameters: 0 0 0

#Transform 96
Transform: AffineTransform_float_3_3
Parameters: 0.999998 0.0019793 -0.00115113 -0.0019817 0.999996 -0.00235673 0.00114679 0.00235828 0.999997 -0.0734824 0.258314 -0.657624
FixedParameters: 0 0 0

#Transform 97
Transform: AffineTransform_float_3_3
Parameters: 0.999997 0.00212274 -0.00132718 -0.00213166 0.999974 -0.00679519 0.00131325 0.00679781 0.999976 -0.0448416 0.25979 -0.78341
FixedParameters: 0 0 0

#Transform 98
Transform: AffineTransform_float_3_3
Parameters: 0.999996 0.00201792 -0.00206679 -0.0020349 0.999966 -0.00801382 0.00205128 0.00801817 0.999966 -0.0128245 0.319995 -0.72814
FixedParameters: 0 0 0

#Transform 99
Transform: AffineTransform_float_3_3
Parameters: 0.999994 0.00226179 -0.00238711 -0.00228392 0.999954 -0.0092896 0.00236583 0.0092944 0.999954 0.0106573 0.428512 -0.762483
FixedParameters: 0 0 0

#Transform 100
Transform: AffineTransform_float_3_3
Parameters: 0.999995 0.00236719 -0.00198256 -0.00238695 0.999948 -0.00983931 0.00195974 0.00984368 0.999949 -0.0520876 0.489718 -0.957516
FixedParameters: 0 0 0

#Transform 101
Transform: AffineTransform_float_3_3
Parameters: 0.999996 0.00203177 -0.00156956 -0.00204579 0.999954 -0.00930781 0.00155057 0.00931117 0.999955 -0.0551714 0.423388 -0.887931
FixedParameters: 0 0 0

#Transform 102
Transform: AffineTransform_float_3_3
Parameters: 0.999995 0.00203856 -0.00216333 -0.00205793 0.999956 -0.00914359 0.00214483 0.00914841 0.999956 -0.0152493 0.343099 -0.806545
FixedParameters: 0 0 0

#Transform 103
Transform: AffineTransform_float_3_3
Parameters: 0.999995 0.00212271 -0.00243079 -0.00214886 0.99994 -0.0107848 0.00240767 0.0107892 0.999939 0.0131409 0.468368 -0.758139
FixedParameters: 0 0 0

#Transform 104
Transform: AffineTransform_float_3_3
Parameters: 0.999995 0.00224426 -0.00252432 -0.00227498 0.999924 -0.0120993 0.00249657 0.0121057 0.999923 -0.0135942 0.565571 -0.9935
FixedParameters: 0 0 0

#Transform 105
Transform: AffineTransform_float_3_3
Parameters: 0.999994 0.00233417 -0.00256124 -0.00236294 0.99993 -0.011539 0.00253397 0.011545 0.99993 -0.00286296 0.506106 -0.950942
FixedParameters: 0 0 0

#Transform 106
Transform: AffineTransform_float_3_3
Parameters: 0.999993 0.00227648 -0.00272111 -0.00230707 0.999932 -0.0113768 0.00269489 0.0113832 0.999931 0.0249527 0.479291 -0.855055
FixedParameters: 0 0 0

#Transform 107
Transform: AffineTransform_float_3_3
Parameters: 0.999993 0.00210681 -0.00330094 -0.00214673 0.999922 -0.012308 0.0032755 0.012315 0.999919 0.0564984 0.543955 -0.860719
FixedParameters: 0 0 0

#Transform 108
Transform: AffineTransform_float_3_3
Parameters: 0.999993 0.00250922 -0.00284943 -0.00254489 0.999916 -0.0126528 0.0028174 0.0126592 0.999916 -0.00655236 0.599845 -0.996504
FixedParameters: 0 0 0

#Transform 109
Transform: AffineTransform_float_3_3
Parameters: 0.999993 0.00255087 -0.00276769 -0.00258353 0.999927 -0.0117519 0.00273728 0.0117591 0.999927 0.00236544 0.451856 -0.872488
FixedParameters: 0 0 0

#Transform 110
Transform: AffineTransform_float_3_3
Parameters: 0.999993 0.00234228 -0.00311954 -0.00237889 0.999925 -0.0120167 0.00309172 0.0120233 0.999923 0.0413567 0.507198 -0.830298
FixedParameters: 0 0 0

#Transform 111
Transform: AffineTransform_float_3_3
Parameters: 0.999992 0.00212998 -0.00335299 -0.00217236 0.999918 -0.0126368 0.00332553 0.0126442 0.999914 0.041424 0.557379 -0.902632
FixedParameters: 0 0 0

#Transform 112
Transform: AffineTransform_float_3_3
Parameters: 0.999994 0.00202857 -0.00283537 -0.00206459 0.999918 -0.0125852 0.00280978 0.0125918 0.999917 -0.00865767 0.580246 -1.00199
FixedParameters: 0 0 0

#Transform 113
Transform: AffineTransform_float_3_3
Parameters: 0.999994 0.00256302 -0.00258614 -0.00259401 0.999926 -0.0118684 0.00255486 0.0118756 0.999926 -0.012938 0.452816 -0.873123
FixedParameters: 0 0 0

#Transform 114
Transform: AffineTransform_float_3_3
Parameters: 0.999993 0.00221056 -0.00299258 -0.00224804 0.999915 -0.0128454 0.00296322 0.0128526 0.999913 0.0277866 0.543031 -0.871988
FixedParameters: 0 0 0

#Transform 115
Transform: AffineTransform_float_3_3
Parameters: 0.999995 0.00203757 -0.00217093 -0.00206489 0.999915 -0.0128276 0.00214424 0.0128324 0.999916 -0.0350799 0.593046 -0.998043
FixedParameters: 0 0 0

#Transform 116
Transform: AffineTransform_float_3_3
Parameters: 0.999995 0.00235685 -0.00236647 -0.00238496 0.999926 -0.0119324 0.00233882 0.0119376 0.999926 -0.0300385 0.464352 -0.913019
FixedParameters: 0 0 0

#Transform 117
Transform: AffineTransform_float_3_3
Parameters: 0.999992 0.00234711 -0.00319151 -0.00238682 0.999921 -0.0123915 0.00316276 0.0123985 0.999918 0.038583 0.517903 -0.818891
FixedParameters: 0 0 0

#Transform 118
Transform: AffineTransform_float_3_3
Parameters: 0.999992 0.00218016 -0.00329385 -0.00222339 0.999911 -0.0131508 0.00326485 0.0131582 0.999908 0.0206051 0.597972 -1.00972
FixedParameters: 0 0 0

#Transform 119
Transform: AffineTransform_float_3_3
Parameters: 0.999994 0.00238257 -0.00260473 -0.0024154 0.999916 -0.0127158 0.00257465 0.0127222 0.999916 -0.0280763 0.545544 -1.00522
FixedParameters: 0 0 0
