#!ascii label  , from subject sub-v1s6x0051368_ses-1 vox2ras=TkReg
448
67813  -27.935  -5.190  -11.119 0.0000000000
64073  -26.594  -9.439  -7.695 0.0000000000
65904  -32.029  -7.900  -8.915 0.0000000000
59854  -29.621  -13.829  -6.598 0.0000000000
79311  -24.675  6.357  -6.130 0.0000000000
75548  -25.806  2.743  -9.051 0.0000000000
71668  -20.862  -2.469  -4.196 0.0000000000
56012  -29.017  -17.135  -3.288 0.0000000000
62137  -28.550  -11.930  -7.878 0.0000000000
59836  -27.574  -13.665  -5.679 0.0000000000
77422  -25.073  4.457  -7.586 0.0000000000
74514  -22.399  1.689  -6.535 0.0000000000
67777  -24.610  -5.347  -7.543 0.0000000000
68713  -20.757  -5.032  -4.221 0.0000000000
120299  -24.496  -2.632  -8.177 0.0000000000
72659  -25.368  -0.641  -9.897 0.0000000000
70805  -28.308  -2.247  -11.493 0.0000000000
69806  -30.467  -3.538  -10.755 0.0000000000
65879  -24.191  -7.526  -6.067 0.0000000000
65911  -27.117  -7.609  -9.546 0.0000000000
66841  -30.637  -7.013  -11.242 0.0000000000
64093  -29.445  -9.363  -9.782 0.0000000000
62155  -30.751  -11.079  -8.166 0.0000000000
60924  -32.062  -12.018  -5.206 0.0000000000
72535  -19.673  -0.659  -1.253 0.0000000000
73554  -23.399  0.997  -8.126 0.0000000000
74570  -27.912  1.686  -9.931 0.0000000000
57939  -26.612  -15.146  -3.851 0.0000000000
57959  -29.518  -15.183  -5.266 0.0000000000
60921  -26.379  -12.448  -5.614 0.0000000000
59817  -26.053  -13.738  -4.474 0.0000000000
121827  -21.850  3.072  -7.125 0.0000000000
74499  -21.557  1.611  -4.346 0.0000000000
67798  -26.273  -5.004  -9.372 0.0000000000
68780  -24.699  -3.756  -7.952 0.0000000000
69792  -25.924  -3.385  -9.511 0.0000000000
70793  -26.786  -2.661  -10.711 0.0000000000
69812  -27.775  -3.616  -11.322 0.0000000000
70807  -29.907  -2.964  -11.155 0.0000000000
68810  -29.165  -4.351  -11.296 0.0000000000
65003  -25.605  -8.522  -6.888 0.0000000000
65902  -25.789  -7.163  -7.972 0.0000000000
65014  -26.674  -8.818  -8.240 0.0000000000
65025  -28.258  -8.665  -9.789 0.0000000000
64082  -27.642  -9.906  -8.643 0.0000000000
60956  -28.915  -12.654  -7.668 0.0000000000
62153  -29.555  -11.552  -8.545 0.0000000000
60958  -30.205  -12.560  -7.724 0.0000000000
62120  -31.403  -11.440  -6.916 0.0000000000
59856  -30.854  -13.006  -6.173 0.0000000000
78358  -23.324  5.637  -5.635 0.0000000000
79293  -23.528  7.031  -4.755 0.0000000000
79301  -24.284  6.847  -5.428 0.0000000000
80219  -25.209  7.724  -5.180 0.0000000000
78371  -25.905  6.114  -7.027 0.0000000000
76494  -25.622  3.842  -7.944 0.0000000000
69701  -20.570  -3.997  -3.850 0.0000000000
69657  -18.728  -3.605  -0.383 0.0000000000
71637  -19.501  -1.606  -1.713 0.0000000000
115810  -21.238  -1.164  -4.514 0.0000000000
72601  -21.788  -1.032  -5.346 0.0000000000
73599  -27.231  0.151  -11.255 0.0000000000
118798  -27.031  0.714  -11.007 0.0000000000
74584  -28.252  1.048  -10.420 0.0000000000
65037  -31.075  -7.736  -10.350 0.0000000000
67799  -31.434  -6.139  -9.859 0.0000000000
126205  -27.582  -17.037  -3.006 0.0000000000
57029  -27.905  -15.951  -4.152 0.0000000000
127956  -28.053  -15.188  -4.743 0.0000000000
121903  -28.848  -15.891  -4.537 0.0000000000
63118  -26.378  -10.469  -6.787 0.0000000000
63128  -27.612  -10.540  -8.096 0.0000000000
62119  -26.583  -11.778  -6.242 0.0000000000
60936  -27.723  -12.722  -6.652 0.0000000000
59853  -28.842  -13.742  -6.663 0.0000000000
78368  -23.511  5.261  -6.315 0.0000000000
77410  -24.612  5.046  -7.111 0.0000000000
77420  -23.145  4.239  -7.630 0.0000000000
76491  -22.761  3.563  -8.065 0.0000000000
126753  -23.276  3.113  -8.628 0.0000000000
67753  -22.615  -5.722  -5.190 0.0000000000
68755  -22.166  -4.330  -5.255 0.0000000000
69741  -22.072  -3.722  -5.293 0.0000000000
70737  -22.513  -2.842  -5.822 0.0000000000
71726  -24.265  -1.107  -8.562 0.0000000000
70777  -24.779  -1.603  -8.866 0.0000000000
71752  -27.107  -1.201  -11.317 0.0000000000
72687  -29.065  -0.937  -11.157 0.0000000000
130192  -30.089  -1.679  -10.371 0.0000000000
55995  -30.152  -17.213  -2.361 0.0000000000
56992  -30.542  -16.594  -2.677 0.0000000000
66807  -24.488  -6.278  -7.061 0.0000000000
66816  -25.903  -6.465  -8.530 0.0000000000
66831  -27.214  -5.996  -10.452 0.0000000000
67814  -28.641  -5.937  -11.276 0.0000000000
65918  -28.541  -7.631  -11.177 0.0000000000
65035  -30.108  -8.363  -11.278 0.0000000000
65026  -30.852  -8.636  -10.036 0.0000000000
63138  -29.097  -10.796  -8.954 0.0000000000
63150  -30.323  -10.208  -9.243 0.0000000000
64084  -31.408  -9.569  -8.729 0.0000000000
63119  -31.816  -10.529  -7.083 0.0000000000
62121  -31.978  -10.818  -6.209 0.0000000000
78382  -26.494  5.445  -7.341 0.0000000000
73485  -20.996  0.332  -3.529 0.0000000000
124260  -22.764  1.231  -7.188 0.0000000000
75558  -24.431  2.067  -9.565 0.0000000000
73577  -24.374  0.211  -9.324 0.0000000000
74568  -25.869  1.687  -10.099 0.0000000000
75560  -26.347  2.262  -9.604 0.0000000000
67807  -30.732  -5.678  -10.753 0.0000000000
68793  -31.311  -5.005  -9.617 0.0000000000
58855  -25.937  -14.448  -3.850 0.0000000000
59818  -27.148  -14.042  -5.012 0.0000000000
126438  -28.639  -14.607  -5.747 0.0000000000
58892  -29.659  -14.573  -5.876 0.0000000000
57920  -30.491  -15.573  -3.959 0.0000000000
58877  -30.681  -14.643  -4.904 0.0000000000
58894  -31.012  -13.971  -5.187 0.0000000000
74466  -20.980  1.110  -2.901 0.0000000000
67804  -26.800  -5.218  -10.137 0.0000000000
68792  -26.454  -4.366  -9.733 0.0000000000
117657  -26.880  -4.658  -10.427 0.0000000000
69805  -27.052  -3.388  -10.822 0.0000000000
68803  -27.326  -4.371  -10.911 0.0000000000
69813  -28.657  -3.674  -11.402 0.0000000000
68809  -28.209  -4.395  -11.302 0.0000000000
64063  -26.277  -9.757  -6.913 0.0000000000
64062  -25.570  -9.246  -6.424 0.0000000000
64072  -26.059  -9.110  -7.101 0.0000000000
65004  -26.193  -8.607  -7.550 0.0000000000
65015  -27.225  -9.067  -8.816 0.0000000000
64081  -27.038  -9.434  -8.302 0.0000000000
59866  -29.311  -13.280  -7.271 0.0000000000
60957  -29.662  -12.691  -7.770 0.0000000000
59867  -29.930  -13.197  -7.324 0.0000000000
60938  -30.474  -12.798  -7.001 0.0000000000
59855  -30.264  -13.501  -6.587 0.0000000000
78359  -23.964  6.013  -5.806 0.0000000000
79302  -24.956  7.103  -5.763 0.0000000000
79313  -26.081  7.049  -7.053 0.0000000000
78370  -25.035  5.884  -6.812 0.0000000000
76504  -25.164  3.265  -8.557 0.0000000000
120626  -26.479  4.022  -7.925 0.0000000000
76505  -26.373  3.355  -8.449 0.0000000000
76506  -27.373  3.237  -8.741 0.0000000000
70699  -20.662  -3.318  -3.971 0.0000000000
70680  -19.535  -3.129  -2.175 0.0000000000
70681  -20.519  -3.271  -3.780 0.0000000000
70654  -19.333  -2.622  -1.495 0.0000000000
71655  -20.604  -2.618  -3.919 0.0000000000
119661  -20.856  -1.860  -4.181 0.0000000000
112152  -21.538  -1.614  -4.875 0.0000000000
73592  -28.513  0.435  -10.793 0.0000000000
73591  -27.767  0.669  -11.058 0.0000000000
65027  -31.524  -8.203  -9.612 0.0000000000
65912  -31.650  -7.329  -9.940 0.0000000000
56011  -28.257  -17.209  -3.221 0.0000000000
57011  -27.864  -16.538  -3.631 0.0000000000
57012  -28.590  -16.718  -3.673 0.0000000000
57030  -28.450  -16.221  -4.155 0.0000000000
133182  -29.293  -16.366  -3.927 0.0000000000
63108  -25.954  -11.001  -6.270 0.0000000000
62135  -26.902  -11.172  -6.962 0.0000000000
60922  -27.201  -13.012  -6.019 0.0000000000
128391  -27.054  -12.402  -6.264 0.0000000000
59852  -28.020  -13.392  -6.380 0.0000000000
77407  -22.279  4.219  -6.688 0.0000000000
77408  -22.902  4.608  -6.901 0.0000000000
75523  -22.101  2.473  -6.873 0.0000000000
76490  -22.193  3.260  -7.561 0.0000000000
75533  -22.335  2.553  -7.357 0.0000000000
75534  -22.812  2.674  -8.019 0.0000000000
67768  -23.192  -4.975  -6.023 0.0000000000
67775  -23.873  -4.695  -7.064 0.0000000000
69772  -24.380  -3.140  -7.821 0.0000000000
69759  -23.165  -3.336  -6.548 0.0000000000
69771  -23.698  -3.241  -7.321 0.0000000000
70738  -23.018  -2.663  -6.470 0.0000000000
70754  -23.479  -2.608  -7.190 0.0000000000
70766  -24.262  -1.977  -8.259 0.0000000000
70778  -25.245  -2.059  -9.216 0.0000000000
70804  -27.496  -2.695  -11.284 0.0000000000
70803  -26.823  -1.896  -10.910 0.0000000000
71753  -27.921  -1.361  -11.484 0.0000000000
72686  -28.370  -0.764  -11.347 0.0000000000
71754  -28.750  -1.511  -11.338 0.0000000000
71755  -29.507  -1.518  -11.035 0.0000000000
70795  -30.316  -2.626  -10.609 0.0000000000
126696  -31.120  -3.474  -9.544 0.0000000000
55977  -29.824  -17.833  -1.935 0.0000000000
55978  -30.531  -17.455  -1.670 0.0000000000
66784  -23.610  -6.896  -5.760 0.0000000000
66797  -23.892  -6.321  -6.370 0.0000000000
65891  -24.337  -6.989  -6.559 0.0000000000
65903  -26.415  -7.363  -8.728 0.0000000000
66817  -26.545  -6.648  -9.287 0.0000000000
115918  -26.688  -5.896  -9.728 0.0000000000
66825  -27.176  -6.758  -10.065 0.0000000000
66832  -27.822  -6.807  -10.744 0.0000000000
65917  -27.784  -7.571  -10.454 0.0000000000
64103  -28.957  -8.781  -10.220 0.0000000000
122358  -29.326  -8.511  -10.942 0.0000000000
64104  -29.713  -8.728  -10.492 0.0000000000
64105  -30.318  -8.511  -10.580 0.0000000000
64094  -30.150  -9.037  -10.087 0.0000000000
62151  -28.130  -11.226  -8.024 0.0000000000
63137  -28.282  -10.708  -8.574 0.0000000000
62152  -28.819  -11.472  -8.435 0.0000000000
62154  -30.162  -11.513  -8.509 0.0000000000
62169  -29.877  -10.963  -8.960 0.0000000000
63139  -30.372  -10.872  -8.755 0.0000000000
63140  -30.865  -10.282  -8.713 0.0000000000
63129  -31.451  -10.229  -7.948 0.0000000000
62139  -31.269  -10.960  -7.524 0.0000000000
62108  -31.668  -11.666  -5.943 0.0000000000
62109  -32.269  -11.162  -5.391 0.0000000000
78381  -25.533  5.256  -7.248 0.0000000000
77423  -26.048  4.612  -7.621 0.0000000000
67730  -20.833  -5.515  -4.342 0.0000000000
71601  -18.550  -1.603  0.900 0.0000000000
72526  -19.541  -0.322  -0.248 0.0000000000
72536  -20.211  -0.039  -1.900 0.0000000000
73518  -22.456  0.128  -6.293 0.0000000000
73517  -22.085  -0.219  -5.630 0.0000000000
73553  -23.072  0.950  -7.571 0.0000000000
74549  -23.294  1.775  -7.999 0.0000000000
74559  -23.563  1.406  -8.660 0.0000000000
72658  -24.727  -0.705  -9.256 0.0000000000
72647  -23.744  -0.528  -8.257 0.0000000000
124766  -25.084  0.020  -9.770 0.0000000000
74583  -27.392  1.155  -10.623 0.0000000000
74582  -26.358  1.051  -10.525 0.0000000000
74569  -26.879  1.673  -10.038 0.0000000000
75561  -27.398  2.362  -9.478 0.0000000000
75562  -28.449  2.405  -9.459 0.0000000000
66840  -29.975  -6.905  -11.600 0.0000000000
67815  -29.610  -5.890  -11.414 0.0000000000
66834  -30.771  -6.369  -10.917 0.0000000000
57010  -27.235  -15.825  -3.688 0.0000000000
126591  -25.823  -14.981  -3.435 0.0000000000
58874  -26.832  -14.592  -4.419 0.0000000000
57958  -28.912  -15.429  -5.048 0.0000000000
58876  -28.439  -15.002  -5.170 0.0000000000
130188  -29.030  -14.928  -5.626 0.0000000000
57013  -30.312  -16.166  -3.481 0.0000000000
62107  -25.826  -11.650  -5.613 0.0000000000
60920  -25.552  -12.154  -5.097 0.0000000000
60905  -25.723  -12.843  -4.855 0.0000000000
59835  -26.642  -13.312  -5.316 0.0000000000
116118  -21.775  3.149  -6.833 0.0000000000
75506  -21.657  2.411  -4.705 0.0000000000
75507  -22.092  2.475  -6.638 0.0000000000
74513  -22.010  1.617  -5.152 0.0000000000
120275  -24.965  -4.570  -8.136 0.0000000000
67785  -24.470  -4.404  -7.619 0.0000000000
68781  -25.157  -3.873  -8.489 0.0000000000
69782  -25.275  -3.237  -8.816 0.0000000000
70779  -25.738  -2.534  -9.671 0.0000000000
69804  -26.383  -3.021  -10.199 0.0000000000
121688  -28.234  -3.053  -11.502 0.0000000000
70806  -29.260  -2.225  -11.264 0.0000000000
111852  -29.021  -2.956  -11.396 0.0000000000
69814  -29.567  -3.649  -11.280 0.0000000000
69815  -30.188  -3.794  -11.097 0.0000000000
64993  -25.074  -8.559  -6.316 0.0000000000
65880  -24.889  -7.811  -6.647 0.0000000000
65892  -25.047  -7.093  -7.281 0.0000000000
121573  -25.661  -7.858  -7.408 0.0000000000
65893  -26.367  -7.962  -8.047 0.0000000000
65023  -26.845  -8.254  -8.840 0.0000000000
65033  -27.825  -8.111  -9.967 0.0000000000
65024  -27.474  -8.520  -9.398 0.0000000000
64091  -27.884  -9.317  -9.264 0.0000000000
64092  -28.653  -9.369  -9.574 0.0000000000
60973  -29.283  -12.151  -8.174 0.0000000000
60974  -29.940  -12.151  -8.209 0.0000000000
62138  -30.444  -11.921  -8.015 0.0000000000
130038  -30.912  -11.536  -7.626 0.0000000000
60959  -30.749  -12.125  -7.367 0.0000000000
60939  -31.129  -12.274  -6.531 0.0000000000
60923  -31.449  -12.484  -5.682 0.0000000000
79300  -23.615  6.534  -5.253 0.0000000000
79314  -27.148  7.170  -7.080 0.0000000000
70653  -18.916  -2.639  -0.619 0.0000000000
71622  -19.278  -1.516  -0.723 0.0000000000
72552  -19.741  -0.962  -2.093 0.0000000000
72553  -20.217  -0.926  -2.849 0.0000000000
72588  -21.467  -1.013  -4.853 0.0000000000
72634  -23.039  -0.113  -7.252 0.0000000000
73590  -26.305  0.194  -10.837 0.0000000000
65927  -30.786  -7.506  -10.998 0.0000000000
65928  -31.047  -6.994  -10.603 0.0000000000
66826  -31.466  -6.893  -10.217 0.0000000000
66818  -31.812  -6.697  -9.702 0.0000000000
110635  -27.009  -16.453  -3.095 0.0000000000
57940  -27.549  -15.316  -4.353 0.0000000000
57942  -29.408  -15.697  -4.651 0.0000000000
63117  -25.805  -10.110  -6.341 0.0000000000
63127  -26.907  -10.350  -7.489 0.0000000000
62136  -27.783  -11.618  -7.440 0.0000000000
60935  -27.408  -11.979  -6.763 0.0000000000
60955  -28.143  -12.373  -7.304 0.0000000000
60937  -28.482  -13.107  -7.098 0.0000000000
78357  -22.926  5.232  -5.640 0.0000000000
78369  -24.238  5.599  -6.536 0.0000000000
77409  -23.697  4.855  -7.014 0.0000000000
77421  -24.071  4.375  -7.656 0.0000000000
76478  -21.829  3.606  -7.051 0.0000000000
76493  -24.496  3.842  -8.198 0.0000000000
76503  -24.025  3.307  -8.812 0.0000000000
75547  -24.764  2.684  -9.104 0.0000000000
68732  -21.182  -5.033  -4.660 0.0000000000
68770  -23.428  -4.022  -6.738 0.0000000000
69725  -21.375  -4.133  -4.853 0.0000000000
69724  -20.956  -4.240  -4.474 0.0000000000
70719  -21.401  -3.232  -4.746 0.0000000000
71679  -22.320  -2.120  -5.738 0.0000000000
71678  -21.784  -2.114  -5.162 0.0000000000
71698  -23.371  -1.787  -7.111 0.0000000000
71725  -23.741  -1.404  -7.954 0.0000000000
71735  -25.225  -1.335  -9.504 0.0000000000
70791  -25.655  -1.832  -9.858 0.0000000000
114363  -26.132  -1.646  -10.384 0.0000000000
72684  -26.712  -0.505  -11.130 0.0000000000
72685  -27.534  -0.581  -11.397 0.0000000000
73600  -28.059  0.017  -11.296 0.0000000000
73593  -29.207  0.130  -10.414 0.0000000000
72673  -29.542  -0.740  -10.545 0.0000000000
72674  -30.149  -0.889  -9.721 0.0000000000
70794  -29.862  -2.189  -10.946 0.0000000000
130784  -32.148  -8.408  -8.363 0.0000000000
55994  -29.421  -17.493  -2.619 0.0000000000
56991  -29.796  -16.864  -3.095 0.0000000000
66796  -23.319  -5.966  -5.834 0.0000000000
67776  -23.870  -5.581  -6.651 0.0000000000
66808  -25.251  -6.299  -7.758 0.0000000000
67786  -25.392  -5.527  -8.300 0.0000000000
67787  -26.125  -5.706  -8.953 0.0000000000
67805  -27.267  -5.263  -10.714 0.0000000000
67806  -27.842  -6.014  -10.929 0.0000000000
66833  -28.569  -6.806  -11.291 0.0000000000
65925  -29.478  -7.583  -11.637 0.0000000000
65034  -28.521  -8.271  -10.722 0.0000000000
65042  -29.383  -8.198  -11.427 0.0000000000
65044  -30.527  -7.984  -11.319 0.0000000000
65036  -30.632  -8.089  -10.860 0.0000000000
114020  -31.362  -8.977  -9.337 0.0000000000
64074  -27.198  -9.928  -8.037 0.0000000000
64083  -28.404  -10.080  -9.115 0.0000000000
63148  -29.030  -10.047  -9.399 0.0000000000
63149  -29.640  -10.243  -9.365 0.0000000000
125300  -30.480  -9.416  -9.651 0.0000000000
64095  -30.916  -9.541  -9.315 0.0000000000
65016  -31.833  -8.779  -8.720 0.0000000000
64085  -31.835  -9.430  -8.117 0.0000000000
64075  -32.093  -9.704  -7.397 0.0000000000
78383  -27.261  5.576  -7.476 0.0000000000
125520  -20.618  0.787  -2.201 0.0000000000
73486  -21.295  0.918  -3.915 0.0000000000
73504  -21.898  -0.108  -5.396 0.0000000000
72571  -21.554  -0.585  -4.944 0.0000000000
124128  -22.366  0.559  -5.986 0.0000000000
74533  -22.504  1.803  -7.017 0.0000000000
74548  -22.890  1.887  -7.503 0.0000000000
75546  -23.885  2.572  -9.082 0.0000000000
71716  -23.081  -1.065  -6.797 0.0000000000
73566  -23.790  0.422  -8.621 0.0000000000
73589  -25.545  0.537  -10.335 0.0000000000
73578  -24.685  0.868  -9.928 0.0000000000
73576  -23.957  1.015  -9.348 0.0000000000
74567  -24.936  1.639  -10.054 0.0000000000
75559  -25.320  2.221  -9.706 0.0000000000
75549  -26.794  2.781  -9.051 0.0000000000
121480  -27.397  2.835  -9.112 0.0000000000
123384  -28.847  -5.110  -11.248 0.0000000000
68811  -30.048  -4.410  -11.232 0.0000000000
68812  -30.562  -4.596  -10.878 0.0000000000
67808  -31.039  -6.420  -10.345 0.0000000000
124102  -30.946  -5.382  -10.274 0.0000000000
68804  -30.965  -4.156  -10.152 0.0000000000
58875  -27.712  -14.720  -4.818 0.0000000000
58891  -28.010  -14.342  -5.418 0.0000000000
59837  -28.366  -14.059  -6.059 0.0000000000
58910  -29.045  -14.395  -6.188 0.0000000000
126131  -29.926  -15.845  -4.155 0.0000000000
118975  -30.195  -15.334  -4.688 0.0000000000
57960  -30.088  -14.896  -5.329 0.0000000000
58893  -30.374  -14.368  -5.593 0.0000000000
131455  -30.142  -14.092  -6.186 0.0000000000
129200  -30.629  -13.708  -5.852 0.0000000000
57941  -28.335  -15.600  -4.617 0.0000000000
65043  -30.168  -8.208  -11.758 0.0000000000
65919  -30.801  -7.672  -10.832 0.0000000000
65920  -31.130  -7.238  -10.470 0.0000000000
65926  -30.346  -7.689  -11.560 0.0000000000
66839  -29.253  -6.649  -11.523 0.0000000000
67797  -25.586  -4.758  -8.732 0.0000000000
67816  -30.344  -5.434  -11.203 0.0000000000
68756  -22.814  -4.162  -5.905 0.0000000000
68771  -24.086  -3.845  -7.440 0.0000000000
68791  -25.753  -4.079  -9.090 0.0000000000
68802  -26.666  -3.858  -10.230 0.0000000000
69758  -22.643  -3.496  -5.862 0.0000000000
69781  -24.809  -3.146  -8.323 0.0000000000
70705  -20.964  -3.354  -4.327 0.0000000000
70720  -21.930  -3.038  -5.270 0.0000000000
70755  -24.040  -2.569  -7.761 0.0000000000
70765  -23.760  -2.061  -7.692 0.0000000000
70767  -24.882  -2.460  -8.653 0.0000000000
70792  -26.221  -2.254  -10.264 0.0000000000
71602  -19.042  -0.938  0.326 0.0000000000
71638  -19.742  -1.762  -2.518 0.0000000000
71669  -21.333  -2.399  -4.596 0.0000000000
71697  -22.827  -1.978  -6.373 0.0000000000
71743  -25.724  -1.199  -10.192 0.0000000000
71744  -26.392  -1.141  -10.766 0.0000000000
72587  -21.212  -1.678  -4.480 0.0000000000
72602  -22.263  -0.699  -5.948 0.0000000000
72620  -22.688  -0.428  -6.585 0.0000000000
72635  -23.389  -0.799  -7.529 0.0000000000
72648  -24.227  -0.347  -8.797 0.0000000000
72670  -25.577  -0.110  -10.337 0.0000000000
72671  -25.952  -0.569  -10.593 0.0000000000
72672  -28.839  -0.276  -11.015 0.0000000000
73468  -20.570  0.139  -2.840 0.0000000000
73536  -22.765  0.465  -6.971 0.0000000000
74581  -25.478  1.179  -10.251 0.0000000000
75545  -23.407  2.257  -8.596 0.0000000000
75557  -23.802  1.759  -9.205 0.0000000000
76479  -22.365  3.988  -7.375 0.0000000000
76492  -23.497  3.795  -8.353 0.0000000000
112752  -21.721  -0.510  -5.215 0.0000000000
116211  -30.318  -6.321  -11.354 0.0000000000
116774  -27.483  -10.987  -7.623 0.0000000000
117177  -22.522  -1.292  -6.211 0.0000000000
118014  -23.357  0.163  -7.902 0.0000000000
118018  -22.134  -1.440  -5.653 0.0000000000
118194  -30.022  -9.694  -9.667 0.0000000000
120298  -25.360  -2.711  -9.124 0.0000000000
122512  -27.504  -1.859  -11.388 0.0000000000
122573  -21.600  -4.489  -4.899 0.0000000000
123644  -22.586  0.989  -6.641 0.0000000000
124047  -29.652  -4.998  -11.287 0.0000000000
129182  -20.952  -4.898  -4.501 0.0000000000
129687  -19.540  -2.370  -2.170 0.0000000000
129871  -24.267  1.436  -9.685 0.0000000000
133771  -18.385  -3.603  0.331 0.0000000000
