#!ascii label  , from subject sub-v1s6x0051368_ses-1 vox2ras=TkReg
236
73472  29.335  -8.564  -3.868 0.0000000000
64620  30.567  -17.629  -0.699 0.0000000000
77421  26.375  -4.161  -6.156 0.0000000000
85211  24.831  4.752  -6.843 0.0000000000
62653  29.097  -19.597  -0.791 0.0000000000
80329  27.355  -1.426  -3.210 0.0000000000
81976  27.293  0.875  -4.076 0.0000000000
71602  28.387  -10.510  -4.870 0.0000000000
69538  29.679  -12.414  -2.981 0.0000000000
71585  30.826  -9.978  -2.224 0.0000000000
117636  29.920  -5.992  -2.561 0.0000000000
74362  31.639  -7.912  -1.770 0.0000000000
75372  27.674  -5.720  -5.006 0.0000000000
78429  28.451  -3.752  -2.882 0.0000000000
84333  24.858  3.484  -7.113 0.0000000000
84326  27.213  3.653  -4.531 0.0000000000
66623  31.576  -15.037  -0.923 0.0000000000
136188  26.447  -0.139  -5.284 0.0000000000
123330  26.264  1.058  -5.521 0.0000000000
72575  28.681  -9.711  -4.673 0.0000000000
71594  29.531  -10.457  -3.638 0.0000000000
72562  29.743  -9.275  -3.419 0.0000000000
63633  30.252  -18.455  -0.471 0.0000000000
77420  26.966  -4.646  -5.708 0.0000000000
128771  27.756  -4.881  -4.350 0.0000000000
78440  27.250  -3.672  -4.306 0.0000000000
128025  27.745  -0.125  -2.395 0.0000000000
121875  28.518  -1.332  -2.194 0.0000000000
85949  23.491  5.458  -5.123 0.0000000000
83547  23.544  2.835  -5.536 0.0000000000
124475  24.908  4.234  -7.217 0.0000000000
87716  28.956  7.209  -5.045 0.0000000000
85946  28.702  5.797  -4.573 0.0000000000
85193  26.985  4.147  -5.472 0.0000000000
85191  28.399  5.017  -4.408 0.0000000000
84313  28.240  3.558  -3.499 0.0000000000
69523  31.549  -12.436  -1.506 0.0000000000
68537  30.610  -13.530  -1.933 0.0000000000
61681  27.635  -20.393  -0.732 0.0000000000
78441  26.828  -3.022  -4.807 0.0000000000
80340  26.549  -1.414  -4.972 0.0000000000
81983  27.130  0.046  -4.072 0.0000000000
127000  27.349  1.016  -3.089 0.0000000000
68585  28.018  -13.245  -4.563 0.0000000000
70552  28.814  -11.942  -4.170 0.0000000000
70540  30.460  -11.451  -2.338 0.0000000000
70533  31.858  -11.524  -1.509 0.0000000000
75350  29.326  -6.910  -3.552 0.0000000000
74374  30.330  -7.703  -2.788 0.0000000000
75340  31.246  -6.939  -1.909 0.0000000000
125476  28.073  -8.285  -5.435 0.0000000000
118253  27.439  -7.050  -6.174 0.0000000000
116310  28.241  -6.993  -4.862 0.0000000000
75351  28.937  -6.213  -3.778 0.0000000000
128715  29.369  -4.619  -2.561 0.0000000000
77396  29.608  -3.976  -2.372 0.0000000000
135321  27.799  -2.921  -3.195 0.0000000000
79407  29.163  -2.594  -2.263 0.0000000000
82779  25.232  1.777  -6.281 0.0000000000
85968  26.077  5.611  -6.774 0.0000000000
85201  26.542  4.566  -6.405 0.0000000000
84332  25.941  3.319  -6.374 0.0000000000
83544  26.278  2.564  -5.735 0.0000000000
83531  26.992  2.532  -3.909 0.0000000000
83530  27.591  2.299  -3.326 0.0000000000
126779  29.718  -16.055  -1.760 0.0000000000
122670  29.483  -13.994  -2.821 0.0000000000
73440  31.764  -8.809  -1.762 0.0000000000
72542  32.672  -9.788  -1.196 0.0000000000
82000  25.932  -0.102  -6.660 0.0000000000
81992  25.699  0.717  -6.145 0.0000000000
129680  28.875  -9.035  -4.467 0.0000000000
72574  29.150  -9.466  -4.007 0.0000000000
60630  27.581  -21.615  0.183 0.0000000000
64621  29.852  -18.049  -1.110 0.0000000000
77411  27.336  -4.369  -4.822 0.0000000000
78452  26.905  -3.841  -5.336 0.0000000000
81959  28.635  0.768  -2.038 0.0000000000
127646  28.340  0.020  -1.941 0.0000000000
85961  24.369  5.460  -5.902 0.0000000000
85202  24.148  4.452  -5.909 0.0000000000
84340  24.359  3.888  -7.139 0.0000000000
85928  29.126  5.095  -3.992 0.0000000000
125717  32.453  -12.213  -1.157 0.0000000000
69522  31.977  -12.998  -1.198 0.0000000000
63644  28.564  -18.361  -1.866 0.0000000000
79423  26.493  -2.270  -5.415 0.0000000000
80354  26.315  -1.416  -6.116 0.0000000000
81984  26.581  0.386  -4.872 0.0000000000
81975  27.363  0.160  -3.125 0.0000000000
86874  24.572  6.311  -5.933 0.0000000000
129923  28.286  -11.814  -4.686 0.0000000000
70572  28.652  -11.185  -4.483 0.0000000000
71586  30.359  -10.308  -2.633 0.0000000000
71587  29.864  -10.898  -3.201 0.0000000000
71579  30.743  -10.771  -2.077 0.0000000000
70534  30.972  -11.687  -1.846 0.0000000000
122212  31.396  -10.924  -1.721 0.0000000000
61680  28.517  -20.337  -0.562 0.0000000000
61666  28.736  -20.832  0.132 0.0000000000
75342  29.942  -6.838  -2.801 0.0000000000
75341  30.602  -6.236  -2.240 0.0000000000
120216  27.769  -9.083  -5.616 0.0000000000
75393  27.303  -6.225  -6.062 0.0000000000
75392  27.780  -6.639  -5.336 0.0000000000
74423  27.913  -7.426  -5.474 0.0000000000
75371  28.343  -6.308  -4.544 0.0000000000
77402  28.212  -4.466  -3.368 0.0000000000
76365  28.812  -4.989  -2.918 0.0000000000
77397  28.909  -4.222  -2.716 0.0000000000
78421  29.069  -3.447  -2.514 0.0000000000
119911  27.163  -2.032  -3.618 0.0000000000
79414  27.309  -2.834  -3.775 0.0000000000
80328  27.723  -2.268  -3.001 0.0000000000
80321  28.478  -2.045  -2.434 0.0000000000
79395  29.936  -2.304  -1.694 0.0000000000
83553  24.357  3.046  -6.751 0.0000000000
83546  23.904  2.501  -6.192 0.0000000000
82789  24.478  1.885  -6.309 0.0000000000
83552  24.821  2.667  -6.629 0.0000000000
86851  27.947  6.513  -5.821 0.0000000000
131933  28.378  7.032  -5.561 0.0000000000
85960  26.707  5.253  -6.632 0.0000000000
124431  26.789  3.288  -5.394 0.0000000000
83539  26.919  2.498  -4.916 0.0000000000
84315  26.899  3.078  -4.329 0.0000000000
84314  27.338  3.138  -3.745 0.0000000000
83529  28.226  2.759  -3.192 0.0000000000
83521  28.135  2.101  -2.799 0.0000000000
65652  29.162  -16.205  -2.243 0.0000000000
69555  29.079  -12.544  -3.636 0.0000000000
68572  28.661  -13.254  -3.854 0.0000000000
68552  29.310  -13.226  -3.218 0.0000000000
67577  31.416  -14.343  -1.164 0.0000000000
67578  30.720  -14.213  -1.598 0.0000000000
66624  30.904  -15.119  -1.320 0.0000000000
66625  30.213  -15.619  -1.583 0.0000000000
74373  30.927  -7.764  -2.282 0.0000000000
73456  31.117  -8.588  -2.196 0.0000000000
81217  26.425  -0.644  -5.657 0.0000000000
81991  26.284  0.147  -6.053 0.0000000000
125209  26.752  1.183  -4.816 0.0000000000
71601  29.028  -10.337  -4.181 0.0000000000
125618  29.495  -9.896  -3.693 0.0000000000
72557  30.472  -9.293  -2.656 0.0000000000
63634  29.555  -18.831  -0.936 0.0000000000
63622  29.853  -19.261  -0.235 0.0000000000
63621  30.586  -18.827  0.243 0.0000000000
76356  30.258  -5.356  -2.224 0.0000000000
76343  30.932  -5.428  -1.867 0.0000000000
76378  27.113  -5.423  -5.918 0.0000000000
125902  27.387  -4.996  -5.182 0.0000000000
77403  27.585  -4.235  -3.959 0.0000000000
78430  27.804  -3.577  -3.403 0.0000000000
81195  27.532  -0.719  -2.771 0.0000000000
80322  27.879  -1.445  -2.554 0.0000000000
81194  28.059  -0.745  -2.155 0.0000000000
81193  28.872  -0.715  -1.892 0.0000000000
86831  28.570  6.544  -5.049 0.0000000000
85958  28.140  5.998  -5.298 0.0000000000
85200  27.280  4.906  -5.838 0.0000000000
85192  27.703  4.490  -4.684 0.0000000000
85180  27.717  3.880  -3.962 0.0000000000
85179  28.462  4.380  -3.829 0.0000000000
69524  30.823  -12.747  -1.958 0.0000000000
68551  30.082  -13.179  -2.531 0.0000000000
121155  31.280  -13.425  -1.451 0.0000000000
68525  31.966  -13.736  -0.950 0.0000000000
61668  27.171  -20.871  -0.151 0.0000000000
62655  27.033  -19.692  -1.061 0.0000000000
63635  28.833  -19.037  -1.394 0.0000000000
63643  29.243  -18.420  -1.458 0.0000000000
64634  30.061  -17.187  -1.271 0.0000000000
78453  26.417  -3.166  -5.784 0.0000000000
79422  26.804  -2.187  -4.374 0.0000000000
80339  26.899  -1.387  -4.005 0.0000000000
81216  26.694  -0.547  -4.590 0.0000000000
81205  27.153  -0.654  -3.593 0.0000000000
81960  27.846  0.708  -2.468 0.0000000000
82743  28.421  1.488  -2.410 0.0000000000
85970  25.024  5.656  -6.352 0.0000000000
69556  28.560  -12.691  -4.197 0.0000000000
70571  29.280  -11.108  -3.894 0.0000000000
70551  29.450  -11.754  -3.440 0.0000000000
69537  30.349  -12.192  -2.428 0.0000000000
74387  29.705  -7.689  -3.379 0.0000000000
121961  30.604  -7.095  -2.399 0.0000000000
75329  31.229  -6.093  -1.818 0.0000000000
122587  32.002  -7.143  -1.412 0.0000000000
72590  28.130  -9.809  -5.293 0.0000000000
129425  28.465  -9.058  -5.116 0.0000000000
73485  28.728  -8.375  -4.639 0.0000000000
74424  27.482  -7.843  -6.129 0.0000000000
74408  28.474  -7.618  -4.791 0.0000000000
74407  29.143  -7.660  -4.148 0.0000000000
118236  29.347  -6.185  -2.973 0.0000000000
76366  28.424  -5.453  -3.881 0.0000000000
135184  28.929  -5.671  -3.125 0.0000000000
76357  29.500  -5.342  -2.627 0.0000000000
77395  29.948  -4.611  -2.240 0.0000000000
78419  30.294  -3.833  -1.870 0.0000000000
79408  28.340  -2.963  -2.748 0.0000000000
78420  29.741  -3.209  -2.056 0.0000000000
85969  25.531  5.555  -6.650 0.0000000000
85210  25.462  4.802  -6.865 0.0000000000
84339  25.713  4.182  -6.789 0.0000000000
124611  26.448  3.882  -6.143 0.0000000000
83545  25.408  2.618  -6.500 0.0000000000
82778  25.870  1.793  -5.866 0.0000000000
82768  26.631  1.831  -5.244 0.0000000000
82757  27.035  1.776  -4.413 0.0000000000
82756  27.317  1.692  -3.576 0.0000000000
82744  27.685  1.564  -2.868 0.0000000000
65638  28.997  -16.984  -2.122 0.0000000000
65636  30.198  -16.367  -1.416 0.0000000000
67599  28.991  -14.738  -3.143 0.0000000000
67597  30.122  -14.093  -2.191 0.0000000000
67598  29.580  -14.771  -2.436 0.0000000000
66643  29.083  -15.444  -2.673 0.0000000000
66642  29.634  -15.479  -2.042 0.0000000000
73471  30.069  -8.475  -3.149 0.0000000000
72556  31.249  -9.403  -2.038 0.0000000000
73439  32.392  -8.981  -1.355 0.0000000000
72543  31.950  -9.617  -1.628 0.0000000000
71578  31.386  -10.192  -1.853 0.0000000000
71577  32.132  -10.559  -1.491 0.0000000000
62664  28.135  -18.970  -1.605 0.0000000000
65637  29.540  -16.722  -1.722 0.0000000000
70541  29.994  -11.621  -2.817 0.0000000000
71593  29.956  -10.009  -3.229 0.0000000000
73457  30.603  -8.362  -2.626 0.0000000000
74361  32.232  -7.813  -1.319 0.0000000000
75370  28.824  -6.922  -4.322 0.0000000000
119947  28.940  3.863  -3.383 0.0000000000
122425  30.288  -11.010  -2.611 0.0000000000
128887  30.757  -15.940  -1.249 0.0000000000
