#!ascii label  , from subject sub-v1s6x0051372_ses-1 vox2ras=TkReg
1672
49728  -36.684  -19.458  81.015 0.0000000000
61574  -48.077  -6.366  59.667 0.0000000000
117888  -38.681  -13.766  68.169 0.0000000000
41360  -6.823  -28.156  76.659 0.0000000000
47883  -22.321  -20.723  80.537 0.0000000000
48766  -5.758  -19.913  77.221 0.0000000000
50670  -5.297  -18.195  86.140 0.0000000000
60650  -42.528  -7.156  65.713 0.0000000000
49781  -5.984  -19.151  69.426 0.0000000000
41223  -4.052  -28.528  85.020 0.0000000000
50732  -35.997  -18.846  74.995 0.0000000000
45217  -32.903  -22.408  78.391 0.0000000000
46100  -29.665  -22.554  81.626 0.0000000000
64152  -49.897  -3.682  56.387 0.0000000000
56270  -41.081  -11.960  66.951 0.0000000000
46138  -17.767  -22.599  77.715 0.0000000000
55325  -3.480  -13.362  72.924 0.0000000000
46146  -9.822  -23.404  77.488 0.0000000000
107989  -11.096  -23.753  72.142 0.0000000000
40439  -7.324  -29.431  72.200 0.0000000000
44270  -10.596  -24.912  87.739 0.0000000000
44261  -6.361  -25.156  89.326 0.0000000000
105226  -36.873  -13.197  71.927 0.0000000000
47819  -26.968  -21.002  83.908 0.0000000000
46152  -25.360  -22.131  77.520 0.0000000000
104070  -5.958  -18.970  80.664 0.0000000000
46087  -7.782  -23.419  82.342 0.0000000000
61536  -45.790  -6.805  62.685 0.0000000000
45178  -12.594  -23.978  84.214 0.0000000000
46109  -14.889  -23.244  80.410 0.0000000000
47923  -6.336  -20.200  72.939 0.0000000000
46251  -8.202  -23.803  67.956 0.0000000000
50641  -5.214  -18.607  90.011 0.0000000000
110585  -5.289  -24.123  85.717 0.0000000000
107875  -4.345  -28.003  80.318 0.0000000000
52614  -37.501  -16.721  79.711 0.0000000000
48758  -37.031  -20.153  78.990 0.0000000000
110661  -37.281  -18.064  78.128 0.0000000000
46986  -34.776  -21.516  79.832 0.0000000000
46143  -35.029  -22.642  77.823 0.0000000000
122151  -33.030  -21.783  81.183 0.0000000000
62405  -48.992  -5.532  58.114 0.0000000000
59811  -44.903  -7.991  58.433 0.0000000000
60724  -46.834  -7.105  56.544 0.0000000000
61602  -47.127  -5.881  55.155 0.0000000000
55381  -40.005  -13.469  67.479 0.0000000000
53538  -36.038  -14.876  69.332 0.0000000000
53561  -37.880  -14.748  67.584 0.0000000000
54496  -38.779  -14.333  65.715 0.0000000000
44339  -7.892  -25.258  76.789 0.0000000000
44383  -9.122  -26.025  75.010 0.0000000000
102900  -7.844  -28.097  74.960 0.0000000000
38570  -6.537  -31.270  73.114 0.0000000000
38544  -7.516  -31.108  75.176 0.0000000000
42321  -10.708  -26.941  84.851 0.0000000000
42297  -9.355  -27.376  87.188 0.0000000000
55324  -36.652  -12.812  73.906 0.0000000000
53480  -34.396  -15.622  76.649 0.0000000000
51751  -33.760  -17.513  74.226 0.0000000000
55304  -32.822  -13.955  74.818 0.0000000000
55345  -33.513  -13.862  72.930 0.0000000000
48722  -28.805  -19.646  85.258 0.0000000000
45225  -28.297  -23.356  78.252 0.0000000000
46112  -27.076  -22.379  79.840 0.0000000000
64976  -48.633  -2.498  53.029 0.0000000000
65759  -49.368  -1.557  51.282 0.0000000000
50685  -5.737  -18.248  83.415 0.0000000000
48741  -8.718  -20.655  82.526 0.0000000000
48725  -7.649  -20.311  84.522 0.0000000000
61515  -43.620  -6.639  64.327 0.0000000000
58882  -39.650  -9.961  64.663 0.0000000000
60663  -40.274  -7.499  63.549 0.0000000000
61542  -41.731  -6.750  61.920 0.0000000000
46915  -13.153  -21.918  87.433 0.0000000000
46925  -13.949  -21.609  85.424 0.0000000000
51702  -4.379  -17.866  76.749 0.0000000000
119579  -3.650  -17.677  74.911 0.0000000000
48786  -6.239  -19.667  74.861 0.0000000000
43483  -8.896  -26.787  69.876 0.0000000000
46240  -9.368  -23.773  69.330 0.0000000000
43508  -6.987  -26.618  68.410 0.0000000000
49658  -8.574  -19.019  91.032 0.0000000000
42283  -5.254  -26.186  87.065 0.0000000000
104659  -5.537  -23.593  87.864 0.0000000000
102050  -4.301  -25.755  85.261 0.0000000000
45183  -4.235  -25.154  83.168 0.0000000000
101914  -3.942  -27.958  82.504 0.0000000000
116681  -36.345  -17.394  77.001 0.0000000000
47823  -30.472  -21.072  84.462 0.0000000000
46941  -31.671  -21.594  83.067 0.0000000000
45202  -30.467  -22.573  80.081 0.0000000000
122236  -50.730  -2.065  55.179 0.0000000000
63322  -47.965  -3.844  54.095 0.0000000000
58860  -41.799  -9.791  66.839 0.0000000000
121380  -39.243  -12.428  64.902 0.0000000000
47018  -21.697  -21.621  77.252 0.0000000000
46993  -20.432  -21.489  79.078 0.0000000000
51780  -4.360  -16.907  71.475 0.0000000000
48769  -9.631  -20.566  77.847 0.0000000000
101915  -9.316  -20.749  74.864 0.0000000000
45266  -10.785  -23.714  75.006 0.0000000000
43461  -9.891  -26.839  72.445 0.0000000000
41466  -6.230  -29.443  70.586 0.0000000000
46049  -10.195  -22.765  89.761 0.0000000000
46902  -8.159  -22.352  90.321 0.0000000000
44263  -8.781  -25.371  89.262 0.0000000000
41190  -7.088  -27.752  87.532 0.0000000000
56232  -37.112  -13.359  69.707 0.0000000000
103631  -35.458  -14.621  71.188 0.0000000000
105147  -24.287  -20.731  81.943 0.0000000000
46949  -27.999  -21.942  82.766 0.0000000000
46983  -26.367  -21.714  80.884 0.0000000000
46997  -24.220  -21.481  78.871 0.0000000000
106624  -4.865  -17.279  78.302 0.0000000000
52600  -4.811  -17.298  79.967 0.0000000000
49735  -5.897  -19.604  79.529 0.0000000000
48749  -8.691  -20.395  80.177 0.0000000000
46107  -9.352  -22.770  80.041 0.0000000000
45218  -6.604  -25.144  78.659 0.0000000000
61559  -46.670  -6.697  60.840 0.0000000000
117397  -43.656  -7.155  60.459 0.0000000000
46061  -11.981  -22.760  88.141 0.0000000000
45173  -11.610  -24.772  85.889 0.0000000000
118331  -11.955  -26.261  83.381 0.0000000000
119188  -18.662  -21.698  80.517 0.0000000000
47864  -16.569  -21.538  81.850 0.0000000000
47828  -15.535  -21.295  83.357 0.0000000000
45187  -13.700  -23.914  81.982 0.0000000000
43358  -12.605  -26.146  81.286 0.0000000000
116044  -3.344  -14.873  74.476 0.0000000000
50738  -3.760  -18.368  72.915 0.0000000000
108302  -6.156  -19.726  71.131 0.0000000000
47926  -8.747  -20.998  72.735 0.0000000000
47941  -8.286  -21.566  70.653 0.0000000000
47965  -7.353  -21.579  68.576 0.0000000000
109330  -4.598  -18.015  87.802 0.0000000000
47768  -6.229  -21.502  90.245 0.0000000000
116667  -5.201  -20.686  88.536 0.0000000000
48704  -5.537  -20.057  86.997 0.0000000000
46077  -6.030  -23.333  84.301 0.0000000000
45193  -5.093  -25.558  81.231 0.0000000000
41322  -5.495  -28.438  78.419 0.0000000000
38450  -3.796  -31.427  82.561 0.0000000000
38470  -3.919  -31.323  80.468 0.0000000000
38525  -7.078  -31.070  77.126 0.0000000000
50717  -37.333  -18.277  80.255 0.0000000000
110909  -36.653  -18.070  81.289 0.0000000000
48752  -36.757  -20.056  79.584 0.0000000000
49736  -37.419  -18.834  79.255 0.0000000000
47876  -35.849  -20.613  80.557 0.0000000000
47891  -36.193  -20.951  79.253 0.0000000000
49727  -36.025  -19.307  81.471 0.0000000000
47875  -35.304  -21.083  80.955 0.0000000000
61581  -48.341  -6.183  58.403 0.0000000000
60706  -46.824  -6.954  59.081 0.0000000000
59822  -45.867  -7.953  57.413 0.0000000000
61585  -47.631  -6.637  57.914 0.0000000000
61589  -47.556  -6.628  57.057 0.0000000000
55380  -39.471  -13.681  67.790 0.0000000000
102189  -40.505  -11.877  68.238 0.0000000000
56260  -38.405  -11.852  67.687 0.0000000000
53559  -36.024  -14.542  67.920 0.0000000000
53549  -38.199  -14.707  67.948 0.0000000000
54476  -38.979  -14.620  67.593 0.0000000000
43411  -7.183  -26.110  77.029 0.0000000000
43432  -7.921  -26.555  76.014 0.0000000000
41381  -7.218  -28.546  75.950 0.0000000000
40407  -7.515  -29.397  75.121 0.0000000000
40406  -7.160  -29.486  75.979 0.0000000000
41239  -10.653  -27.522  84.036 0.0000000000
104461  -9.932  -27.668  85.078 0.0000000000
55294  -34.457  -12.946  76.561 0.0000000000
53489  -32.995  -15.149  75.597 0.0000000000
55306  -34.181  -13.036  75.856 0.0000000000
55322  -35.042  -13.215  74.558 0.0000000000
64978  -50.100  -1.789  53.475 0.0000000000
64985  -49.111  -1.930  52.235 0.0000000000
66574  -51.186  -0.523  51.407 0.0000000000
50678  -5.717  -18.230  84.633 0.0000000000
49703  -6.468  -19.037  84.583 0.0000000000
49702  -5.963  -18.600  85.113 0.0000000000
61500  -43.111  -6.668  65.178 0.0000000000
61501  -45.028  -6.605  65.749 0.0000000000
59763  -41.050  -8.014  65.150 0.0000000000
59768  -39.938  -8.140  64.035 0.0000000000
60658  -41.443  -7.197  64.656 0.0000000000
61513  -41.961  -6.632  63.886 0.0000000000
47786  -14.834  -21.187  87.192 0.0000000000
117753  -15.379  -20.921  85.850 0.0000000000
47854  -22.258  -20.705  81.956 0.0000000000
47869  -21.808  -20.763  81.241 0.0000000000
51809  -6.142  -17.979  69.772 0.0000000000
48765  -5.345  -19.629  76.946 0.0000000000
48773  -5.226  -19.502  76.015 0.0000000000
48774  -5.752  -19.701  76.403 0.0000000000
42529  -6.865  -27.617  69.232 0.0000000000
43495  -7.320  -26.888  68.813 0.0000000000
43494  -6.550  -27.301  68.671 0.0000000000
50638  -9.201  -17.882  90.875 0.0000000000
115588  -9.216  -19.115  90.880 0.0000000000
116981  -4.775  -27.286  86.073 0.0000000000
42308  -4.650  -26.542  85.962 0.0000000000
42319  -3.927  -26.893  85.069 0.0000000000
43330  -3.741  -26.671  83.876 0.0000000000
41251  -4.180  -28.833  83.823 0.0000000000
52633  -36.888  -16.861  78.353 0.0000000000
52644  -36.751  -17.334  77.696 0.0000000000
53470  -36.472  -16.133  78.183 0.0000000000
53469  -35.854  -15.644  77.766 0.0000000000
46119  -33.017  -21.842  80.012 0.0000000000
46103  -31.856  -22.045  81.208 0.0000000000
45203  -31.480  -22.329  80.045 0.0000000000
45227  -30.437  -22.989  78.464 0.0000000000
64167  -50.308  -3.085  55.998 0.0000000000
63314  -48.676  -4.556  55.743 0.0000000000
62418  -47.359  -5.220  54.807 0.0000000000
64165  -48.963  -3.802  55.222 0.0000000000
64172  -49.353  -3.172  54.794 0.0000000000
117941  -41.738  -10.535  67.135 0.0000000000
110930  -42.249  -10.100  67.681 0.0000000000
57930  -42.232  -10.737  68.692 0.0000000000
55392  -39.988  -13.784  66.347 0.0000000000
55404  -39.061  -13.715  65.399 0.0000000000
57120  -40.459  -11.891  65.965 0.0000000000
57960  -40.625  -10.941  65.920 0.0000000000
54416  -3.499  -13.895  72.067 0.0000000000
53511  -4.071  -15.512  71.396 0.0000000000
53510  -3.440  -15.563  71.919 0.0000000000
47896  -10.477  -21.629  77.768 0.0000000000
121805  -10.566  -21.710  76.429 0.0000000000
45250  -10.343  -23.601  75.824 0.0000000000
42472  -8.495  -27.744  74.010 0.0000000000
43450  -9.568  -26.866  73.410 0.0000000000
42485  -8.704  -28.004  73.081 0.0000000000
123139  -8.365  -28.236  71.585 0.0000000000
40444  -6.372  -29.835  71.332 0.0000000000
39501  -6.454  -30.315  72.105 0.0000000000
46059  -10.625  -23.774  88.603 0.0000000000
46054  -9.476  -23.842  89.442 0.0000000000
44265  -9.689  -24.867  88.732 0.0000000000
106578  -8.630  -28.237  86.485 0.0000000000
42296  -8.593  -27.585  87.367 0.0000000000
40243  -7.447  -28.756  86.660 0.0000000000
41196  -6.589  -28.337  87.164 0.0000000000
55352  -36.961  -13.379  71.207 0.0000000000
55347  -35.773  -14.009  72.941 0.0000000000
54412  -33.901  -13.981  72.338 0.0000000000
54414  -36.285  -14.167  72.136 0.0000000000
53518  -36.447  -14.337  70.863 0.0000000000
116849  -26.000  -20.771  83.830 0.0000000000
114937  -25.201  -20.574  83.577 0.0000000000
47837  -25.928  -21.017  83.043 0.0000000000
46939  -30.090  -22.008  83.278 0.0000000000
47841  -29.083  -21.549  83.813 0.0000000000
46966  -28.445  -22.250  82.184 0.0000000000
102143  -26.549  -22.458  78.690 0.0000000000
116560  -26.591  -22.014  80.220 0.0000000000
46998  -25.695  -21.752  79.471 0.0000000000
46981  -25.142  -21.437  80.065 0.0000000000
47010  -24.892  -21.740  78.120 0.0000000000
112006  -23.791  -21.468  77.933 0.0000000000
50701  -5.345  -18.176  81.674 0.0000000000
108544  -5.142  -18.405  80.885 0.0000000000
50718  -4.806  -18.780  79.671 0.0000000000
115980  -6.022  -19.431  80.142 0.0000000000
48755  -7.562  -20.199  79.466 0.0000000000
49731  -7.130  -19.868  80.762 0.0000000000
47847  -8.698  -21.997  82.654 0.0000000000
46958  -9.323  -21.769  81.325 0.0000000000
46106  -8.235  -23.575  80.852 0.0000000000
46121  -7.812  -23.952  79.874 0.0000000000
46105  -7.202  -24.053  80.591 0.0000000000
111489  -46.235  -6.741  61.540 0.0000000000
61538  -47.570  -6.338  62.227 0.0000000000
108585  -47.185  -6.393  63.076 0.0000000000
61544  -43.671  -6.883  61.980 0.0000000000
60678  -43.205  -6.909  61.216 0.0000000000
61556  -44.045  -6.931  61.172 0.0000000000
60690  -45.151  -7.065  60.356 0.0000000000
47775  -12.811  -21.185  89.203 0.0000000000
46074  -12.757  -22.947  85.430 0.0000000000
46068  -12.097  -23.298  86.495 0.0000000000
45174  -11.868  -24.359  85.305 0.0000000000
44288  -11.589  -25.059  85.003 0.0000000000
44301  -12.252  -25.630  83.638 0.0000000000
103491  -18.880  -21.870  78.389 0.0000000000
46975  -19.078  -21.729  79.942 0.0000000000
46991  -18.495  -21.861  79.196 0.0000000000
46110  -15.720  -22.794  79.906 0.0000000000
46973  -16.385  -22.178  80.397 0.0000000000
46961  -15.928  -21.914  81.191 0.0000000000
47848  -16.121  -21.397  82.561 0.0000000000
46945  -15.131  -21.758  82.424 0.0000000000
46944  -14.432  -22.411  82.702 0.0000000000
46096  -14.405  -23.427  81.383 0.0000000000
44315  -13.156  -25.692  80.720 0.0000000000
116409  -3.824  -15.000  75.088 0.0000000000
48784  -5.152  -19.484  74.062 0.0000000000
50734  -3.654  -18.396  73.837 0.0000000000
113723  -4.721  -19.422  72.980 0.0000000000
50739  -4.247  -18.694  72.272 0.0000000000
111230  -5.956  -19.812  72.008 0.0000000000
47040  -10.826  -22.599  73.946 0.0000000000
47918  -9.064  -20.986  73.540 0.0000000000
47047  -10.170  -22.101  72.525 0.0000000000
46252  -8.758  -23.676  68.612 0.0000000000
47065  -8.879  -22.481  70.072 0.0000000000
47074  -8.384  -22.170  69.493 0.0000000000
47952  -7.639  -21.492  69.489 0.0000000000
47085  -7.664  -22.312  68.186 0.0000000000
47095  -6.589  -22.208  66.871 0.0000000000
50649  -4.825  -18.223  89.203 0.0000000000
45156  -7.595  -23.654  89.717 0.0000000000
114119  -6.935  -21.869  90.315 0.0000000000
46052  -6.273  -23.580  89.494 0.0000000000
46062  -5.360  -24.110  86.482 0.0000000000
46906  -5.382  -22.044  88.671 0.0000000000
110164  -5.490  -21.763  87.719 0.0000000000
47784  -5.371  -20.526  87.537 0.0000000000
46917  -5.610  -22.286  86.733 0.0000000000
46923  -6.176  -22.390  85.543 0.0000000000
46072  -5.294  -23.696  85.126 0.0000000000
43356  -4.380  -26.440  81.549 0.0000000000
45188  -4.952  -25.364  82.082 0.0000000000
109866  -4.840  -26.218  80.569 0.0000000000
43383  -5.160  -26.403  79.699 0.0000000000
42384  -4.722  -27.907  79.618 0.0000000000
37421  -3.883  -32.866  81.391 0.0000000000
38459  -3.797  -31.432  81.513 0.0000000000
53454  -37.281  -16.125  79.371 0.0000000000
108183  -36.856  -21.149  77.570 0.0000000000
48771  -37.219  -20.306  77.631 0.0000000000
109813  -37.296  -19.531  78.821 0.0000000000
51701  -37.357  -17.521  78.702 0.0000000000
46120  -33.684  -21.815  79.632 0.0000000000
46131  -34.736  -22.243  78.622 0.0000000000
105929  -36.020  -21.705  78.186 0.0000000000
111723  -33.730  -21.646  80.730 0.0000000000
105235  -49.775  -4.430  57.555 0.0000000000
59829  -45.028  -8.478  56.661 0.0000000000
60731  -45.781  -7.593  55.699 0.0000000000
61601  -46.480  -6.298  54.893 0.0000000000
106713  -47.354  -6.428  56.348 0.0000000000
61590  -48.001  -5.875  56.635 0.0000000000
56261  -40.889  -12.368  67.375 0.0000000000
57929  -41.728  -11.111  68.952 0.0000000000
57928  -41.136  -11.299  68.742 0.0000000000
57911  -40.849  -10.502  69.290 0.0000000000
102848  -33.856  -14.520  69.026 0.0000000000
101925  -35.213  -14.681  68.007 0.0000000000
112399  -35.498  -14.631  67.265 0.0000000000
102312  -36.504  -14.602  66.188 0.0000000000
102225  -36.690  -14.566  65.233 0.0000000000
53578  -38.691  -14.761  66.632 0.0000000000
54488  -39.539  -14.375  66.716 0.0000000000
45234  -8.355  -24.557  77.243 0.0000000000
44352  -9.038  -24.916  75.930 0.0000000000
44351  -8.340  -25.438  76.119 0.0000000000
42460  -8.413  -27.169  74.864 0.0000000000
42471  -8.097  -28.354  74.177 0.0000000000
40431  -7.357  -29.767  73.136 0.0000000000
40419  -7.721  -30.048  73.945 0.0000000000
109913  -6.708  -31.732  73.559 0.0000000000
43305  -10.651  -25.907  86.738 0.0000000000
43304  -10.265  -26.376  87.227 0.0000000000
42310  -10.165  -27.233  86.120 0.0000000000
56189  -36.877  -12.339  73.192 0.0000000000
52654  -35.146  -17.225  75.690 0.0000000000
107033  -35.107  -18.420  74.267 0.0000000000
52663  -34.192  -17.144  75.083 0.0000000000
53496  -32.627  -15.682  74.963 0.0000000000
53495  -32.124  -15.194  74.377 0.0000000000
55320  -32.736  -13.903  74.060 0.0000000000
55338  -34.847  -13.523  73.722 0.0000000000
48730  -27.166  -20.648  84.567 0.0000000000
45200  -28.757  -23.079  79.859 0.0000000000
46114  -28.452  -22.757  80.570 0.0000000000
45224  -27.606  -23.020  78.571 0.0000000000
46140  -26.701  -22.702  77.939 0.0000000000
119551  -47.629  -2.719  52.160 0.0000000000
109682  -48.193  -2.001  50.656 0.0000000000
65763  -48.845  -1.619  50.551 0.0000000000
120955  -49.721  -0.982  49.356 0.0000000000
50692  -5.755  -18.356  82.183 0.0000000000
49719  -7.196  -19.604  82.257 0.0000000000
49711  -7.263  -19.452  83.205 0.0000000000
108170  -7.936  -19.972  83.717 0.0000000000
47826  -8.157  -21.653  83.878 0.0000000000
61525  -44.669  -6.651  63.338 0.0000000000
61517  -45.532  -6.502  65.028 0.0000000000
59773  -39.114  -8.337  62.849 0.0000000000
60666  -39.575  -7.694  62.318 0.0000000000
60676  -40.196  -7.284  61.689 0.0000000000
60668  -41.155  -6.861  62.487 0.0000000000
61533  -42.583  -6.652  63.025 0.0000000000
46912  -13.271  -21.804  88.116 0.0000000000
102815  -14.411  -21.195  87.840 0.0000000000
46920  -13.773  -21.765  86.211 0.0000000000
46929  -13.242  -22.343  84.920 0.0000000000
45210  -15.684  -23.878  78.888 0.0000000000
45197  -14.239  -24.667  80.489 0.0000000000
52634  -4.323  -16.841  76.281 0.0000000000
52646  -3.919  -16.154  75.561 0.0000000000
50725  -4.008  -18.111  75.991 0.0000000000
48779  -5.225  -19.448  75.087 0.0000000000
48785  -6.067  -19.732  74.081 0.0000000000
107901  -10.523  -25.242  70.955 0.0000000000
45334  -10.429  -24.333  70.606 0.0000000000
44442  -9.185  -25.768  69.529 0.0000000000
44459  -8.516  -25.473  68.833 0.0000000000
44484  -7.380  -25.921  68.137 0.0000000000
52519  -8.980  -16.361  90.640 0.0000000000
51543  -8.222  -17.546  91.019 0.0000000000
50642  -6.607  -18.122  90.735 0.0000000000
43289  -5.905  -25.989  88.544 0.0000000000
45159  -5.640  -24.223  88.830 0.0000000000
101762  -5.252  -25.415  86.878 0.0000000000
43301  -5.164  -25.379  86.032 0.0000000000
45172  -4.769  -24.920  85.124 0.0000000000
121423  -4.774  -24.611  84.729 0.0000000000
44294  -4.180  -25.492  84.470 0.0000000000
115265  -3.778  -26.512  82.873 0.0000000000
42357  -4.190  -27.789  81.657 0.0000000000
50733  -36.391  -19.221  75.280 0.0000000000
49741  -37.122  -19.105  76.831 0.0000000000
102800  -36.735  -18.644  76.456 0.0000000000
51740  -36.120  -17.828  76.179 0.0000000000
53481  -35.451  -16.090  77.095 0.0000000000
54364  -34.787  -14.223  77.338 0.0000000000
46952  -30.327  -22.251  82.750 0.0000000000
46954  -31.883  -21.821  82.268 0.0000000000
46967  -31.389  -22.203  81.980 0.0000000000
46116  -30.043  -22.661  80.901 0.0000000000
45213  -29.315  -23.037  79.211 0.0000000000
62427  -46.980  -4.861  54.173 0.0000000000
64177  -48.303  -3.158  53.628 0.0000000000
110221  -49.696  -2.251  53.854 0.0000000000
59742  -41.904  -8.877  66.531 0.0000000000
59744  -43.243  -7.854  67.157 0.0000000000
59731  -42.908  -8.589  67.510 0.0000000000
53604  -37.120  -14.427  64.875 0.0000000000
57965  -39.554  -10.776  64.853 0.0000000000
58874  -40.767  -10.001  65.757 0.0000000000
46994  -21.438  -21.276  78.948 0.0000000000
46977  -20.921  -21.228  79.828 0.0000000000
47006  -20.787  -21.548  78.276 0.0000000000
102336  -20.280  -21.747  77.606 0.0000000000
51796  -5.119  -16.972  71.192 0.0000000000
50764  -5.549  -17.681  70.712 0.0000000000
102538  -7.454  -20.288  77.666 0.0000000000
48775  -7.867  -20.241  76.168 0.0000000000
47898  -9.979  -20.690  76.496 0.0000000000
47033  -10.781  -22.291  74.839 0.0000000000
46196  -11.131  -23.469  73.572 0.0000000000
45278  -9.770  -25.268  74.801 0.0000000000
44385  -10.464  -25.263  73.981 0.0000000000
44417  -11.082  -25.164  72.460 0.0000000000
42514  -9.333  -27.139  70.894 0.0000000000
48682  -9.542  -20.564  90.675 0.0000000000
46048  -9.557  -22.801  90.042 0.0000000000
46053  -8.967  -23.902  89.573 0.0000000000
44262  -7.955  -25.475  89.441 0.0000000000
43296  -9.175  -26.143  88.153 0.0000000000
43294  -7.833  -26.710  88.605 0.0000000000
43293  -6.607  -26.527  88.749 0.0000000000
42294  -6.349  -27.555  87.555 0.0000000000
41211  -5.599  -28.580  86.583 0.0000000000
40266  -4.598  -29.544  85.155 0.0000000000
55379  -37.797  -13.634  68.676 0.0000000000
57099  -37.649  -11.612  67.597 0.0000000000
57083  -36.390  -11.799  68.045 0.0000000000
51774  -34.727  -18.745  73.523 0.0000000000
102841  -33.489  -14.302  69.947 0.0000000000
53531  -36.407  -14.541  69.987 0.0000000000
112119  -23.763  -20.567  82.698 0.0000000000
47871  -23.835  -20.775  81.245 0.0000000000
48723  -29.483  -20.110  85.149 0.0000000000
47821  -28.583  -21.119  84.281 0.0000000000
47839  -27.677  -21.441  83.513 0.0000000000
46098  -28.031  -22.447  81.228 0.0000000000
113148  -26.813  -21.695  81.651 0.0000000000
46947  -26.497  -21.471  82.134 0.0000000000
47873  -25.511  -21.187  81.581 0.0000000000
47885  -24.468  -21.110  80.655 0.0000000000
46979  -22.903  -20.886  79.867 0.0000000000
47009  -23.108  -21.221  78.546 0.0000000000
66591  -49.603  -0.455  48.498 0.0000000000
67413  -49.719  0.175  48.360 0.0000000000
67418  -49.377  0.317  47.689 0.0000000000
50723  -4.570  -18.758  77.335 0.0000000000
49737  -5.069  -19.451  78.339 0.0000000000
109741  -4.907  -17.270  79.141 0.0000000000
111738  -4.881  -19.163  79.027 0.0000000000
48760  -5.883  -19.878  77.971 0.0000000000
48761  -8.089  -20.314  78.540 0.0000000000
101943  -9.502  -20.611  79.052 0.0000000000
46988  -10.235  -22.007  78.896 0.0000000000
48745  -8.809  -20.542  81.746 0.0000000000
114057  -9.619  -22.051  80.501 0.0000000000
46123  -9.555  -23.056  79.179 0.0000000000
45220  -8.114  -24.314  78.048 0.0000000000
44328  -6.918  -25.388  77.924 0.0000000000
43410  -6.711  -26.244  77.478 0.0000000000
61560  -47.586  -6.472  60.383 0.0000000000
60700  -40.850  -7.363  60.167 0.0000000000
60701  -42.490  -7.409  59.638 0.0000000000
59801  -43.019  -7.736  59.016 0.0000000000
59803  -44.575  -7.591  59.115 0.0000000000
60691  -45.956  -7.087  60.192 0.0000000000
46056  -10.641  -22.964  89.065 0.0000000000
107802  -11.260  -23.951  88.055 0.0000000000
46914  -12.670  -22.405  87.846 0.0000000000
46064  -11.404  -23.720  87.144 0.0000000000
45170  -11.243  -24.557  86.714 0.0000000000
43331  -11.279  -26.667  84.390 0.0000000000
47881  -20.520  -21.271  80.632 0.0000000000
47880  -19.499  -21.484  80.853 0.0000000000
111481  -19.079  -21.452  81.601 0.0000000000
46990  -17.579  -22.166  79.367 0.0000000000
47878  -17.865  -21.564  81.332 0.0000000000
47850  -18.442  -21.170  82.765 0.0000000000
47830  -17.656  -21.123  83.252 0.0000000000
107210  -16.225  -20.946  84.119 0.0000000000
103494  -15.880  -20.971  84.952 0.0000000000
47799  -14.773  -21.151  84.868 0.0000000000
46933  -13.431  -22.659  84.069 0.0000000000
108062  -13.109  -23.434  83.740 0.0000000000
45192  -14.036  -24.345  81.222 0.0000000000
45191  -13.378  -24.714  81.739 0.0000000000
44302  -12.628  -25.002  83.146 0.0000000000
42338  -11.951  -26.563  82.644 0.0000000000
108432  -3.316  -13.735  73.622 0.0000000000
53491  -3.207  -15.618  74.417 0.0000000000
53497  -2.929  -15.702  73.678 0.0000000000
53504  -2.916  -15.669  72.780 0.0000000000
116116  -3.857  -17.898  72.058 0.0000000000
115760  -4.452  -18.171  71.620 0.0000000000
48815  -6.142  -19.634  70.083 0.0000000000
104308  -7.965  -20.360  74.861 0.0000000000
105224  -7.552  -20.360  74.234 0.0000000000
105883  -7.379  -20.609  72.887 0.0000000000
47934  -9.425  -22.086  71.179 0.0000000000
47933  -8.692  -21.540  71.271 0.0000000000
105680  -7.036  -20.652  71.736 0.0000000000
47939  -7.074  -20.786  70.858 0.0000000000
48824  -6.395  -20.349  69.472 0.0000000000
48832  -6.138  -20.426  68.551 0.0000000000
47977  -6.224  -21.304  67.363 0.0000000000
113565  -7.946  -21.222  90.608 0.0000000000
118421  -7.068  -20.368  90.834 0.0000000000
103992  -5.759  -19.844  90.492 0.0000000000
117497  -5.488  -23.018  89.069 0.0000000000
47766  -5.302  -21.009  89.609 0.0000000000
49670  -4.829  -19.714  89.099 0.0000000000
49674  -4.870  -19.511  88.324 0.0000000000
48703  -5.259  -19.600  87.400 0.0000000000
49692  -5.663  -18.814  86.101 0.0000000000
48713  -6.530  -20.350  85.978 0.0000000000
47806  -7.111  -21.750  85.065 0.0000000000
46082  -7.368  -23.153  83.199 0.0000000000
46076  -4.979  -24.478  84.067 0.0000000000
46085  -5.538  -24.032  82.638 0.0000000000
118475  -5.978  -24.430  81.118 0.0000000000
45204  -5.823  -25.221  80.119 0.0000000000
117216  -5.918  -26.020  78.662 0.0000000000
42415  -6.268  -27.330  77.489 0.0000000000
39365  -4.383  -29.929  84.673 0.0000000000
38440  -4.004  -31.694  83.439 0.0000000000
39392  -4.049  -30.524  83.338 0.0000000000
118651  -3.974  -29.880  82.899 0.0000000000
40322  -4.023  -29.414  81.382 0.0000000000
40337  -4.107  -29.369  80.500 0.0000000000
38483  -4.270  -31.520  79.392 0.0000000000
40353  -4.538  -29.695  79.050 0.0000000000
40369  -5.239  -29.414  78.520 0.0000000000
40382  -5.915  -29.136  77.914 0.0000000000
40395  -6.804  -29.531  76.738 0.0000000000
38543  -7.268  -30.651  76.269 0.0000000000
106826  -7.486  -32.707  75.248 0.0000000000
49729  -37.005  -18.714  80.746 0.0000000000
51651  -37.157  -18.029  80.754 0.0000000000
49732  -36.871  -19.431  80.156 0.0000000000
112656  -37.260  -18.826  79.934 0.0000000000
48751  -36.426  -20.128  80.250 0.0000000000
48746  -36.199  -20.082  81.121 0.0000000000
50711  -36.394  -18.708  81.404 0.0000000000
112754  -48.403  -6.218  59.117 0.0000000000
62398  -48.952  -5.728  59.039 0.0000000000
61575  -48.822  -5.978  59.741 0.0000000000
60712  -46.991  -7.137  58.251 0.0000000000
61580  -47.669  -6.599  58.845 0.0000000000
56245  -38.940  -12.752  67.882 0.0000000000
55372  -38.107  -14.179  68.462 0.0000000000
54465  -37.431  -14.390  68.638 0.0000000000
54466  -38.246  -14.472  68.184 0.0000000000
117652  -38.958  -14.340  67.912 0.0000000000
43421  -7.077  -26.744  76.818 0.0000000000
42432  -7.170  -27.584  76.378 0.0000000000
116459  -6.893  -28.899  76.485 0.0000000000
102999  -10.337  -27.884  83.678 0.0000000000
55293  -33.715  -13.571  76.234 0.0000000000
50677  -5.444  -18.013  85.335 0.0000000000
50671  -5.568  -18.329  85.648 0.0000000000
60651  -43.221  -6.916  65.970 0.0000000000
61491  -43.983  -6.698  65.701 0.0000000000
60649  -41.776  -7.540  65.441 0.0000000000
60659  -42.238  -6.837  64.884 0.0000000000
103493  -16.224  -20.779  86.846 0.0000000000
47792  -15.328  -21.054  86.761 0.0000000000
47870  -22.797  -20.662  81.215 0.0000000000
49780  -5.968  -18.436  70.034 0.0000000000
50775  -6.104  -18.703  68.757 0.0000000000
109707  -6.274  -19.977  76.686 0.0000000000
42528  -6.055  -28.046  69.018 0.0000000000
48676  -9.512  -19.641  90.809 0.0000000000
41209  -4.316  -27.742  85.390 0.0000000000
110348  -3.963  -27.862  84.838 0.0000000000
41237  -4.076  -28.743  84.728 0.0000000000
53461  -36.988  -16.287  78.883 0.0000000000
120273  -36.765  -16.440  78.469 0.0000000000
53460  -36.756  -15.805  78.762 0.0000000000
54366  -36.311  -15.256  78.412 0.0000000000
46128  -32.510  -22.188  79.525 0.0000000000
45216  -31.908  -22.462  78.868 0.0000000000
63306  -49.387  -4.408  56.676 0.0000000000
63315  -49.317  -4.014  55.897 0.0000000000
64166  -49.639  -3.465  55.565 0.0000000000
57949  -41.468  -11.229  67.038 0.0000000000
57940  -41.813  -10.974  67.748 0.0000000000
56269  -40.643  -12.669  66.773 0.0000000000
56273  -40.363  -12.908  66.110 0.0000000000
57112  -40.694  -12.193  66.482 0.0000000000
57121  -40.967  -11.469  66.485 0.0000000000
54417  -3.717  -14.738  71.623 0.0000000000
106724  -3.175  -14.801  72.414 0.0000000000
46135  -10.198  -22.758  77.943 0.0000000000
46147  -10.389  -22.804  77.132 0.0000000000
46158  -10.052  -23.505  76.661 0.0000000000
41424  -8.284  -28.390  73.488 0.0000000000
41444  -8.165  -28.604  72.696 0.0000000000
41468  -7.973  -28.664  71.817 0.0000000000
45166  -10.657  -24.452  88.193 0.0000000000
45165  -10.083  -24.366  88.700 0.0000000000
44269  -10.098  -25.051  88.208 0.0000000000
41212  -8.075  -28.496  86.523 0.0000000000
56207  -37.033  -12.799  71.682 0.0000000000
56206  -37.091  -12.452  71.310 0.0000000000
57053  -37.052  -12.242  72.191 0.0000000000
50737  -36.035  -19.424  74.560 0.0000000000
54426  -36.740  -13.787  71.431 0.0000000000
48729  -26.319  -20.502  84.525 0.0000000000
46951  -29.677  -22.250  82.915 0.0000000000
46091  -29.286  -22.371  82.330 0.0000000000
46139  -25.884  -22.248  78.256 0.0000000000
107995  -26.025  -22.091  78.952 0.0000000000
47011  -25.342  -21.751  78.847 0.0000000000
47021  -24.430  -21.751  77.361 0.0000000000
50702  -5.640  -18.566  81.129 0.0000000000
116342  -5.199  -18.831  80.294 0.0000000000
49730  -6.513  -19.491  80.715 0.0000000000
120290  -8.505  -22.702  82.351 0.0000000000
46957  -8.988  -22.233  81.918 0.0000000000
46088  -8.500  -23.103  81.710 0.0000000000
46095  -7.606  -23.808  81.435 0.0000000000
61546  -45.526  -6.852  61.891 0.0000000000
61537  -46.468  -6.628  62.326 0.0000000000
61535  -45.038  -6.755  62.625 0.0000000000
61545  -44.548  -6.905  61.911 0.0000000000
46073  -12.262  -23.695  85.092 0.0000000000
45177  -12.112  -24.533  84.618 0.0000000000
45181  -12.503  -24.844  83.907 0.0000000000
47004  -18.366  -22.214  77.815 0.0000000000
46972  -15.554  -22.514  80.581 0.0000000000
46960  -15.057  -22.593  81.175 0.0000000000
108730  -15.282  -22.055  81.708 0.0000000000
46959  -14.676  -22.537  81.922 0.0000000000
54377  -4.489  -14.958  75.195 0.0000000000
48791  -5.253  -19.602  73.324 0.0000000000
49750  -4.558  -19.327  73.617 0.0000000000
48799  -5.227  -19.535  72.442 0.0000000000
48800  -5.811  -19.873  72.775 0.0000000000
46207  -11.155  -23.438  72.755 0.0000000000
47048  -10.855  -22.741  73.060 0.0000000000
46219  -10.599  -22.925  72.084 0.0000000000
46239  -8.973  -22.919  69.235 0.0000000000
47086  -8.367  -22.806  68.505 0.0000000000
47073  -7.939  -22.022  68.840 0.0000000000
112302  -7.912  -23.079  67.805 0.0000000000
47096  -7.367  -22.751  67.365 0.0000000000
45376  -7.567  -23.861  67.355 0.0000000000
51542  -6.144  -17.401  90.331 0.0000000000
45160  -6.910  -23.992  89.613 0.0000000000
46045  -6.932  -23.056  89.753 0.0000000000
101869  -6.128  -24.370  89.313 0.0000000000
46067  -5.397  -23.718  86.403 0.0000000000
46063  -5.421  -23.112  87.147 0.0000000000
46916  -5.474  -22.570  87.131 0.0000000000
46921  -5.447  -23.375  86.300 0.0000000000
46922  -5.622  -22.997  85.858 0.0000000000
46071  -5.214  -23.969  85.462 0.0000000000
105430  -4.339  -27.541  80.838 0.0000000000
44309  -4.628  -26.094  81.118 0.0000000000
43368  -4.541  -26.700  80.789 0.0000000000
43369  -4.834  -26.579  80.130 0.0000000000
42371  -4.531  -27.368  80.149 0.0000000000
35742  -4.105  -34.202  81.248 0.0000000000
36553  -3.926  -33.591  81.777 0.0000000000
36564  -4.090  -33.521  80.888 0.0000000000
47895  -36.793  -20.772  78.377 0.0000000000
48764  -37.145  -20.192  78.328 0.0000000000
50720  -37.514  -18.179  79.660 0.0000000000
50722  -37.508  -18.132  78.951 0.0000000000
51683  -37.513  -17.456  79.329 0.0000000000
112510  -37.266  -16.845  78.898 0.0000000000
46985  -34.204  -21.769  79.552 0.0000000000
46130  -34.072  -22.095  78.919 0.0000000000
110539  -34.980  -21.818  79.160 0.0000000000
47892  -36.643  -20.628  79.090 0.0000000000
46999  -35.746  -21.446  78.851 0.0000000000
47000  -36.374  -21.137  78.639 0.0000000000
47013  -36.498  -21.367  77.916 0.0000000000
46970  -34.642  -21.445  80.520 0.0000000000
117564  -34.108  -21.627  80.097 0.0000000000
62406  -49.210  -4.997  57.393 0.0000000000
63298  -49.756  -4.743  58.258 0.0000000000
108368  -44.119  -8.123  58.349 0.0000000000
59819  -43.993  -8.580  57.579 0.0000000000
105493  -44.759  -8.364  57.859 0.0000000000
60723  -46.356  -7.654  57.046 0.0000000000
59830  -45.701  -8.055  56.810 0.0000000000
59838  -45.445  -8.120  56.139 0.0000000000
60732  -46.109  -7.666  56.345 0.0000000000
123122  -46.353  -7.206  55.920 0.0000000000
61586  -48.202  -6.089  57.547 0.0000000000
109581  -48.603  -5.524  57.249 0.0000000000
62411  -48.653  -5.118  56.589 0.0000000000
55382  -40.511  -12.596  67.630 0.0000000000
56247  -41.072  -12.133  67.957 0.0000000000
57085  -40.875  -12.057  68.153 0.0000000000
57927  -40.124  -10.956  68.450 0.0000000000
57910  -40.024  -10.030  68.873 0.0000000000
53545  -34.921  -14.811  68.884 0.0000000000
53546  -35.754  -14.853  68.826 0.0000000000
53560  -36.892  -14.626  67.759 0.0000000000
102750  -36.171  -14.591  66.943 0.0000000000
123113  -35.831  -14.571  66.152 0.0000000000
53576  -37.178  -14.661  66.882 0.0000000000
102492  -37.352  -14.679  66.066 0.0000000000
53577  -38.105  -14.775  66.782 0.0000000000
54467  -39.464  -14.238  67.467 0.0000000000
54477  -39.412  -14.452  67.198 0.0000000000
55385  -39.905  -13.966  67.037 0.0000000000
55386  -40.436  -13.121  67.171 0.0000000000
45248  -8.670  -24.756  76.516 0.0000000000
44350  -7.748  -25.950  76.489 0.0000000000
42448  -7.988  -27.262  75.462 0.0000000000
42459  -8.161  -27.702  74.708 0.0000000000
41403  -7.782  -29.026  74.354 0.0000000000
39480  -7.606  -30.401  74.683 0.0000000000
38558  -7.327  -31.217  74.012 0.0000000000
102949  -7.248  -31.803  74.287 0.0000000000
42311  -10.566  -26.809  85.642 0.0000000000
43316  -10.463  -26.657  86.426 0.0000000000
42320  -10.280  -27.282  85.361 0.0000000000
55341  -36.754  -12.686  73.360 0.0000000000
52653  -34.320  -16.449  75.903 0.0000000000
54388  -33.045  -14.151  75.563 0.0000000000
54387  -32.550  -14.677  74.956 0.0000000000
52661  -32.321  -16.123  74.263 0.0000000000
54400  -32.338  -14.405  74.239 0.0000000000
55323  -36.112  -12.850  74.685 0.0000000000
111849  -27.432  -20.197  85.174 0.0000000000
48731  -27.961  -20.657  84.754 0.0000000000
116273  -28.693  -23.136  78.999 0.0000000000
45212  -28.132  -23.094  79.187 0.0000000000
64182  -47.959  -2.930  52.826 0.0000000000
64984  -48.248  -2.387  52.164 0.0000000000
103982  -49.851  -1.449  51.893 0.0000000000
64991  -48.555  -1.961  51.375 0.0000000000
65764  -49.591  -1.321  50.523 0.0000000000
65760  -50.322  -1.158  51.074 0.0000000000
49717  -6.071  -18.615  82.833 0.0000000000
49718  -6.550  -19.058  82.467 0.0000000000
49704  -7.203  -19.489  84.151 0.0000000000
48737  -8.211  -20.811  83.907 0.0000000000
47807  -7.761  -21.259  84.581 0.0000000000
105316  -44.341  -6.650  63.996 0.0000000000
103197  -45.108  -6.584  64.117 0.0000000000
61516  -44.464  -6.582  64.822 0.0000000000
58886  -39.207  -9.541  63.993 0.0000000000
59767  -39.378  -8.673  63.660 0.0000000000
60662  -39.667  -7.839  63.233 0.0000000000
60667  -40.351  -7.226  62.645 0.0000000000
60664  -41.015  -6.970  63.409 0.0000000000
61514  -42.779  -6.654  64.375 0.0000000000
61523  -43.035  -6.645  63.619 0.0000000000
61524  -43.864  -6.653  63.431 0.0000000000
47791  -14.521  -21.320  86.311 0.0000000000
46924  -13.286  -22.277  85.807 0.0000000000
45209  -15.107  -24.449  79.364 0.0000000000
44323  -14.799  -25.095  79.085 0.0000000000
51717  -3.982  -17.412  75.971 0.0000000000
48780  -5.719  -19.567  75.484 0.0000000000
49743  -4.778  -19.296  75.407 0.0000000000
113795  -5.590  -19.540  74.563 0.0000000000
43484  -9.849  -26.102  70.562 0.0000000000
44443  -9.951  -25.074  70.087 0.0000000000
44458  -7.747  -26.136  68.506 0.0000000000
44485  -8.056  -25.268  68.377 0.0000000000
122667  -6.836  -26.416  68.090 0.0000000000
50637  -8.507  -18.327  91.066 0.0000000000
50643  -7.581  -18.145  91.077 0.0000000000
119371  -7.868  -18.799  91.158 0.0000000000
117208  -5.619  -26.187  87.720 0.0000000000
44266  -5.534  -25.314  87.790 0.0000000000
107150  -4.226  -26.292  85.437 0.0000000000
44279  -4.681  -25.372  85.389 0.0000000000
45169  -5.219  -24.896  85.718 0.0000000000
44286  -4.304  -25.360  84.988 0.0000000000
43322  -3.999  -26.001  84.911 0.0000000000
42336  -3.793  -27.279  83.600 0.0000000000
122720  -3.661  -26.770  83.294 0.0000000000
42344  -3.750  -27.230  82.951 0.0000000000
106536  -4.032  -27.001  82.183 0.0000000000
48782  -36.972  -20.336  75.102 0.0000000000
106700  -36.749  -19.621  75.507 0.0000000000
105789  -37.267  -18.920  77.686 0.0000000000
49740  -37.292  -19.729  77.262 0.0000000000
110937  -36.723  -17.896  77.067 0.0000000000
51741  -36.422  -18.148  76.364 0.0000000000
52643  -35.826  -17.316  76.273 0.0000000000
120679  -35.865  -16.869  76.880 0.0000000000
53468  -35.025  -15.077  77.276 0.0000000000
45231  -34.472  -22.923  77.300 0.0000000000
46940  -31.096  -21.718  83.251 0.0000000000
112909  -30.652  -21.980  83.026 0.0000000000
119817  -30.804  -22.197  82.529 0.0000000000
46956  -33.631  -21.490  81.660 0.0000000000
46955  -32.748  -21.672  81.942 0.0000000000
106041  -31.524  -22.203  80.950 0.0000000000
46117  -30.859  -22.433  80.932 0.0000000000
46101  -30.443  -22.498  81.662 0.0000000000
45201  -29.616  -22.858  80.043 0.0000000000
117539  -29.741  -23.109  78.619 0.0000000000
65735  -50.786  -1.758  54.747 0.0000000000
63318  -47.646  -4.545  54.482 0.0000000000
63321  -47.314  -4.207  53.761 0.0000000000
64176  -47.630  -3.528  53.340 0.0000000000
64955  -50.016  -2.866  55.207 0.0000000000
64967  -49.787  -2.577  54.469 0.0000000000
110125  -50.377  -2.317  54.884 0.0000000000
64968  -50.248  -2.011  54.211 0.0000000000
59743  -42.523  -8.335  66.844 0.0000000000
58861  -42.330  -9.189  67.174 0.0000000000
58849  -42.775  -9.745  68.565 0.0000000000
58850  -43.375  -8.816  68.346 0.0000000000
57913  -42.141  -10.614  69.677 0.0000000000
53591  -37.660  -14.600  65.644 0.0000000000
54495  -37.964  -14.409  65.300 0.0000000000
56277  -39.262  -12.983  65.065 0.0000000000
56276  -38.658  -12.472  64.547 0.0000000000
122120  -39.485  -11.482  64.973 0.0000000000
57961  -41.292  -10.511  66.451 0.0000000000
58875  -41.372  -9.485  66.149 0.0000000000
102335  -21.034  -21.627  77.612 0.0000000000
47016  -19.814  -22.040  76.910 0.0000000000
54428  -4.219  -14.739  71.096 0.0000000000
52682  -3.856  -16.275  71.606 0.0000000000
52683  -4.600  -16.256  71.339 0.0000000000
50757  -4.808  -17.541  71.297 0.0000000000
48768  -8.674  -20.367  77.783 0.0000000000
101946  -8.162  -20.319  76.951 0.0000000000
104423  -9.342  -20.412  77.095 0.0000000000
46169  -10.841  -22.891  75.394 0.0000000000
47024  -10.673  -22.062  75.840 0.0000000000
46184  -11.010  -23.110  74.511 0.0000000000
106834  -11.034  -23.799  74.273 0.0000000000
44368  -9.053  -25.443  75.510 0.0000000000
45265  -9.884  -24.543  75.421 0.0000000000
44400  -10.037  -26.123  73.714 0.0000000000
43451  -10.269  -26.400  73.004 0.0000000000
44401  -10.685  -25.699  73.146 0.0000000000
43462  -10.556  -26.060  72.231 0.0000000000
43471  -10.008  -26.616  71.565 0.0000000000
42499  -9.412  -27.362  71.862 0.0000000000
42497  -7.865  -28.379  70.917 0.0000000000
108632  -6.198  -30.956  72.404 0.0000000000
116018  -5.805  -31.479  72.258 0.0000000000
46904  -10.005  -22.111  90.280 0.0000000000
45162  -9.176  -24.563  89.319 0.0000000000
45161  -8.527  -24.641  89.512 0.0000000000
43303  -9.615  -26.639  87.530 0.0000000000
42288  -8.883  -26.882  87.763 0.0000000000
42295  -7.811  -27.806  87.400 0.0000000000
42287  -8.190  -27.157  87.980 0.0000000000
42286  -7.505  -27.237  88.074 0.0000000000
43291  -7.319  -26.252  89.150 0.0000000000
117190  -7.216  -26.810  88.623 0.0000000000
42285  -6.884  -27.108  88.147 0.0000000000
40241  -6.169  -28.849  86.805 0.0000000000
41195  -5.800  -28.147  87.143 0.0000000000
40253  -5.296  -28.984  85.689 0.0000000000
115214  -37.331  -12.914  68.652 0.0000000000
56231  -36.721  -12.604  69.227 0.0000000000
102699  -34.551  -17.887  74.466 0.0000000000
51763  -34.313  -18.217  73.787 0.0000000000
116386  -34.478  -14.255  71.653 0.0000000000
54424  -33.305  -14.010  71.622 0.0000000000
120805  -33.799  -14.151  71.196 0.0000000000
54440  -34.343  -14.417  70.703 0.0000000000
54442  -36.800  -13.828  70.765 0.0000000000
122308  -36.645  -14.236  70.261 0.0000000000
54453  -36.942  -13.827  69.993 0.0000000000
55371  -37.358  -13.939  69.415 0.0000000000
47856  -24.951  -20.672  82.677 0.0000000000
47836  -24.221  -20.472  83.514 0.0000000000
47855  -23.262  -20.664  81.937 0.0000000000
111209  -28.806  -21.809  83.382 0.0000000000
46937  -28.269  -21.767  83.258 0.0000000000
46936  -27.636  -21.631  83.104 0.0000000000
46113  -27.728  -22.630  80.267 0.0000000000
46097  -27.169  -22.091  80.842 0.0000000000
46964  -26.106  -21.470  81.570 0.0000000000
47857  -25.832  -21.186  82.227 0.0000000000
46963  -25.507  -21.386  80.893 0.0000000000
117899  -24.930  -21.513  79.418 0.0000000000
46980  -24.052  -21.286  79.849 0.0000000000
47884  -23.396  -20.849  80.561 0.0000000000
46996  -23.348  -21.162  79.278 0.0000000000
47020  -23.443  -21.604  77.159 0.0000000000
47028  -22.536  -21.650  76.856 0.0000000000
111296  -49.372  -1.046  48.805 0.0000000000
66583  -49.945  -0.609  49.172 0.0000000000
68235  -49.775  0.849  48.196 0.0000000000
51684  -4.538  -18.135  77.982 0.0000000000
112261  -4.630  -19.061  78.229 0.0000000000
52585  -4.782  -17.224  80.789 0.0000000000
49733  -5.074  -19.129  79.612 0.0000000000
49734  -5.304  -19.439  79.093 0.0000000000
49738  -5.459  -19.642  78.367 0.0000000000
48753  -5.868  -19.767  78.763 0.0000000000
104957  -6.734  -20.106  78.427 0.0000000000
48754  -6.454  -19.942  79.246 0.0000000000
48756  -8.813  -20.342  79.250 0.0000000000
48757  -9.451  -20.709  79.719 0.0000000000
47893  -9.906  -21.046  79.196 0.0000000000
47889  -9.771  -21.413  79.959 0.0000000000
48740  -8.041  -20.090  82.031 0.0000000000
46971  -9.147  -22.698  81.024 0.0000000000
104858  -9.901  -22.228  79.545 0.0000000000
46133  -8.838  -23.714  78.620 0.0000000000
46122  -8.746  -23.543  79.505 0.0000000000
45206  -7.057  -24.478  79.149 0.0000000000
45219  -7.310  -24.754  78.347 0.0000000000
101815  -6.797  -25.805  77.680 0.0000000000
44327  -6.441  -25.620  78.361 0.0000000000
61548  -47.591  -6.446  61.273 0.0000000000
57938  -37.277  -10.876  67.506 0.0000000000
102870  -40.953  -6.978  61.822 0.0000000000
60687  -40.894  -7.130  61.038 0.0000000000
60677  -41.525  -6.913  61.264 0.0000000000
60688  -42.816  -7.105  60.431 0.0000000000
60702  -43.316  -7.421  59.720 0.0000000000
59800  -42.337  -7.859  58.991 0.0000000000
59802  -43.755  -7.697  59.071 0.0000000000
115987  -44.070  -7.437  59.804 0.0000000000
61558  -45.728  -6.822  60.964 0.0000000000
61573  -46.711  -6.818  59.914 0.0000000000
46910  -11.459  -22.335  88.782 0.0000000000
46060  -11.274  -23.213  88.397 0.0000000000
46918  -12.526  -22.425  86.920 0.0000000000
45171  -12.137  -23.982  85.865 0.0000000000
121011  -11.698  -24.080  86.399 0.0000000000
44280  -11.105  -25.418  86.307 0.0000000000
43332  -11.821  -26.226  83.995 0.0000000000
44295  -11.449  -25.924  84.699 0.0000000000
42337  -11.509  -26.866  83.535 0.0000000000
46976  -20.001  -21.543  79.931 0.0000000000
47879  -18.562  -21.585  81.157 0.0000000000
46126  -16.930  -22.693  78.822 0.0000000000
46989  -16.689  -22.471  79.641 0.0000000000
46962  -17.054  -21.724  81.052 0.0000000000
47865  -17.438  -21.427  81.864 0.0000000000
47866  -18.332  -21.361  81.918 0.0000000000
118219  -17.784  -21.293  82.497 0.0000000000
47849  -17.044  -21.353  82.577 0.0000000000
47829  -16.631  -21.148  83.312 0.0000000000
47809  -15.405  -21.132  84.222 0.0000000000
47808  -14.713  -21.509  83.886 0.0000000000
46084  -13.930  -22.872  82.942 0.0000000000
46934  -14.111  -22.304  83.499 0.0000000000
46083  -13.590  -22.966  83.405 0.0000000000
46089  -13.447  -23.548  82.880 0.0000000000
44316  -13.876  -25.370  80.156 0.0000000000
44311  -13.002  -25.454  81.493 0.0000000000
44308  -12.797  -25.207  82.324 0.0000000000
44307  -12.324  -25.783  82.890 0.0000000000
43348  -12.477  -25.974  82.086 0.0000000000
55309  -4.305  -13.776  74.313 0.0000000000
55308  -3.460  -13.981  74.178 0.0000000000
55326  -3.784  -13.241  73.650 0.0000000000
51730  -3.752  -17.506  75.405 0.0000000000
52645  -3.420  -16.242  74.983 0.0000000000
110567  -3.413  -17.028  74.825 0.0000000000
51754  -3.427  -17.576  73.502 0.0000000000
112671  -3.294  -17.033  74.070 0.0000000000
52664  -3.121  -16.596  73.271 0.0000000000
51765  -3.492  -17.331  72.570 0.0000000000
52673  -3.325  -16.423  72.243 0.0000000000
48805  -5.594  -19.456  71.699 0.0000000000
49763  -5.005  -18.996  71.648 0.0000000000
49772  -5.781  -18.936  70.570 0.0000000000
48814  -5.799  -19.291  71.057 0.0000000000
47903  -8.554  -20.495  75.418 0.0000000000
116867  -7.669  -20.154  75.482 0.0000000000
115314  -8.577  -20.568  74.832 0.0000000000
102440  -8.030  -20.687  73.424 0.0000000000
47917  -7.139  -20.363  73.568 0.0000000000
121559  -8.001  -20.788  72.624 0.0000000000
120910  -9.869  -24.228  69.848 0.0000000000
46218  -10.108  -22.742  71.096 0.0000000000
46229  -9.982  -23.428  70.263 0.0000000000
117189  -8.507  -21.984  70.232 0.0000000000
47059  -8.872  -22.033  70.655 0.0000000000
47925  -7.557  -20.793  72.152 0.0000000000
47932  -7.820  -21.056  71.270 0.0000000000
47940  -7.636  -21.243  70.395 0.0000000000
47951  -6.975  -20.919  69.966 0.0000000000
105063  -6.862  -20.988  69.036 0.0000000000
47964  -6.609  -21.090  68.157 0.0000000000
103133  -4.734  -17.720  87.209 0.0000000000
47769  -9.045  -21.459  90.552 0.0000000000
48681  -8.710  -20.708  90.709 0.0000000000
113922  -8.361  -21.663  90.514 0.0000000000
105250  -7.114  -21.172  90.574 0.0000000000
48679  -6.166  -20.609  90.492 0.0000000000
103869  -5.590  -21.086  90.034 0.0000000000
45158  -5.568  -24.357  88.071 0.0000000000
113476  -5.531  -23.577  88.617 0.0000000000
46050  -5.460  -22.854  88.592 0.0000000000
108797  -5.298  -21.291  88.659 0.0000000000
48692  -5.150  -20.866  89.073 0.0000000000
48688  -5.021  -20.369  89.438 0.0000000000
112773  -5.015  -20.231  88.746 0.0000000000
49685  -5.438  -19.200  86.808 0.0000000000
48712  -5.863  -19.653  86.402 0.0000000000
48705  -5.905  -20.476  86.570 0.0000000000
108981  -6.657  -22.108  85.335 0.0000000000
46927  -6.580  -22.555  84.848 0.0000000000
46081  -7.125  -23.022  84.108 0.0000000000
46080  -6.263  -23.463  83.370 0.0000000000
45179  -4.437  -25.158  83.977 0.0000000000
45176  -4.734  -24.775  84.360 0.0000000000
45180  -4.633  -24.831  83.510 0.0000000000
45185  -5.048  -24.777  82.519 0.0000000000
45189  -5.477  -24.830  81.746 0.0000000000
46094  -6.180  -24.197  81.820 0.0000000000
45194  -5.615  -25.052  80.809 0.0000000000
45195  -6.300  -24.584  80.442 0.0000000000
43398  -5.502  -26.640  78.972 0.0000000000
43384  -5.520  -25.975  79.298 0.0000000000
43409  -6.136  -26.513  77.994 0.0000000000
42400  -5.699  -27.455  78.261 0.0000000000
108211  -4.300  -31.126  83.866 0.0000000000
109227  -3.841  -32.301  83.008 0.0000000000
118381  -3.914  -31.090  83.204 0.0000000000
110564  -4.155  -31.179  83.675 0.0000000000
39403  -3.871  -30.516  82.568 0.0000000000
111784  -3.852  -30.734  81.149 0.0000000000
39423  -3.901  -30.609  80.424 0.0000000000
106224  -3.932  -30.063  80.861 0.0000000000
39445  -4.437  -30.800  79.043 0.0000000000
114001  -4.881  -31.098  78.730 0.0000000000
39446  -4.957  -30.389  78.647 0.0000000000
108743  -6.365  -30.692  77.851 0.0000000000
105438  -6.386  -29.755  77.505 0.0000000000
39470  -6.843  -30.257  76.989 0.0000000000
51666  -37.468  -17.517  80.229 0.0000000000
52599  -37.260  -16.582  80.614 0.0000000000
51650  -36.988  -17.393  81.057 0.0000000000
110508  -36.662  -16.769  81.183 0.0000000000
114263  -37.134  -19.474  79.473 0.0000000000
47886  -35.374  -21.111  80.223 0.0000000000
46987  -35.522  -21.265  79.525 0.0000000000
47887  -35.966  -20.716  79.867 0.0000000000
47888  -36.413  -20.485  79.577 0.0000000000
48743  -35.562  -19.967  81.536 0.0000000000
113514  -35.666  -20.537  81.157 0.0000000000
50710  -35.585  -18.533  81.654 0.0000000000
62399  -49.693  -5.092  59.055 0.0000000000
60710  -45.402  -7.569  58.837 0.0000000000
59812  -45.572  -8.003  58.056 0.0000000000
60711  -46.221  -7.436  58.551 0.0000000000
60717  -46.369  -7.622  57.786 0.0000000000
60718  -47.028  -7.234  57.424 0.0000000000
56246  -40.092  -12.734  67.931 0.0000000000
57084  -39.389  -11.759  67.914 0.0000000000
120878  -39.111  -10.824  67.957 0.0000000000
53547  -36.488  -14.650  68.646 0.0000000000
53548  -37.302  -14.569  68.298 0.0000000000
53562  -38.639  -14.756  67.335 0.0000000000
43422  -7.517  -26.457  76.529 0.0000000000
42433  -7.579  -27.043  76.186 0.0000000000
41382  -7.570  -28.549  75.256 0.0000000000
121268  -7.431  -29.863  75.399 0.0000000000
39479  -7.360  -30.231  75.655 0.0000000000
42329  -10.479  -27.364  84.639 0.0000000000
41238  -10.180  -27.769  84.392 0.0000000000
40280  -9.786  -28.281  84.106 0.0000000000
54376  -34.128  -14.408  76.892 0.0000000000
53490  -33.619  -15.632  76.026 0.0000000000
55305  -33.463  -13.521  75.365 0.0000000000
55321  -33.407  -13.586  74.581 0.0000000000
112512  -34.113  -13.251  75.072 0.0000000000
55307  -35.050  -12.869  75.464 0.0000000000
119759  -28.750  -19.039  85.147 0.0000000000
116810  -27.778  -23.288  77.853 0.0000000000
64977  -49.383  -2.112  53.209 0.0000000000
65753  -49.918  -1.601  52.667 0.0000000000
66570  -52.007  -0.060  52.629 0.0000000000
49709  -6.007  -18.560  83.968 0.0000000000
48724  -7.040  -19.741  85.120 0.0000000000
121038  -43.772  -6.603  64.996 0.0000000000
61492  -44.754  -6.831  66.539 0.0000000000
58883  -40.238  -9.518  65.104 0.0000000000
59761  -39.748  -9.071  64.414 0.0000000000
59762  -40.402  -8.563  64.775 0.0000000000
60657  -40.694  -7.571  64.276 0.0000000000
122971  -41.235  -7.000  64.074 0.0000000000
47787  -15.640  -20.921  87.494 0.0000000000
120507  -14.645  -21.211  85.604 0.0000000000
110364  -22.709  -20.671  82.737 0.0000000000
51797  -5.709  -17.281  70.641 0.0000000000
52692  -5.991  -17.265  70.319 0.0000000000
121605  -4.698  -19.092  76.988 0.0000000000
116106  -4.418  -18.711  76.596 0.0000000000
109120  -4.829  -19.320  76.558 0.0000000000
48781  -6.315  -19.720  75.779 0.0000000000
43482  -7.842  -27.249  69.471 0.0000000000
114202  -9.249  -18.549  90.892 0.0000000000
42309  -5.026  -26.837  86.646 0.0000000000
119360  -4.302  -26.925  85.616 0.0000000000
115965  -3.819  -26.537  84.533 0.0000000000
42328  -3.860  -27.174  84.380 0.0000000000
109101  -4.040  -27.982  84.127 0.0000000000
105500  -3.923  -28.020  83.265 0.0000000000
51716  -37.060  -17.343  78.224 0.0000000000
119178  -36.958  -17.727  77.650 0.0000000000
52632  -36.603  -16.849  77.886 0.0000000000
53482  -36.185  -16.563  77.484 0.0000000000
46144  -35.682  -22.332  77.711 0.0000000000
46969  -32.999  -21.863  80.719 0.0000000000
46968  -32.303  -21.899  81.352 0.0000000000
46104  -32.682  -21.925  80.703 0.0000000000
46118  -32.216  -22.086  80.498 0.0000000000
45214  -30.053  -22.819  79.267 0.0000000000
45215  -30.906  -22.570  79.158 0.0000000000
64956  -50.683  -2.401  55.644 0.0000000000
62414  -48.113  -5.352  55.861 0.0000000000
106126  -47.620  -5.466  55.364 0.0000000000
62419  -47.953  -4.895  55.186 0.0000000000
63319  -48.316  -4.201  54.849 0.0000000000
64171  -48.646  -3.474  54.429 0.0000000000
58838  -42.797  -10.120  69.522 0.0000000000
55399  -39.790  -13.409  65.676 0.0000000000
56278  -39.755  -12.317  65.355 0.0000000000
57124  -39.977  -11.303  65.442 0.0000000000
54427  -3.868  -13.935  71.286 0.0000000000
48770  -10.237  -20.995  77.830 0.0000000000
47899  -10.469  -21.319  76.998 0.0000000000
122714  -10.590  -21.820  77.290 0.0000000000
46159  -10.566  -22.819  76.275 0.0000000000
43449  -8.947  -27.076  74.236 0.0000000000
43441  -9.275  -26.394  74.300 0.0000000000
42473  -9.038  -27.479  73.473 0.0000000000
42486  -9.273  -27.464  72.698 0.0000000000
42498  -8.720  -28.024  72.175 0.0000000000
41467  -7.100  -29.132  71.184 0.0000000000
39505  -5.757  -30.413  71.199 0.0000000000
46055  -9.989  -23.646  89.246 0.0000000000
118157  -9.692  -23.297  89.664 0.0000000000
45163  -9.598  -24.391  89.090 0.0000000000
44264  -9.324  -25.116  89.007 0.0000000000
41199  -8.982  -27.890  86.802 0.0000000000
41198  -8.305  -28.085  86.929 0.0000000000
41197  -7.246  -28.350  87.056 0.0000000000
40242  -6.825  -28.904  86.796 0.0000000000
56215  -37.122  -13.059  70.853 0.0000000000
56214  -36.891  -12.645  70.294 0.0000000000
55346  -34.432  -13.824  73.010 0.0000000000
115425  -34.864  -14.129  72.411 0.0000000000
54413  -35.604  -14.434  72.017 0.0000000000
53517  -36.044  -14.735  70.761 0.0000000000
54425  -36.157  -14.507  71.467 0.0000000000
121352  -25.305  -20.475  84.069 0.0000000000
117417  -25.134  -20.839  81.909 0.0000000000
47842  -29.867  -21.590  83.857 0.0000000000
46938  -29.387  -21.923  83.358 0.0000000000
46950  -28.852  -22.087  82.967 0.0000000000
46127  -27.019  -22.540  79.074 0.0000000000
46111  -26.428  -22.170  79.469 0.0000000000
46982  -25.992  -21.714  80.148 0.0000000000
64993  -47.639  -2.352  50.269 0.0000000000
51652  -4.764  -18.201  80.362 0.0000000000
113126  -5.484  -19.231  79.878 0.0000000000
48747  -6.644  -19.935  80.063 0.0000000000
48748  -7.739  -20.137  80.394 0.0000000000
121361  -8.402  -20.279  80.697 0.0000000000
47862  -9.050  -21.343  82.159 0.0000000000
117363  -8.735  -23.355  80.291 0.0000000000
45196  -6.894  -24.410  79.878 0.0000000000
61547  -46.887  -6.495  61.620 0.0000000000
61543  -42.681  -6.749  62.115 0.0000000000
103534  -42.294  -6.855  61.210 0.0000000000
60689  -44.402  -7.114  60.449 0.0000000000
61557  -44.875  -6.826  61.097 0.0000000000
46911  -12.442  -21.887  88.543 0.0000000000
46069  -12.767  -22.781  86.163 0.0000000000
108094  -12.478  -23.422  85.848 0.0000000000
44296  -12.005  -25.409  84.306 0.0000000000
47005  -19.876  -21.681  78.343 0.0000000000
46992  -19.487  -21.661  79.139 0.0000000000
103387  -18.164  -21.800  79.958 0.0000000000
46125  -16.080  -23.109  79.183 0.0000000000
46946  -15.811  -21.668  81.927 0.0000000000
46935  -14.721  -21.776  83.142 0.0000000000
46090  -14.098  -23.137  82.290 0.0000000000
106326  -13.243  -25.886  80.105 0.0000000000
43357  -12.188  -26.731  81.195 0.0000000000
54389  -4.025  -14.494  74.654 0.0000000000
50731  -3.849  -18.272  74.611 0.0000000000
51742  -3.459  -17.666  74.335 0.0000000000
108891  -4.104  -18.983  74.155 0.0000000000
49749  -3.949  -19.019  73.470 0.0000000000
49757  -4.621  -19.212  72.493 0.0000000000
47910  -10.435  -21.796  74.192 0.0000000000
47909  -9.667  -21.092  74.223 0.0000000000
109203  -9.891  -21.392  73.634 0.0000000000
102539  -9.645  -21.409  72.941 0.0000000000
122813  -9.319  -23.028  69.905 0.0000000000
118009  -8.095  -21.678  70.083 0.0000000000
47084  -7.078  -21.767  67.717 0.0000000000
46046  -8.014  -23.036  90.008 0.0000000000
112169  -7.644  -21.829  90.426 0.0000000000
46901  -7.356  -22.404  90.165 0.0000000000
46900  -6.416  -22.238  89.995 0.0000000000
46057  -5.430  -23.503  87.292 0.0000000000
46058  -5.532  -22.693  87.908 0.0000000000
108213  -5.439  -21.786  88.131 0.0000000000
47778  -5.368  -21.038  88.043 0.0000000000
47783  -5.491  -21.525  87.450 0.0000000000
47789  -5.669  -21.144  86.915 0.0000000000
47790  -6.180  -21.120  86.382 0.0000000000
47796  -5.998  -21.958  86.298 0.0000000000
46926  -5.680  -23.066  85.024 0.0000000000
43347  -4.158  -26.217  82.264 0.0000000000
44306  -4.486  -25.635  82.383 0.0000000000
117036  -4.522  -26.020  81.701 0.0000000000
44310  -4.769  -25.807  81.504 0.0000000000
44313  -4.937  -25.906  80.839 0.0000000000
44314  -5.325  -25.618  80.401 0.0000000000
43397  -4.952  -27.024  79.701 0.0000000000
42399  -5.263  -27.662  79.062 0.0000000000
37409  -3.841  -32.960  82.404 0.0000000000
110823  -3.754  -32.184  81.984 0.0000000000
113252  -3.967  -32.108  80.947 0.0000000000
38471  -4.105  -32.059  79.919 0.0000000000
39447  -5.464  -30.898  78.443 0.0000000000
47022  -36.649  -21.652  77.153 0.0000000000
47897  -37.172  -20.951  77.224 0.0000000000
121391  -37.014  -20.687  77.850 0.0000000000
106778  -37.295  -19.595  78.079 0.0000000000
50724  -37.388  -18.840  78.520 0.0000000000
46129  -33.344  -22.086  79.139 0.0000000000
46132  -35.393  -22.075  78.415 0.0000000000
47012  -36.199  -21.965  77.473 0.0000000000
47861  -35.119  -20.706  81.615 0.0000000000
47874  -34.518  -21.327  81.342 0.0000000000
46984  -33.473  -21.726  80.192 0.0000000000
63307  -50.179  -3.871  57.291 0.0000000000
59821  -45.278  -8.313  57.353 0.0000000000
58955  -44.288  -8.846  56.517 0.0000000000
59837  -44.747  -8.581  55.947 0.0000000000
60742  -46.102  -6.945  55.321 0.0000000000
60733  -46.833  -6.555  55.707 0.0000000000
62413  -47.518  -5.939  55.832 0.0000000000
57100  -41.400  -11.682  67.680 0.0000000000
57086  -41.305  -11.559  68.337 0.0000000000
53590  -35.249  -14.537  65.692 0.0000000000
116922  -35.954  -14.570  65.480 0.0000000000
121080  -36.625  -14.598  65.723 0.0000000000
54487  -39.104  -14.591  66.391 0.0000000000
55393  -40.340  -13.353  66.672 0.0000000000
45235  -9.206  -24.057  76.964 0.0000000000
44367  -8.370  -26.124  75.682 0.0000000000
42449  -8.276  -26.733  75.464 0.0000000000
43440  -8.693  -26.595  74.985 0.0000000000
41423  -7.869  -29.019  73.403 0.0000000000
39495  -6.892  -30.552  73.028 0.0000000000
39489  -7.321  -30.730  73.727 0.0000000000
38569  -6.022  -31.928  73.023 0.0000000000
44273  -10.803  -25.120  87.085 0.0000000000
44272  -10.396  -25.539  87.506 0.0000000000
42298  -10.028  -27.092  86.890 0.0000000000
41214  -9.604  -27.589  86.492 0.0000000000
41226  -9.770  -27.681  85.804 0.0000000000
41213  -9.174  -28.055  86.181 0.0000000000
55349  -36.734  -13.033  72.678 0.0000000000
57043  -37.052  -12.007  72.989 0.0000000000
51753  -35.696  -18.348  74.980 0.0000000000
51752  -35.143  -17.848  75.003 0.0000000000
52652  -33.384  -16.155  75.445 0.0000000000
52662  -33.157  -16.640  74.669 0.0000000000
52672  -32.916  -16.977  73.852 0.0000000000
53503  -31.816  -15.587  73.750 0.0000000000
53494  -31.868  -14.800  73.719 0.0000000000
54404  -32.233  -14.297  73.508 0.0000000000
55337  -33.637  -13.675  73.707 0.0000000000
46115  -29.221  -22.731  80.759 0.0000000000
46099  -28.861  -22.513  81.472 0.0000000000
45199  -28.117  -22.940  79.855 0.0000000000
45211  -27.581  -22.761  79.351 0.0000000000
45223  -27.094  -22.730  78.485 0.0000000000
109487  -26.088  -22.483  77.576 0.0000000000
64990  -47.719  -2.394  51.325 0.0000000000
64994  -48.357  -1.822  49.724 0.0000000000
65769  -49.248  -1.291  49.702 0.0000000000
65765  -50.081  -0.896  49.977 0.0000000000
49724  -6.118  -18.707  81.677 0.0000000000
49725  -6.548  -19.206  81.477 0.0000000000
48736  -8.128  -19.896  82.893 0.0000000000
49710  -6.477  -19.010  83.518 0.0000000000
116170  -8.393  -20.497  83.265 0.0000000000
47827  -8.568  -21.264  83.118 0.0000000000
46932  -8.362  -21.996  83.266 0.0000000000
46943  -8.173  -22.660  82.945 0.0000000000
108587  -45.537  -6.687  63.356 0.0000000000
59766  -38.811  -9.095  63.288 0.0000000000
61532  -41.835  -6.695  62.799 0.0000000000
61534  -43.331  -6.700  62.793 0.0000000000
109439  -44.182  -6.729  62.669 0.0000000000
47780  -14.014  -21.175  88.449 0.0000000000
109638  -13.789  -21.601  87.872 0.0000000000
47785  -13.861  -21.448  87.037 0.0000000000
46919  -13.171  -22.045  86.556 0.0000000000
46078  -12.825  -23.152  84.561 0.0000000000
46149  -17.394  -23.184  77.355 0.0000000000
46148  -16.674  -23.653  77.700 0.0000000000
46136  -16.372  -23.368  78.428 0.0000000000
46124  -15.330  -23.625  79.618 0.0000000000
45198  -14.653  -24.106  80.012 0.0000000000
46108  -14.459  -23.999  80.715 0.0000000000
45208  -14.496  -24.862  79.764 0.0000000000
118976  -4.968  -15.443  75.748 0.0000000000
53484  -4.212  -15.530  75.451 0.0000000000
51731  -3.755  -16.855  75.479 0.0000000000
50727  -3.993  -18.181  75.275 0.0000000000
50728  -4.342  -18.933  75.839 0.0000000000
49746  -4.332  -18.829  74.964 0.0000000000
49747  -4.769  -19.306  74.529 0.0000000000
123280  -5.565  -19.609  73.887 0.0000000000
48792  -5.886  -19.830  73.438 0.0000000000
44444  -11.007  -24.537  71.671 0.0000000000
46230  -10.623  -23.590  71.261 0.0000000000
44460  -9.327  -24.768  69.315 0.0000000000
43496  -8.257  -26.416  69.039 0.0000000000
45350  -8.744  -24.557  68.738 0.0000000000
45368  -8.306  -24.458  68.272 0.0000000000
45367  -7.647  -24.887  67.836 0.0000000000
51544  -8.706  -16.976  90.851 0.0000000000
105529  -7.959  -16.764  90.813 0.0000000000
108001  -7.188  -17.184  90.790 0.0000000000
122457  -5.834  -18.156  90.310 0.0000000000
44260  -5.723  -25.119  88.871 0.0000000000
44271  -5.342  -24.687  87.182 0.0000000000
43302  -5.015  -26.034  86.339 0.0000000000
121882  -5.316  -25.022  86.576 0.0000000000
45164  -5.342  -24.108  87.113 0.0000000000
46066  -5.262  -24.541  85.685 0.0000000000
46070  -4.917  -24.481  85.004 0.0000000000
45175  -4.557  -24.947  84.693 0.0000000000
44300  -4.048  -25.592  83.650 0.0000000000
112980  -3.872  -26.079  84.156 0.0000000000
43340  -3.731  -26.226  83.407 0.0000000000
105558  -3.973  -25.813  82.961 0.0000000000
106133  -4.317  -27.056  81.397 0.0000000000
49748  -36.501  -19.820  74.870 0.0000000000
48772  -37.314  -20.529  76.856 0.0000000000
49742  -37.232  -19.919  76.439 0.0000000000
50726  -37.039  -18.337  77.272 0.0000000000
49744  -36.890  -19.378  76.107 0.0000000000
121581  -36.621  -19.098  75.834 0.0000000000
50730  -36.403  -18.699  75.762 0.0000000000
50729  -36.117  -18.294  75.633 0.0000000000
51739  -35.764  -17.839  75.605 0.0000000000
52642  -35.228  -16.647  76.412 0.0000000000
112089  -34.384  -13.522  76.954 0.0000000000
46092  -30.055  -22.434  82.325 0.0000000000
46953  -31.172  -21.946  82.673 0.0000000000
46093  -30.711  -22.360  82.186 0.0000000000
45226  -29.113  -23.302  78.384 0.0000000000
62426  -46.331  -5.218  53.827 0.0000000000
64178  -49.071  -2.718  53.940 0.0000000000
65744  -50.868  -1.362  53.905 0.0000000000
59754  -42.126  -7.946  66.197 0.0000000000
60640  -42.874  -7.515  66.455 0.0000000000
123276  -43.594  -8.221  67.749 0.0000000000
114337  -42.682  -9.273  67.841 0.0000000000
57087  -41.727  -11.273  68.307 0.0000000000
57966  -40.103  -10.411  65.337 0.0000000000
59752  -40.888  -9.034  65.482 0.0000000000
59753  -41.507  -8.507  65.842 0.0000000000
46978  -21.846  -20.827  79.800 0.0000000000
47015  -19.208  -21.973  77.552 0.0000000000
46150  -18.214  -22.572  77.142 0.0000000000
46160  -17.646  -23.323  76.666 0.0000000000
48767  -6.430  -20.115  77.472 0.0000000000
102893  -7.116  -20.175  76.845 0.0000000000
48776  -8.919  -20.508  76.241 0.0000000000
47904  -9.720  -20.769  75.638 0.0000000000
108038  -10.389  -21.305  76.075 0.0000000000
47905  -10.378  -21.336  75.068 0.0000000000
109944  -11.299  -24.237  72.799 0.0000000000
45249  -9.523  -24.250  76.222 0.0000000000
45279  -10.583  -24.497  74.557 0.0000000000
44384  -9.663  -25.826  74.363 0.0000000000
110391  -11.113  -24.349  73.742 0.0000000000
45290  -11.113  -24.949  73.238 0.0000000000
44430  -10.805  -25.395  71.714 0.0000000000
114828  -8.741  -27.837  71.300 0.0000000000
42513  -8.403  -27.615  70.396 0.0000000000
42512  -7.353  -27.998  69.966 0.0000000000
113888  -9.300  -22.155  90.359 0.0000000000
108881  -8.830  -22.769  90.175 0.0000000000
113693  -9.260  -23.317  89.789 0.0000000000
46047  -8.718  -23.327  89.853 0.0000000000
45157  -8.286  -23.821  89.687 0.0000000000
112676  -7.616  -24.552  89.610 0.0000000000
110559  -7.040  -25.413  89.450 0.0000000000
43297  -9.787  -25.815  87.828 0.0000000000
44268  -9.489  -25.455  88.508 0.0000000000
44267  -9.005  -25.847  88.858 0.0000000000
43295  -8.559  -26.481  88.437 0.0000000000
43292  -8.292  -26.121  89.084 0.0000000000
43290  -6.392  -25.849  89.145 0.0000000000
42284  -6.196  -26.723  87.996 0.0000000000
42293  -5.526  -27.117  87.353 0.0000000000
120883  -5.234  -27.769  86.769 0.0000000000
41210  -5.034  -28.135  85.912 0.0000000000
41224  -4.487  -28.701  85.319 0.0000000000
56244  -38.056  -12.934  68.105 0.0000000000
56243  -37.228  -12.229  67.851 0.0000000000
57098  -36.800  -11.461  67.648 0.0000000000
112240  -36.100  -11.985  68.694 0.0000000000
51764  -35.568  -18.800  74.471 0.0000000000
50735  -35.206  -19.044  73.804 0.0000000000
113103  -34.613  -14.698  69.742 0.0000000000
53537  -35.554  -14.895  69.557 0.0000000000
53530  -35.984  -14.812  70.051 0.0000000000
119151  -36.893  -14.324  69.533 0.0000000000
54454  -37.429  -14.168  69.011 0.0000000000
48732  -28.756  -20.500  85.024 0.0000000000
47822  -29.513  -20.988  84.576 0.0000000000
47820  -27.781  -21.139  84.071 0.0000000000
47838  -26.862  -21.283  83.223 0.0000000000
46965  -27.582  -22.025  81.910 0.0000000000
46948  -27.151  -21.598  82.520 0.0000000000
47872  -24.812  -20.951  81.340 0.0000000000
46995  -22.462  -21.048  79.155 0.0000000000
47008  -22.207  -21.249  78.457 0.0000000000
47019  -22.620  -21.402  77.713 0.0000000000
115039  -48.799  -1.481  49.020 0.0000000000
65774  -48.774  -1.461  48.297 0.0000000000
66594  -49.264  -0.346  47.851 0.0000000000
68241  -49.486  1.046  47.444 0.0000000000
52625  -4.722  -17.199  77.336 0.0000000000
49739  -4.930  -19.384  77.463 0.0000000000
48759  -5.408  -19.673  77.712 0.0000000000
114493  -4.618  -17.867  78.792 0.0000000000
51667  -4.614  -18.048  79.511 0.0000000000
50721  -4.628  -18.580  78.907 0.0000000000
48762  -9.154  -20.423  78.514 0.0000000000
48763  -9.888  -20.794  78.528 0.0000000000
47002  -10.406  -22.116  78.280 0.0000000000
47001  -10.088  -22.581  78.733 0.0000000000
49726  -7.151  -19.735  81.426 0.0000000000
48744  -8.083  -20.097  81.176 0.0000000000
113876  -8.900  -20.503  81.003 0.0000000000
47863  -9.271  -21.039  81.436 0.0000000000
47877  -9.477  -21.416  80.762 0.0000000000
48750  -9.390  -20.874  80.554 0.0000000000
46134  -9.660  -23.259  78.326 0.0000000000
46145  -8.972  -23.884  77.765 0.0000000000
45233  -7.549  -24.996  77.534 0.0000000000
45207  -7.921  -24.081  78.900 0.0000000000
44338  -7.285  -25.637  77.213 0.0000000000
119676  -6.607  -26.787  77.306 0.0000000000
120030  -47.359  -6.617  59.576 0.0000000000
61561  -48.542  -6.185  60.413 0.0000000000
60641  -43.811  -7.171  66.662 0.0000000000
57939  -38.273  -11.041  67.631 0.0000000000
114023  -41.787  -7.082  60.415 0.0000000000
115486  -41.654  -7.588  59.484 0.0000000000
59809  -42.718  -8.281  58.372 0.0000000000
122700  -43.403  -8.040  58.526 0.0000000000
60703  -44.681  -7.336  59.880 0.0000000000
60704  -45.287  -7.324  59.626 0.0000000000
60705  -46.072  -7.233  59.375 0.0000000000
47779  -13.228  -21.373  88.656 0.0000000000
46065  -11.973  -22.937  87.417 0.0000000000
107942  -11.662  -23.395  87.889 0.0000000000
45168  -10.991  -24.444  87.535 0.0000000000
43317  -10.871  -26.205  85.968 0.0000000000
43323  -10.980  -26.399  85.164 0.0000000000
44287  -11.275  -25.675  85.523 0.0000000000
42330  -11.006  -27.196  84.132 0.0000000000
41253  -10.923  -27.472  83.363 0.0000000000
47882  -21.352  -20.929  80.558 0.0000000000
108124  -20.960  -21.092  81.274 0.0000000000
117727  -20.277  -21.254  81.287 0.0000000000
105295  -19.129  -21.276  82.253 0.0000000000
47003  -17.843  -22.266  78.434 0.0000000000
111792  -17.305  -21.986  80.173 0.0000000000
46974  -17.929  -21.726  80.695 0.0000000000
47831  -18.548  -20.957  83.592 0.0000000000
103957  -17.938  -20.814  84.033 0.0000000000
103246  -17.157  -20.813  84.053 0.0000000000
47810  -16.814  -20.776  84.903 0.0000000000
46930  -13.961  -21.846  84.409 0.0000000000
44312  -13.625  -25.032  80.950 0.0000000000
45182  -12.830  -24.176  83.390 0.0000000000
113660  -12.221  -26.552  81.837 0.0000000000
42345  -11.399  -27.209  82.673 0.0000000000
54405  -3.089  -14.116  73.046 0.0000000000
53483  -3.580  -15.534  75.060 0.0000000000
52655  -3.216  -16.352  74.231 0.0000000000
112414  -2.919  -15.088  73.980 0.0000000000
54401  -3.037  -14.437  73.821 0.0000000000
108542  -2.780  -14.950  73.327 0.0000000000
51779  -3.730  -17.068  71.831 0.0000000000
122434  -4.169  -17.509  71.635 0.0000000000
114876  -5.282  -18.248  71.037 0.0000000000
47902  -7.004  -19.962  76.013 0.0000000000
47901  -7.082  -19.903  75.048 0.0000000000
47908  -8.547  -20.724  74.281 0.0000000000
47907  -6.753  -19.934  74.212 0.0000000000
47916  -6.473  -20.043  73.554 0.0000000000
115417  -6.804  -20.395  73.087 0.0000000000
47053  -9.950  -22.237  71.760 0.0000000000
47927  -9.318  -21.577  72.024 0.0000000000
47066  -9.445  -22.603  70.509 0.0000000000
116142  -8.343  -21.099  71.985 0.0000000000
47924  -6.897  -20.514  72.509 0.0000000000
47931  -6.421  -20.235  72.255 0.0000000000
48806  -6.562  -20.255  71.407 0.0000000000
48816  -6.537  -20.306  70.456 0.0000000000
48823  -5.948  -19.776  68.960 0.0000000000
47963  -5.859  -20.562  67.708 0.0000000000
47976  -5.665  -20.865  66.947 0.0000000000
47094  -5.937  -21.556  66.751 0.0000000000
48675  -8.621  -19.773  90.904 0.0000000000
48680  -7.866  -20.502  90.801 0.0000000000
48674  -7.658  -19.587  91.047 0.0000000000
116862  -6.573  -19.734  90.852 0.0000000000
49664  -5.982  -18.968  90.590 0.0000000000
49663  -5.229  -19.469  90.140 0.0000000000
46051  -5.719  -23.588  89.152 0.0000000000
46044  -5.836  -22.795  89.523 0.0000000000
47767  -5.670  -21.785  89.712 0.0000000000
46907  -5.455  -22.331  89.195 0.0000000000
48678  -5.273  -20.358  90.060 0.0000000000
103370  -4.690  -18.943  88.748 0.0000000000
50655  -4.748  -18.738  87.960 0.0000000000
48697  -5.100  -20.106  88.024 0.0000000000
49679  -5.027  -19.182  87.671 0.0000000000
50658  -4.916  -18.433  87.380 0.0000000000
49684  -5.214  -18.809  87.127 0.0000000000
49691  -5.339  -18.557  86.584 0.0000000000
106306  -5.424  -18.423  86.200 0.0000000000
49693  -6.280  -19.287  85.598 0.0000000000
47798  -7.217  -20.801  85.245 0.0000000000
47797  -6.661  -21.545  85.812 0.0000000000
46928  -7.542  -22.202  84.406 0.0000000000
46931  -7.863  -22.489  83.677 0.0000000000
46075  -4.871  -24.317  84.814 0.0000000000
107329  -5.262  -23.861  84.556 0.0000000000
118855  -5.413  -23.923  83.671 0.0000000000
45184  -4.595  -24.940  82.852 0.0000000000
46079  -4.849  -24.434  83.160 0.0000000000
46086  -6.688  -23.731  82.553 0.0000000000
103952  -7.050  -24.000  81.905 0.0000000000
45190  -6.585  -24.105  81.147 0.0000000000
45205  -6.310  -25.022  79.494 0.0000000000
44320  -5.672  -25.616  79.527 0.0000000000
102753  -5.999  -25.738  78.828 0.0000000000
43399  -6.375  -25.919  78.176 0.0000000000
41340  -6.482  -27.934  77.158 0.0000000000
40265  -4.083  -29.285  84.966 0.0000000000
111095  -3.745  -32.475  83.702 0.0000000000
38427  -4.176  -31.739  83.722 0.0000000000
39381  -4.419  -30.419  83.997 0.0000000000
40278  -4.341  -29.559  84.496 0.0000000000
40290  -4.208  -29.695  83.561 0.0000000000
41268  -3.977  -28.964  82.871 0.0000000000
108597  -3.768  -30.854  81.912 0.0000000000
40308  -3.950  -29.626  82.257 0.0000000000
41282  -4.075  -28.717  81.966 0.0000000000
108116  -4.210  -28.491  80.952 0.0000000000
41307  -4.287  -28.682  80.098 0.0000000000
116538  -4.247  -30.192  79.456 0.0000000000
40352  -4.243  -29.460  79.716 0.0000000000
41308  -4.477  -28.743  79.524 0.0000000000
41321  -4.822  -28.669  79.023 0.0000000000
39460  -5.760  -30.071  78.222 0.0000000000
41339  -6.011  -28.172  77.639 0.0000000000
40383  -6.501  -28.794  77.156 0.0000000000
121621  -7.057  -30.009  76.337 0.0000000000
122119  -7.275  -32.366  74.458 0.0000000000
35727  -4.308  -34.782  80.857 0.0000000000
38482  -4.024  -30.872  79.716 0.0000000000
39382  -4.538  -30.604  84.148 0.0000000000
39413  -3.857  -30.193  81.698 0.0000000000
42383  -4.436  -28.120  79.914 0.0000000000
42416  -6.749  -27.383  76.948 0.0000000000
42447  -7.547  -27.823  75.699 0.0000000000
43315  -4.631  -25.888  85.698 0.0000000000
44319  -5.137  -26.021  80.037 0.0000000000
44321  -6.119  -25.484  78.928 0.0000000000
45167  -5.344  -24.708  86.441 0.0000000000
46102  -31.152  -22.323  81.562 0.0000000000
46903  -8.721  -22.134  90.403 0.0000000000
46913  -5.522  -22.304  87.622 0.0000000000
47014  -10.656  -22.104  76.798 0.0000000000
47023  -37.054  -21.483  76.820 0.0000000000
47774  -5.339  -21.541  89.214 0.0000000000
47840  -28.375  -21.527  83.668 0.0000000000
47858  -26.487  -21.341  82.645 0.0000000000
47890  -10.057  -21.608  79.233 0.0000000000
47894  -10.229  -21.433  78.550 0.0000000000
47919  -10.369  -22.013  73.384 0.0000000000
48777  -10.068  -20.690  77.254 0.0000000000
49657  -7.016  -18.905  91.041 0.0000000000
49662  -4.943  -19.846  89.736 0.0000000000
49756  -4.200  -19.158  72.946 0.0000000000
50640  -4.842  -19.145  89.556 0.0000000000
53479  -33.500  -14.699  76.237 0.0000000000
53563  -39.142  -14.672  67.020 0.0000000000
55360  -36.942  -13.578  70.383 0.0000000000
56201  -36.908  -12.544  72.441 0.0000000000
56259  -38.003  -12.245  67.740 0.0000000000
66569  -51.404  -0.442  52.205 0.0000000000
103859  -38.154  -14.772  66.232 0.0000000000
107896  -31.515  -21.439  83.749 0.0000000000
108104  -39.145  -11.909  64.693 0.0000000000
109746  -34.155  -13.437  74.334 0.0000000000
112044  -4.635  -18.318  88.358 0.0000000000
112615  -4.017  -30.092  80.065 0.0000000000
112637  -10.523  -22.209  77.550 0.0000000000
113242  -7.749  -28.307  86.904 0.0000000000
116801  -36.704  -12.330  68.420 0.0000000000
117345  -36.529  -14.119  71.606 0.0000000000
117514  -9.079  -20.898  82.013 0.0000000000
119325  -5.437  -24.158  87.532 0.0000000000
120279  -6.800  -24.753  89.520 0.0000000000
120304  -10.422  -25.892  71.373 0.0000000000
120761  -5.391  -25.737  87.365 0.0000000000
120793  -34.506  -21.964  79.094 0.0000000000
121448  -4.024  -31.454  79.796 0.0000000000
122086  -5.196  -19.458  74.540 0.0000000000
122268  -27.325  -22.745  78.832 0.0000000000
122620  -36.231  -14.623  70.433 0.0000000000
122751  -4.783  -19.346  75.973 0.0000000000
