#!ascii label  , from subject sub-v1s6x0051372_ses-1 vox2ras=TkReg
912
45961  -24.191  -24.164  10.955 0.4285714328
120393  -24.479  -22.924  10.184 0.2857142985
117165  -24.359  -23.515  10.559 0.4285714328
46814  -24.973  -22.912  10.809 0.4285714328
48573  -25.730  -21.552  10.471 0.4285714328
48589  -24.700  -22.030  9.035 0.2857142985
48590  -25.365  -21.297  9.682 0.4285714328
48621  -25.142  -21.388  7.376 0.4285714328
49560  -25.776  -20.871  7.858 0.4285714328
49579  -25.593  -20.977  6.856 0.4285714328
50566  -26.641  -20.262  6.259 0.4285714328
49600  -26.105  -20.172  5.776 0.5714285970
50567  -27.485  -19.892  6.033 0.2857142985
109518  -26.690  -19.759  5.313 0.7142857313
50585  -27.415  -19.707  5.281 0.7142857313
51511  -28.504  -19.193  4.204 0.7142857313
51512  -29.075  -18.914  4.146 0.4285714328
51495  -27.232  -19.166  4.806 0.7142857313
51496  -27.998  -19.439  4.731 0.5714285970
52491  -29.091  -18.425  3.555 0.5714285970
52489  -28.002  -18.371  3.707 0.5714285970
52490  -28.652  -18.315  3.452 0.5714285970
53376  -28.953  -17.833  3.185 0.5714285970
53377  -29.521  -17.708  3.365 0.5714285970
53375  -28.186  -17.576  3.562 0.5714285970
120938  -29.860  -17.438  2.919 0.4285714328
54264  -30.078  -16.937  2.023 0.5714285970
54272  -30.745  -16.476  1.490 0.5714285970
54253  -28.514  -16.348  3.062 0.7142857313
55185  -29.804  -16.319  1.799 0.7142857313
54277  -31.339  -16.413  1.008 0.5714285970
54263  -29.267  -16.480  2.464 0.5714285970
54251  -26.900  -15.787  4.300 0.5714285970
104833  -29.117  -15.245  2.816 0.8571428657
55193  -31.027  -16.287  0.860 0.7142857313
55194  -31.880  -16.191  0.859 0.5714285970
55178  -28.515  -15.330  3.300 0.7142857313
55161  -27.939  -15.444  3.730 0.5714285970
56063  -31.194  -14.247  0.813 0.7142857313
56071  -32.022  -15.524  0.244 0.5714285970
119377  -29.573  -15.173  2.180 0.7142857313
56062  -30.631  -15.000  1.181 0.7142857313
118978  -31.487  -13.240  0.804 0.5714285970
56049  -29.979  -14.136  2.405 0.7142857313
56931  -32.811  -14.274  -0.245 0.5714285970
56903  -31.224  -12.941  1.580 0.7142857313
57751  -31.968  -11.832  0.536 0.7142857313
56918  -31.886  -12.979  0.353 0.7142857313
57729  -30.649  -12.152  3.188 0.7142857313
57739  -31.200  -12.117  2.513 0.7142857313
57750  -31.586  -12.127  1.474 0.7142857313
58642  -32.285  -11.273  0.070 0.7142857313
57740  -31.601  -11.247  2.474 0.7142857313
56888  -29.619  -13.087  3.461 0.5714285970
58649  -32.406  -10.956  -0.733 0.5714285970
59557  -32.503  -9.893  -0.528 0.5714285970
57730  -31.095  -11.317  3.192 0.8571428657
60442  -32.443  -9.028  1.555 0.7142857313
58630  -31.963  -10.484  2.212 0.8571428657
59538  -32.243  -9.808  1.819 0.7142857313
61294  -32.750  -7.202  1.039 0.8571428657
60458  -32.604  -8.906  -0.641 0.5714285970
61268  -32.149  -8.276  2.347 0.8571428657
59537  -31.862  -9.666  2.603 0.8571428657
60431  -32.165  -9.114  2.279 0.8571428657
62087  -32.426  -6.539  1.746 0.8571428657
62104  -32.793  -6.303  0.805 0.8571428657
63800  -32.310  -4.692  1.579 0.8571428657
110922  -32.579  -8.112  1.319 0.8571428657
62963  -32.416  -5.654  1.640 0.8571428657
63782  -31.030  -4.741  2.906 1.0000000000
63799  -31.826  -5.122  2.418 1.0000000000
62074  -31.908  -6.797  2.569 0.8571428657
104920  -31.662  -4.184  2.286 1.0000000000
107651  -31.236  -5.597  3.079 1.0000000000
64608  -31.369  -3.299  2.139 1.0000000000
111111  -28.844  -2.627  2.027 0.7142857313
64587  -30.780  -3.874  2.601 1.0000000000
64586  -29.909  -3.698  2.527 1.0000000000
64607  -30.401  -3.000  2.362 1.0000000000
113838  -28.509  0.248  0.910 1.0000000000
67001  -27.778  -0.390  0.759 0.8571428657
68657  -27.406  1.643  -0.130 0.8571428657
118050  -27.769  1.231  0.325 1.0000000000
71309  -27.732  4.432  -1.667 0.8571428657
69522  -27.324  2.773  -1.093 0.8571428657
69510  -27.810  2.410  -0.369 1.0000000000
72121  -26.632  5.104  -3.209 0.8571428657
71321  -27.262  4.696  -2.394 0.8571428657
70477  -25.022  3.399  -3.561 0.5714285970
72130  -25.468  5.126  -4.197 0.7142857313
72141  -25.709  6.016  -4.617 0.5714285970
71335  -23.102  4.461  -4.522 0.5714285970
71336  -24.599  4.176  -4.191 0.5714285970
71348  -21.955  5.229  -4.926 0.4285714328
72139  -22.770  6.223  -5.104 0.4285714328
72929  -23.836  6.679  -5.344 0.4285714328
72120  -22.558  5.740  -3.080 0.2857142985
72915  -23.200  6.370  -2.789 0.2857142985
72113  -22.954  6.611  -1.662 0.2857142985
47693  -24.271  -22.718  9.427 0.2857142985
53383  -29.489  -17.288  2.738 0.5714285970
119021  -31.291  -15.619  0.625 0.5714285970
58631  -32.153  -10.693  1.233 0.7142857313
59549  -32.368  -10.034  0.658 0.7142857313
105206  -32.957  -7.067  -0.004 0.8571428657
62979  -32.678  -5.352  0.681 0.8571428657
108226  -29.281  -1.910  1.981 0.8571428657
72895  -23.836  7.246  0.364 0.1428571492
48604  -24.424  -21.993  7.957 0.2857142985
48605  -25.158  -21.418  8.401 0.4285714328
49561  -26.633  -20.194  8.300 0.4285714328
48620  -24.539  -21.707  7.210 0.2857142985
49590  -25.994  -20.600  6.359 0.4285714328
49580  -26.301  -20.552  7.063 0.4285714328
49589  -25.280  -20.638  6.239 0.5714285970
50586  -27.993  -19.586  5.435 0.4285714328
51494  -26.266  -18.953  5.227 0.2857142985
51510  -27.959  -19.130  4.006 0.7142857313
119214  -28.644  -18.901  3.710 0.4285714328
103044  -27.412  -17.443  4.076 0.5714285970
54254  -30.443  -16.618  3.145 0.4285714328
108195  -27.655  -16.647  3.994 0.7142857313
117826  -28.445  -16.979  3.294 0.7142857313
53384  -30.045  -17.256  2.578 0.7142857313
54265  -30.446  -16.723  2.001 0.4285714328
55186  -30.214  -15.747  1.445 0.7142857313
110474  -32.367  -12.962  -0.186 0.5714285970
56047  -28.630  -14.228  3.638 0.5714285970
56079  -33.459  -15.662  -0.290 0.5714285970
56902  -30.692  -13.255  2.216 0.7142857313
57762  -32.600  -12.465  -0.547 0.5714285970
57741  -31.856  -11.196  1.650 0.7142857313
60451  -32.761  -7.979  0.263 0.5714285970
122523  -31.800  -7.506  2.694 1.0000000000
64609  -32.127  -3.618  1.401 1.0000000000
62949  -30.318  -5.377  3.035 1.0000000000
64606  -29.347  -3.183  2.335 0.8571428657
112479  -27.518  -1.980  0.906 0.7142857313
66192  -28.844  -1.254  1.561 1.0000000000
66193  -29.903  -1.221  1.749 1.0000000000
66988  -29.442  -0.549  1.439 1.0000000000
66207  -27.215  -1.608  0.573 0.7142857313
116871  -27.741  0.487  0.535 0.8571428657
70456  -26.768  3.069  -1.805 0.8571428657
68658  -28.237  1.922  0.233 1.0000000000
71337  -25.716  4.266  -3.472 0.7142857313
72138  -21.932  5.849  -5.077 0.7142857313
71350  -24.065  4.966  -4.666 0.7142857313
72140  -24.232  5.769  -5.069 0.7142857313
71334  -22.094  4.635  -4.380 0.4285714328
72921  -22.302  6.208  -4.437 0.2857142985
72927  -22.478  6.446  -4.875 0.4285714328
107536  -24.916  6.418  -5.271 0.4285714328
72928  -23.057  6.947  -5.095 0.4285714328
119785  -26.200  -17.628  5.127 0.4285714328
52488  -26.605  -17.364  4.723 0.4285714328
71349  -22.541  5.440  -5.076 0.7142857313
46828  -23.810  -23.429  9.728 0.2857142985
47675  -25.608  -22.357  10.956 0.4285714328
47694  -24.947  -22.140  10.192 0.4285714328
47707  -24.015  -22.549  8.523 0.2857142985
49578  -24.885  -21.283  6.745 0.2857142985
109730  -25.954  -19.649  5.485 0.2857142985
117473  -26.875  -20.010  5.616 0.4285714328
52478  -27.301  -18.398  4.229 0.5714285970
54273  -31.183  -16.424  1.347 0.5714285970
54252  -27.795  -16.040  3.787 0.7142857313
56917  -31.955  -14.234  0.245 0.5714285970
56048  -29.309  -14.105  3.207 0.7142857313
56889  -30.234  -12.895  3.140 0.8571428657
57728  -29.980  -12.211  3.679 0.8571428657
112192  -32.532  -8.952  0.487 0.8571428657
61281  -32.348  -7.383  1.970 0.8571428657
60430  -31.639  -8.875  2.804 0.8571428657
62962  -31.928  -5.998  2.454 1.0000000000
65431  -28.279  -2.079  1.492 0.8571428657
70468  -27.019  3.887  -2.063 0.8571428657
71320  -26.485  4.117  -2.799 0.8571428657
71333  -21.974  4.723  -3.927 0.4285714328
72129  -21.916  5.336  -4.518 0.4285714328
72106  -22.567  6.675  -0.830 0.2857142985
72912  -23.655  6.954  -1.769 0.2857142985
72904  -23.207  7.463  -0.701 0.1428571492
52477  -26.608  -18.223  4.997 0.2857142985
66208  -27.857  -1.278  1.051 1.0000000000
74560  -23.812  9.840  -7.882 0.2857142985
75272  -23.349  10.303  -6.717 0.1428571492
73779  -23.959  8.089  -5.921 0.2857142985
75266  -23.572  9.354  -6.030 0.1428571492
75950  -23.530  10.849  -6.123 0.1428571492
73770  -23.338  7.560  -3.976 0.1428571492
73774  -23.382  7.558  -5.295 0.2857142985
74545  -23.379  7.947  -4.700 0.1428571492
73786  -25.330  7.909  -7.745 0.2857142985
73785  -24.470  8.673  -7.096 0.2857142985
72941  -28.668  5.859  -7.101 0.2857142985
109453  -26.805  6.448  -7.176 0.2857142985
75267  -23.670  9.756  -5.429 0.1428571492
72937  -23.935  7.368  -5.623 0.2857142985
120265  -27.584  6.487  -4.551 0.2857142985
73781  -25.488  7.147  -7.421 0.2857142985
72132  -29.974  6.172  -3.189 0.1428571492
72940  -27.841  6.429  -5.818 0.2857142985
72939  -25.736  6.743  -6.703 0.2857142985
74550  -23.551  8.741  -5.001 0.1428571492
73780  -24.759  7.700  -6.557 0.2857142985
71339  -32.552  4.400  -3.485 0.1428571492
72134  -31.564  5.385  -3.465 0.1428571492
72931  -28.426  6.447  -4.512 0.4285714328
72930  -25.850  6.523  -5.271 0.2857142985
70458  -30.850  3.971  -0.804 0.2857142985
111169  -29.019  5.962  -2.153 0.4285714328
72922  -26.881  6.353  -4.265 0.2857142985
68670  -32.279  2.127  -1.724 0.1428571492
71323  -30.755  5.191  -1.868 0.2857142985
72924  -27.953  6.408  -3.547 0.4285714328
71311  -29.366  4.904  -1.213 0.5714285970
72122  -27.582  5.549  -2.662 0.7142857313
68669  -32.113  1.634  -1.148 0.1428571492
69523  -31.704  2.552  -0.992 0.1428571492
72123  -28.367  5.790  -2.363 0.7142857313
72131  -26.458  5.805  -3.883 0.4285714328
71300  -30.228  4.081  -0.488 0.4285714328
67041  -32.073  -0.492  -1.828 0.2857142985
117155  -31.980  1.026  -0.641 0.7142857313
71310  -28.508  4.755  -1.440 0.7142857313
108243  -28.612  1.163  0.598 0.8571428657
69502  -30.598  2.254  0.245 0.8571428657
70448  -29.081  3.583  -0.389 0.5714285970
66233  -31.947  -1.277  -2.208 0.2857142985
70449  -29.907  3.631  -0.112 0.7142857313
69532  -25.816  2.462  -2.293 0.5714285970
65459  -31.947  -2.107  -2.452 0.1428571492
67832  -31.936  0.266  -0.295 0.7142857313
65468  -31.874  -2.803  -2.688 0.1428571492
62070  -27.662  -6.825  1.886 0.5714285970
63781  -29.912  -4.540  2.689 0.8571428657
63798  -29.079  -3.976  2.367 0.8571428657
62948  -28.835  -4.834  2.384 0.4285714328
64605  -28.537  -3.405  1.933 0.5714285970
67807  -29.118  0.017  1.211 0.8571428657
66195  -31.614  -1.586  1.063 0.8571428657
67818  -29.303  0.636  0.929 0.8571428657
64666  -31.994  -3.452  -2.562 0.2857142985
66990  -31.343  -0.683  0.886 0.8571428657
107331  -30.897  0.721  0.569 0.8571428657
69511  -28.689  2.723  -0.022 0.8571428657
64665  -31.645  -4.270  -3.256 0.4285714328
66224  -32.234  -1.171  -0.593 0.7142857313
67014  -31.975  -0.508  0.056 0.7142857313
61263  -27.566  -7.451  2.021 0.2857142985
62072  -29.554  -5.971  2.863 0.5714285970
62086  -27.814  -6.036  1.847 0.5714285970
65416  -31.284  -2.061  1.613 0.8571428657
66194  -30.866  -1.330  1.506 0.8571428657
66989  -30.397  -0.556  1.366 0.8571428657
64658  -32.286  -3.440  -1.727 0.4285714328
65432  -32.363  -2.710  -0.047 0.8571428657
66209  -32.036  -1.300  0.325 0.8571428657
63852  -32.123  -4.288  -2.418 0.4285714328
108366  -28.240  -11.404  3.963 0.7142857313
58629  -27.151  -10.079  3.149 0.4285714328
109466  -29.340  -11.334  3.870 0.7142857313
110428  -29.984  -9.735  3.460 0.8571428657
59523  -28.705  -9.078  3.339 0.5714285970
108129  -27.785  -7.973  2.424 0.5714285970
113369  -27.166  -8.629  2.284 0.4285714328
60418  -30.327  -8.445  3.332 0.8571428657
60429  -28.599  -7.944  2.956 0.5714285970
61264  -28.280  -7.213  2.491 0.5714285970
61266  -30.168  -6.955  3.299 0.7142857313
103754  -28.924  -6.552  2.704 0.5714285970
62993  -32.672  -5.076  -0.348 0.7142857313
64627  -32.413  -3.502  0.286 0.7142857313
65418  -32.152  -2.795  0.837 0.8571428657
62130  -31.958  -7.327  -3.335 0.2857142985
101759  -32.238  -5.256  -2.138 0.4285714328
103052  -27.951  -13.393  4.074 0.4285714328
104925  -28.119  -12.405  4.074 0.4285714328
114504  -27.352  -11.256  3.797 0.4285714328
58617  -31.439  -10.359  3.057 0.7142857313
58616  -30.605  -10.509  3.463 0.7142857313
59526  -31.238  -9.422  3.131 0.7142857313
60419  -31.232  -8.074  3.125 0.8571428657
103568  -32.811  -7.152  -1.142 0.7142857313
113458  -32.695  -7.427  -2.363 0.2857142985
62125  -32.696  -6.523  -1.452 0.5714285970
62118  -32.831  -6.137  -0.384 0.5714285970
55177  -27.759  -14.463  4.038 0.4285714328
56046  -26.929  -13.507  4.203 0.5714285970
104469  -29.067  -12.262  3.995 0.5714285970
60466  -32.771  -8.949  -1.743 0.4285714328
61312  -32.872  -8.135  -2.022 0.4285714328
61313  -32.980  -8.278  -3.112 0.4285714328
53374  -26.793  -16.509  4.441 0.5714285970
55196  -33.415  -15.783  -0.194 0.4285714328
56932  -33.610  -13.848  -0.495 0.4285714328
58665  -33.195  -11.080  -2.151 0.4285714328
58679  -33.655  -10.673  -2.263 0.4285714328
59563  -32.649  -9.830  -1.638 0.4285714328
50548  -27.075  -20.016  7.117 0.1428571492
57763  -33.799  -12.812  -1.117 0.4285714328
115354  -34.357  -12.146  -1.416 0.4285714328
58666  -34.193  -11.351  -1.847 0.4285714328
50568  -28.252  -19.425  6.147 0.1428571492
51497  -28.637  -19.058  5.202 0.1428571492
53378  -30.116  -17.280  3.449 0.2857142985
56051  -33.379  -13.668  2.757 0.2857142985
56921  -36.022  -13.375  0.718 0.2857142985
56904  -34.764  -14.467  0.300 0.2857142985
55187  -31.615  -16.022  1.646 0.4285714328
56934  -35.693  -13.462  -0.058 0.2857142985
56919  -34.617  -14.825  -0.160 0.2857142985
56072  -33.296  -15.863  0.259 0.2857142985
56933  -35.000  -13.986  -0.509 0.4285714328
50549  -27.835  -19.421  7.112 0.1428571492
52465  -29.331  -18.407  5.019 0.2857142985
119499  -29.666  -17.702  5.004 0.2857142985
54255  -31.011  -15.483  4.401 0.2857142985
56031  -32.029  -14.302  3.850 0.2857142985
55179  -31.770  -14.951  3.040 0.2857142985
54266  -31.065  -15.937  2.729 0.2857142985
56050  -32.487  -14.157  3.276 0.2857142985
51477  -28.721  -18.762  6.374 0.1428571492
123112  -30.734  -16.362  5.723 0.2857142985
51478  -29.141  -18.230  6.179 0.2857142985
53357  -30.275  -16.606  4.822 0.2857142985
54234  -30.489  -16.284  4.292 0.2857142985
48606  -25.891  -20.697  9.110 0.2857142985
50530  -27.501  -19.535  8.124 0.1428571492
112028  -24.713  -24.383  11.577 0.2857142985
121640  -24.058  -24.808  11.177 0.2857142985
49542  -26.666  -20.279  9.511 0.2857142985
45941  -25.563  -23.900  11.940 0.1428571492
45940  -24.399  -25.223  11.674 0.2857142985
45056  -23.517  -25.637  10.903 0.1428571492
115534  -29.601  -17.533  6.016 0.2857142985
53358  -30.804  -15.871  5.231 0.2857142985
55162  -31.642  -14.673  4.101 0.2857142985
56890  -34.360  -13.417  2.037 0.2857142985
55195  -32.854  -16.008  0.165 0.4285714328
56080  -33.861  -15.388  -0.210 0.4285714328
57765  -36.003  -12.280  -0.098 0.2857142985
59522  -28.066  -9.659  3.368 0.7142857313
61265  -29.293  -7.268  3.137 0.5714285970
58664  -32.706  -10.717  -1.656 0.4285714328
61306  -32.745  -7.976  -0.864 0.4285714328
121466  -32.552  -7.811  -3.265 0.2857142985
104791  -32.336  -6.417  -2.254 0.5714285970
69509  -26.987  2.001  -0.819 0.7142857313
68645  -29.611  1.386  0.617 0.8571428657
117289  -25.808  3.563  -3.085 0.4285714328
70467  -26.241  3.309  -2.536 0.5714285970
70457  -27.654  3.631  -1.324 0.7142857313
68646  -30.572  1.470  0.455 0.8571428657
70447  -28.169  3.170  -0.666 0.8571428657
67030  -32.204  -0.450  -0.845 0.5714285970
70459  -31.580  3.469  -1.333 0.4285714328
71312  -30.276  4.730  -1.056 0.4285714328
75262  -24.390  9.292  -4.204 0.1428571492
72925  -29.120  6.407  -3.548 0.2857142985
72133  -30.808  5.831  -3.439 0.1428571492
73787  -25.968  6.986  -8.440 0.2857142985
46798  -25.553  -23.081  11.456 0.1428571492
46813  -23.672  -24.086  10.253 0.2857142985
47676  -26.325  -21.954  11.120 0.1428571492
51435  -29.166  -18.738  7.952 0.1428571492
52446  -29.875  -17.843  7.060 0.1428571492
52479  -29.472  -18.226  4.125 0.2857142985
105772  -29.856  -17.488  4.290 0.2857142985
56032  -33.261  -13.523  3.965 0.2857142985
57726  -26.619  -11.770  3.734 0.2857142985
58652  -35.969  -11.115  -0.321 0.2857142985
58614  -28.672  -10.489  3.685 0.7142857313
58615  -29.650  -10.477  3.633 0.5714285970
59534  -26.554  -9.265  2.180 0.4285714328
58651  -35.173  -11.767  -0.980 0.4285714328
61279  -26.433  -7.106  1.037 0.2857142985
60428  -27.026  -7.955  1.840 0.5714285970
58667  -35.279  -10.780  -1.088 0.2857142985
106917  -32.645  -11.918  -0.995 0.4285714328
60416  -28.842  -8.518  3.264 0.7142857313
62085  -26.990  -6.408  1.294 0.2857142985
59575  -34.989  -9.626  -1.904 0.1428571492
59584  -33.893  -9.308  -2.751 0.4285714328
59572  -32.904  -9.686  -2.228 0.4285714328
60472  -34.175  -8.669  -3.118 0.1428571492
106550  -31.660  -2.758  1.545 0.8571428657
61321  -33.528  -8.201  -3.508 0.1428571492
63000  -32.634  -5.669  -1.291 0.5714285970
63005  -31.785  -6.251  -3.132 0.2857142985
63847  -32.389  -4.224  -1.450 0.5714285970
66210  -32.309  -1.937  -0.359 0.7142857313
64672  -31.116  -4.189  -4.057 0.2857142985
64671  -31.118  -3.082  -4.101 0.1428571492
112905  -22.734  6.844  -4.544 0.2857142985
66234  -32.218  -1.825  -1.465 0.4285714328
101728  -31.578  -3.357  -3.295 0.4285714328
105840  -31.643  -1.643  -3.061 0.1428571492
69513  -31.024  2.632  -0.196 0.5714285970
66250  -31.355  -1.337  -3.743 0.1428571492
122871  -32.256  0.874  -1.435 0.1428571492
68679  -32.322  1.222  -2.040 0.1428571492
74546  -23.782  8.365  -4.128 0.1428571492
70450  -30.562  3.460  -0.298 0.5714285970
70460  -32.138  3.274  -1.890 0.1428571492
72124  -29.450  6.114  -2.577 0.2857142985
71313  -31.204  4.404  -1.471 0.2857142985
71325  -32.242  4.189  -2.714 0.1428571492
71338  -31.986  4.924  -3.000 0.1428571492
113682  -28.785  6.279  -5.596 0.2857142985
72942  -29.552  5.906  -6.278 0.2857142985
72933  -30.285  5.972  -5.322 0.1428571492
106692  -31.012  5.807  -4.504 0.1428571492
120262  -26.807  -22.368  11.486 0.1428571492
50531  -28.108  -19.393  8.817 0.1428571492
62138  -31.707  -7.325  -4.090 0.2857142985
72144  -32.391  5.188  -4.677 0.1428571492
72955  -29.575  5.812  -7.862 0.2857142985
46797  -24.871  -23.607  11.299 0.2857142985
47662  -26.219  -22.657  11.513 0.1428571492
48574  -26.556  -21.294  10.631 0.1428571492
48591  -26.059  -20.735  10.090 0.1428571492
115283  -31.638  -16.354  0.977 0.4285714328
56887  -28.844  -13.242  3.833 0.4285714328
59564  -32.953  -10.378  -2.259 0.4285714328
110923  -30.314  -11.353  3.625 0.7142857313
63819  -32.527  -4.382  0.555 0.7142857313
119077  -29.433  -5.316  2.655 0.8571428657
117785  -31.391  -6.323  3.090 0.8571428657
62073  -30.524  -6.252  3.270 0.8571428657
119903  -29.622  -2.519  2.250 0.8571428657
71322  -28.013  5.167  -1.967 0.7142857313
72923  -27.281  6.031  -3.347 0.5714285970
67808  -29.851  0.094  1.171 0.8571428657
69500  -29.115  2.109  0.421 0.8571428657
72938  -24.859  7.015  -5.982 0.2857142985
73773  -23.076  7.232  -4.882 0.2857142985
59525  -30.453  -9.169  3.342 0.8571428657
74553  -23.752  9.075  -6.545 0.2857142985
75271  -23.400  10.072  -7.264 0.1428571492
73778  -23.549  8.198  -5.345 0.2857142985
74561  -24.774  9.117  -7.705 0.2857142985
119320  -25.905  6.687  -8.076 0.2857142985
102471  -26.817  6.524  -5.436 0.2857142985
72926  -30.125  6.266  -4.070 0.1428571492
116597  -31.280  5.625  -3.889 0.1428571492
72135  -32.221  5.012  -3.805 0.1428571492
72126  -31.223  5.375  -2.700 0.1428571492
72143  -31.696  5.416  -4.219 0.1428571492
72932  -29.391  6.259  -4.810 0.1428571492
70469  -31.902  3.919  -1.997 0.1428571492
72114  -28.839  5.467  -1.724 0.5714285970
72115  -29.728  5.572  -1.766 0.4285714328
72918  -28.624  6.251  -2.785 0.5714285970
69533  -32.426  2.680  -2.196 0.1428571492
72125  -30.340  5.774  -2.527 0.2857142985
71324  -31.554  4.687  -2.277 0.2857142985
71298  -28.892  4.312  -0.887 0.7142857313
104585  -31.580  1.824  -0.414 0.4285714328
68647  -31.443  1.087  0.130 0.7142857313
68659  -31.107  1.875  0.103 0.7142857313
70442  -30.261  2.948  0.202 0.7142857313
110989  -32.162  -1.046  -1.405 0.5714285970
65460  -32.178  -2.698  -2.010 0.4285714328
67809  -30.711  0.113  0.937 0.8571428657
106166  -28.182  -4.266  1.782 0.4285714328
117542  -31.791  -2.235  1.151 0.8571428657
65417  -32.111  -2.075  0.526 0.8571428657
65448  -32.336  -2.662  -1.066 0.4285714328
64645  -32.416  -3.442  -0.739 0.7142857313
57727  -27.464  -11.826  4.032 0.5714285970
58613  -27.705  -10.590  3.604 0.4285714328
107732  -29.083  -9.702  3.502 0.7142857313
59524  -29.536  -8.952  3.379 0.7142857313
59535  -27.284  -9.333  2.759 0.4285714328
59536  -28.039  -8.692  2.977 0.5714285970
61251  -30.264  -7.650  3.329 0.7142857313
61267  -31.077  -7.069  3.222 0.8571428657
63836  -32.515  -4.221  -0.473 0.7142857313
56886  -27.157  -12.569  4.108 0.5714285970
60467  -33.024  -9.051  -2.547 0.4285714328
56073  -33.961  -15.381  -0.120 0.2857142985
58650  -33.164  -11.702  -1.595 0.4285714328
59565  -34.665  -10.452  -1.887 0.4285714328
120942  -33.428  -10.224  -2.368 0.4285714328
56065  -33.813  -14.616  1.042 0.2857142985
56064  -32.790  -14.711  1.774 0.2857142985
56920  -35.411  -14.133  0.061 0.2857142985
55188  -32.226  -16.088  0.732 0.2857142985
55180  -32.087  -15.178  2.077 0.2857142985
57764  -35.088  -12.854  -0.822 0.4285714328
106340  -28.268  -19.083  7.983 0.1428571492
50550  -28.529  -18.894  7.129 0.1428571492
114318  -29.165  -18.411  7.082 0.1428571492
53341  -30.116  -16.948  5.618 0.2857142985
45928  -25.198  -24.820  12.131 0.1428571492
60471  -33.422  -8.906  -2.893 0.2857142985
111162  -26.158  -23.287  11.850 0.1428571492
73766  -23.946  7.429  -2.833 0.1428571492
68668  -26.111  1.370  -1.351 0.5714285970
67829  -25.420  -0.042  -1.012 0.4285714328
67830  -26.135  0.605  -0.828 0.4285714328
108081  -26.303  -0.099  -0.418 0.4285714328
65429  -26.835  -2.148  0.449 0.4285714328
67000  -27.162  -0.968  0.453 0.4285714328
113679  -26.024  -1.246  -0.331 0.4285714328
66999  -26.429  -0.806  -0.044 0.5714285970
67817  -27.020  -0.175  0.281 0.5714285970
67831  -26.946  0.740  -0.000 0.5714285970
64604  -27.839  -3.484  1.397 0.5714285970
56922  -36.663  -12.844  1.388 0.1428571492
57752  -36.214  -12.890  0.579 0.1428571492
57753  -36.723  -12.021  1.038 0.1428571492
50584  -25.247  -19.854  5.755 0.2857142985
56905  -35.511  -13.474  1.166 0.1428571492
56908  -37.820  -12.515  2.794 0.1428571492
56907  -37.190  -12.867  2.254 0.1428571492
57731  -38.191  -12.037  3.315 0.1428571492
57742  -37.297  -12.311  2.023 0.1428571492
58619  -37.850  -11.080  3.270 0.1428571492
50565  -24.362  -20.116  6.059 0.2857142985
120354  -34.723  -13.337  3.780 0.1428571492
56052  -36.866  -13.347  3.499 0.1428571492
106792  -34.156  -13.317  3.426 0.1428571492
56891  -36.901  -13.148  2.555 0.1428571492
57717  -38.266  -12.393  4.045 0.1428571492
56892  -37.687  -13.052  2.964 0.1428571492
58573  -35.962  -10.637  6.609 0.1428571492
57708  -37.669  -11.827  4.835 0.1428571492
58591  -36.199  -10.348  5.698 0.1428571492
49588  -24.524  -20.930  6.455 0.2857142985
49587  -23.786  -20.725  6.498 0.2857142985
54236  -32.504  -15.083  5.656 0.1428571492
55144  -32.758  -14.338  5.220 0.1428571492
55164  -33.370  -13.840  4.742 0.1428571492
55143  -31.855  -14.570  5.032 0.1428571492
56034  -36.106  -13.677  4.201 0.1428571492
55165  -35.105  -13.983  4.592 0.1428571492
56053  -38.019  -13.329  3.728 0.1428571492
109669  -35.314  -13.396  3.986 0.1428571492
56877  -38.293  -13.141  4.269 0.1428571492
56866  -37.094  -12.112  5.792 0.1428571492
57695  -36.289  -11.498  6.670 0.1428571492
57707  -36.602  -11.245  5.715 0.1428571492
49577  -23.384  -21.207  6.828 0.2857142985
48619  -23.377  -21.797  7.240 0.2857142985
102156  -30.999  -16.603  6.486 0.1428571492
121276  -32.317  -15.622  6.087 0.1428571492
115036  -33.677  -14.442  5.279 0.1428571492
55166  -36.383  -14.263  4.632 0.1428571492
118132  -34.142  -13.984  4.854 0.1428571492
55168  -38.372  -14.275  4.969 0.1428571492
56855  -37.480  -12.820  5.966 0.1428571492
56020  -38.479  -13.770  4.935 0.1428571492
58546  -35.888  -10.112  7.529 0.1428571492
104107  -35.900  -10.913  7.386 0.1428571492
52466  -30.471  -17.220  6.704 0.1428571492
53342  -31.800  -16.496  6.820 0.1428571492
53359  -33.880  -15.943  6.133 0.1428571492
53343  -32.571  -16.145  6.647 0.1428571492
54238  -35.947  -15.529  5.345 0.1428571492
113500  -33.233  -14.963  5.640 0.1428571492
55147  -36.743  -14.930  5.115 0.1428571492
55145  -34.557  -14.609  5.186 0.1428571492
56854  -36.659  -12.332  6.787 0.1428571492
56009  -38.485  -14.134  5.412 0.1428571492
57668  -36.043  -11.674  7.743 0.1428571492
52448  -31.469  -17.123  7.234 0.1428571492
52450  -33.961  -17.288  7.123 0.1428571492
53328  -33.311  -16.665  7.028 0.1428571492
53327  -32.403  -16.799  7.242 0.1428571492
53344  -33.440  -16.166  6.527 0.1428571492
54239  -37.114  -15.739  5.423 0.1428571492
111645  -36.208  -16.217  5.457 0.1428571492
54240  -38.132  -15.501  5.621 0.1428571492
55134  -38.456  -14.587  5.646 0.1428571492
55148  -37.895  -14.943  5.175 0.1428571492
55149  -38.357  -14.782  5.389 0.1428571492
52449  -33.072  -17.311  7.529 0.1428571492
110258  -32.237  -17.402  7.620 0.1428571492
53346  -35.013  -16.807  5.782 0.1428571492
52467  -34.723  -17.371  6.399 0.1428571492
104018  -35.392  -16.185  5.533 0.1428571492
55133  -38.358  -14.281  6.106 0.1428571492
54225  -38.496  -15.312  5.933 0.1428571492
53345  -34.164  -16.594  6.444 0.1428571492
54224  -33.160  -15.587  6.112 0.1428571492
54237  -34.972  -15.420  5.430 0.1428571492
55146  -35.562  -14.762  5.093 0.1428571492
55163  -32.399  -14.022  4.457 0.1428571492
59468  -36.129  -9.215  7.585 0.1428571492
114005  -24.051  -22.035  7.241 0.2857142985
55989  -37.651  -13.868  6.785 0.1428571492
55988  -36.915  -13.469  7.479 0.1428571492
102429  -35.991  -10.697  8.159 0.1428571492
122051  -36.664  -8.847  8.020 0.1428571492
65430  -27.491  -2.685  1.081 0.4285714328
60364  -35.948  -8.852  6.924 0.1428571492
59486  -35.850  -9.651  6.644 0.1428571492
57716  -37.004  -10.881  4.837 0.1428571492
59499  -35.933  -9.589  5.716 0.1428571492
58643  -36.929  -10.825  1.144 0.1428571492
57766  -36.448  -11.300  0.424 0.1428571492
69520  -25.745  1.785  -1.930 0.4285714328
72162  -30.527  5.959  -7.568 0.1428571492
69521  -26.483  2.245  -1.575 0.4285714328
48630  -24.108  -21.525  6.794 0.2857142985
72954  -28.432  5.858  -8.485 0.1428571492
54235  -31.631  -15.380  5.507 0.1428571492
54223  -31.577  -16.039  6.138 0.1428571492
59558  -36.021  -10.275  -0.438 0.1428571492
59566  -35.570  -9.735  -0.977 0.1428571492
121587  -35.514  -13.158  2.889 0.1428571492
56906  -36.435  -13.151  1.722 0.1428571492
57743  -37.774  -11.703  2.624 0.1428571492
56893  -38.162  -12.749  3.497 0.1428571492
58604  -37.830  -11.472  4.007 0.1428571492
58618  -37.307  -10.163  3.249 0.1428571492
56033  -34.221  -13.533  4.255 0.1428571492
56867  -38.211  -12.856  4.941 0.1428571492
56035  -37.308  -13.785  4.236 0.1428571492
56036  -38.210  -13.713  4.512 0.1428571492
109964  -34.018  -15.291  5.669 0.1428571492
55167  -37.666  -14.359  4.711 0.1428571492
56008  -38.138  -13.605  5.742 0.1428571492
52447  -30.791  -17.625  7.402 0.1428571492
53360  -34.555  -16.058  5.770 0.1428571492
55119  -38.483  -14.858  6.223 0.1428571492
44162  -23.024  -26.148  10.280 0.1428571492
45073  -22.864  -25.630  9.958 0.1428571492
45074  -23.062  -25.556  9.959 0.1428571492
45960  -23.581  -24.822  10.526 0.1428571492
45975  -23.103  -24.827  9.748 0.1428571492
104283  -23.284  -24.049  9.562 0.1428571492
47692  -23.548  -23.107  8.929 0.1428571492
46837  -22.764  -23.273  8.835 0.1428571492
47706  -23.217  -22.719  8.300 0.1428571492
48603  -23.658  -22.303  7.766 0.1428571492
47691  -21.898  -22.835  8.928 0.1428571492
47705  -22.513  -22.496  8.436 0.1428571492
47717  -22.924  -22.205  7.812 0.1428571492
48617  -22.139  -21.152  7.771 0.1428571492
49575  -22.075  -20.309  7.442 0.1428571492
49576  -22.946  -20.478  6.807 0.1428571492
50564  -23.378  -19.791  6.382 0.2857142985
50583  -24.525  -19.304  5.742 0.1428571492
50582  -23.773  -19.202  5.881 0.2857142985
52476  -25.840  -18.031  5.251 0.2857142985
55159  -26.080  -15.029  4.319 0.4285714328
55160  -27.069  -15.056  4.231 0.4285714328
111333  -26.744  -14.222  4.250 0.4285714328
63797  -27.443  -4.161  1.252 0.2857142985
64625  -26.500  -3.446  0.475 0.2857142985
67029  -24.176  -0.634  -1.626 0.2857142985
107569  -24.549  -0.043  -1.724 0.2857142985
67844  -25.312  0.558  -1.469 0.2857142985
67843  -24.678  0.519  -2.040 0.4285714328
51476  -22.949  -18.904  6.147 0.1428571492
51493  -25.190  -18.739  5.531 0.1428571492
46826  -22.760  -24.114  9.407 0.1428571492
48601  -21.624  -21.331  8.318 0.1428571492
51491  -23.352  -18.501  5.695 0.2857142985
51492  -24.082  -18.550  5.584 0.2857142985
52475  -24.389  -17.776  5.355 0.2857142985
119055  -25.186  -17.689  5.364 0.2857142985
108734  -26.109  -16.448  4.993 0.4285714328
54250  -25.877  -15.684  4.595 0.4285714328
54262  -25.181  -15.049  3.944 0.2857142985
110844  -27.353  -5.479  1.372 0.2857142985
63818  -26.822  -4.144  0.799 0.2857142985
64626  -27.154  -3.456  0.966 0.2857142985
64644  -25.798  -3.400  -0.061 0.2857142985
65447  -26.147  -2.618  0.099 0.2857142985
66223  -25.967  -1.824  -0.196 0.2857142985
66232  -24.589  -1.228  -1.348 0.2857142985
108766  -23.771  -1.660  -1.556 0.2857142985
62961  -27.064  -4.830  1.054 0.2857142985
63817  -26.189  -4.193  0.341 0.2857142985
63816  -26.013  -5.071  0.269 0.2857142985
64643  -25.042  -3.269  -0.598 0.2857142985
65457  -23.988  -2.255  -1.477 0.2857142985
121402  -25.693  -2.215  -0.342 0.2857142985
65446  -25.121  -1.879  -0.772 0.2857142985
65458  -24.292  -1.749  -1.384 0.2857142985
66222  -25.373  -1.265  -0.788 0.2857142985
104827  -24.657  -3.882  -0.727 0.2857142985
64642  -24.296  -3.072  -1.101 0.2857142985
65445  -24.640  -2.431  -0.938 0.2857142985
52487  -25.717  -17.121  5.236 0.4285714328
46827  -23.159  -23.664  9.133 0.1428571492
67012  -24.911  -0.689  -1.287 0.2857142985
48618  -22.756  -21.144  7.210 0.1428571492
45974  -22.097  -24.269  9.600 0.1428571492
48602  -22.292  -21.784  8.137 0.1428571492
118426  -22.694  -21.647  7.587 0.1428571492
66231  -23.925  -1.172  -1.566 0.2857142985
53373  -25.272  -16.259  4.963 0.4285714328
64657  -23.775  -2.804  -1.455 0.2857142985
56045  -26.000  -13.651  3.918 0.2857142985
55176  -26.038  -14.368  4.161 0.2857142985
114574  -27.889  9.519  -5.473 0.1428571492
74556  -28.763  8.780  -6.374 0.1428571492
74563  -26.977  7.526  -8.175 0.1428571492
72968  -27.760  6.201  -8.802 0.1428571492
75962  -28.483  10.117  -4.918 0.1428571492
73788  -26.519  6.632  -8.711 0.1428571492
74562  -25.623  7.842  -7.927 0.1428571492
75970  -24.166  10.684  -8.328 0.1428571492
56885  -26.208  -12.785  3.838 0.2857142985
72969  -29.282  5.999  -8.641 0.1428571492
74565  -29.008  7.962  -7.494 0.1428571492
112622  -27.816  5.914  -7.657 0.1428571492
73789  -27.325  6.690  -8.772 0.1428571492
73790  -28.353  6.840  -8.546 0.1428571492
72953  -27.282  5.987  -8.711 0.1428571492
75275  -26.680  9.255  -6.116 0.1428571492
75273  -25.394  9.890  -6.933 0.1428571492
75274  -25.374  8.839  -7.572 0.1428571492
101978  -24.051  10.128  -8.323 0.1428571492
75282  -23.400  10.651  -8.656 0.1428571492
72952  -26.484  6.484  -8.707 0.1428571492
74555  -27.693  8.702  -6.465 0.1428571492
75961  -27.508  10.232  -5.288 0.1428571492
74564  -28.074  7.862  -7.605 0.1428571492
109393  -26.201  7.277  -8.448 0.1428571492
74554  -26.344  8.116  -7.696 0.1428571492
75951  -28.106  10.934  -4.726 0.1428571492
120998  -24.039  -5.220  -0.692 0.1428571492
63835  -25.408  -4.303  -0.221 0.1428571492
64653  -21.368  -2.842  -1.384 0.1428571492
65454  -21.446  -1.872  -1.547 0.1428571492
62960  -26.611  -5.612  0.724 0.1428571492
65456  -23.463  -2.057  -1.594 0.1428571492
66229  -21.451  -1.139  -1.549 0.1428571492
109247  -21.829  -0.694  -1.627 0.1428571492
108260  -22.238  -0.260  -1.694 0.2857142985
119726  -26.698  -9.796  2.610 0.2857142985
58641  -26.110  -9.936  2.136 0.1428571492
61293  -25.806  -7.531  0.402 0.1428571492
62103  -26.231  -6.604  0.531 0.1428571492
62977  -25.921  -6.025  0.143 0.1428571492
63004  -31.739  -5.248  -3.199 0.1428571492
63834  -24.660  -4.812  -0.526 0.1428571492
66230  -23.452  -1.254  -1.561 0.1428571492
67842  -23.810  -0.053  -1.840 0.1428571492
67027  -22.932  -0.321  -1.661 0.1428571492
67840  -22.657  0.146  -1.776 0.2857142985
68677  -23.569  1.032  -2.336 0.2857142985
112929  -21.996  3.205  -2.971 0.2857142985
70455  -21.669  3.032  -2.326 0.2857142985
71319  -22.093  4.353  -2.984 0.2857142985
73765  -23.213  6.829  -3.454 0.1428571492
72902  -22.431  7.435  -0.272 0.1428571492
67855  -24.407  0.933  -2.326 0.2857142985
67853  -23.564  0.396  -1.970 0.2857142985
109580  -24.401  1.685  -2.635 0.2857142985
70465  -24.474  2.526  -3.229 0.2857142985
69529  -23.259  2.010  -2.627 0.2857142985
69528  -22.418  2.207  -2.644 0.2857142985
70476  -24.010  3.340  -4.029 0.2857142985
70464  -22.826  3.016  -3.096 0.2857142985
72119  -22.237  5.156  -3.111 0.1428571492
71297  -21.644  4.437  -1.204 0.2857142985
72916  -23.719  6.967  -2.488 0.1428571492
73763  -24.370  7.146  -1.921 0.1428571492
69519  -21.531  2.398  -1.856 0.1428571492
67025  -21.454  -0.204  -1.603 0.2857142985
71308  -21.694  3.943  -2.248 0.2857142985
109123  -21.784  5.015  -2.135 0.1428571492
72112  -22.492  5.705  -1.882 0.1428571492
120520  -22.117  5.470  -0.778 0.1428571492
66220  -20.268  -1.015  -1.041 0.2857142985
71288  -20.986  5.155  -0.003 0.1428571492
72100  -21.958  6.459  0.432 0.1428571492
120621  -20.907  5.576  0.446 0.1428571492
101558  -18.548  -1.636  1.937 0.1428571492
63856  -31.154  -5.207  -4.049 0.1428571492
61333  -33.619  -7.731  -4.214 0.1428571492
104046  -26.342  -7.794  1.213 0.1428571492
62117  -24.912  -6.882  -0.313 0.1428571492
63024  -30.921  -5.798  -4.673 0.1428571492
62116  -24.277  -6.781  -0.485 0.1428571492
62999  -23.461  -5.092  -0.915 0.1428571492
63833  -22.302  -4.867  -0.974 0.1428571492
63845  -23.179  -4.133  -1.385 0.1428571492
64640  -20.703  -3.342  -0.804 0.1428571492
107766  -22.913  -1.490  -1.612 0.1428571492
111442  -23.170  -0.770  -1.585 0.1428571492
66228  -20.981  -0.675  -1.449 0.2857142985
67852  -23.092  0.569  -1.932 0.1428571492
68676  -22.815  1.299  -2.296 0.1428571492
68675  -22.100  1.425  -2.369 0.1428571492
107303  -21.397  3.994  -0.774 0.2857142985
105390  -21.516  4.930  -0.467 0.1428571492
71289  -21.561  5.643  0.125 0.1428571492
103349  -22.073  6.408  -0.185 0.1428571492
63014  -31.431  -6.894  -3.847 0.1428571492
63013  -31.233  -6.189  -3.964 0.1428571492
62137  -31.375  -6.549  -4.242 0.1428571492
70475  -23.036  3.687  -3.894 0.2857142985
72903  -22.655  7.463  -0.614 0.1428571492
70474  -22.295  3.958  -3.586 0.2857142985
69531  -25.085  1.663  -2.392 0.2857142985
60427  -26.304  -8.653  1.537 0.1428571492
70466  -25.418  2.876  -2.985 0.2857142985
119790  -34.523  -7.877  -3.654 0.1428571492
112508  -25.015  2.204  -2.804 0.2857142985
114403  -23.378  -0.329  -1.666 0.1428571492
107312  -24.190  0.350  -2.074 0.1428571492
108919  -25.356  -5.434  -0.137 0.1428571492
63846  -23.924  -4.007  -1.122 0.1428571492
64655  -22.687  -3.298  -1.558 0.1428571492
62990  -23.139  -5.940  -0.733 0.1428571492
62991  -23.785  -6.177  -0.634 0.1428571492
64654  -21.950  -3.264  -1.516 0.1428571492
103457  -22.279  -2.287  -1.644 0.1428571492
105790  -22.142  -1.328  -1.641 0.1428571492
67026  -22.588  -0.777  -1.613 0.1428571492
61292  -25.130  -7.588  -0.122 0.1428571492
67841  -23.280  0.046  -1.781 0.2857142985
68678  -24.004  1.117  -2.497 0.2857142985
67854  -23.906  0.568  -2.214 0.2857142985
112318  -21.486  3.375  -1.505 0.1428571492
72893  -22.381  7.148  0.388 0.1428571492
69530  -23.924  1.799  -2.735 0.2857142985
69537  -23.678  2.697  -3.332 0.2857142985
69527  -21.843  2.250  -2.566 0.1428571492
67839  -21.821  0.295  -1.799 0.1428571492
52464  -21.672  -17.503  6.041 0.1428571492
52474  -23.389  -17.709  5.386 0.1428571492
53340  -20.939  -16.648  6.081 0.1428571492
116507  -22.329  -16.497  5.161 0.1428571492
53370  -22.635  -15.970  4.628 0.1428571492
53356  -23.026  -16.737  5.067 0.1428571492
108868  -24.797  -16.954  5.183 0.1428571492
54247  -22.700  -15.271  4.065 0.1428571492
54248  -23.912  -15.664  4.118 0.1428571492
54261  -24.348  -15.127  3.629 0.1428571492
54249  -24.779  -15.626  4.274 0.1428571492
54260  -23.459  -15.111  3.600 0.1428571492
106605  -24.807  -14.532  3.376 0.1428571492
56044  -25.289  -13.971  3.291 0.1428571492
57725  -25.703  -12.229  3.121 0.1428571492
57738  -26.055  -11.266  3.000 0.1428571492
67024  -20.870  -0.209  -1.437 0.1428571492
52486  -23.869  -16.956  4.990 0.1428571492
51475  -22.093  -18.474  6.403 0.1428571492
52473  -22.440  -17.218  5.454 0.1428571492
58612  -26.849  -10.865  3.434 0.1428571492
55175  -25.429  -14.526  3.783 0.1428571492
51490  -22.621  -18.079  5.765 0.1428571492
53355  -21.116  -15.973  5.597 0.1428571492
104843  -23.196  -15.648  4.154 0.1428571492
53371  -23.472  -16.210  4.582 0.1428571492
53372  -24.329  -16.258  4.679 0.1428571492
54259  -22.823  -14.759  3.615 0.1428571492
54246  -22.046  -15.340  4.613 0.1428571492
51474  -21.165  -18.106  6.627 0.1428571492
45086  -22.962  -25.330  9.771 0.1428571492
56007  -37.183  -13.130  6.758 0.1428571492
56021  -38.459  -14.268  5.212 0.1428571492
56078  -33.023  -15.837  -0.233 0.5714285970
59573  -33.287  -9.694  -2.486 0.4285714328
60417  -29.458  -8.110  3.295 0.7142857313
61280  -26.998  -7.256  1.542 0.2857142985
61332  -32.628  -7.845  -3.838 0.2857142985
62071  -28.662  -5.774  2.388 0.5714285970
62102  -25.606  -6.870  0.011 0.1428571492
62947  -28.042  -5.193  1.893 0.4285714328
62978  -26.564  -4.779  0.628 0.2857142985
62992  -24.628  -5.963  -0.429 0.1428571492
62998  -22.898  -5.039  -1.089 0.1428571492
64656  -23.359  -3.012  -1.513 0.1428571492
65415  -28.220  -2.858  1.547 0.7142857313
65455  -22.988  -2.344  -1.630 0.1428571492
66206  -26.574  -1.452  0.196 0.2857142985
66221  -20.753  -1.449  -1.339 0.1428571492
66987  -28.541  -0.529  1.231 0.8571428657
67013  -25.742  -0.730  -0.689 0.2857142985
67028  -23.613  -0.662  -1.611 0.2857142985
67819  -30.153  0.739  0.777 0.8571428657
67820  -31.421  0.181  0.436 0.8571428657
67845  -32.216  0.244  -1.193 0.5714285970
68656  -26.725  1.279  -0.632 0.5714285970
68666  -22.371  0.714  -2.015 0.1428571492
68667  -25.230  1.094  -2.004 0.4285714328
69501  -29.950  2.229  0.437 0.8571428657
69512  -29.539  2.946  0.210 0.7142857313
69524  -32.042  2.823  -1.614 0.1428571492
70451  -31.195  3.267  -0.646 0.4285714328
71299  -29.666  4.272  -0.602 0.4285714328
72917  -27.951  6.218  -2.874 0.5714285970
72967  -26.924  6.314  -8.944 0.1428571492
73799  -28.786  6.236  -8.761 0.1428571492
75281  -22.954  10.642  -8.341 0.1428571492
102201  -32.533  -4.857  -1.149 0.7142857313
106413  -26.826  -2.862  0.625 0.2857142985
107565  -25.439  -2.617  -0.468 0.2857142985
110056  -25.323  -6.274  -0.164 0.1428571492
110976  -24.816  -21.645  7.716 0.2857142985
112516  -27.613  -4.789  1.456 0.4285714328
114558  -29.671  -6.589  3.134 0.7142857313
115855  -30.994  -8.784  3.218 0.8571428657
116166  -28.232  4.183  -1.239 0.7142857313
116357  -31.274  -2.064  -3.800 0.1428571492
116970  -28.401  3.793  -0.879 0.8571428657
117295  -30.753  -9.803  3.348 0.7142857313
118806  -31.097  -2.592  2.030 0.8571428657
119256  -28.246  -6.492  2.271 0.5714285970
120132  -30.383  -2.044  2.036 0.8571428657
