#!ascii label  , from subject sub-v1s6x0051372_ses-1 vox2ras=TkReg
377
53377  -29.521  -17.708  3.365 0.0000000000
104925  -28.119  -12.405  4.074 0.0000000000
108081  -26.303  -0.099  -0.418 0.0000000000
64606  -29.347  -3.183  2.335 0.0000000000
110922  -32.579  -8.112  1.319 0.0000000000
56932  -33.610  -13.848  -0.495 0.0000000000
67843  -24.678  0.519  -2.040 0.0000000000
107651  -31.236  -5.597  3.079 0.0000000000
60429  -28.599  -7.944  2.956 0.0000000000
55178  -28.515  -15.330  3.300 0.0000000000
56902  -30.692  -13.255  2.216 0.0000000000
54277  -31.339  -16.413  1.008 0.0000000000
49589  -25.280  -20.638  6.239 0.0000000000
53374  -26.793  -16.509  4.441 0.0000000000
72138  -21.932  5.849  -5.077 0.0000000000
72130  -25.468  5.126  -4.197 0.0000000000
70468  -27.019  3.887  -2.063 0.0000000000
70448  -29.081  3.583  -0.389 0.0000000000
68646  -30.572  1.470  0.455 0.0000000000
112479  -27.518  -1.980  0.906 0.0000000000
66209  -32.036  -1.300  0.325 0.0000000000
64627  -32.413  -3.502  0.286 0.0000000000
62125  -32.696  -6.523  -1.452 0.0000000000
59572  -32.904  -9.686  -2.228 0.0000000000
58616  -30.605  -10.509  3.463 0.0000000000
58642  -32.285  -11.273  0.070 0.0000000000
61264  -28.280  -7.213  2.491 0.0000000000
113369  -27.166  -8.629  2.284 0.0000000000
54263  -29.267  -16.480  2.464 0.0000000000
55185  -29.804  -16.319  1.799 0.0000000000
54264  -30.078  -16.937  2.023 0.0000000000
46814  -24.973  -22.912  10.809 0.0000000000
48590  -25.365  -21.297  9.682 0.0000000000
48605  -25.158  -21.418  8.401 0.0000000000
54251  -26.900  -15.787  4.300 0.0000000000
53373  -25.272  -16.259  4.963 0.0000000000
71337  -25.716  4.266  -3.472 0.0000000000
67830  -26.135  0.605  -0.828 0.0000000000
69509  -26.987  2.001  -0.819 0.0000000000
68657  -27.406  1.643  -0.130 0.0000000000
69500  -29.115  2.109  0.421 0.0000000000
116871  -27.741  0.487  0.535 0.0000000000
111111  -28.844  -2.627  2.027 0.0000000000
66193  -29.903  -1.221  1.749 0.0000000000
65416  -31.284  -2.061  1.613 0.0000000000
65432  -32.363  -2.710  -0.047 0.0000000000
64608  -31.369  -3.299  2.139 0.0000000000
62074  -31.908  -6.797  2.569 0.0000000000
62104  -32.793  -6.303  0.805 0.0000000000
105206  -32.957  -7.067  -0.004 0.0000000000
61312  -32.872  -8.135  -2.022 0.0000000000
60458  -32.604  -8.906  -0.641 0.0000000000
114504  -27.352  -11.256  3.797 0.0000000000
59522  -28.066  -9.659  3.368 0.0000000000
109466  -29.340  -11.334  3.870 0.0000000000
118978  -31.487  -13.240  0.804 0.0000000000
57750  -31.586  -12.127  1.474 0.0000000000
57762  -32.600  -12.465  -0.547 0.0000000000
58650  -33.164  -11.702  -1.595 0.0000000000
57763  -33.799  -12.812  -1.117 0.0000000000
50566  -26.641  -20.262  6.259 0.0000000000
49600  -26.105  -20.172  5.776 0.0000000000
117473  -26.875  -20.010  5.616 0.0000000000
51495  -27.232  -19.166  4.806 0.0000000000
62948  -28.835  -4.834  2.384 0.0000000000
63781  -29.912  -4.540  2.689 0.0000000000
62072  -29.554  -5.971  2.863 0.0000000000
61266  -30.168  -6.955  3.299 0.0000000000
60419  -31.232  -8.074  3.125 0.0000000000
103052  -27.951  -13.393  4.074 0.0000000000
56888  -29.619  -13.087  3.461 0.0000000000
56049  -29.979  -14.136  2.405 0.0000000000
56062  -30.631  -15.000  1.181 0.0000000000
56071  -32.022  -15.524  0.244 0.0000000000
49560  -25.776  -20.871  7.858 0.0000000000
56046  -26.929  -13.507  4.203 0.0000000000
55160  -27.069  -15.056  4.231 0.0000000000
54252  -27.795  -16.040  3.787 0.0000000000
53375  -28.186  -17.576  3.562 0.0000000000
72928  -23.057  6.947  -5.095 0.0000000000
71334  -22.094  4.635  -4.380 0.0000000000
71350  -24.065  4.966  -4.666 0.0000000000
72131  -26.458  5.805  -3.883 0.0000000000
72122  -27.582  5.549  -2.662 0.0000000000
72114  -28.839  5.467  -1.724 0.0000000000
69532  -25.816  2.462  -2.293 0.0000000000
70457  -27.654  3.631  -1.324 0.0000000000
71311  -29.366  4.904  -1.213 0.0000000000
70450  -30.562  3.460  -0.298 0.0000000000
69513  -31.024  2.632  -0.196 0.0000000000
117155  -31.980  1.026  -0.641 0.0000000000
67000  -27.162  -0.968  0.453 0.0000000000
67807  -29.118  0.017  1.211 0.0000000000
67809  -30.711  0.113  0.937 0.0000000000
67030  -32.204  -0.450  -0.845 0.0000000000
66234  -32.218  -1.825  -1.465 0.0000000000
63852  -32.123  -4.288  -2.418 0.0000000000
63800  -32.310  -4.692  1.579 0.0000000000
62993  -32.672  -5.076  -0.348 0.0000000000
59535  -27.284  -9.333  2.759 0.0000000000
59524  -29.536  -8.952  3.379 0.0000000000
60430  -31.639  -8.875  2.804 0.0000000000
57730  -31.095  -11.317  3.192 0.0000000000
58630  -31.963  -10.484  2.212 0.0000000000
60442  -32.443  -9.028  1.555 0.0000000000
59557  -32.503  -9.893  -0.528 0.0000000000
58679  -33.655  -10.673  -2.263 0.0000000000
119785  -26.200  -17.628  5.127 0.0000000000
52489  -28.002  -18.371  3.707 0.0000000000
52491  -29.091  -18.425  3.555 0.0000000000
53383  -29.489  -17.288  2.738 0.0000000000
53384  -30.045  -17.256  2.578 0.0000000000
120938  -29.860  -17.438  2.919 0.0000000000
47675  -25.608  -22.357  10.956 0.0000000000
47694  -24.947  -22.140  10.192 0.0000000000
48573  -25.730  -21.552  10.471 0.0000000000
67829  -25.420  -0.042  -1.012 0.0000000000
67831  -26.946  0.740  -0.000 0.0000000000
118050  -27.769  1.231  0.325 0.0000000000
67817  -27.020  -0.175  0.281 0.0000000000
64605  -28.537  -3.405  1.933 0.0000000000
64604  -27.839  -3.484  1.397 0.0000000000
119903  -29.622  -2.519  2.250 0.0000000000
64607  -30.401  -3.000  2.362 0.0000000000
106550  -31.660  -2.758  1.545 0.0000000000
61281  -32.348  -7.383  1.970 0.0000000000
61294  -32.750  -7.202  1.039 0.0000000000
60451  -32.761  -7.979  0.263 0.0000000000
57727  -27.464  -11.826  4.032 0.0000000000
108366  -28.240  -11.404  3.963 0.0000000000
56931  -32.811  -14.274  -0.245 0.0000000000
56918  -31.886  -12.979  0.353 0.0000000000
110474  -32.367  -12.962  -0.186 0.0000000000
56933  -35.000  -13.986  -0.509 0.0000000000
56919  -34.617  -14.825  -0.160 0.0000000000
62086  -27.814  -6.036  1.847 0.0000000000
119077  -29.433  -5.316  2.655 0.0000000000
103754  -28.924  -6.552  2.704 0.0000000000
61265  -29.293  -7.268  3.137 0.0000000000
61267  -31.077  -7.069  3.222 0.0000000000
61251  -30.264  -7.650  3.329 0.0000000000
56047  -28.630  -14.228  3.638 0.0000000000
56048  -29.309  -14.105  3.207 0.0000000000
104833  -29.117  -15.245  2.816 0.0000000000
54272  -30.745  -16.476  1.490 0.0000000000
55186  -30.214  -15.747  1.445 0.0000000000
55193  -31.027  -16.287  0.860 0.0000000000
119021  -31.291  -15.619  0.625 0.0000000000
55194  -31.880  -16.191  0.859 0.0000000000
55195  -32.854  -16.008  0.165 0.0000000000
115283  -31.638  -16.354  0.977 0.0000000000
117165  -24.359  -23.515  10.559 0.0000000000
49561  -26.633  -20.194  8.300 0.0000000000
111333  -26.744  -14.222  4.250 0.0000000000
108195  -27.655  -16.647  3.994 0.0000000000
117826  -28.445  -16.979  3.294 0.0000000000
72927  -22.478  6.446  -4.875 0.0000000000
72139  -22.770  6.223  -5.104 0.0000000000
72929  -23.836  6.679  -5.344 0.0000000000
71336  -24.599  4.176  -4.191 0.0000000000
71335  -23.102  4.461  -4.522 0.0000000000
72140  -24.232  5.769  -5.069 0.0000000000
72141  -25.709  6.016  -4.617 0.0000000000
71320  -26.485  4.117  -2.799 0.0000000000
72121  -26.632  5.104  -3.209 0.0000000000
71321  -27.262  4.696  -2.394 0.0000000000
72123  -28.367  5.790  -2.363 0.0000000000
71322  -28.013  5.167  -1.967 0.0000000000
69520  -25.745  1.785  -1.930 0.0000000000
69510  -27.810  2.410  -0.369 0.0000000000
69522  -27.324  2.773  -1.093 0.0000000000
70447  -28.169  3.170  -0.666 0.0000000000
71298  -28.892  4.312  -0.887 0.0000000000
71300  -30.228  4.081  -0.488 0.0000000000
70449  -29.907  3.631  -0.112 0.0000000000
68645  -29.611  1.386  0.617 0.0000000000
69502  -30.598  2.254  0.245 0.0000000000
68659  -31.107  1.875  0.103 0.0000000000
104585  -31.580  1.824  -0.414 0.0000000000
68647  -31.443  1.087  0.130 0.0000000000
65430  -27.491  -2.685  1.081 0.0000000000
65429  -26.835  -2.148  0.449 0.0000000000
66207  -27.215  -1.608  0.573 0.0000000000
67001  -27.778  -0.390  0.759 0.0000000000
66208  -27.857  -1.278  1.051 0.0000000000
66194  -30.866  -1.330  1.506 0.0000000000
66989  -30.397  -0.556  1.366 0.0000000000
66990  -31.343  -0.683  0.886 0.0000000000
67014  -31.975  -0.508  0.056 0.0000000000
110989  -32.162  -1.046  -1.405 0.0000000000
66224  -32.234  -1.171  -0.593 0.0000000000
64645  -32.416  -3.442  -0.739 0.0000000000
65448  -32.336  -2.662  -1.066 0.0000000000
64658  -32.286  -3.440  -1.727 0.0000000000
63847  -32.389  -4.224  -1.450 0.0000000000
63782  -31.030  -4.741  2.906 0.0000000000
104920  -31.662  -4.184  2.286 0.0000000000
63799  -31.826  -5.122  2.418 0.0000000000
62118  -32.831  -6.137  -0.384 0.0000000000
62979  -32.678  -5.352  0.681 0.0000000000
63000  -32.634  -5.669  -1.291 0.0000000000
101759  -32.238  -5.256  -2.138 0.0000000000
104791  -32.336  -6.417  -2.254 0.0000000000
60467  -33.024  -9.051  -2.547 0.0000000000
59584  -33.893  -9.308  -2.751 0.0000000000
59534  -26.554  -9.265  2.180 0.0000000000
107732  -29.083  -9.702  3.502 0.0000000000
110428  -29.984  -9.735  3.460 0.0000000000
59525  -30.453  -9.169  3.342 0.0000000000
59526  -31.238  -9.422  3.131 0.0000000000
56889  -30.234  -12.895  3.140 0.0000000000
57728  -29.980  -12.211  3.679 0.0000000000
57729  -30.649  -12.152  3.188 0.0000000000
57741  -31.856  -11.196  1.650 0.0000000000
58631  -32.153  -10.693  1.233 0.0000000000
59538  -32.243  -9.808  1.819 0.0000000000
59549  -32.368  -10.034  0.658 0.0000000000
58649  -32.406  -10.956  -0.733 0.0000000000
58666  -34.193  -11.351  -1.847 0.0000000000
58665  -33.195  -11.080  -2.151 0.0000000000
59565  -34.665  -10.452  -1.887 0.0000000000
51496  -27.998  -19.439  4.731 0.0000000000
51510  -27.959  -19.130  4.006 0.0000000000
51511  -28.504  -19.193  4.204 0.0000000000
119214  -28.644  -18.901  3.710 0.0000000000
51512  -29.075  -18.914  4.146 0.0000000000
62070  -27.662  -6.825  1.886 0.0000000000
60428  -27.026  -7.955  1.840 0.0000000000
108129  -27.785  -7.973  2.424 0.0000000000
54273  -31.183  -16.424  1.347 0.0000000000
54265  -30.446  -16.723  2.001 0.0000000000
54254  -30.443  -16.618  3.145 0.0000000000
55159  -26.080  -15.029  4.319 0.0000000000
54250  -25.877  -15.684  4.595 0.0000000000
108734  -26.109  -16.448  4.993 0.0000000000
72129  -21.916  5.336  -4.518 0.0000000000
70477  -25.022  3.399  -3.561 0.0000000000
117289  -25.808  3.563  -3.085 0.0000000000
70467  -26.241  3.309  -2.536 0.0000000000
68668  -26.111  1.370  -1.351 0.0000000000
69511  -28.689  2.723  -0.022 0.0000000000
68658  -28.237  1.922  0.233 0.0000000000
108243  -28.612  1.163  0.598 0.0000000000
65431  -28.279  -2.079  1.492 0.0000000000
66192  -28.844  -1.254  1.561 0.0000000000
108226  -29.281  -1.910  1.981 0.0000000000
66195  -31.614  -1.586  1.063 0.0000000000
65417  -32.111  -2.075  0.526 0.0000000000
117542  -31.791  -2.235  1.151 0.0000000000
65418  -32.152  -2.795  0.837 0.0000000000
62962  -31.928  -5.998  2.454 0.0000000000
62963  -32.416  -5.654  1.640 0.0000000000
62087  -32.426  -6.539  1.746 0.0000000000
103568  -32.811  -7.152  -1.142 0.0000000000
61306  -32.745  -7.976  -0.864 0.0000000000
60466  -32.771  -8.949  -1.743 0.0000000000
58629  -27.151  -10.079  3.149 0.0000000000
58613  -27.705  -10.590  3.604 0.0000000000
58614  -28.672  -10.489  3.685 0.0000000000
58615  -29.650  -10.477  3.633 0.0000000000
56903  -31.224  -12.941  1.580 0.0000000000
57739  -31.200  -12.117  2.513 0.0000000000
57751  -31.968  -11.832  0.536 0.0000000000
106917  -32.645  -11.918  -0.995 0.0000000000
115354  -34.357  -12.146  -1.416 0.0000000000
58651  -35.173  -11.767  -0.980 0.0000000000
57764  -35.088  -12.854  -0.822 0.0000000000
49590  -25.994  -20.600  6.359 0.0000000000
109518  -26.690  -19.759  5.313 0.0000000000
50585  -27.415  -19.707  5.281 0.0000000000
50586  -27.993  -19.586  5.435 0.0000000000
106166  -28.182  -4.266  1.782 0.0000000000
63798  -29.079  -3.976  2.367 0.0000000000
64586  -29.909  -3.698  2.527 0.0000000000
62949  -30.318  -5.377  3.035 0.0000000000
62073  -30.524  -6.252  3.270 0.0000000000
117785  -31.391  -6.323  3.090 0.0000000000
122523  -31.800  -7.506  2.694 0.0000000000
104469  -29.067  -12.262  3.995 0.0000000000
56887  -28.844  -13.242  3.833 0.0000000000
119377  -29.573  -15.173  2.180 0.0000000000
56063  -31.194  -14.247  0.813 0.0000000000
56917  -31.955  -14.234  0.245 0.0000000000
56079  -33.459  -15.662  -0.290 0.0000000000
56080  -33.861  -15.388  -0.210 0.0000000000
55196  -33.415  -15.783  -0.194 0.0000000000
55187  -31.615  -16.022  1.646 0.0000000000
45961  -24.191  -24.164  10.955 0.0000000000
49578  -24.885  -21.283  6.745 0.0000000000
48621  -25.142  -21.388  7.376 0.0000000000
49579  -25.593  -20.977  6.856 0.0000000000
49580  -26.301  -20.552  7.063 0.0000000000
56886  -27.157  -12.569  4.108 0.0000000000
55177  -27.759  -14.463  4.038 0.0000000000
55161  -27.939  -15.444  3.730 0.0000000000
54253  -28.514  -16.348  3.062 0.0000000000
53376  -28.953  -17.833  3.185 0.0000000000
71333  -21.974  4.723  -3.927 0.0000000000
71348  -21.955  5.229  -4.926 0.0000000000
71349  -22.541  5.440  -5.076 0.0000000000
107536  -24.916  6.418  -5.271 0.0000000000
72923  -27.281  6.031  -3.347 0.0000000000
72924  -27.953  6.408  -3.547 0.0000000000
72918  -28.624  6.251  -2.785 0.0000000000
111169  -29.019  5.962  -2.153 0.0000000000
72115  -29.728  5.572  -1.766 0.0000000000
70456  -26.768  3.069  -1.805 0.0000000000
69521  -26.483  2.245  -1.575 0.0000000000
71309  -27.732  4.432  -1.667 0.0000000000
71310  -28.508  4.755  -1.440 0.0000000000
71312  -30.276  4.730  -1.056 0.0000000000
70459  -31.580  3.469  -1.333 0.0000000000
70442  -30.261  2.948  0.202 0.0000000000
113679  -26.024  -1.246  -0.331 0.0000000000
66999  -26.429  -0.806  -0.044 0.0000000000
113838  -28.509  0.248  0.910 0.0000000000
67818  -29.303  0.636  0.929 0.0000000000
66988  -29.442  -0.549  1.439 0.0000000000
67808  -29.851  0.094  1.171 0.0000000000
107331  -30.897  0.721  0.569 0.0000000000
67832  -31.936  0.266  -0.295 0.0000000000
66210  -32.309  -1.937  -0.359 0.0000000000
65460  -32.178  -2.698  -2.010 0.0000000000
101728  -31.578  -3.357  -3.295 0.0000000000
64665  -31.645  -4.270  -3.256 0.0000000000
64587  -30.780  -3.874  2.601 0.0000000000
64609  -32.127  -3.618  1.401 0.0000000000
63819  -32.527  -4.382  0.555 0.0000000000
63836  -32.515  -4.221  -0.473 0.0000000000
61313  -32.980  -8.278  -3.112 0.0000000000
59536  -28.039  -8.692  2.977 0.0000000000
59523  -28.705  -9.078  3.339 0.0000000000
60416  -28.842  -8.518  3.264 0.0000000000
60418  -30.327  -8.445  3.332 0.0000000000
61268  -32.149  -8.276  2.347 0.0000000000
110923  -30.314  -11.353  3.625 0.0000000000
57740  -31.601  -11.247  2.474 0.0000000000
58617  -31.439  -10.359  3.057 0.0000000000
59537  -31.862  -9.666  2.603 0.0000000000
60431  -32.165  -9.114  2.279 0.0000000000
112192  -32.532  -8.952  0.487 0.0000000000
59563  -32.649  -9.830  -1.638 0.0000000000
58664  -32.706  -10.717  -1.656 0.0000000000
59564  -32.953  -10.378  -2.259 0.0000000000
120942  -33.428  -10.224  -2.368 0.0000000000
52487  -25.717  -17.121  5.236 0.0000000000
52488  -26.605  -17.364  4.723 0.0000000000
52478  -27.301  -18.398  4.229 0.0000000000
103044  -27.412  -17.443  4.076 0.0000000000
52490  -28.652  -18.315  3.452 0.0000000000
56078  -33.023  -15.837  -0.233 0.0000000000
59573  -33.287  -9.694  -2.486 0.0000000000
60417  -29.458  -8.110  3.295 0.0000000000
62071  -28.662  -5.774  2.388 0.0000000000
62947  -28.042  -5.193  1.893 0.0000000000
65415  -28.220  -2.858  1.547 0.0000000000
66987  -28.541  -0.529  1.231 0.0000000000
67819  -30.153  0.739  0.777 0.0000000000
67820  -31.421  0.181  0.436 0.0000000000
67845  -32.216  0.244  -1.193 0.0000000000
68656  -26.725  1.279  -0.632 0.0000000000
68667  -25.230  1.094  -2.004 0.0000000000
69501  -29.950  2.229  0.437 0.0000000000
69512  -29.539  2.946  0.210 0.0000000000
70451  -31.195  3.267  -0.646 0.0000000000
71299  -29.666  4.272  -0.602 0.0000000000
72917  -27.951  6.218  -2.874 0.0000000000
102201  -32.533  -4.857  -1.149 0.0000000000
112516  -27.613  -4.789  1.456 0.0000000000
114558  -29.671  -6.589  3.134 0.0000000000
115855  -30.994  -8.784  3.218 0.0000000000
116166  -28.232  4.183  -1.239 0.0000000000
116970  -28.401  3.793  -0.879 0.0000000000
117295  -30.753  -9.803  3.348 0.0000000000
118806  -31.097  -2.592  2.030 0.0000000000
119256  -28.246  -6.492  2.271 0.0000000000
120132  -30.383  -2.044  2.036 0.0000000000
