#!ascii label  , from subject sub-v1s6x0051372_ses-1 vox2ras=TkReg
1071
61001  16.917  -12.232  3.429 0.2500000000
60080  17.124  -13.163  3.449 0.7500000000
63691  17.075  -9.255  2.892 0.2500000000
122641  17.104  -9.645  2.903 0.1250000000
102151  17.338  -9.265  2.443 0.3750000000
62852  16.998  -10.305  3.152 0.2500000000
61926  16.831  -11.239  3.434 0.2500000000
113973  17.507  -12.576  2.836 0.7500000000
118947  17.323  -11.604  2.826 0.3750000000
60089  17.704  -13.532  2.842 0.8750000000
59212  18.390  -13.897  2.346 0.8750000000
62851  17.387  -10.032  2.439 0.3750000000
61949  17.740  -10.839  2.164 0.3750000000
61948  18.339  -11.301  1.543 0.8750000000
60115  20.016  -13.229  0.765 1.0000000000
60100  19.298  -12.690  1.222 1.0000000000
61020  17.927  -11.934  2.200 0.8750000000
59231  19.190  -14.210  1.842 1.0000000000
60088  18.143  -12.934  2.263 0.8750000000
59229  20.393  -14.743  1.302 1.0000000000
101928  17.537  -8.808  1.923 0.2500000000
62862  18.083  -10.279  1.402 0.7500000000
61966  18.714  -10.786  0.852 0.8750000000
121612  17.763  -10.112  1.937 0.7500000000
61032  20.481  -12.472  0.179 1.0000000000
61033  19.729  -12.169  0.521 1.0000000000
61034  19.058  -11.713  1.071 1.0000000000
60113  21.432  -13.735  0.603 1.0000000000
60114  20.869  -13.359  0.424 1.0000000000
59246  20.953  -14.303  0.792 1.0000000000
119640  19.452  -13.494  1.382 1.0000000000
101925  17.262  -8.807  2.474 0.1250000000
118830  17.958  -9.646  1.060 0.6250000000
62875  19.140  -10.362  0.258 1.0000000000
62876  18.353  -10.026  0.650 0.8750000000
61965  19.429  -11.219  0.348 1.0000000000
60126  22.069  -12.709  0.094 1.0000000000
60128  21.028  -12.601  -0.107 1.0000000000
61045  20.163  -11.588  -0.078 1.0000000000
60112  22.465  -13.087  0.723 1.0000000000
111948  21.881  -13.290  0.472 1.0000000000
59226  24.517  -14.306  1.818 1.0000000000
59244  22.073  -13.886  0.999 1.0000000000
66153  19.366  -6.879  0.085 0.2500000000
101927  17.349  -8.257  2.183 0.2500000000
64581  17.773  -8.750  1.230 0.3750000000
63729  18.928  -9.320  0.040 1.0000000000
62890  18.787  -9.795  0.233 1.0000000000
61984  21.299  -10.784  -1.052 1.0000000000
62888  20.317  -10.298  -0.715 1.0000000000
61031  22.788  -12.396  0.386 1.0000000000
61042  22.323  -12.024  -0.225 1.0000000000
61973  21.796  -11.452  -0.697 1.0000000000
61029  24.372  -12.002  1.203 1.0000000000
60097  24.675  -13.409  1.688 1.0000000000
61947  25.144  -11.892  1.495 1.0000000000
60096  25.527  -13.301  1.668 1.0000000000
106007  19.963  -6.933  -0.679 0.5000000000
65374  18.857  -7.377  0.495 0.3750000000
107314  18.443  -7.936  0.716 0.5000000000
64579  19.074  -8.183  0.101 0.5000000000
63743  20.370  -8.915  -0.983 0.8750000000
63727  20.290  -9.570  -0.835 1.0000000000
64609  20.975  -8.747  -1.655 1.0000000000
120661  22.070  -10.827  -0.987 1.0000000000
62901  20.731  -9.894  -1.160 1.0000000000
62874  23.996  -10.896  0.235 1.0000000000
109351  23.358  -10.821  -0.262 1.0000000000
61961  26.408  -11.147  1.540 1.0000000000
123490  24.659  -11.476  1.142 1.0000000000
61016  25.727  -12.483  1.647 0.8750000000
66172  20.407  -6.456  -1.032 0.5000000000
65373  19.531  -7.545  -0.359 0.5000000000
65405  20.877  -7.247  -1.528 0.6250000000
65404  21.328  -7.386  -1.819 0.6250000000
64618  21.337  -8.097  -1.875 1.0000000000
64611  20.468  -8.371  -1.190 0.7500000000
64608  22.257  -8.793  -1.823 1.0000000000
63713  26.279  -9.250  0.959 1.0000000000
63714  25.140  -9.264  0.568 1.0000000000
63715  24.225  -9.620  0.205 1.0000000000
63739  22.695  -9.485  -1.209 1.0000000000
120569  25.574  -9.936  1.015 1.0000000000
111943  24.623  -10.248  0.501 1.0000000000
62886  23.792  -10.236  -0.053 1.0000000000
62872  27.633  -10.179  1.280 0.8750000000
109657  25.978  -10.535  1.396 1.0000000000
118480  26.813  -11.711  1.560 0.8750000000
117883  20.516  -6.976  -1.199 0.5000000000
66196  21.777  -6.659  -2.194 0.8750000000
66171  23.727  -6.826  -0.875 1.0000000000
65403  22.597  -7.963  -1.832 1.0000000000
64576  26.041  -8.544  0.657 1.0000000000
64595  24.909  -7.591  0.181 1.0000000000
64607  23.062  -8.660  -1.249 1.0000000000
65389  27.718  -7.411  0.212 1.0000000000
63711  28.098  -9.459  0.742 1.0000000000
63712  27.297  -9.340  1.140 1.0000000000
65371  26.832  -7.902  0.649 1.0000000000
119880  27.746  -8.875  0.796 1.0000000000
66185  20.880  -6.502  -1.515 0.5000000000
66184  21.378  -6.630  -1.829 0.8750000000
66923  24.727  -5.146  -0.622 1.0000000000
66182  24.187  -5.937  -0.695 1.0000000000
66194  22.761  -6.164  -2.141 1.0000000000
66180  28.223  -5.924  -1.422 1.0000000000
66168  26.899  -6.047  -0.098 1.0000000000
66179  28.377  -6.686  -1.023 1.0000000000
66167  27.881  -6.072  -0.584 1.0000000000
107892  27.497  -6.633  -0.008 1.0000000000
64606  28.513  -8.182  -1.114 1.0000000000
66166  28.065  -6.817  -0.358 1.0000000000
105026  28.589  -8.815  -0.612 0.8750000000
121990  23.288  -1.697  -3.404 1.0000000000
103020  22.696  -1.815  -3.344 0.3750000000
69372  24.188  -2.024  -3.026 0.8750000000
114840  25.064  -3.946  -1.354 1.0000000000
66922  27.741  -5.217  -1.072 1.0000000000
67693  27.093  -4.895  -0.811 1.0000000000
70239  24.521  -0.450  -4.005 0.8750000000
70230  24.968  -1.449  -3.421 1.0000000000
70229  26.041  -1.470  -2.893 1.0000000000
69371  25.469  -1.933  -2.648 1.0000000000
105549  25.967  -3.713  -1.297 1.0000000000
110533  27.716  -4.577  -2.031 1.0000000000
117930  27.426  -3.870  -1.942 1.0000000000
66947  28.156  -5.072  -2.718 1.0000000000
71060  25.398  0.001  -4.015 0.7500000000
70237  26.495  -1.201  -3.369 1.0000000000
69379  26.789  -1.867  -2.931 1.0000000000
68576  27.833  -3.277  -4.469 1.0000000000
68562  27.611  -3.203  -3.428 1.0000000000
68548  27.267  -3.112  -2.405 1.0000000000
70245  26.838  -1.015  -4.001 1.0000000000
70236  27.120  -1.717  -3.547 1.0000000000
69387  27.508  -2.407  -3.913 1.0000000000
106850  24.578  5.030  -4.531 0.1250000000
75822  24.780  5.403  -3.957 0.1250000000
122141  24.929  4.986  -6.329 0.2500000000
111430  24.593  5.288  -5.260 0.1250000000
110739  24.952  5.253  -6.842 0.3750000000
75838  24.473  6.159  -5.509 0.2500000000
75851  24.694  5.822  -7.777 0.5000000000
75845  25.002  6.287  -7.151 0.2500000000
76535  25.207  6.412  -8.404 0.3750000000
76514  24.527  6.546  -5.015 0.2500000000
76530  24.624  6.557  -6.299 0.2500000000
76522  24.390  7.066  -5.679 0.2500000000
77140  24.393  8.074  -5.935 0.2500000000
76534  25.603  7.083  -8.020 0.2500000000
77148  25.913  7.574  -7.449 0.2500000000
76529  25.261  7.149  -7.012 0.2500000000
76538  25.954  6.752  -9.013 0.3750000000
76533  26.151  7.192  -8.409 0.2500000000
106127  16.598  -11.919  3.743 0.1250000000
112369  16.864  -9.837  3.230 0.1250000000
59228  22.647  -14.400  1.674 1.0000000000
66195  22.181  -6.604  -2.358 0.8750000000
66169  25.837  -6.387  0.014 1.0000000000
60987  15.986  -12.368  5.028 0.1250000000
59200  17.308  -14.037  3.440 0.6250000000
58312  18.072  -15.266  3.196 0.7500000000
63675  15.813  -8.978  4.171 0.1250000000
58310  19.211  -15.749  2.445 1.0000000000
111707  16.638  -11.284  3.701 0.1250000000
112430  19.733  -14.737  1.596 1.0000000000
58322  21.572  -15.142  1.531 1.0000000000
58319  24.291  -15.267  2.078 1.0000000000
101929  17.512  -8.108  1.827 0.3750000000
65365  18.275  -7.335  1.307 0.2500000000
60095  26.382  -13.150  1.500 0.8750000000
61959  28.207  -11.677  1.142 0.8750000000
61015  26.610  -12.352  1.540 0.8750000000
62885  28.786  -10.389  -0.288 0.8750000000
69365  21.356  -1.913  -2.502 0.1250000000
69375  22.020  -2.821  -2.922 0.1250000000
66927  20.892  -5.688  -1.511 0.3750000000
115118  22.056  -5.071  -2.691 0.6250000000
65388  28.334  -7.444  -0.624 1.0000000000
63726  28.649  -9.592  -0.206 0.8750000000
70231  23.823  -1.262  -3.821 0.8750000000
69374  22.385  -2.649  -3.079 0.3750000000
68550  22.299  -3.225  -2.878 0.8750000000
66193  28.285  -5.882  -2.381 1.0000000000
66946  28.349  -5.854  -3.328 1.0000000000
119569  28.313  -4.938  -3.860 1.0000000000
70238  25.688  -0.799  -3.471 1.0000000000
110796  28.075  -3.923  -3.861 1.0000000000
71067  25.852  0.291  -4.284 0.8750000000
71079  27.099  -0.036  -5.981 1.0000000000
70253  27.477  -1.577  -5.225 1.0000000000
111827  27.707  -3.104  -5.430 1.0000000000
75113  24.865  5.056  -3.098 0.1250000000
111832  24.467  4.358  -4.898 0.1250000000
74394  25.366  3.583  -6.287 0.6250000000
75145  24.887  4.937  -7.579 0.6250000000
75161  24.871  4.890  -9.396 0.5000000000
75830  24.590  5.791  -4.737 0.2500000000
75861  25.738  6.081  -10.340 0.5000000000
76513  24.621  7.333  -5.033 0.2500000000
75854  25.555  6.259  -9.479 0.5000000000
76539  26.027  6.590  -9.988 0.5000000000
77146  25.228  7.869  -6.698 0.2500000000
77147  26.349  7.603  -7.377 0.2500000000
76537  26.132  6.802  -9.335 0.3750000000
76532  26.630  7.003  -8.068 0.2500000000
77775  25.050  8.649  -6.348 0.1250000000
61002  16.618  -12.915  3.905 0.3750000000
60081  16.729  -13.751  3.986 0.5000000000
62838  16.738  -10.602  3.508 0.1250000000
59213  17.897  -14.434  2.935 0.7500000000
60101  18.798  -13.281  1.749 0.8750000000
58311  18.679  -14.902  2.543 1.0000000000
58331  21.004  -15.029  1.285 1.0000000000
59245  21.431  -14.470  1.030 1.0000000000
63716  18.113  -9.376  0.631 0.8750000000
61975  20.516  -11.096  -0.628 1.0000000000
60111  23.214  -12.780  1.100 1.0000000000
61043  21.467  -12.194  -0.376 1.0000000000
61974  21.075  -11.367  -0.778 1.0000000000
60098  23.784  -13.456  1.593 1.0000000000
59227  23.544  -14.298  1.886 1.0000000000
64567  17.949  -8.083  1.318 0.3750000000
64580  18.356  -8.687  0.507 0.5000000000
63728  19.642  -9.198  -0.603 0.8750000000
62889  19.503  -9.927  -0.390 1.0000000000
124060  20.997  -10.206  -1.293 1.0000000000
61018  24.067  -12.685  1.367 1.0000000000
61041  22.996  -11.812  0.121 1.0000000000
61964  23.492  -11.398  0.134 1.0000000000
61963  24.110  -11.475  0.612 1.0000000000
61946  25.999  -11.771  1.600 1.0000000000
64597  19.801  -8.414  -0.703 0.6250000000
65393  20.335  -7.675  -1.063 0.6250000000
63742  20.711  -9.230  -1.338 1.0000000000
64617  21.908  -8.101  -2.174 1.0000000000
62887  23.100  -10.173  -0.639 1.0000000000
62899  22.335  -10.191  -1.137 1.0000000000
63740  21.832  -9.536  -1.611 1.0000000000
104451  24.592  -10.974  0.780 1.0000000000
61960  27.474  -11.181  1.486 0.8750000000
61028  27.241  -12.930  1.191 0.8750000000
65413  22.219  -7.413  -2.201 1.0000000000
108110  27.035  -8.652  0.908 1.0000000000
113576  23.550  -9.369  -0.453 1.0000000000
64577  25.075  -8.352  0.404 1.0000000000
105702  28.192  -10.892  1.151 0.8750000000
66170  24.771  -6.774  -0.280 1.0000000000
65412  22.846  -6.973  -1.780 1.0000000000
65392  24.136  -7.594  -0.436 1.0000000000
65372  25.816  -7.734  0.479 1.0000000000
64596  23.767  -8.403  -0.468 1.0000000000
65391  25.547  -7.059  0.281 1.0000000000
64575  27.703  -8.287  0.505 1.0000000000
66938  21.810  -5.871  -2.336 0.6250000000
66936  22.385  -5.682  -2.450 0.7500000000
66925  23.011  -5.477  -2.151 1.0000000000
66183  23.378  -6.094  -1.574 1.0000000000
66924  23.741  -5.157  -1.446 1.0000000000
67709  24.451  -4.447  -1.254 1.0000000000
67708  25.585  -4.447  -0.800 1.0000000000
66910  25.779  -5.257  -0.486 1.0000000000
109924  28.436  -6.714  -2.073 1.0000000000
66908  27.325  -5.513  -0.596 1.0000000000
110322  26.084  -5.801  -0.274 1.0000000000
69364  23.916  -2.671  -1.966 1.0000000000
69373  22.901  -2.424  -3.015 0.7500000000
67710  23.519  -4.166  -1.785 1.0000000000
68539  24.115  -3.615  -1.634 1.0000000000
68538  25.054  -3.278  -1.658 1.0000000000
67707  26.653  -4.222  -0.960 1.0000000000
71059  26.174  -0.461  -3.806 0.8750000000
69363  25.072  -2.422  -1.985 1.0000000000
69370  26.424  -2.086  -2.432 1.0000000000
68536  26.898  -3.488  -1.550 1.0000000000
68537  26.043  -2.989  -1.729 1.0000000000
71065  27.186  -0.908  -4.783 1.0000000000
123969  26.974  -2.391  -2.507 1.0000000000
70244  27.350  -1.630  -4.341 1.0000000000
106016  27.052  -0.364  -5.216 1.0000000000
71066  26.583  -0.255  -4.544 1.0000000000
75114  24.388  4.476  -3.793 0.1250000000
75829  24.952  6.396  -4.226 0.2500000000
75136  24.702  5.539  -6.171 0.2500000000
75129  24.854  4.791  -5.778 0.3750000000
75135  25.083  4.481  -6.510 0.5000000000
75146  24.918  5.611  -8.742 0.5000000000
117806  16.116  -12.548  6.082 0.1250000000
60053  15.875  -12.861  5.815 0.1250000000
59201  17.011  -14.426  3.979 0.6250000000
109827  17.479  -14.837  3.560 0.7500000000
58324  19.373  -15.023  2.054 1.0000000000
67711  21.762  -4.876  -2.461 0.6250000000
120405  23.095  -4.786  -2.185 0.8750000000
67723  22.202  -4.093  -2.829 0.7500000000
67722  22.714  -4.093  -2.549 0.8750000000
68551  22.178  -3.387  -2.901 0.7500000000
68540  23.160  -3.340  -2.315 1.0000000000
103193  26.721  0.116  -5.238 1.0000000000
71092  27.058  -0.070  -7.026 1.0000000000
69411  27.418  -2.327  -6.731 1.0000000000
74376  24.228  3.617  -4.231 0.3750000000
74414  25.525  3.465  -8.038 0.7500000000
74404  25.191  3.969  -7.280 0.7500000000
75160  25.097  4.436  -8.332 0.7500000000
75852  26.371  6.562  -9.278 0.3750000000
54556  18.783  -18.815  4.360 0.7500000000
54554  20.304  -19.562  3.702 0.7500000000
55509  18.148  -18.416  4.574 0.7500000000
121422  17.709  -18.045  4.748 0.7500000000
54566  20.442  -18.744  3.310 0.7500000000
121962  19.184  -18.478  3.887 0.7500000000
55522  18.682  -18.116  4.055 0.7500000000
56486  18.123  -17.769  4.325 0.7500000000
123765  21.007  -18.789  3.224 0.7500000000
55521  19.241  -17.868  3.450 0.7500000000
58298  17.579  -15.623  3.744 0.7500000000
56512  19.018  -17.026  3.271 0.7500000000
57416  19.386  -16.563  2.671 0.8750000000
58297  18.179  -16.030  3.390 0.8750000000
54565  21.716  -18.942  3.131 0.7500000000
55536  20.842  -18.253  2.981 0.7500000000
56510  20.562  -17.365  2.585 0.7500000000
57426  19.778  -16.126  2.215 0.8750000000
56508  22.756  -17.699  2.654 0.7500000000
110270  22.131  -17.076  2.574 0.7500000000
57414  21.330  -16.832  2.371 0.8750000000
58323  19.898  -15.470  1.779 0.8750000000
57412  22.872  -16.819  2.550 0.7500000000
57413  22.032  -16.357  2.304 0.8750000000
57424  21.932  -15.675  1.984 0.8750000000
57423  24.404  -16.306  2.044 0.8750000000
58308  23.749  -15.809  2.297 0.8750000000
58336  27.156  -16.342  -0.810 0.3750000000
58329  26.456  -15.795  0.383 0.6250000000
59243  26.028  -14.993  1.119 0.7500000000
59225  25.383  -14.235  1.587 0.7500000000
122527  27.742  -16.031  -1.167 0.5000000000
58328  27.099  -15.456  -0.068 0.5000000000
118601  27.665  -14.528  0.165 0.7500000000
60110  27.015  -13.826  0.918 0.7500000000
58347  29.004  -15.642  -2.518 0.1250000000
59266  28.674  -14.878  -1.638 0.3750000000
59255  28.282  -14.616  -0.794 0.6250000000
60109  27.820  -13.531  0.522 0.6250000000
61027  28.046  -12.617  0.870 0.6250000000
57455  30.018  -15.761  -3.201 0.1250000000
58346  29.464  -15.297  -2.929 0.1250000000
60136  29.273  -13.590  -1.397 0.1250000000
60146  30.402  -13.377  -2.363 0.1250000000
61054  29.583  -12.367  -1.200 0.6250000000
61970  29.138  -11.806  -0.616 0.6250000000
61971  28.569  -11.153  0.104 0.7500000000
59271  30.345  -14.203  -3.075 0.1250000000
61069  31.674  -12.800  -3.813 0.1250000000
107446  30.692  -12.057  -2.411 0.1250000000
61983  29.635  -11.506  -1.301 0.5000000000
62884  29.219  -10.906  -0.740 0.6250000000
62898  29.180  -10.106  -0.888 0.7500000000
59278  30.864  -14.779  -3.648 0.1250000000
61993  30.063  -11.243  -2.102 0.5000000000
62907  29.604  -10.373  -2.367 0.5000000000
63737  29.262  -9.880  -1.736 0.6250000000
63738  28.960  -9.374  -1.126 0.7500000000
115656  24.476  0.436  -4.329 0.6250000000
71951  25.518  1.026  -4.768 0.5000000000
71950  26.229  0.532  -4.896 0.7500000000
63755  28.898  -9.513  -3.710 0.6250000000
64623  28.502  -8.172  -3.141 0.6250000000
65411  28.503  -7.520  -2.508 0.8750000000
63761  28.602  -9.455  -4.617 0.5000000000
64629  28.530  -8.780  -4.054 0.6250000000
116744  28.338  -8.029  -3.891 0.6250000000
71959  26.025  1.257  -5.352 0.7500000000
121812  28.464  -7.043  -2.725 0.8750000000
67739  28.107  -4.302  -4.700 0.8750000000
65424  28.200  -7.518  -4.245 0.7500000000
66208  28.276  -6.090  -4.325 0.8750000000
66958  28.050  -5.533  -5.205 0.8750000000
67745  27.759  -4.614  -5.669 0.8750000000
68595  27.589  -3.877  -6.036 0.8750000000
106636  28.291  -9.875  -5.577 0.3750000000
64637  28.019  -9.205  -5.142 0.5000000000
64638  27.487  -8.819  -5.840 0.5000000000
65425  27.774  -7.684  -5.196 0.6250000000
63768  27.556  -10.004  -6.661 0.2500000000
120605  27.601  -9.584  -6.066 0.3750000000
65431  27.216  -8.133  -6.110 0.5000000000
72758  25.819  1.855  -5.723 0.6250000000
72777  25.966  2.083  -7.077 0.7500000000
71958  26.570  0.688  -5.693 0.8750000000
72766  26.276  1.477  -6.245 0.7500000000
71969  26.718  0.662  -6.583 0.8750000000
69405  27.573  -2.320  -5.762 0.8750000000
68603  27.452  -3.941  -7.079 0.8750000000
66209  27.899  -6.683  -5.206 0.6250000000
66214  27.518  -6.620  -6.163 0.7500000000
64645  26.933  -8.966  -6.714 0.3750000000
65438  26.895  -8.259  -6.879 0.5000000000
66968  27.102  -5.649  -7.212 0.7500000000
63776  27.081  -9.961  -7.122 0.2500000000
116887  25.429  2.420  -5.672 0.6250000000
72776  26.389  1.297  -7.243 0.8750000000
71992  26.351  0.291  -8.232 0.8750000000
71105  26.968  -0.894  -7.549 0.8750000000
71993  25.959  0.557  -8.860 0.7500000000
70272  26.847  -1.693  -8.087 0.8750000000
68604  26.875  -3.931  -8.078 0.7500000000
113757  27.173  -6.352  -6.907 0.5000000000
65455  26.694  -8.227  -8.754 0.2500000000
66220  26.451  -7.493  -7.815 0.5000000000
66219  26.918  -7.357  -7.131 0.5000000000
116830  26.826  -9.371  -7.572 0.2500000000
73559  25.562  2.900  -6.094 0.5000000000
73569  25.495  2.933  -6.940 0.5000000000
73577  25.736  2.627  -7.776 0.6250000000
121233  25.631  2.097  -8.822 0.7500000000
72002  25.409  0.961  -9.826 0.7500000000
72813  25.030  1.755  -10.693 0.7500000000
72011  24.649  0.785  -10.886 0.7500000000
70294  24.821  -1.188  -10.587 0.7500000000
71126  25.124  -0.106  -10.281 0.7500000000
72814  24.135  1.797  -11.415 0.7500000000
69431  26.125  -2.689  -9.373 0.7500000000
69443  24.985  -2.148  -10.658 0.7500000000
67761  26.026  -5.025  -8.941 0.5000000000
108033  26.154  -4.430  -9.445 0.3750000000
68620  26.136  -3.608  -9.663 0.6250000000
115340  26.494  -7.616  -9.124 0.2500000000
66984  26.088  -5.682  -9.160 0.3750000000
67770  26.078  -5.043  -9.665 0.3750000000
113328  25.096  3.897  -9.021 0.6250000000
73587  25.512  2.808  -8.735 0.7500000000
73611  24.083  2.624  -11.822 0.7500000000
72012  23.699  0.736  -11.572 0.7500000000
71137  23.708  -0.244  -11.657 0.7500000000
70302  24.541  -1.660  -11.264 0.6250000000
67780  25.952  -3.892  -10.826 0.3750000000
113075  25.269  -2.707  -10.840 0.3750000000
66240  26.526  -7.289  -9.968 0.1250000000
117512  26.828  -5.213  -11.620 0.1250000000
67779  26.380  -4.946  -10.738 0.2500000000
73600  24.914  3.555  -10.577 0.6250000000
110257  24.613  3.327  -11.385 0.7500000000
73617  22.979  2.243  -12.683 0.6250000000
71147  23.240  0.185  -12.342 0.7500000000
69453  24.654  -1.972  -11.819 0.3750000000
70319  24.382  -1.350  -12.194 0.3750000000
115941  24.228  -0.945  -11.322 0.7500000000
67788  25.860  -3.479  -11.225 0.2500000000
68629  25.534  -3.137  -11.066 0.3750000000
69444  24.836  -2.244  -11.202 0.6250000000
66999  27.777  -5.592  -12.779 0.1250000000
67786  27.274  -5.065  -12.222 0.1250000000
66248  27.170  -6.454  -11.609 0.1250000000
74423  24.953  4.393  -10.051 0.6250000000
74434  24.869  4.153  -10.746 0.6250000000
73622  23.708  2.928  -12.957 0.3750000000
74443  24.440  3.264  -12.355 0.3750000000
72025  24.324  0.958  -13.151 0.3750000000
115071  25.888  -0.983  -11.890 0.2500000000
70318  24.846  -1.760  -12.236 0.3750000000
71153  24.213  -0.183  -12.919 0.3750000000
69441  27.162  -3.332  -10.975 0.1250000000
69451  25.663  -2.651  -11.630 0.3750000000
69452  25.081  -2.436  -11.980 0.3750000000
67793  28.678  -5.494  -13.385 0.1250000000
67787  26.619  -4.265  -11.331 0.1250000000
75867  25.862  5.611  -10.840 0.3750000000
75184  25.064  4.751  -10.604 0.3750000000
74441  24.801  3.597  -11.559 0.3750000000
73620  25.632  2.992  -12.780 0.3750000000
74442  24.744  3.449  -12.741 0.3750000000
72018  26.015  0.657  -12.297 0.3750000000
113781  25.989  1.266  -12.832 0.3750000000
72823  25.588  2.071  -13.078 0.3750000000
71145  26.277  -0.077  -11.741 0.3750000000
70317  25.162  -1.134  -12.458 0.3750000000
72023  25.554  0.522  -12.711 0.3750000000
69440  28.147  -3.058  -10.366 0.1250000000
109722  26.690  -2.528  -11.130 0.1250000000
70300  27.065  -1.705  -10.678 0.2500000000
68636  27.999  -4.362  -12.506 0.1250000000
74432  26.401  3.972  -11.175 0.2500000000
73608  26.959  2.851  -10.648 0.2500000000
73609  26.706  3.060  -11.704 0.3750000000
74433  26.230  3.882  -11.953 0.3750000000
72001  27.515  1.006  -9.614 0.1250000000
123825  26.685  1.550  -11.566 0.3750000000
72819  26.306  2.154  -12.585 0.3750000000
114514  26.870  0.038  -10.912 0.1250000000
72010  26.557  0.773  -11.589 0.2500000000
70291  28.324  -1.438  -9.018 0.1250000000
71135  26.696  -0.881  -11.199 0.1250000000
75173  26.156  5.891  -10.499 0.3750000000
75183  26.018  5.057  -11.156 0.3750000000
74422  27.152  3.653  -10.152 0.2500000000
72789  27.549  1.740  -9.170 0.1250000000
73586  27.553  2.505  -8.544 0.1250000000
71991  27.745  1.019  -8.862 0.1250000000
73585  27.955  2.047  -7.745 0.1250000000
70280  28.850  -1.298  -8.287 0.1250000000
71981  28.468  0.370  -7.618 0.1250000000
74393  28.221  3.425  -6.598 0.1250000000
71968  28.706  0.992  -6.921 0.1250000000
73575  28.139  2.567  -7.030 0.1250000000
71090  29.676  -0.364  -6.637 0.1250000000
70270  29.396  -1.177  -7.632 0.1250000000
119971  21.145  -15.941  1.773 0.8750000000
57432  25.417  -16.318  1.057 0.6250000000
62914  29.467  -10.178  -3.418 0.6250000000
117321  28.114  -6.935  -4.546 0.8750000000
119555  26.700  -8.923  -7.219 0.3750000000
72767  25.812  2.289  -6.240 0.6250000000
72790  25.999  1.926  -8.078 0.8750000000
114764  26.283  1.042  -8.089 0.8750000000
72802  25.762  1.466  -8.855 0.7500000000
71114  26.136  -0.363  -8.865 0.8750000000
71125  25.560  -0.821  -9.718 0.7500000000
70281  26.296  -1.844  -8.929 0.7500000000
69419  26.653  -2.498  -8.523 0.7500000000
66969  26.392  -5.767  -7.913 0.5000000000
66974  26.150  -5.775  -8.545 0.5000000000
67757  26.356  -4.984  -8.374 0.7500000000
66227  26.253  -6.635  -8.168 0.5000000000
70292  27.694  -1.600  -9.770 0.1250000000
72801  27.335  1.894  -10.152 0.2500000000
111604  28.340  1.743  -7.189 0.1250000000
71980  28.959  0.006  -7.029 0.1250000000
60124  29.059  -12.841  -0.682 0.5000000000
60108  28.471  -13.203  0.073 0.6250000000
122904  29.686  -10.294  -4.285 0.3750000000
119149  29.063  -9.900  -4.504 0.3750000000
62930  28.512  -10.329  -6.584 0.2500000000
67751  27.482  -4.757  -6.679 0.7500000000
71124  27.803  -0.706  -9.361 0.1250000000
103208  28.312  -10.400  -7.972 0.1250000000
115111  19.027  -20.578  4.828 0.7500000000
54542  18.106  -19.238  4.975 0.7500000000
54543  17.561  -18.548  5.149 0.7500000000
56477  17.231  -17.909  5.256 0.7500000000
53533  20.566  -20.813  3.998 0.7500000000
54555  19.474  -19.126  4.041 0.7500000000
108451  21.297  -20.510  3.469 0.7500000000
58282  17.034  -15.972  4.326 0.6250000000
56498  17.970  -17.107  4.146 0.7500000000
54553  21.881  -20.237  2.965 0.6250000000
55535  22.591  -18.688  2.748 0.7500000000
55534  23.396  -18.517  2.367 0.6250000000
114565  24.402  -17.424  1.861 0.6250000000
107048  25.485  -17.484  0.437 0.5000000000
119220  25.985  -17.559  -0.233 0.3750000000
57431  25.991  -16.629  0.402 0.5000000000
57442  27.643  -16.956  -1.349 0.1250000000
57450  28.744  -16.465  -2.212 0.1250000000
57449  29.454  -16.116  -2.697 0.1250000000
57454  30.737  -16.484  -3.455 0.1250000000
58350  31.505  -15.292  -3.982 0.1250000000
59277  31.796  -14.653  -4.259 0.1250000000
60164  32.155  -13.857  -4.639 0.1250000000
71068  24.955  0.913  -4.417 0.3750000000
61079  32.188  -12.655  -4.807 0.1250000000
61999  31.471  -11.934  -4.111 0.1250000000
62921  30.444  -10.713  -4.654 0.1250000000
102972  29.433  -10.265  -5.435 0.2500000000
73560  24.580  2.513  -5.106 0.5000000000
121976  27.722  -9.734  -8.364 0.1250000000
62938  27.437  -10.066  -7.479 0.2500000000
64669  27.454  -8.484  -9.467 0.1250000000
66245  27.250  -7.066  -11.006 0.1250000000
66247  27.463  -6.497  -11.521 0.1250000000
74384  25.162  3.154  -5.665 0.3750000000
66998  28.435  -5.931  -12.879 0.1250000000
67792  29.311  -5.004  -13.654 0.1250000000
66997  29.424  -5.976  -13.367 0.1250000000
69439  29.149  -2.928  -10.444 0.1250000000
69427  29.951  -2.492  -9.682 0.1250000000
76500  25.636  6.583  -3.514 0.1250000000
111567  27.131  4.392  -8.849 0.2500000000
114166  27.524  4.596  -7.908 0.1250000000
75133  28.192  4.858  -6.375 0.1250000000
72765  28.608  1.863  -6.505 0.1250000000
74383  28.679  3.455  -5.879 0.1250000000
71967  29.276  0.408  -6.299 0.1250000000
70269  30.278  -1.448  -7.621 0.1250000000
64616  28.637  -8.327  -2.122 0.7500000000
115566  28.722  -8.777  -1.418 0.7500000000
70240  23.327  -0.391  -4.175 0.3750000000
109121  27.840  -3.805  -5.242 0.8750000000
58321  22.320  -15.108  1.894 0.8750000000
118245  18.550  -15.699  2.888 0.7500000000
57417  18.759  -16.332  3.016 0.8750000000
107312  20.577  -15.480  1.568 0.8750000000
59224  26.200  -14.045  1.345 0.7500000000
61040  28.558  -12.228  0.119 0.6250000000
66192  28.414  -6.579  -2.939 0.8750000000
71091  27.307  -0.785  -6.555 0.8750000000
70271  27.239  -1.587  -7.143 0.8750000000
113805  27.530  -3.109  -6.380 0.8750000000
75868  25.793  5.739  -10.716 0.3750000000
75853  26.072  6.595  -10.019 0.3750000000
75850  26.813  6.399  -8.468 0.1250000000
75158  26.903  5.587  -8.830 0.2500000000
54541  19.017  -19.752  4.537 0.7500000000
53548  19.779  -19.937  4.107 0.7500000000
113716  21.118  -19.397  3.388 0.7500000000
56488  16.894  -17.225  5.192 0.7500000000
56487  17.548  -17.491  4.676 0.7500000000
55520  19.720  -18.620  3.526 0.7500000000
56497  18.570  -17.448  3.788 0.7500000000
55537  20.003  -18.062  2.993 0.7500000000
57406  17.743  -16.390  3.939 0.7500000000
58299  17.008  -15.110  4.193 0.6250000000
57405  18.376  -16.739  3.586 0.7500000000
56511  19.658  -17.288  2.836 0.8750000000
56509  21.675  -17.795  2.793 0.7500000000
57415  20.045  -16.683  2.358 0.8750000000
57425  20.350  -16.073  1.922 0.8750000000
56507  23.631  -17.548  2.390 0.7500000000
57411  23.752  -16.610  2.406 0.7500000000
58309  22.827  -15.888  2.306 0.8750000000
57422  24.937  -16.881  1.355 0.6250000000
58318  25.238  -15.277  1.485 0.7500000000
57436  26.984  -17.763  -1.184 0.2500000000
57437  26.480  -16.932  -0.476 0.5000000000
58330  25.839  -15.786  0.895 0.6250000000
59242  26.765  -14.762  0.665 0.7500000000
58335  28.162  -15.420  -1.335 0.5000000000
58341  28.551  -15.569  -2.039 0.2500000000
58342  28.094  -16.209  -1.706 0.1250000000
59265  29.207  -14.415  -1.955 0.2500000000
60137  28.793  -14.243  -1.319 0.3750000000
60125  28.680  -13.745  -0.719 0.6250000000
59279  29.983  -14.970  -3.387 0.1250000000
58351  30.650  -15.457  -3.581 0.1250000000
59272  29.582  -14.660  -2.773 0.1250000000
114160  29.979  -13.021  -1.670 0.5000000000
61062  30.491  -12.733  -2.178 0.1250000000
113492  31.134  -13.080  -2.892 0.1250000000
61982  30.171  -12.153  -1.725 0.5000000000
121641  31.589  -13.431  -3.706 0.1250000000
61070  31.213  -12.005  -3.192 0.1250000000
61992  30.563  -11.274  -2.934 0.1250000000
62897  29.519  -10.665  -1.488 0.6250000000
62913  30.197  -10.681  -3.599 0.1250000000
63747  29.120  -9.689  -2.708 0.6250000000
63756  28.711  -8.965  -2.960 0.6250000000
64630  28.024  -8.376  -4.704 0.6250000000
66963  27.541  -5.591  -6.320 0.7500000000
114431  27.210  -7.559  -6.433 0.5000000000
114412  26.936  -3.046  -8.121 0.7500000000
65439  26.634  -8.311  -7.485 0.3750000000
111612  26.057  -1.203  -9.217 0.7500000000
68611  26.345  -4.262  -8.935 0.6250000000
107753  26.553  -3.338  -8.811 0.7500000000
66226  26.586  -6.560  -7.566 0.5000000000
65464  26.817  -8.084  -9.737 0.1250000000
64670  27.076  -8.559  -9.209 0.1250000000
64664  26.808  -8.966  -8.243 0.2500000000
64663  27.509  -9.147  -8.772 0.1250000000
73610  24.623  2.695  -11.068 0.7500000000
71136  24.250  -0.244  -11.070 0.7500000000
69432  25.574  -2.778  -10.178 0.6250000000
67771  26.107  -4.214  -10.111 0.3750000000
68621  25.766  -3.393  -10.464 0.3750000000
66232  26.219  -6.677  -8.989 0.1250000000
66990  26.318  -6.110  -10.109 0.3750000000
72828  22.848  1.604  -13.147 0.3750000000
66995  26.743  -6.009  -11.313 0.1250000000
66994  27.242  -5.746  -12.051 0.1250000000
70309  25.466  -1.975  -12.017 0.3750000000
71152  25.023  -0.323  -12.718 0.3750000000
69450  26.333  -3.171  -11.402 0.2500000000
67785  27.821  -4.938  -12.904 0.1250000000
68644  28.737  -4.717  -13.232 0.1250000000
66993  27.567  -5.821  -12.089 0.1250000000
117975  27.097  -4.207  -11.734 0.1250000000
75192  25.770  4.647  -11.350 0.3750000000
68628  27.695  -3.800  -11.351 0.1250000000
75191  25.914  4.324  -11.729 0.3750000000
72009  26.971  1.064  -10.658 0.3750000000
71151  25.628  -0.194  -12.361 0.3750000000
68627  28.543  -3.591  -11.400 0.1250000000
69430  27.531  -2.447  -10.356 0.1250000000
69429  28.255  -2.208  -9.559 0.1250000000
69428  28.943  -2.489  -9.535 0.1250000000
71134  27.266  -0.802  -10.270 0.1250000000
68635  29.157  -4.051  -12.619 0.1250000000
120810  27.064  4.255  -9.643 0.2500000000
75172  26.731  5.207  -9.677 0.2500000000
73599  27.376  2.654  -9.636 0.2500000000
72000  27.872  0.224  -8.961 0.1250000000
71123  28.352  -0.627  -8.591 0.1250000000
71104  28.739  -0.548  -7.726 0.1250000000
74413  27.222  3.445  -9.107 0.1250000000
74403  27.493  3.515  -8.235 0.1250000000
73576  27.756  2.811  -7.759 0.1250000000
109498  28.016  0.709  -8.254 0.1250000000
70279  29.617  -1.709  -8.291 0.1250000000
114112  28.351  4.090  -6.276 0.1250000000
75144  27.892  4.290  -6.908 0.1250000000
53535  18.412  -20.149  5.218 0.7500000000
53534  19.678  -20.596  4.455 0.7500000000
54527  17.322  -19.195  5.753 0.7500000000
53524  17.752  -19.817  5.538 0.7500000000
57399  16.514  -16.411  4.964 0.5000000000
57398  17.307  -16.777  4.538 0.6250000000
56506  24.057  -18.437  1.870 0.6250000000
56522  24.943  -18.026  0.923 0.5000000000
62008  31.774  -11.834  -5.104 0.1250000000
62007  32.560  -12.579  -5.968 0.1250000000
62000  30.947  -11.216  -3.750 0.1250000000
65463  27.025  -8.200  -10.070 0.1250000000
69438  30.002  -2.657  -10.743 0.1250000000
69417  29.482  -2.208  -8.938 0.1250000000
56478  16.559  -17.759  5.839 0.5000000000
52540  19.393  -21.886  5.095 0.6250000000
51635  20.103  -22.042  4.737 0.6250000000
118046  21.837  -22.088  3.841 0.3750000000
117572  21.606  -21.645  3.560 0.6250000000
52552  22.946  -21.659  3.271 0.2500000000
53547  22.134  -21.326  2.947 0.3750000000
56533  25.805  -18.358  -0.308 0.3750000000
72749  24.611  1.703  -4.727 0.3750000000
120309  25.077  3.986  -5.658 0.2500000000
52556  19.493  -21.292  4.782 0.6250000000
54564  22.628  -20.019  2.587 0.5000000000
115487  23.230  -19.438  2.362 0.5000000000
106307  23.888  -19.598  1.868 0.3750000000
52554  21.456  -22.166  4.415 0.5000000000
52555  21.014  -22.001  4.205 0.6250000000
56523  24.535  -18.468  1.314 0.5000000000
51600  19.302  -22.899  5.732 0.6250000000
56479  16.171  -17.668  6.423 0.3750000000
54528  16.750  -18.849  6.371 0.3750000000
51618  18.969  -22.237  5.531 0.6250000000
52541  18.731  -21.193  5.350 0.6250000000
53525  17.337  -19.909  6.006 0.6250000000
51615  21.205  -22.456  5.863 0.3750000000
51633  21.096  -22.477  5.052 0.5000000000
51617  19.795  -22.555  5.259 0.6250000000
106486  15.843  -17.268  6.286 0.2500000000
52538  22.463  -21.462  5.165 0.3750000000
52565  23.067  -21.438  2.613 0.2500000000
53523  22.950  -21.078  4.612 0.2500000000
53557  23.024  -21.076  2.415 0.2500000000
123928  23.843  -20.381  1.707 0.3750000000
54574  24.395  -20.343  1.075 0.2500000000
55545  24.858  -19.271  0.552 0.2500000000
106513  25.390  -18.768  0.095 0.2500000000
66147  17.486  -6.666  2.164 0.1250000000
56545  26.363  -18.481  -0.794 0.2500000000
68552  21.861  -3.772  -2.773 0.3750000000
119448  21.266  -5.039  -1.783 0.2500000000
74385  24.430  3.397  -5.058 0.2500000000
66154  18.593  -6.872  1.017 0.1250000000
65366  17.705  -7.364  1.904 0.2500000000
59188  16.389  -14.442  4.532 0.2500000000
67724  22.046  -4.208  -2.858 0.3750000000
55496  16.991  -18.402  5.847 0.5000000000
118932  20.185  -21.347  4.453 0.6250000000
57383  16.024  -17.008  5.678 0.3750000000
52542  17.798  -20.603  5.870 0.6250000000
58263  15.866  -16.006  5.401 0.3750000000
55546  24.427  -19.455  1.222 0.2500000000
51634  20.699  -22.392  4.836 0.6250000000
115499  22.337  -21.773  3.349 0.2500000000
52553  22.224  -22.013  4.046 0.2500000000
52566  22.847  -21.557  2.728 0.3750000000
54563  23.547  -20.421  2.165 0.3750000000
52539  21.742  -22.046  5.190 0.3750000000
55497  16.454  -18.199  6.423 0.3750000000
51616  20.452  -22.740  5.610 0.5000000000
53555  24.286  -20.630  1.818 0.2500000000
123318  24.849  -20.311  0.601 0.2500000000
66128  17.339  -5.984  3.038 0.1250000000
51603  17.364  -21.864  6.955 0.5000000000
51599  20.757  -22.843  6.446 0.2500000000
50686  19.252  -23.458  6.245 0.3750000000
52529  18.149  -21.737  6.144 0.5000000000
51586  16.784  -22.348  7.563 0.3750000000
115804  16.859  -20.871  7.110 0.5000000000
52530  17.447  -21.067  6.515 0.5000000000
53509  17.145  -20.318  6.499 0.3750000000
120759  15.991  -22.447  9.284 0.1250000000
52489  16.341  -21.726  8.179 0.3750000000
54514  16.548  -19.241  6.879 0.2500000000
49763  15.904  -24.145  9.560 0.1250000000
51567  16.249  -22.327  8.768 0.2500000000
50678  17.357  -23.721  7.696 0.3750000000
50675  20.381  -23.293  7.055 0.2500000000
50676  18.817  -24.003  6.946 0.3750000000
50687  18.458  -23.399  6.679 0.5000000000
50648  15.707  -23.053  9.721 0.1250000000
108278  16.478  -22.720  8.186 0.3750000000
50677  18.104  -23.929  7.280 0.3750000000
104029  16.294  -20.668  9.255 0.1250000000
53496  16.419  -20.074  8.099 0.1250000000
102322  29.742  -10.674  -6.761 0.1250000000
53526  16.931  -19.584  6.451 0.3750000000
50694  19.779  -23.064  5.790 0.3750000000
51601  18.677  -22.810  6.066 0.5000000000
55489  16.411  -18.518  6.663 0.2500000000
50688  17.566  -23.011  7.187 0.5000000000
51602  18.049  -22.575  6.600 0.5000000000
52531  16.701  -21.567  7.498 0.5000000000
50685  20.009  -23.292  6.244 0.3750000000
110497  16.897  -23.084  7.715 0.3750000000
103203  16.487  -21.023  7.782 0.1250000000
53495  16.529  -20.364  7.672 0.1250000000
53510  16.716  -19.991  7.010 0.1250000000
51553  15.732  -22.138  9.791 0.1250000000
105127  16.199  -21.568  9.144 0.1250000000
52478  15.972  -21.312  9.804 0.1250000000
54508  16.564  -19.694  7.479 0.1250000000
50665  16.752  -23.556  8.197 0.3750000000
49774  19.179  -24.168  7.734 0.2500000000
52508  16.367  -20.688  8.484 0.1250000000
49786  17.153  -24.183  8.121 0.2500000000
49784  18.394  -24.314  7.671 0.2500000000
110113  19.564  -23.705  6.914 0.2500000000
49777  16.612  -24.300  8.688 0.1250000000
50666  16.214  -23.221  8.914 0.1250000000
49785  17.751  -24.366  7.839 0.2500000000
49775  17.960  -24.744  8.220 0.1250000000
58264  15.633  -15.569  5.643 0.1250000000
71061  23.537  0.355  -4.382 0.1250000000
71943  23.935  1.025  -4.568 0.1250000000
71944  23.191  0.956  -4.073 0.1250000000
72737  23.833  1.432  -3.956 0.1250000000
112240  24.351  2.209  -3.920 0.1250000000
72724  22.663  1.803  -2.545 0.1250000000
72727  23.269  1.756  -3.358 0.1250000000
73543  24.263  2.890  -3.796 0.1250000000
71057  22.497  0.280  -4.083 0.1250000000
72726  23.987  2.094  -3.345 0.1250000000
112518  24.082  2.798  -3.123 0.1250000000
73524  24.051  2.462  -1.683 0.1250000000
70232  22.174  -1.066  -3.198 0.1250000000
120925  21.983  -0.244  -3.731 0.1250000000
66911  19.976  -5.017  -0.227 0.1250000000
55498  16.204  -18.093  6.648 0.1250000000
58243  15.214  -15.481  6.841 0.1250000000
70226  21.301  -1.195  -2.784 0.1250000000
71054  21.504  -0.341  -2.801 0.1250000000
71053  21.894  0.505  -3.258 0.1250000000
71932  21.902  1.114  -1.408 0.1250000000
108572  23.447  2.070  -1.356 0.1250000000
106376  24.539  3.113  -1.643 0.1250000000
109972  24.373  3.290  -2.502 0.1250000000
70233  22.081  -1.920  -2.980 0.1250000000
60069  16.322  -13.738  4.455 0.1250000000
60070  15.975  -14.306  4.975 0.1250000000
58283  16.293  -15.410  4.813 0.1250000000
72736  24.314  1.566  -4.292 0.1250000000
116725  24.389  2.335  -4.318 0.1250000000
57384  15.644  -16.472  5.839 0.1250000000
57366  14.945  -16.265  7.059 0.1250000000
109597  21.353  -4.141  -1.905 0.1250000000
59189  15.958  -14.770  5.077 0.1250000000
58284  15.823  -15.252  5.348 0.1250000000
59158  15.450  -14.709  6.782 0.1250000000
59134  15.477  -15.094  7.079 0.1250000000
71941  22.349  1.211  -3.475 0.1250000000
73525  23.636  2.212  -2.363 0.1250000000
52528  21.911  -22.065  6.295 0.1250000000
52526  23.273  -20.992  5.801 0.1250000000
53545  23.617  -20.862  2.944 0.1250000000
53556  23.433  -20.941  2.410 0.1250000000
103960  24.143  -20.727  2.119 0.1250000000
55533  26.090  -19.432  2.031 0.1250000000
119904  25.220  -20.705  1.095 0.1250000000
53566  24.864  -20.685  1.091 0.1250000000
55544  26.532  -20.044  0.587 0.1250000000
54593  25.468  -19.893  0.092 0.1250000000
56532  27.547  -19.684  0.104 0.1250000000
55553  26.922  -20.111  -0.167 0.1250000000
107229  26.587  -19.689  -0.819 0.1250000000
50664  20.088  -23.720  7.768 0.1250000000
50674  20.854  -23.212  7.900 0.1250000000
51585  21.787  -22.527  7.465 0.1250000000
52507  23.330  -21.543  6.632 0.1250000000
51597  22.632  -21.943  6.840 0.1250000000
53531  24.454  -20.181  4.562 0.1250000000
54540  24.857  -19.872  3.929 0.1250000000
53543  24.966  -20.327  2.169 0.1250000000
55519  25.933  -19.193  2.877 0.1250000000
55543  27.134  -19.468  0.695 0.1250000000
56544  27.111  -19.322  -1.104 0.1250000000
55561  28.231  -19.601  -1.097 0.1250000000
55552  27.596  -19.853  -0.581 0.1250000000
56555  27.831  -18.439  -1.381 0.1250000000
51598  21.478  -22.487  6.727 0.1250000000
52527  22.528  -21.627  6.020 0.1250000000
56546  25.963  -19.364  -0.480 0.1250000000
53532  23.613  -20.603  4.086 0.1250000000
53572  25.481  -20.445  0.571 0.1250000000
118439  21.125  -22.858  7.261 0.1250000000
121727  22.053  -22.220  6.993 0.1250000000
53522  23.838  -20.462  5.164 0.1250000000
53544  24.432  -20.292  2.953 0.1250000000
102505  24.185  -20.287  3.719 0.1250000000
122112  24.647  -20.620  1.476 0.1250000000
54573  25.949  -20.380  1.058 0.1250000000
54562  25.450  -19.940  1.946 0.1250000000
55532  26.630  -19.221  1.537 0.1250000000
54582  26.099  -20.310  0.375 0.1250000000
55562  27.102  -20.002  -0.758 0.1250000000
56521  27.683  -18.593  0.904 0.1250000000
49773  19.869  -24.079  8.563 0.1250000000
53508  24.227  -20.589  6.021 0.1250000000
56543  28.465  -19.466  -0.885 0.1250000000
52572  23.083  -21.359  2.530 0.2500000000
53546  22.503  -20.971  2.619 0.3750000000
53565  25.663  -20.532  0.756 0.1250000000
54592  26.301  -20.049  -0.223 0.1250000000
56466  16.139  -17.725  6.591 0.1250000000
58320  23.239  -15.083  2.184 0.8750000000
59133  15.668  -14.467  7.116 0.1250000000
59230  19.890  -14.072  1.295 1.0000000000
59241  28.316  -14.004  -0.014 0.6250000000
59247  20.470  -13.989  0.864 1.0000000000
59256  27.671  -15.381  -0.678 0.5000000000
59273  29.060  -15.062  -2.377 0.1250000000
59284  32.382  -15.210  -4.775 0.1250000000
60099  22.915  -13.589  1.404 1.0000000000
60127  21.444  -12.962  0.193 1.0000000000
60147  29.745  -13.880  -2.263 0.1250000000
61014  27.491  -12.081  1.416 0.8750000000
61017  24.885  -12.603  1.592 1.0000000000
61019  18.548  -12.326  1.640 1.0000000000
61030  23.596  -12.057  0.657 1.0000000000
61044  20.811  -11.948  -0.471 1.0000000000
61906  16.093  -11.626  5.026 0.1250000000
61937  17.247  -10.782  2.825 0.3750000000
61962  25.401  -11.176  1.365 1.0000000000
61972  22.709  -11.303  -0.390 1.0000000000
61976  19.824  -10.733  -0.286 1.0000000000
61985  20.836  -10.600  -0.991 1.0000000000
62863  17.691  -9.562  1.751 0.6250000000
62871  28.384  -10.253  0.476 0.8750000000
62873  26.593  -9.933  1.352 0.8750000000
62900  21.542  -10.196  -1.322 1.0000000000
62906  29.985  -10.724  -2.848 0.5000000000
62931  27.805  -10.270  -7.266 0.1250000000
63717  17.756  -9.201  1.261 0.5000000000
63741  21.076  -9.524  -1.548 1.0000000000
63748  28.899  -9.173  -2.014 0.6250000000
63749  21.493  -8.821  -1.910 1.0000000000
63769  27.103  -9.604  -6.722 0.2500000000
63783  27.554  -10.029  -7.924 0.2500000000
63784  27.035  -9.760  -7.439 0.2500000000
63796  27.143  -9.551  -8.000 0.2500000000
64574  28.255  -8.830  0.276 1.0000000000
64578  24.286  -8.854  0.163 1.0000000000
64594  28.278  -8.148  -0.168 1.0000000000
64598  19.118  -8.801  -0.209 0.6250000000
64610  20.710  -8.683  -1.411 1.0000000000
64646  26.648  -8.968  -7.565 0.3750000000
64651  26.786  -9.471  -7.177 0.3750000000
65390  26.580  -6.974  0.402 1.0000000000
65401  28.505  -7.478  -1.581 0.8750000000
65402  23.347  -7.745  -1.120 1.0000000000
65414  21.760  -7.390  -2.160 0.6250000000
65446  26.521  -8.316  -8.001 0.3750000000
65467  26.964  -7.700  -10.503 0.1250000000
66181  25.219  -5.917  -0.389 1.0000000000
66202  28.324  -6.708  -3.777 0.8750000000
66246  26.836  -6.902  -10.877 0.1250000000
66909  26.639  -5.397  -0.498 1.0000000000
66926  21.378  -5.810  -1.864 0.6250000000
66935  27.952  -5.255  -1.863 1.0000000000
66937  22.002  -5.978  -2.536 0.7500000000
67000  29.520  -5.462  -13.630 0.1250000000
67694  26.410  -4.817  -0.674 1.0000000000
67706  27.364  -4.398  -1.339 1.0000000000
67721  27.779  -4.092  -2.887 1.0000000000
67756  27.040  -4.843  -7.616 0.7500000000
68549  26.686  -2.683  -2.024 1.0000000000
68630  25.104  -2.539  -11.439 0.3750000000
68637  26.175  -3.351  -11.370 0.2500000000
68638  25.517  -2.828  -11.461 0.3750000000
69362  26.021  -2.304  -1.973 1.0000000000
69369  27.246  -2.423  -3.082 1.0000000000
69396  27.620  -2.362  -4.828 0.8750000000
69412  27.121  -2.364  -7.688 0.7500000000
69418  28.873  -1.966  -8.843 0.1250000000
69442  26.058  -2.460  -11.610 0.1250000000
70261  27.481  -1.540  -6.150 1.0000000000
70293  25.530  -1.880  -9.815 0.7500000000
70301  26.339  -1.785  -11.498 0.2500000000
70310  24.094  -1.055  -11.820 0.3750000000
70311  23.856  -0.615  -12.395 0.3750000000
71078  27.358  -0.834  -5.631 0.8750000000
71103  29.309  -0.652  -7.184 0.1250000000
71106  26.601  -0.269  -7.931 0.8750000000
71115  25.644  0.022  -9.474 0.7500000000
71146  23.517  -0.249  -12.041 0.7500000000
71154  23.473  -0.065  -12.773 0.7500000000
71155  22.972  0.518  -12.747 0.7500000000
71156  23.518  0.440  -13.092 0.7500000000
71982  26.602  0.502  -7.481 0.8750000000
72019  23.031  0.646  -11.990 0.7500000000
72020  22.722  0.929  -12.345 0.7500000000
72024  25.014  0.418  -12.858 0.3750000000
72026  22.556  1.138  -12.766 0.3750000000
72027  23.381  1.142  -13.290 0.3750000000
72028  22.935  0.905  -13.152 0.3750000000
72748  25.289  1.763  -5.250 0.3750000000
72757  28.890  2.020  -5.854 0.1250000000
72775  28.196  1.223  -7.672 0.1250000000
72788  27.791  1.517  -8.348 0.1250000000
72811  26.777  2.113  -11.097 0.3750000000
72812  26.776  2.282  -12.031 0.3750000000
72820  22.663  1.560  -12.370 0.3750000000
72824  24.581  2.041  -13.217 0.3750000000
72825  23.508  1.965  -13.233 0.3750000000
72826  22.533  1.867  -12.629 0.3750000000
72827  22.486  1.447  -12.428 0.3750000000
73531  24.082  2.614  -2.340 0.1250000000
73615  26.408  3.050  -12.271 0.3750000000
73616  23.731  2.691  -12.419 0.3750000000
73621  24.735  2.953  -13.143 0.3750000000
73623  22.919  2.326  -12.869 0.3750000000
74402  27.779  3.518  -7.368 0.1250000000
74439  25.706  3.688  -12.268 0.3750000000
74440  25.318  3.829  -11.888 0.3750000000
75159  26.409  6.197  -9.761 0.3750000000
75174  24.958  4.817  -10.203 0.3750000000
75182  26.594  4.677  -10.403 0.2500000000
75193  25.176  4.344  -11.144 0.3750000000
75860  25.918  6.176  -10.427 0.3750000000
75862  25.204  5.535  -9.848 0.5000000000
75869  25.336  5.355  -10.470 0.3750000000
75870  25.534  5.072  -10.867 0.3750000000
76536  26.296  6.861  -8.784 0.2500000000
77141  24.621  7.396  -6.280 0.2500000000
106417  28.408  -7.365  -3.320 0.8750000000
107093  22.733  -10.679  -0.670 1.0000000000
107101  24.560  -1.007  -12.530 0.3750000000
109028  24.326  3.092  -11.980 0.3750000000
109191  20.850  -8.062  -1.563 1.0000000000
109214  26.482  -1.048  -8.440 0.8750000000
110129  22.760  -0.867  -3.785 0.1250000000
110361  26.815  -10.573  1.514 0.8750000000
111094  27.551  -7.324  -5.811 0.5000000000
111170  24.295  2.925  -4.511 0.2500000000
111415  26.399  -7.515  -8.401 0.5000000000
111994  28.289  0.014  -8.220 0.1250000000
112694  27.381  0.136  -9.927 0.1250000000
113069  25.330  1.162  -12.975 0.3750000000
114580  23.289  1.917  -11.970 0.6250000000
114638  27.311  -3.113  -7.362 0.7500000000
114664  22.543  -4.861  -2.532 0.6250000000
116082  20.680  -16.568  2.183 0.8750000000
118452  25.169  -10.560  1.039 1.0000000000
118620  31.170  -11.324  -4.538 0.1250000000
118730  24.403  -8.160  0.017 1.0000000000
118741  22.515  1.548  -1.443 0.1250000000
118950  26.005  4.904  -11.264 0.3750000000
119050  26.399  1.450  -12.199 0.3750000000
119301  21.965  -14.594  1.416 1.0000000000
119521  31.354  -14.002  -3.667 0.1250000000
120788  25.252  3.441  -9.688 0.7500000000
121275  26.794  -16.109  -0.262 0.6250000000
121565  24.876  -15.981  1.648 0.8750000000
121581  29.484  -12.945  -1.225 0.5000000000
122385  25.373  2.361  -9.824 0.7500000000
122648  27.687  -4.850  -1.553 1.0000000000
123537  26.018  4.532  -11.628 0.3750000000
124054  25.929  5.284  -11.018 0.3750000000
