#!ascii label  , from subject sub-v1s6x0051319_ses-1 vox2ras=TkReg
1251
126146  -43.672  -24.151  72.690 0.0000000000
121599  -29.890  -25.819  85.278 0.0000000000
63055  -46.000  -16.087  61.248 0.0000000000
51970  -40.948  -26.860  63.919 0.0000000000
61152  -43.405  -17.378  69.120 0.0000000000
51790  -37.333  -25.865  79.506 0.0000000000
50844  -28.096  -26.889  74.164 0.0000000000
50903  -33.874  -28.025  68.418 0.0000000000
47778  -22.645  -30.029  88.145 0.0000000000
127322  -51.803  -5.914  63.322 0.0000000000
47861  -25.098  -30.869  80.783 0.0000000000
52920  -42.583  -26.084  67.804 0.0000000000
56811  -39.035  -22.001  67.378 0.0000000000
57791  -42.233  -21.236  71.989 0.0000000000
122852  -40.649  -26.899  76.173 0.0000000000
50860  -36.246  -27.849  73.219 0.0000000000
131287  -37.993  -25.097  70.978 0.0000000000
129486  -36.292  -25.332  65.909 0.0000000000
74831  -50.898  -3.604  60.294 0.0000000000
51693  -25.728  -26.116  87.159 0.0000000000
137835  -23.255  -29.672  84.675 0.0000000000
50754  -25.634  -26.691  82.232 0.0000000000
63944  -43.922  -14.686  66.080 0.0000000000
51743  -33.667  -25.788  82.130 0.0000000000
51785  -28.949  -26.510  79.637 0.0000000000
122117  -32.274  -26.081  76.203 0.0000000000
125610  -30.981  -27.616  71.075 0.0000000000
47787  -19.482  -30.155  87.444 0.0000000000
126849  -48.215  -13.607  70.799 0.0000000000
122734  -49.544  -13.272  65.718 0.0000000000
69792  -50.968  -8.353  65.392 0.0000000000
66939  -48.048  -11.307  62.338 0.0000000000
69842  -46.261  -8.150  59.141 0.0000000000
45766  -23.172  -32.528  85.380 0.0000000000
49769  -24.933  -28.281  77.459 0.0000000000
53838  -43.132  -24.778  70.044 0.0000000000
55746  -42.689  -23.589  69.656 0.0000000000
55717  -44.012  -23.470  71.408 0.0000000000
53793  -42.220  -24.710  74.626 0.0000000000
52869  -39.508  -26.256  73.711 0.0000000000
53813  -40.078  -24.616  72.275 0.0000000000
53846  -40.167  -25.099  69.648 0.0000000000
62165  -44.742  -16.683  59.609 0.0000000000
63072  -45.167  -15.774  59.794 0.0000000000
122648  -27.982  -25.978  86.345 0.0000000000
51714  -25.240  -26.514  84.417 0.0000000000
51727  -27.448  -26.298  83.267 0.0000000000
53886  -39.314  -24.626  63.451 0.0000000000
58875  -40.907  -19.261  68.706 0.0000000000
129928  -38.965  -20.076  66.175 0.0000000000
60029  -41.123  -17.945  67.011 0.0000000000
128815  -41.517  -16.633  65.277 0.0000000000
62089  -43.400  -16.465  67.789 0.0000000000
137973  -35.693  -25.754  80.426 0.0000000000
123120  -32.919  -25.843  79.317 0.0000000000
52830  -34.725  -25.448  77.564 0.0000000000
49835  -35.428  -28.579  70.993 0.0000000000
132439  -34.168  -27.527  72.139 0.0000000000
49833  -32.599  -28.387  69.895 0.0000000000
52954  -38.112  -26.126  65.500 0.0000000000
64855  -48.625  -13.045  68.668 0.0000000000
67857  -50.506  -9.936  63.870 0.0000000000
69819  -50.170  -8.614  62.706 0.0000000000
68875  -47.223  -9.327  61.265 0.0000000000
71766  -48.662  -6.632  61.208 0.0000000000
71815  -49.476  -6.333  57.322 0.0000000000
137644  -21.814  -30.580  88.228 0.0000000000
122227  -21.268  -31.390  85.492 0.0000000000
46772  -23.357  -31.710  87.297 0.0000000000
139891  -24.728  -30.429  82.979 0.0000000000
46799  -26.523  -32.029  85.058 0.0000000000
46826  -27.330  -31.283  83.031 0.0000000000
124853  -28.981  -26.745  77.074 0.0000000000
50795  -27.083  -27.022  78.475 0.0000000000
50829  -26.463  -27.491  75.666 0.0000000000
52943  -41.817  -26.688  66.055 0.0000000000
54793  -40.241  -24.118  65.473 0.0000000000
55761  -41.679  -23.770  67.804 0.0000000000
131796  -40.418  -21.269  69.690 0.0000000000
58845  -42.383  -19.022  70.543 0.0000000000
51825  -39.231  -26.497  77.673 0.0000000000
51842  -36.585  -25.980  76.213 0.0000000000
50832  -38.559  -27.536  74.841 0.0000000000
50892  -37.268  -27.917  71.878 0.0000000000
51928  -35.559  -26.626  69.475 0.0000000000
51949  -34.288  -26.410  67.490 0.0000000000
122310  -36.859  -25.283  68.504 0.0000000000
124681  -39.776  -26.252  67.645 0.0000000000
73768  -50.897  -4.199  62.741 0.0000000000
75785  -52.011  -1.916  63.412 0.0000000000
50695  -23.424  -27.565  87.329 0.0000000000
48759  -23.236  -29.966  86.983 0.0000000000
50716  -23.285  -27.653  85.354 0.0000000000
50739  -23.554  -27.884  82.838 0.0000000000
48794  -23.597  -29.202  81.150 0.0000000000
55802  -38.332  -22.559  65.532 0.0000000000
63039  -41.963  -15.783  63.160 0.0000000000
141089  -44.740  -14.401  63.501 0.0000000000
121607  -31.699  -25.877  84.005 0.0000000000
123182  -29.800  -26.230  81.965 0.0000000000
51769  -31.594  -26.043  80.766 0.0000000000
51801  -30.640  -26.351  78.228 0.0000000000
124733  -30.271  -26.439  75.180 0.0000000000
51876  -34.696  -26.276  74.498 0.0000000000
51891  -32.274  -26.172  73.789 0.0000000000
51907  -29.039  -26.696  72.902 0.0000000000
56719  -45.613  -22.163  75.142 0.0000000000
143053  -31.111  -24.711  85.736 0.0000000000
52768  -35.510  -25.529  83.642 0.0000000000
52786  -38.050  -25.618  81.899 0.0000000000
58816  -44.585  -19.736  74.163 0.0000000000
142293  -43.595  -18.177  72.637 0.0000000000
143049  -44.471  -16.474  70.688 0.0000000000
63892  -46.283  -13.804  72.115 0.0000000000
62072  -45.462  -15.982  69.646 0.0000000000
63926  -45.989  -14.805  68.569 0.0000000000
64875  -46.512  -13.428  66.054 0.0000000000
63981  -47.234  -14.715  63.104 0.0000000000
66893  -51.654  -11.000  66.315 0.0000000000
65942  -48.743  -13.056  63.716 0.0000000000
64953  -46.949  -14.010  61.600 0.0000000000
66952  -45.183  -12.032  60.356 0.0000000000
71781  -48.106  -6.249  59.327 0.0000000000
46795  -19.728  -31.023  84.621 0.0000000000
142759  -23.246  -33.012  82.761 0.0000000000
45757  -25.123  -32.182  86.570 0.0000000000
44773  -25.648  -33.335  85.159 0.0000000000
50764  -27.175  -26.573  81.237 0.0000000000
50780  -24.790  -27.532  79.857 0.0000000000
47868  -24.053  -30.249  79.305 0.0000000000
46874  -24.579  -31.359  77.100 0.0000000000
142978  -43.264  -24.436  71.643 0.0000000000
136865  -44.011  -23.869  71.048 0.0000000000
54733  -44.071  -23.938  71.608 0.0000000000
53802  -43.076  -24.255  73.660 0.0000000000
53800  -41.053  -24.763  73.503 0.0000000000
53815  -42.153  -24.360  72.545 0.0000000000
53827  -42.709  -24.896  70.573 0.0000000000
63054  -45.360  -16.212  61.321 0.0000000000
62151  -45.017  -16.619  60.233 0.0000000000
63071  -44.725  -16.391  59.290 0.0000000000
63063  -45.855  -15.989  60.662 0.0000000000
51706  -28.641  -25.940  85.771 0.0000000000
145760  -27.875  -26.249  84.504 0.0000000000
51728  -28.878  -26.189  83.767 0.0000000000
51982  -40.555  -26.756  63.198 0.0000000000
53887  -40.539  -25.406  63.927 0.0000000000
60006  -41.616  -18.691  68.663 0.0000000000
60005  -41.023  -18.792  68.111 0.0000000000
61175  -42.348  -17.530  67.923 0.0000000000
62088  -42.519  -16.814  67.313 0.0000000000
61176  -43.003  -17.052  68.063 0.0000000000
135223  -36.642  -25.902  80.242 0.0000000000
51788  -35.127  -25.543  79.745 0.0000000000
52819  -36.065  -25.534  78.087 0.0000000000
138377  -34.338  -28.296  69.385 0.0000000000
49834  -33.949  -28.398  70.258 0.0000000000
147064  -33.331  -28.550  69.098 0.0000000000
49856  -32.285  -28.543  68.692 0.0000000000
51958  -40.424  -27.039  64.579 0.0000000000
51968  -38.881  -26.823  63.694 0.0000000000
51969  -40.165  -27.078  63.746 0.0000000000
70823  -52.328  -7.683  63.600 0.0000000000
70822  -51.357  -7.498  62.969 0.0000000000
70831  -49.477  -7.870  62.235 0.0000000000
71758  -49.978  -6.375  62.153 0.0000000000
47777  -22.317  -30.476  88.127 0.0000000000
46763  -22.807  -31.237  87.669 0.0000000000
46764  -23.452  -31.152  87.517 0.0000000000
47843  -24.562  -30.403  82.131 0.0000000000
47844  -25.481  -30.734  82.797 0.0000000000
47852  -26.347  -30.969  82.455 0.0000000000
46841  -27.238  -31.078  82.004 0.0000000000
46840  -26.093  -31.073  81.366 0.0000000000
141914  -28.616  -26.837  75.454 0.0000000000
50818  -27.322  -27.111  76.746 0.0000000000
50830  -27.225  -27.254  75.301 0.0000000000
52931  -42.094  -26.516  67.081 0.0000000000
53862  -42.097  -25.085  66.481 0.0000000000
53856  -42.841  -25.396  67.862 0.0000000000
55715  -42.425  -22.417  70.928 0.0000000000
55729  -41.417  -22.531  69.923 0.0000000000
56777  -41.411  -21.846  70.693 0.0000000000
57812  -41.162  -19.876  70.084 0.0000000000
126369  -42.440  -19.422  71.418 0.0000000000
51845  -40.328  -26.795  76.649 0.0000000000
126665  -39.585  -26.864  76.210 0.0000000000
50834  -39.434  -27.420  75.070 0.0000000000
52883  -38.620  -26.139  72.525 0.0000000000
51912  -38.380  -27.192  72.799 0.0000000000
51918  -37.557  -27.167  71.850 0.0000000000
51921  -36.426  -27.460  70.689 0.0000000000
52895  -36.580  -26.418  70.456 0.0000000000
52904  -36.131  -25.934  69.785 0.0000000000
52905  -36.904  -25.471  69.972 0.0000000000
52908  -40.879  -25.701  68.963 0.0000000000
52918  -40.029  -25.803  68.456 0.0000000000
125596  -40.941  -26.412  67.615 0.0000000000
52930  -40.981  -26.723  66.844 0.0000000000
51678  -24.835  -26.326  87.433 0.0000000000
50704  -23.340  -27.559  86.292 0.0000000000
145206  -24.346  -26.665  86.181 0.0000000000
50742  -25.713  -26.504  83.008 0.0000000000
50740  -24.136  -27.192  83.322 0.0000000000
50752  -24.115  -27.373  82.354 0.0000000000
49706  -23.373  -28.622  82.428 0.0000000000
49718  -24.114  -27.645  81.465 0.0000000000
54782  -39.971  -23.340  66.449 0.0000000000
54781  -39.079  -23.020  65.974 0.0000000000
128155  -38.597  -22.289  66.196 0.0000000000
58901  -39.186  -19.362  65.782 0.0000000000
58914  -38.555  -19.930  65.374 0.0000000000
58926  -38.093  -19.719  64.367 0.0000000000
62106  -42.202  -16.092  65.524 0.0000000000
63029  -41.849  -16.031  64.001 0.0000000000
63031  -43.011  -15.080  64.341 0.0000000000
63041  -43.286  -15.013  63.346 0.0000000000
63963  -44.536  -14.174  64.353 0.0000000000
143245  -32.987  -25.830  82.719 0.0000000000
51741  -31.376  -26.054  82.217 0.0000000000
145825  -32.288  -25.935  81.026 0.0000000000
51821  -33.120  -25.861  77.610 0.0000000000
123137  -32.155  -26.081  79.061 0.0000000000
51820  -31.368  -26.260  77.533 0.0000000000
51837  -30.587  -26.407  76.627 0.0000000000
51856  -31.635  -26.175  75.690 0.0000000000
51877  -36.595  -26.922  74.555 0.0000000000
51859  -36.053  -26.327  75.344 0.0000000000
128962  -35.283  -26.632  73.886 0.0000000000
50874  -32.533  -27.417  71.452 0.0000000000
127152  -33.077  -26.400  73.182 0.0000000000
51909  -31.444  -26.613  72.592 0.0000000000
51889  -30.668  -26.394  73.164 0.0000000000
52939  -35.629  -25.288  66.611 0.0000000000
51746  -36.785  -25.861  82.484 0.0000000000
145021  -40.374  -25.849  79.734 0.0000000000
57757  -45.370  -20.378  74.804 0.0000000000
126408  -44.941  -16.811  74.267 0.0000000000
62048  -44.603  -15.998  73.631 0.0000000000
61134  -43.962  -16.895  72.202 0.0000000000
62961  -44.509  -15.469  71.852 0.0000000000
63899  -47.603  -13.976  71.067 0.0000000000
62963  -46.365  -14.921  70.898 0.0000000000
62977  -46.627  -15.311  69.708 0.0000000000
62990  -45.703  -15.502  68.896 0.0000000000
63912  -47.079  -14.870  69.542 0.0000000000
64864  -48.976  -12.785  67.399 0.0000000000
140686  -47.483  -13.116  67.019 0.0000000000
64891  -48.027  -13.711  65.017 0.0000000000
64910  -46.919  -13.899  64.302 0.0000000000
64912  -48.357  -13.805  64.669 0.0000000000
68801  -51.505  -9.592  65.877 0.0000000000
67869  -49.312  -10.389  62.933 0.0000000000
66917  -49.495  -11.548  63.946 0.0000000000
66926  -48.462  -11.738  62.902 0.0000000000
65950  -48.035  -13.311  62.538 0.0000000000
65964  -47.500  -12.665  62.089 0.0000000000
65976  -45.858  -12.581  60.796 0.0000000000
66954  -46.399  -11.855  61.177 0.0000000000
68892  -46.038  -8.807  59.777 0.0000000000
134856  -45.415  -10.006  59.750 0.0000000000
68905  -44.686  -9.764  58.216 0.0000000000
73784  -50.284  -4.240  60.774 0.0000000000
73774  -49.769  -4.938  61.215 0.0000000000
73783  -49.678  -4.756  60.186 0.0000000000
45765  -21.958  -31.899  85.201 0.0000000000
46797  -21.228  -31.703  84.233 0.0000000000
45778  -22.082  -32.160  84.268 0.0000000000
128775  -22.791  -32.628  83.101 0.0000000000
45780  -23.701  -33.069  83.759 0.0000000000
47816  -23.825  -30.409  85.542 0.0000000000
47805  -24.452  -31.656  87.021 0.0000000000
47817  -24.688  -31.385  86.414 0.0000000000
45769  -26.097  -32.492  85.458 0.0000000000
44796  -27.068  -33.899  83.559 0.0000000000
51753  -29.524  -26.205  81.119 0.0000000000
51751  -28.066  -26.453  81.482 0.0000000000
51766  -28.454  -26.509  80.173 0.0000000000
50804  -25.575  -27.558  77.855 0.0000000000
50782  -26.215  -27.109  78.998 0.0000000000
49754  -24.843  -28.112  78.324 0.0000000000
49741  -24.161  -28.377  79.846 0.0000000000
49768  -24.239  -28.906  77.944 0.0000000000
46867  -25.432  -31.792  78.531 0.0000000000
52910  -42.809  -25.548  68.586 0.0000000000
54766  -42.874  -24.737  68.538 0.0000000000
54744  -43.327  -24.317  69.941 0.0000000000
55716  -43.425  -22.962  71.028 0.0000000000
56764  -42.596  -22.118  71.731 0.0000000000
51864  -41.533  -26.522  76.051 0.0000000000
51880  -40.202  -26.770  74.908 0.0000000000
52870  -40.271  -25.840  74.237 0.0000000000
52885  -40.100  -25.129  73.268 0.0000000000
53824  -38.987  -24.746  71.139 0.0000000000
53834  -38.982  -24.881  70.120 0.0000000000
53835  -40.113  -24.754  70.357 0.0000000000
53847  -41.368  -25.358  69.553 0.0000000000
64017  -44.260  -14.849  59.211 0.0000000000
122278  -26.640  -26.054  86.726 0.0000000000
51703  -25.435  -26.420  85.284 0.0000000000
122123  -26.920  -26.217  85.151 0.0000000000
51716  -27.095  -26.284  84.215 0.0000000000
139146  -26.291  -26.485  82.580 0.0000000000
57825  -39.630  -20.793  68.327 0.0000000000
57836  -38.978  -21.205  67.158 0.0000000000
58888  -39.673  -19.817  67.353 0.0000000000
58903  -40.052  -19.077  67.058 0.0000000000
60039  -40.221  -18.240  65.779 0.0000000000
61190  -40.616  -17.567  65.403 0.0000000000
61183  -41.437  -17.345  66.491 0.0000000000
62096  -42.354  -16.359  66.466 0.0000000000
63012  -43.490  -15.361  66.572 0.0000000000
51758  -34.416  -25.775  81.497 0.0000000000
129488  -32.938  -25.754  80.689 0.0000000000
51772  -34.206  -25.539  79.815 0.0000000000
51805  -33.761  -25.592  78.330 0.0000000000
127130  -33.721  -25.759  76.910 0.0000000000
49810  -35.915  -28.414  72.149 0.0000000000
50859  -34.751  -27.371  72.745 0.0000000000
50890  -34.573  -28.151  71.528 0.0000000000
49823  -32.933  -27.858  70.788 0.0000000000
144468  -32.448  -28.152  70.356 0.0000000000
49831  -30.702  -28.488  69.980 0.0000000000
49841  -31.236  -28.511  69.483 0.0000000000
129808  -37.097  -25.591  65.988 0.0000000000
52969  -37.843  -26.232  64.528 0.0000000000
65845  -49.084  -12.465  71.025 0.0000000000
139225  -48.691  -13.481  69.762 0.0000000000
65865  -49.926  -12.543  70.028 0.0000000000
64856  -50.430  -12.688  68.388 0.0000000000
65911  -50.893  -12.543  67.068 0.0000000000
143493  -52.479  -7.501  64.304 0.0000000000
68819  -51.561  -9.211  64.587 0.0000000000
68838  -52.233  -8.406  64.039 0.0000000000
68836  -50.707  -9.157  63.395 0.0000000000
67868  -48.750  -10.059  62.468 0.0000000000
68864  -47.381  -10.117  61.561 0.0000000000
69825  -47.860  -8.773  61.532 0.0000000000
70829  -47.840  -7.823  61.194 0.0000000000
70839  -47.650  -7.224  60.462 0.0000000000
74840  -51.074  -3.804  59.325 0.0000000000
72765  -49.966  -4.869  58.260 0.0000000000
72784  -50.400  -5.131  57.595 0.0000000000
47788  -21.271  -30.633  87.936 0.0000000000
47803  -20.806  -30.783  86.714 0.0000000000
46770  -21.480  -30.978  87.348 0.0000000000
130388  -22.711  -31.813  86.859 0.0000000000
45756  -23.903  -32.538  86.521 0.0000000000
48770  -23.706  -29.873  83.411 0.0000000000
127100  -25.651  -31.377  85.107 0.0000000000
129379  -25.476  -30.853  83.900 0.0000000000
46812  -26.442  -31.594  84.570 0.0000000000
46814  -27.458  -31.758  83.723 0.0000000000
45782  -27.769  -32.262  83.535 0.0000000000
46827  -27.997  -31.594  83.048 0.0000000000
50797  -28.941  -26.655  78.345 0.0000000000
50784  -27.795  -26.776  79.120 0.0000000000
50806  -27.644  -26.968  77.609 0.0000000000
50805  -26.570  -27.224  77.498 0.0000000000
50817  -25.691  -27.697  77.003 0.0000000000
51959  -41.172  -26.695  64.691 0.0000000000
53888  -41.311  -26.015  64.418 0.0000000000
53868  -42.021  -25.798  65.771 0.0000000000
128386  -40.997  -24.056  66.485 0.0000000000
55775  -40.487  -22.992  67.759 0.0000000000
54765  -42.014  -23.691  68.539 0.0000000000
132960  -40.999  -23.036  68.379 0.0000000000
56801  -39.619  -21.675  68.593 0.0000000000
57811  -40.492  -20.430  69.550 0.0000000000
58856  -41.472  -19.182  69.344 0.0000000000
127585  -42.716  -18.375  69.946 0.0000000000
51808  -38.886  -26.344  78.473 0.0000000000
51823  -37.095  -25.827  77.870 0.0000000000
51843  -38.311  -26.516  76.616 0.0000000000
139809  -38.059  -27.039  75.278 0.0000000000
50846  -36.994  -27.751  73.851 0.0000000000
50849  -39.055  -27.621  74.506 0.0000000000
50862  -38.025  -28.002  73.484 0.0000000000
49804  -36.992  -28.459  72.545 0.0000000000
49825  -36.139  -28.434  71.466 0.0000000000
144031  -35.465  -28.203  70.229 0.0000000000
50904  -34.518  -27.689  68.901 0.0000000000
51942  -34.265  -27.130  68.213 0.0000000000
52915  -35.172  -26.392  68.740 0.0000000000
52926  -35.368  -25.679  68.035 0.0000000000
52927  -36.290  -25.345  67.845 0.0000000000
137004  -38.757  -25.208  69.228 0.0000000000
123448  -37.774  -25.395  68.227 0.0000000000
52940  -37.688  -25.808  66.512 0.0000000000
52941  -38.823  -26.341  66.194 0.0000000000
51950  -40.639  -27.044  65.359 0.0000000000
72728  -51.206  -5.041  63.145 0.0000000000
74807  -51.381  -3.455  63.311 0.0000000000
74815  -51.509  -2.873  62.942 0.0000000000
74823  -51.505  -2.655  62.153 0.0000000000
75809  -52.396  -2.503  60.495 0.0000000000
74842  -52.573  -2.931  59.575 0.0000000000
141736  -23.068  -28.479  87.812 0.0000000000
48754  -23.112  -29.868  87.593 0.0000000000
49675  -23.045  -28.344  86.888 0.0000000000
49682  -22.941  -28.385  85.965 0.0000000000
135645  -22.939  -28.403  85.122 0.0000000000
51702  -24.545  -26.693  85.010 0.0000000000
137203  -23.226  -27.830  84.525 0.0000000000
48769  -23.237  -29.510  83.770 0.0000000000
48777  -23.428  -29.373  82.896 0.0000000000
48785  -23.445  -29.335  82.014 0.0000000000
48795  -23.827  -29.837  80.731 0.0000000000
54804  -39.677  -24.367  64.495 0.0000000000
54803  -38.411  -23.692  64.232 0.0000000000
57852  -38.697  -20.882  66.323 0.0000000000
63046  -43.660  -15.361  62.339 0.0000000000
63990  -45.447  -15.430  62.392 0.0000000000
51719  -31.032  -25.774  84.649 0.0000000000
51729  -29.793  -26.165  83.668 0.0000000000
122119  -30.906  -26.115  82.753 0.0000000000
51754  -30.346  -26.129  81.310 0.0000000000
51768  -30.164  -26.230  80.452 0.0000000000
51770  -32.229  -25.919  80.451 0.0000000000
125475  -31.106  -26.236  79.219 0.0000000000
51787  -30.159  -26.307  79.032 0.0000000000
51818  -30.019  -26.526  77.708 0.0000000000
50820  -28.997  -26.784  76.232 0.0000000000
51871  -28.767  -26.697  74.715 0.0000000000
138496  -35.763  -25.651  76.798 0.0000000000
122803  -34.420  -25.757  76.287 0.0000000000
51840  -33.602  -25.872  76.214 0.0000000000
51892  -34.529  -26.622  73.564 0.0000000000
51875  -33.032  -26.250  74.116 0.0000000000
122115  -32.349  -26.039  75.389 0.0000000000
122116  -31.130  -26.247  75.070 0.0000000000
51872  -29.641  -26.480  74.495 0.0000000000
51948  -33.457  -26.770  66.627 0.0000000000
53804  -44.402  -23.799  74.067 0.0000000000
55684  -44.729  -23.258  73.672 0.0000000000
47776  -21.104  -30.350  88.420 0.0000000000
123109  -23.148  -27.987  88.969 0.0000000000
50673  -23.718  -27.094  88.820 0.0000000000
130929  -24.812  -26.207  87.940 0.0000000000
52741  -28.022  -25.684  86.671 0.0000000000
51695  -28.543  -25.473  86.502 0.0000000000
145842  -29.682  -25.355  86.045 0.0000000000
51709  -30.967  -25.453  85.352 0.0000000000
52756  -31.869  -25.514  84.929 0.0000000000
51720  -32.518  -25.667  84.216 0.0000000000
52766  -33.984  -25.495  83.977 0.0000000000
52767  -34.874  -25.355  84.047 0.0000000000
51744  -34.518  -25.845  82.565 0.0000000000
122187  -35.924  -26.004  82.313 0.0000000000
51760  -36.547  -26.088  81.736 0.0000000000
137589  -37.763  -25.877  80.403 0.0000000000
126384  -38.534  -25.981  79.507 0.0000000000
51809  -39.576  -26.247  79.022 0.0000000000
51810  -40.667  -26.318  78.445 0.0000000000
53786  -43.583  -24.647  75.644 0.0000000000
133633  -44.778  -22.790  73.486 0.0000000000
56732  -44.148  -21.544  73.471 0.0000000000
57783  -43.344  -21.035  73.073 0.0000000000
59926  -45.410  -18.422  74.869 0.0000000000
59942  -44.159  -19.006  73.693 0.0000000000
58834  -42.951  -19.315  72.213 0.0000000000
141123  -42.929  -18.784  71.488 0.0000000000
59979  -43.267  -17.892  70.337 0.0000000000
133944  -43.833  -17.239  70.036 0.0000000000
62962  -45.376  -15.178  71.299 0.0000000000
62066  -44.946  -16.406  70.071 0.0000000000
61154  -44.008  -16.887  69.428 0.0000000000
62078  -44.181  -16.128  68.242 0.0000000000
63003  -44.546  -15.396  67.840 0.0000000000
63935  -44.922  -14.701  67.398 0.0000000000
64854  -47.591  -13.571  68.663 0.0000000000
63947  -45.940  -13.825  67.002 0.0000000000
63955  -45.324  -13.745  65.441 0.0000000000
123492  -45.298  -13.831  64.530 0.0000000000
63980  -46.447  -14.736  63.062 0.0000000000
63992  -46.851  -15.161  62.446 0.0000000000
66874  -52.374  -10.937  67.651 0.0000000000
65922  -50.598  -12.537  65.928 0.0000000000
67846  -51.422  -10.181  65.135 0.0000000000
65934  -50.336  -12.313  65.165 0.0000000000
64913  -49.250  -13.389  64.747 0.0000000000
63967  -48.223  -14.132  63.629 0.0000000000
63993  -47.454  -14.748  62.647 0.0000000000
63056  -46.290  -15.593  61.407 0.0000000000
126861  -46.101  -14.653  60.894 0.0000000000
64965  -44.649  -13.599  60.035 0.0000000000
64984  -43.796  -13.300  59.076 0.0000000000
67898  -46.334  -10.783  60.850 0.0000000000
67913  -44.626  -11.210  59.438 0.0000000000
65998  -43.479  -12.490  58.072 0.0000000000
72736  -49.831  -5.611  61.761 0.0000000000
71773  -48.179  -6.495  60.358 0.0000000000
70848  -47.065  -7.214  59.002 0.0000000000
72782  -48.893  -5.845  58.153 0.0000000000
71813  -47.874  -6.827  57.883 0.0000000000
69874  -46.365  -8.373  57.514 0.0000000000
46796  -20.553  -31.227  84.942 0.0000000000
47804  -23.717  -30.917  87.395 0.0000000000
45747  -24.668  -32.025  87.057 0.0000000000
45767  -24.464  -32.777  86.046 0.0000000000
45758  -25.737  -32.177  86.061 0.0000000000
45768  -25.391  -32.781  85.866 0.0000000000
44772  -24.736  -33.254  84.937 0.0000000000
123801  -24.534  -33.561  83.736 0.0000000000
51740  -29.160  -26.230  82.752 0.0000000000
51738  -27.469  -26.467  82.016 0.0000000000
50755  -26.516  -26.605  81.874 0.0000000000
50783  -26.975  -26.894  79.422 0.0000000000
126119  -26.192  -26.973  79.723 0.0000000000
126553  -24.872  -27.199  81.126 0.0000000000
50771  -24.472  -27.626  80.556 0.0000000000
48802  -23.721  -29.166  80.308 0.0000000000
47860  -24.234  -30.381  80.280 0.0000000000
49791  -25.225  -28.492  75.695 0.0000000000
48823  -24.613  -29.345  76.084 0.0000000000
48820  -24.070  -29.881  77.536 0.0000000000
47874  -24.174  -30.489  78.288 0.0000000000
46858  -24.693  -31.145  78.906 0.0000000000
46850  -25.832  -31.283  80.357 0.0000000000
53829  -43.758  -24.302  71.134 0.0000000000
53816  -43.931  -24.130  72.010 0.0000000000
143191  -42.931  -24.298  72.773 0.0000000000
62136  -44.999  -16.490  60.830 0.0000000000
62137  -45.528  -16.362  60.681 0.0000000000
63062  -45.230  -16.404  60.090 0.0000000000
140423  -29.234  -25.957  85.301 0.0000000000
51717  -28.569  -26.157  84.719 0.0000000000
121906  -29.458  -26.095  84.556 0.0000000000
52971  -41.035  -26.316  63.568 0.0000000000
60007  -42.291  -18.090  68.613 0.0000000000
61166  -42.939  -17.479  68.609 0.0000000000
51789  -36.446  -25.700  79.445 0.0000000000
51806  -36.731  -25.656  78.753 0.0000000000
49858  -33.595  -28.485  68.898 0.0000000000
71753  -52.960  -6.207  63.927 0.0000000000
71760  -52.198  -6.842  63.419 0.0000000000
71759  -51.038  -6.601  62.729 0.0000000000
47789  -22.850  -30.769  87.865 0.0000000000
47790  -23.087  -30.507  87.734 0.0000000000
47851  -25.296  -30.798  81.771 0.0000000000
125984  -28.004  -27.033  75.010 0.0000000000
50843  -27.310  -27.250  74.471 0.0000000000
52932  -42.688  -25.807  67.059 0.0000000000
56763  -41.841  -21.497  71.397 0.0000000000
57799  -41.382  -20.629  70.879 0.0000000000
133571  -41.960  -20.447  71.521 0.0000000000
51862  -39.887  -27.019  75.748 0.0000000000
52893  -38.295  -25.483  71.773 0.0000000000
51919  -38.016  -26.655  72.177 0.0000000000
52892  -37.629  -26.133  71.489 0.0000000000
51917  -37.013  -27.046  71.217 0.0000000000
52896  -37.233  -25.774  70.756 0.0000000000
52909  -42.325  -25.898  68.619 0.0000000000
52919  -41.632  -26.247  68.064 0.0000000000
141760  -24.851  -26.429  86.589 0.0000000000
50753  -24.874  -26.842  82.700 0.0000000000
50762  -24.840  -27.062  81.866 0.0000000000
55788  -39.653  -22.689  67.274 0.0000000000
55787  -39.028  -22.502  66.737 0.0000000000
60038  -39.503  -18.655  65.380 0.0000000000
60037  -38.784  -19.133  64.930 0.0000000000
63022  -43.340  -15.172  65.830 0.0000000000
126882  -42.898  -15.423  65.255 0.0000000000
63953  -43.687  -14.742  65.054 0.0000000000
138897  -32.778  -25.850  81.684 0.0000000000
51803  -32.222  -26.075  78.054 0.0000000000
122118  -32.239  -26.135  77.104 0.0000000000
51838  -31.421  -26.268  76.572 0.0000000000
50845  -36.026  -27.201  73.911 0.0000000000
123388  -35.610  -26.576  74.594 0.0000000000
50888  -31.856  -27.839  70.806 0.0000000000
145043  -32.167  -26.886  72.079 0.0000000000
50873  -31.449  -27.188  71.678 0.0000000000
127591  -30.756  -26.736  72.345 0.0000000000
62054  -44.232  -16.063  72.549 0.0000000000
64825  -47.991  -13.170  71.429 0.0000000000
63905  -47.160  -14.640  70.639 0.0000000000
63906  -47.707  -14.204  70.458 0.0000000000
63913  -47.758  -14.237  69.896 0.0000000000
64877  -49.336  -13.072  66.325 0.0000000000
125939  -48.316  -13.008  66.661 0.0000000000
64892  -48.707  -13.480  65.512 0.0000000000
136982  -49.063  -13.610  65.059 0.0000000000
69775  -51.299  -9.090  66.055 0.0000000000
69793  -51.619  -8.938  65.192 0.0000000000
139622  -48.621  -10.857  62.640 0.0000000000
66927  -49.032  -11.189  63.265 0.0000000000
66925  -48.009  -12.255  62.508 0.0000000000
66938  -47.568  -11.741  61.978 0.0000000000
125163  -47.021  -12.069  61.693 0.0000000000
66937  -46.939  -11.298  61.541 0.0000000000
69841  -45.760  -8.643  58.827 0.0000000000
68891  -45.543  -9.346  59.414 0.0000000000
69859  -45.645  -8.601  57.953 0.0000000000
73795  -50.340  -4.232  59.754 0.0000000000
47802  -19.788  -30.469  86.588 0.0000000000
45779  -22.932  -32.603  84.113 0.0000000000
121874  -23.821  -32.885  84.873 0.0000000000
47830  -24.792  -30.995  85.421 0.0000000000
51767  -29.256  -26.376  80.338 0.0000000000
50793  -25.481  -27.441  78.667 0.0000000000
53837  -42.654  -25.312  69.431 0.0000000000
53848  -42.999  -25.020  69.109 0.0000000000
55731  -43.736  -23.815  70.655 0.0000000000
55703  -43.585  -22.621  71.904 0.0000000000
52863  -41.572  -25.762  75.379 0.0000000000
52862  -40.764  -26.089  74.946 0.0000000000
52871  -41.220  -25.193  74.456 0.0000000000
53814  -41.133  -24.474  72.424 0.0000000000
53812  -39.057  -24.912  72.087 0.0000000000
53825  -40.083  -24.536  71.292 0.0000000000
53836  -41.417  -24.874  70.422 0.0000000000
126043  -44.495  -16.726  59.867 0.0000000000
51694  -27.441  -25.901  86.710 0.0000000000
51705  -27.215  -26.147  86.014 0.0000000000
122122  -28.028  -26.292  83.913 0.0000000000
51726  -26.582  -26.345  83.235 0.0000000000
51737  -27.007  -26.391  82.593 0.0000000000
53897  -40.519  -25.731  63.011 0.0000000000
57826  -40.224  -20.062  68.698 0.0000000000
57838  -39.852  -20.124  67.964 0.0000000000
58889  -40.369  -19.390  67.890 0.0000000000
60021  -40.767  -18.624  67.439 0.0000000000
60028  -40.490  -18.436  66.624 0.0000000000
61182  -40.858  -17.790  66.189 0.0000000000
62095  -41.924  -16.898  66.735 0.0000000000
62097  -43.036  -16.049  66.950 0.0000000000
63011  -42.814  -15.663  66.141 0.0000000000
51773  -34.786  -25.686  80.559 0.0000000000
52818  -35.139  -25.419  78.191 0.0000000000
52807  -34.542  -25.548  78.904 0.0000000000
52817  -34.424  -25.462  78.122 0.0000000000
51822  -34.011  -25.570  77.605 0.0000000000
127164  -35.779  -28.485  71.606 0.0000000000
49809  -35.329  -28.320  71.895 0.0000000000
138616  -35.175  -28.505  71.389 0.0000000000
138828  -33.283  -28.406  69.864 0.0000000000
49824  -33.865  -28.124  70.827 0.0000000000
131783  -33.192  -28.211  70.306 0.0000000000
49832  -31.688  -28.377  70.087 0.0000000000
49842  -32.069  -28.455  69.427 0.0000000000
52953  -36.991  -25.622  65.219 0.0000000000
66829  -49.353  -11.807  71.018 0.0000000000
64827  -49.334  -12.878  70.556 0.0000000000
142577  -51.696  -11.039  69.520 0.0000000000
65866  -50.649  -12.213  69.487 0.0000000000
65867  -51.606  -11.789  69.023 0.0000000000
65895  -51.084  -12.559  67.856 0.0000000000
138264  -51.684  -12.140  68.131 0.0000000000
71746  -52.811  -6.220  64.182 0.0000000000
71745  -52.023  -5.994  64.502 0.0000000000
70807  -52.243  -6.795  64.436 0.0000000000
69804  -52.706  -7.743  64.059 0.0000000000
69813  -52.751  -7.688  63.956 0.0000000000
69820  -51.368  -8.310  63.304 0.0000000000
68853  -49.558  -9.465  62.715 0.0000000000
69818  -48.590  -9.280  62.142 0.0000000000
69827  -49.244  -8.704  62.353 0.0000000000
70830  -48.650  -7.426  61.546 0.0000000000
131536  -47.280  -7.829  60.515 0.0000000000
70840  -48.138  -7.081  61.018 0.0000000000
73805  -51.288  -4.092  58.328 0.0000000000
145201  -50.617  -4.572  58.023 0.0000000000
46762  -21.992  -31.132  87.659 0.0000000000
144030  -23.370  -32.030  86.989 0.0000000000
45755  -23.065  -32.233  86.427 0.0000000000
45746  -23.971  -32.175  87.061 0.0000000000
47837  -24.366  -30.337  83.595 0.0000000000
47838  -26.452  -31.132  83.500 0.0000000000
136905  -26.994  -31.532  83.870 0.0000000000
130038  -28.090  -31.301  82.355 0.0000000000
50807  -28.532  -26.761  77.654 0.0000000000
134972  -27.057  -27.199  76.017 0.0000000000
124424  -26.471  -27.380  76.516 0.0000000000
49782  -25.763  -27.841  76.128 0.0000000000
51951  -41.354  -26.923  65.438 0.0000000000
52956  -41.714  -26.325  65.177 0.0000000000
54774  -41.364  -23.964  67.115 0.0000000000
54773  -40.465  -23.362  67.020 0.0000000000
54755  -43.027  -24.411  69.216 0.0000000000
54754  -42.653  -23.968  68.990 0.0000000000
56788  -40.629  -22.019  69.719 0.0000000000
55744  -40.935  -22.650  69.136 0.0000000000
55760  -40.058  -22.420  68.653 0.0000000000
55743  -40.079  -21.862  69.272 0.0000000000
57810  -39.874  -21.009  69.153 0.0000000000
58844  -41.796  -19.685  70.795 0.0000000000
126019  -41.992  -19.101  69.978 0.0000000000
58857  -42.206  -18.572  69.286 0.0000000000
51824  -38.292  -26.276  77.579 0.0000000000
51844  -39.082  -26.683  76.846 0.0000000000
51861  -39.249  -27.345  75.319 0.0000000000
121543  -38.726  -26.921  75.816 0.0000000000
51878  -37.641  -27.346  74.624 0.0000000000
50847  -37.950  -27.837  74.079 0.0000000000
51896  -39.732  -26.700  74.344 0.0000000000
51879  -39.584  -27.296  74.750 0.0000000000
51895  -39.176  -27.310  74.003 0.0000000000
51911  -37.830  -27.581  72.410 0.0000000000
50879  -38.205  -27.811  73.082 0.0000000000
50878  -37.547  -28.160  72.623 0.0000000000
147137  -37.414  -28.298  73.066 0.0000000000
49811  -36.431  -28.486  72.023 0.0000000000
49812  -36.853  -28.427  71.994 0.0000000000
51929  -35.965  -27.061  70.167 0.0000000000
50894  -35.891  -28.044  70.497 0.0000000000
50897  -35.445  -27.770  69.870 0.0000000000
50896  -34.865  -27.931  69.508 0.0000000000
51936  -35.013  -27.252  69.235 0.0000000000
145752  -34.713  -26.972  68.654 0.0000000000
142420  -36.603  -25.391  69.296 0.0000000000
52916  -35.864  -25.628  68.903 0.0000000000
52917  -38.696  -25.561  68.381 0.0000000000
52929  -38.542  -25.899  67.600 0.0000000000
52928  -37.418  -25.482  67.489 0.0000000000
123135  -38.345  -26.083  66.949 0.0000000000
122383  -39.581  -26.464  66.785 0.0000000000
52942  -40.858  -27.071  66.071 0.0000000000
75792  -52.278  -1.768  62.465 0.0000000000
75799  -52.256  -2.160  61.563 0.0000000000
75810  -53.390  -2.477  60.275 0.0000000000
146794  -23.718  -27.320  84.060 0.0000000000
134884  -23.311  -27.898  83.676 0.0000000000
49689  -22.837  -28.820  84.318 0.0000000000
49698  -23.166  -28.722  83.283 0.0000000000
49717  -23.565  -28.476  81.617 0.0000000000
48786  -23.857  -29.906  81.610 0.0000000000
53876  -40.755  -25.066  64.676 0.0000000000
54792  -38.871  -23.436  65.121 0.0000000000
55808  -37.973  -22.878  64.745 0.0000000000
57853  -39.185  -20.360  66.885 0.0000000000
57879  -38.052  -20.375  64.868 0.0000000000
61200  -40.968  -17.007  65.099 0.0000000000
62113  -41.209  -16.609  64.412 0.0000000000
145898  -42.210  -15.717  62.494 0.0000000000
63978  -44.465  -14.906  62.847 0.0000000000
63047  -44.886  -15.696  62.037 0.0000000000
51730  -30.784  -26.090  83.641 0.0000000000
121905  -31.557  -26.074  83.068 0.0000000000
51755  -31.119  -26.083  81.456 0.0000000000
138850  -30.846  -26.120  80.819 0.0000000000
131360  -30.979  -26.087  80.142 0.0000000000
51771  -33.349  -25.681  79.911 0.0000000000
129487  -32.558  -25.870  79.888 0.0000000000
51802  -31.497  -26.198  78.420 0.0000000000
51800  -29.744  -26.504  78.335 0.0000000000
122895  -29.967  -26.482  76.028 0.0000000000
50831  -29.376  -26.622  75.347 0.0000000000
121500  -37.417  -26.084  76.902 0.0000000000
52832  -36.380  -25.714  77.230 0.0000000000
51858  -34.995  -26.114  75.383 0.0000000000
51841  -35.467  -25.765  76.142 0.0000000000
51857  -33.925  -25.952  75.362 0.0000000000
50858  -33.894  -26.852  72.896 0.0000000000
51910  -32.262  -26.474  72.854 0.0000000000
139033  -32.340  -26.082  74.623 0.0000000000
146354  -31.804  -26.101  75.040 0.0000000000
51874  -31.600  -26.103  74.378 0.0000000000
51908  -29.912  -26.616  72.692 0.0000000000
51888  -29.863  -26.396  73.614 0.0000000000
142346  -29.437  -26.540  73.273 0.0000000000
51887  -28.986  -26.601  73.805 0.0000000000
51941  -33.711  -27.209  67.538 0.0000000000
143433  -33.922  -26.435  66.918 0.0000000000
48724  -20.538  -30.084  88.835 0.0000000000
51681  -27.186  -25.618  86.939 0.0000000000
52749  -31.496  -25.130  85.450 0.0000000000
51732  -33.157  -25.736  83.647 0.0000000000
146603  -35.469  -25.185  84.033 0.0000000000
52759  -34.892  -24.786  84.397 0.0000000000
51733  -34.713  -25.700  83.472 0.0000000000
51745  -35.346  -25.870  82.934 0.0000000000
51747  -37.465  -25.567  82.460 0.0000000000
51761  -37.391  -25.958  81.907 0.0000000000
51775  -37.127  -25.999  81.144 0.0000000000
126375  -37.994  -25.881  81.266 0.0000000000
134336  -38.673  -25.742  80.518 0.0000000000
51791  -39.455  -25.907  79.888 0.0000000000
51811  -41.158  -26.208  78.427 0.0000000000
138682  -41.031  -26.483  78.083 0.0000000000
53795  -44.199  -24.081  74.813 0.0000000000
127126  -45.084  -22.555  74.247 0.0000000000
57770  -44.645  -20.961  74.134 0.0000000000
57769  -43.934  -20.460  73.606 0.0000000000
61109  -44.517  -17.592  73.866 0.0000000000
61108  -44.050  -18.295  73.438 0.0000000000
59957  -43.491  -18.931  72.972 0.0000000000
59968  -43.268  -18.500  72.013 0.0000000000
126212  -43.923  -16.883  71.168 0.0000000000
61142  -43.623  -17.418  70.772 0.0000000000
61143  -44.190  -16.826  70.360 0.0000000000
64815  -46.645  -13.175  72.498 0.0000000000
62955  -44.827  -14.701  72.231 0.0000000000
63897  -45.783  -14.467  71.724 0.0000000000
62976  -46.082  -15.636  69.876 0.0000000000
62067  -45.550  -15.943  70.092 0.0000000000
62071  -44.826  -16.388  69.507 0.0000000000
62079  -44.565  -16.394  68.948 0.0000000000
62080  -45.295  -15.978  69.175 0.0000000000
63004  -45.262  -15.087  68.264 0.0000000000
63936  -45.557  -14.394  67.765 0.0000000000
64841  -47.960  -13.665  69.363 0.0000000000
64862  -46.725  -13.390  66.988 0.0000000000
63946  -45.610  -13.715  66.212 0.0000000000
64889  -46.236  -13.538  65.268 0.0000000000
63965  -47.521  -14.344  63.751 0.0000000000
121868  -46.940  -14.420  63.575 0.0000000000
67834  -51.844  -10.258  66.444 0.0000000000
67827  -52.184  -10.334  67.086 0.0000000000
133042  -52.168  -10.985  66.949 0.0000000000
129175  -51.592  -11.780  66.832 0.0000000000
65923  -51.213  -11.783  66.183 0.0000000000
67845  -51.060  -10.066  64.539 0.0000000000
65943  -49.331  -12.540  64.164 0.0000000000
66907  -50.037  -11.966  64.535 0.0000000000
65933  -49.690  -12.866  64.680 0.0000000000
64929  -49.012  -13.248  64.302 0.0000000000
137196  -48.593  -13.743  64.350 0.0000000000
64928  -48.550  -13.639  63.864 0.0000000000
130332  -47.525  -13.705  62.050 0.0000000000
64941  -47.874  -14.221  62.570 0.0000000000
64954  -47.389  -14.617  62.018 0.0000000000
63050  -46.978  -15.267  61.964 0.0000000000
64002  -46.667  -14.865  61.443 0.0000000000
64967  -46.178  -13.728  61.105 0.0000000000
146329  -45.613  -13.248  60.686 0.0000000000
65975  -44.966  -12.885  60.341 0.0000000000
65989  -44.262  -13.006  59.630 0.0000000000
67882  -46.680  -9.908  61.044 0.0000000000
67920  -44.455  -10.634  58.754 0.0000000000
67914  -45.021  -10.596  59.574 0.0000000000
131589  -44.148  -11.578  58.890 0.0000000000
66980  -43.694  -11.898  58.365 0.0000000000
72737  -50.354  -4.931  62.191 0.0000000000
72745  -49.188  -5.380  60.498 0.0000000000
72744  -48.809  -5.967  60.783 0.0000000000
72753  -48.611  -5.782  59.934 0.0000000000
71780  -47.569  -6.825  59.613 0.0000000000
72783  -49.576  -5.588  57.770 0.0000000000
72764  -49.316  -5.299  58.619 0.0000000000
144933  -49.125  -6.042  57.720 0.0000000000
70885  -46.793  -7.787  57.790 0.0000000000
122375  -21.611  -31.283  86.539 0.0000000000
46784  -20.427  -30.932  85.736 0.0000000000
146232  -21.427  -32.030  82.827 0.0000000000
121647  -22.598  -32.849  82.210 0.0000000000
44804  -23.199  -33.310  82.035 0.0000000000
46774  -24.990  -31.911  86.812 0.0000000000
140195  -24.455  -32.352  86.779 0.0000000000
46798  -26.146  -31.953  85.572 0.0000000000
44783  -25.228  -33.673  84.452 0.0000000000
44797  -27.831  -33.190  83.066 0.0000000000
122120  -30.180  -26.173  82.801 0.0000000000
50781  -25.463  -27.259  79.458 0.0000000000
50772  -25.554  -27.048  80.431 0.0000000000
48803  -23.889  -29.308  79.465 0.0000000000
137047  -23.821  -29.792  79.994 0.0000000000
48827  -25.013  -29.137  75.167 0.0000000000
46878  -24.634  -31.119  76.312 0.0000000000
47878  -24.257  -30.622  76.880 0.0000000000
135020  -24.260  -30.750  77.546 0.0000000000
46859  -25.617  -31.540  79.438 0.0000000000
47869  -24.845  -31.001  79.847 0.0000000000
53828  -43.314  -24.696  70.738 0.0000000000
54745  -43.540  -24.377  70.582 0.0000000000
54738  -44.272  -23.489  72.074 0.0000000000
53801  -42.067  -24.464  73.611 0.0000000000
53826  -41.282  -24.522  71.403 0.0000000000
132683  -42.321  -24.556  71.536 0.0000000000
144041  -42.847  -24.832  70.964 0.0000000000
131595  -44.258  -16.035  61.464 0.0000000000
62150  -44.152  -16.472  60.562 0.0000000000
122022  -27.777  -26.181  85.250 0.0000000000
60022  -41.585  -18.185  67.842 0.0000000000
61174  -41.769  -17.418  67.233 0.0000000000
138478  -35.900  -25.613  79.772 0.0000000000
52808  -35.690  -25.572  78.981 0.0000000000
130296  -34.721  -28.454  70.242 0.0000000000
121725  -34.687  -28.509  70.854 0.0000000000
49844  -33.741  -28.466  69.562 0.0000000000
49843  -32.921  -28.533  69.321 0.0000000000
49857  -33.026  -28.573  68.720 0.0000000000
49866  -32.611  -28.552  68.062 0.0000000000
52970  -39.161  -26.790  64.581 0.0000000000
71747  -53.042  -6.595  63.987 0.0000000000
70815  -52.970  -7.048  63.925 0.0000000000
133103  -50.513  -7.939  62.673 0.0000000000
70821  -50.218  -7.208  62.430 0.0000000000
71767  -49.351  -6.954  61.835 0.0000000000
46753  -22.411  -30.870  87.927 0.0000000000
46851  -26.892  -31.292  80.898 0.0000000000
125249  -28.229  -26.865  76.867 0.0000000000
50819  -27.943  -27.050  75.932 0.0000000000
52944  -42.378  -26.117  66.420 0.0000000000
54775  -42.374  -24.760  67.292 0.0000000000
146675  -42.241  -22.758  70.298 0.0000000000
55745  -41.956  -23.289  69.237 0.0000000000
56776  -40.807  -21.724  70.177 0.0000000000
57798  -40.783  -20.910  70.315 0.0000000000
122394  -39.915  -26.655  77.303 0.0000000000
50833  -38.956  -27.655  74.819 0.0000000000
51913  -38.883  -26.710  73.270 0.0000000000
52907  -39.716  -25.254  69.268 0.0000000000
50696  -24.117  -26.825  87.837 0.0000000000
50705  -24.051  -26.865  86.758 0.0000000000
50717  -23.946  -26.967  85.710 0.0000000000
50741  -25.030  -26.627  83.562 0.0000000000
50751  -23.651  -27.915  82.107 0.0000000000
62114  -41.834  -16.224  64.762 0.0000000000
63030  -42.367  -15.721  64.598 0.0000000000
124373  -42.477  -15.470  63.737 0.0000000000
63040  -42.682  -15.415  62.885 0.0000000000
63962  -43.847  -14.501  63.907 0.0000000000
51731  -32.354  -25.929  83.360 0.0000000000
51742  -32.161  -26.009  82.431 0.0000000000
51756  -31.890  -26.015  81.586 0.0000000000
51804  -32.956  -25.868  78.592 0.0000000000
51819  -30.566  -26.421  77.342 0.0000000000
138423  -30.992  -26.384  77.015 0.0000000000
51855  -30.832  -26.313  75.859 0.0000000000
51860  -37.190  -26.554  75.265 0.0000000000
50875  -33.145  -26.946  72.212 0.0000000000
51890  -31.460  -26.224  73.507 0.0000000000
122264  -34.949  -25.641  67.265 0.0000000000
53697  -31.995  -24.598  85.496 0.0000000000
53698  -32.465  -23.881  85.600 0.0000000000
131549  -36.225  -25.188  83.672 0.0000000000
52776  -36.172  -25.709  83.101 0.0000000000
52777  -36.894  -25.413  83.006 0.0000000000
128029  -45.671  -21.199  75.170 0.0000000000
56718  -45.245  -21.570  74.539 0.0000000000
131096  -45.335  -19.228  74.789 0.0000000000
61121  -44.255  -16.787  73.284 0.0000000000
61133  -43.598  -17.658  71.825 0.0000000000
136675  -44.286  -16.291  71.490 0.0000000000
65843  -47.952  -12.471  71.918 0.0000000000
64824  -47.206  -13.567  71.752 0.0000000000
63898  -46.844  -14.289  71.342 0.0000000000
62970  -46.710  -15.270  70.236 0.0000000000
122179  -45.930  -15.591  69.396 0.0000000000
62991  -46.386  -15.175  69.172 0.0000000000
63927  -46.805  -14.397  68.803 0.0000000000
64865  -49.740  -12.780  68.021 0.0000000000
64863  -47.947  -12.961  67.744 0.0000000000
64876  -47.583  -13.299  65.975 0.0000000000
64890  -47.197  -13.553  65.112 0.0000000000
64911  -47.785  -14.032  64.413 0.0000000000
63966  -48.068  -14.223  64.038 0.0000000000
69750  -51.195  -8.997  67.087 0.0000000000
68790  -51.761  -9.657  66.626 0.0000000000
67839  -51.539  -10.213  65.800 0.0000000000
135168  -49.757  -10.634  63.570 0.0000000000
66918  -50.251  -10.869  64.280 0.0000000000
66916  -48.842  -12.124  63.565 0.0000000000
65951  -48.439  -12.761  63.047 0.0000000000
65963  -46.712  -12.927  61.563 0.0000000000
68874  -46.602  -9.049  60.576 0.0000000000
68873  -45.960  -9.753  60.303 0.0000000000
67921  -45.043  -9.873  59.062 0.0000000000
67923  -44.103  -10.436  57.809 0.0000000000
73775  -50.474  -4.236  61.740 0.0000000000
72754  -49.180  -5.264  59.572 0.0000000000
70888  -49.204  -7.052  57.007 0.0000000000
71814  -48.694  -6.479  57.650 0.0000000000
46783  -19.314  -30.649  85.460 0.0000000000
122946  -22.099  -32.252  83.366 0.0000000000
128664  -23.869  -30.690  86.724 0.0000000000
47831  -25.492  -31.840  86.178 0.0000000000
44774  -26.238  -33.191  84.939 0.0000000000
43851  -25.331  -34.155  82.508 0.0000000000
44795  -26.173  -34.121  83.666 0.0000000000
43842  -26.415  -34.422  82.814 0.0000000000
43843  -27.304  -34.354  82.737 0.0000000000
123429  -28.922  -26.318  81.753 0.0000000000
51752  -28.678  -26.383  80.924 0.0000000000
50765  -27.825  -26.570  80.677 0.0000000000
50794  -26.157  -27.189  78.282 0.0000000000
49742  -24.780  -27.877  79.157 0.0000000000
49753  -24.226  -28.688  78.865 0.0000000000
48812  -24.006  -29.526  78.543 0.0000000000
46875  -25.428  -31.947  77.556 0.0000000000
46866  -24.658  -31.329  77.968 0.0000000000
142889  -42.800  -25.759  68.230 0.0000000000
55730  -43.146  -23.346  70.346 0.0000000000
145928  -40.919  -26.891  75.960 0.0000000000
133374  -40.148  -27.008  75.460 0.0000000000
51881  -40.823  -26.625  75.524 0.0000000000
52884  -39.340  -25.610  72.860 0.0000000000
124052  -25.632  -26.318  86.222 0.0000000000
51704  -26.349  -26.287  85.686 0.0000000000
51715  -26.165  -26.338  84.739 0.0000000000
51725  -25.952  -26.350  83.840 0.0000000000
56812  -39.341  -21.437  67.848 0.0000000000
57837  -39.414  -20.618  67.602 0.0000000000
58902  -39.476  -19.577  66.606 0.0000000000
60027  -39.841  -18.894  66.227 0.0000000000
61189  -39.906  -17.970  64.969 0.0000000000
61191  -41.220  -17.209  65.743 0.0000000000
62105  -41.727  -16.719  66.061 0.0000000000
51757  -33.524  -25.716  81.306 0.0000000000
129409  -33.862  -25.627  80.619 0.0000000000
139120  -33.613  -25.643  79.145 0.0000000000
51839  -32.986  -25.959  76.654 0.0000000000
50877  -35.581  -27.955  72.564 0.0000000000
51893  -35.421  -27.241  73.285 0.0000000000
50876  -34.895  -27.927  72.154 0.0000000000
50889  -33.590  -27.657  71.442 0.0000000000
50893  -30.935  -28.060  70.470 0.0000000000
140671  -31.643  -28.501  68.970 0.0000000000
52968  -36.706  -25.720  64.374 0.0000000000
65844  -48.489  -12.520  71.473 0.0000000000
64826  -48.746  -13.082  71.008 0.0000000000
63907  -48.240  -13.767  70.292 0.0000000000
64833  -48.834  -13.369  70.455 0.0000000000
64842  -49.459  -13.059  69.912 0.0000000000
121670  -49.544  -12.898  69.075 0.0000000000
65852  -50.298  -12.007  70.232 0.0000000000
65881  -50.165  -12.662  69.249 0.0000000000
64866  -50.466  -12.702  67.472 0.0000000000
64879  -50.325  -12.821  66.667 0.0000000000
69803  -51.986  -8.184  64.536 0.0000000000
128022  -51.887  -8.553  64.430 0.0000000000
68837  -51.338  -9.151  64.085 0.0000000000
139539  -52.252  -8.194  63.754 0.0000000000
69812  -51.677  -8.625  63.757 0.0000000000
67856  -49.978  -9.931  63.273 0.0000000000
67884  -48.128  -10.417  62.054 0.0000000000
67883  -47.540  -10.909  61.772 0.0000000000
141765  -48.359  -9.873  62.101 0.0000000000
68865  -47.923  -9.610  61.745 0.0000000000
69826  -48.613  -8.315  61.803 0.0000000000
69833  -47.227  -8.487  60.874 0.0000000000
69832  -46.642  -8.167  60.045 0.0000000000
70847  -46.688  -7.711  59.312 0.0000000000
135005  -50.501  -4.380  58.792 0.0000000000
144028  -20.047  -30.356  87.396 0.0000000000
123278  -20.638  -30.543  87.368 0.0000000000
46771  -22.392  -31.406  87.332 0.0000000000
46785  -22.101  -31.727  86.070 0.0000000000
47829  -23.884  -30.233  84.360 0.0000000000
130385  -24.840  -30.729  84.482 0.0000000000
46813  -26.981  -31.893  84.446 0.0000000000
45781  -27.246  -32.375  84.172 0.0000000000
51786  -29.349  -26.478  79.012 0.0000000000
50785  -28.577  -26.649  79.009 0.0000000000
50796  -28.096  -26.789  78.367 0.0000000000
140950  -41.259  -26.531  64.093 0.0000000000
53877  -41.355  -25.391  65.202 0.0000000000
54783  -41.346  -24.758  65.875 0.0000000000
146917  -40.638  -24.021  66.069 0.0000000000
55774  -39.580  -22.220  67.986 0.0000000000
139852  -42.476  -24.476  67.953 0.0000000000
58855  -40.799  -19.701  69.327 0.0000000000
59989  -42.821  -17.912  69.227 0.0000000000
51807  -37.804  -26.027  78.638 0.0000000000
122395  -37.730  -26.532  76.004 0.0000000000
50848  -38.550  -27.678  74.289 0.0000000000
51894  -38.597  -27.410  73.436 0.0000000000
50863  -38.587  -27.682  73.854 0.0000000000
141279  -37.520  -28.085  73.477 0.0000000000
50861  -36.950  -28.326  73.142 0.0000000000
49803  -36.384  -28.316  72.598 0.0000000000
50891  -36.494  -28.064  71.249 0.0000000000
49837  -35.884  -28.440  70.926 0.0000000000
49836  -35.414  -28.392  70.515 0.0000000000
49845  -35.094  -28.314  69.969 0.0000000000
51935  -34.725  -26.299  68.092 0.0000000000
123187  -35.733  -25.327  67.306 0.0000000000
123136  -36.565  -25.280  66.814 0.0000000000
52906  -37.831  -25.148  70.062 0.0000000000
123960  -37.557  -25.165  69.127 0.0000000000
139158  -39.977  -26.949  65.991 0.0000000000
52955  -39.513  -26.800  65.372 0.0000000000
72719  -51.661  -4.312  63.739 0.0000000000
74814  -51.016  -3.471  62.308 0.0000000000
74822  -50.875  -3.527  61.338 0.0000000000
74832  -51.512  -2.881  60.900 0.0000000000
74841  -51.680  -3.129  59.869 0.0000000000
74851  -51.880  -3.471  58.988 0.0000000000
74868  -52.087  -3.749  58.266 0.0000000000
74852  -52.712  -3.404  58.726 0.0000000000
74869  -52.738  -3.862  57.927 0.0000000000
48742  -22.805  -29.515  88.045 0.0000000000
145077  -22.878  -29.060  87.421 0.0000000000
48753  -22.893  -29.148  86.711 0.0000000000
145669  -23.014  -29.421  85.694 0.0000000000
51692  -24.731  -26.513  85.804 0.0000000000
50728  -23.803  -27.171  84.783 0.0000000000
50729  -24.392  -26.878  84.179 0.0000000000
48778  -23.923  -29.967  82.617 0.0000000000
47850  -24.430  -30.402  81.195 0.0000000000
56825  -38.680  -21.763  66.657 0.0000000000
56843  -38.267  -21.621  65.767 0.0000000000
57868  -38.328  -20.699  65.507 0.0000000000
55807  -37.767  -22.006  64.978 0.0000000000
126352  -43.395  -15.687  61.830 0.0000000000
63048  -45.806  -15.850  61.859 0.0000000000
51718  -30.267  -26.018  84.532 0.0000000000
123181  -30.624  -26.116  82.076 0.0000000000
132229  -29.725  -26.387  79.705 0.0000000000
129472  -31.766  -26.006  79.917 0.0000000000
137028  -30.433  -26.265  79.714 0.0000000000
50808  -29.333  -26.640  77.679 0.0000000000
51836  -29.778  -26.571  76.955 0.0000000000
52831  -35.486  -25.496  77.473 0.0000000000
52844  -35.021  -25.528  76.888 0.0000000000
131744  -34.367  -25.575  77.058 0.0000000000
122772  -33.022  -25.897  75.795 0.0000000000
123075  -33.814  -26.188  74.345 0.0000000000
137130  -33.661  -26.443  73.627 0.0000000000
122311  -33.066  -26.020  74.952 0.0000000000
51873  -30.641  -26.204  74.203 0.0000000000
52952  -35.942  -25.220  65.055 0.0000000000
53817  -44.071  -23.861  73.047 0.0000000000
132002  -44.415  -23.611  73.529 0.0000000000
54715  -45.283  -23.114  74.821 0.0000000000
47775  -20.300  -30.264  88.107 0.0000000000
47769  -21.366  -30.089  88.773 0.0000000000
47770  -21.931  -30.238  88.484 0.0000000000
48725  -22.181  -29.992  88.486 0.0000000000
48726  -22.415  -29.479  88.503 0.0000000000
49648  -22.566  -28.777  89.002 0.0000000000
50684  -23.459  -27.586  88.383 0.0000000000
50685  -24.220  -26.615  88.489 0.0000000000
51668  -26.011  -25.586  87.416 0.0000000000
51680  -26.330  -25.685  87.230 0.0000000000
51707  -29.391  -25.563  85.924 0.0000000000
52748  -30.151  -25.464  85.717 0.0000000000
51708  -30.492  -25.689  85.185 0.0000000000
128328  -32.239  -25.072  85.255 0.0000000000
121608  -33.844  -25.783  83.119 0.0000000000
140161  -35.136  -25.897  82.115 0.0000000000
51759  -35.524  -25.972  81.352 0.0000000000
51774  -36.295  -26.030  80.977 0.0000000000
122312  -39.747  -26.463  78.189 0.0000000000
51792  -40.202  -26.054  79.294 0.0000000000
139321  -40.181  -26.322  78.598 0.0000000000
51826  -40.310  -26.523  78.037 0.0000000000
51827  -40.714  -26.610  77.617 0.0000000000
51846  -41.057  -26.701  76.970 0.0000000000
52833  -42.106  -26.207  77.498 0.0000000000
51847  -41.789  -26.493  77.086 0.0000000000
51863  -41.358  -26.657  76.490 0.0000000000
122901  -42.178  -25.953  76.035 0.0000000000
53794  -43.313  -24.400  74.715 0.0000000000
53803  -43.939  -24.072  73.758 0.0000000000
54734  -44.211  -23.635  72.621 0.0000000000
55705  -44.499  -23.171  72.813 0.0000000000
55704  -44.252  -22.922  72.251 0.0000000000
56733  -44.756  -22.038  73.833 0.0000000000
56752  -44.402  -22.510  73.111 0.0000000000
56751  -43.769  -22.123  72.791 0.0000000000
56750  -42.872  -21.644  72.446 0.0000000000
57782  -42.606  -20.419  72.329 0.0000000000
59943  -44.757  -18.556  74.295 0.0000000000
61091  -45.283  -17.639  74.691 0.0000000000
58815  -43.836  -19.590  73.520 0.0000000000
58826  -43.252  -19.938  73.034 0.0000000000
59978  -42.816  -18.571  70.770 0.0000000000
125590  -43.256  -18.144  71.140 0.0000000000
61153  -43.349  -17.607  69.678 0.0000000000
62060  -45.025  -15.926  70.739 0.0000000000
128516  -44.406  -16.735  69.856 0.0000000000
61167  -43.664  -16.829  68.634 0.0000000000
62989  -44.953  -15.777  68.630 0.0000000000
63002  -43.771  -15.694  67.409 0.0000000000
63013  -44.179  -14.946  66.989 0.0000000000
63928  -47.415  -14.194  69.304 0.0000000000
64853  -47.071  -13.518  67.911 0.0000000000
63937  -46.231  -13.953  67.974 0.0000000000
134768  -45.361  -14.223  66.946 0.0000000000
63945  -44.774  -14.247  66.390 0.0000000000
63954  -44.521  -14.181  65.359 0.0000000000
127353  -45.463  -14.177  63.627 0.0000000000
64909  -46.003  -13.670  64.642 0.0000000000
63964  -46.232  -14.016  63.859 0.0000000000
63979  -45.481  -14.803  62.924 0.0000000000
63991  -46.161  -15.413  62.413 0.0000000000
63049  -46.390  -15.609  61.862 0.0000000000
65896  -51.460  -12.220  67.403 0.0000000000
126460  -50.567  -12.688  66.480 0.0000000000
64894  -50.143  -13.028  66.072 0.0000000000
68820  -51.545  -9.415  65.160 0.0000000000
66901  -51.282  -11.006  65.701 0.0000000000
66908  -50.760  -11.157  65.026 0.0000000000
66900  -50.848  -11.778  65.623 0.0000000000
64893  -49.820  -13.112  65.338 0.0000000000
63982  -47.777  -14.475  63.361 0.0000000000
64942  -48.333  -13.780  63.152 0.0000000000
63994  -48.038  -14.395  63.035 0.0000000000
64012  -46.223  -15.379  60.975 0.0000000000
64011  -45.651  -15.117  60.490 0.0000000000
64966  -45.411  -13.939  60.503 0.0000000000
64010  -44.826  -14.509  59.962 0.0000000000
64976  -44.169  -13.854  59.477 0.0000000000
133512  -43.725  -14.010  58.748 0.0000000000
146788  -46.917  -10.579  61.415 0.0000000000
66953  -45.755  -11.515  60.551 0.0000000000
67897  -45.550  -10.634  60.225 0.0000000000
66970  -45.064  -11.302  60.050 0.0000000000
66969  -44.526  -12.051  59.727 0.0000000000
65999  -43.827  -12.491  58.916 0.0000000000
72727  -50.655  -5.736  62.514 0.0000000000
72735  -49.293  -6.185  61.459 0.0000000000
131163  -49.308  -5.588  61.143 0.0000000000
70838  -47.102  -7.477  59.803 0.0000000000
70863  -46.647  -7.662  58.582 0.0000000000
73794  -49.780  -4.742  59.173 0.0000000000
72763  -48.663  -5.737  58.969 0.0000000000
71792  -48.269  -6.270  58.388 0.0000000000
71791  -47.609  -6.703  58.682 0.0000000000
70864  -47.215  -7.247  58.198 0.0000000000
69860  -46.161  -8.117  58.254 0.0000000000
145136  -21.055  -31.502  84.784 0.0000000000
45807  -21.794  -32.640  81.620 0.0000000000
45793  -21.996  -32.397  82.535 0.0000000000
46773  -24.114  -31.684  87.222 0.0000000000
134391  -23.847  -33.386  82.803 0.0000000000
44786  -27.372  -33.023  83.804 0.0000000000
122121  -28.253  -26.281  83.092 0.0000000000
51739  -28.270  -26.336  82.284 0.0000000000
133913  -27.698  -26.344  82.643 0.0000000000
50763  -25.626  -26.868  81.425 0.0000000000
146367  -28.298  -26.612  79.564 0.0000000000
50774  -27.699  -26.677  79.883 0.0000000000
50773  -26.824  -26.750  80.341 0.0000000000
139395  -26.327  -26.702  81.050 0.0000000000
49730  -23.896  -28.399  80.807 0.0000000000
50842  -26.539  -27.592  74.827 0.0000000000
49792  -25.855  -27.966  75.260 0.0000000000
142833  -25.441  -28.497  74.973 0.0000000000
49781  -25.059  -28.423  76.578 0.0000000000
49780  -24.460  -29.133  77.057 0.0000000000
47882  -24.453  -30.308  76.124 0.0000000000
130878  -24.254  -29.888  76.732 0.0000000000
52921  -42.888  -25.434  68.397 0.0000000000
61120  -43.855  -17.545  72.925 0.0000000000
62969  -45.909  -15.517  70.455 0.0000000000
62971  -47.262  -14.913  70.084 0.0000000000
64816  -47.387  -12.812  72.188 0.0000000000
64878  -49.882  -12.859  66.965 0.0000000000
65851  -49.666  -12.286  70.602 0.0000000000
65882  -51.010  -12.448  68.663 0.0000000000
66844  -50.979  -10.970  69.939 0.0000000000
66857  -50.915  -11.570  69.747 0.0000000000
66885  -52.041  -11.663  67.516 0.0000000000
68906  -45.260  -9.172  58.519 0.0000000000
126117  -51.031  -12.329  66.603 0.0000000000
141377  -49.957  -13.081  66.252 0.0000000000
145213  -38.650  -20.387  65.827 0.0000000000
146850  -51.252  -12.264  66.983 0.0000000000
