#!ascii label  , from subject sub-v1s6x0051319_ses-1 vox2ras=TkReg
914
18629  -47.691  -65.493  9.641 0.5000000000
18617  -46.256  -65.535  11.051 0.8000000119
18622  -44.570  -65.283  10.681 0.8000000119
133917  -45.417  -65.538  10.594 0.8000000119
18624  -46.183  -65.625  10.117 0.8000000119
18627  -48.986  -66.109  10.096 0.5000000000
18618  -47.181  -65.759  10.770 0.5000000000
19422  -46.723  -65.253  9.606 0.6000000238
127803  -44.694  -63.837  11.666 0.6999999881
134556  -45.020  -63.961  10.561 0.6999999881
19423  -45.739  -64.216  9.330 0.8000000119
19424  -46.410  -64.351  9.060 0.6999999881
124177  -49.518  -66.255  10.576 0.6000000238
18630  -48.570  -65.529  9.740 0.5000000000
19426  -48.850  -64.494  9.570 0.6000000238
20239  -43.885  -64.238  12.811 0.6999999881
19425  -47.997  -64.808  9.298 0.6000000238
20258  -48.633  -63.514  9.104 0.6000000238
20247  -44.545  -63.617  12.460 0.6999999881
19412  -44.168  -64.581  11.644 0.6999999881
20253  -45.420  -64.132  10.019 0.6999999881
20257  -47.699  -63.352  8.772 0.6000000238
21159  -48.404  -62.703  8.744 0.6000000238
141130  -45.817  -63.600  9.591 0.8000000119
20254  -46.243  -63.395  8.989 0.8000000119
21158  -47.734  -62.575  8.683 0.6999999881
20256  -49.961  -63.408  10.507 0.4000000060
20259  -49.228  -63.625  9.584 0.6000000238
130820  -43.937  -63.617  13.764 0.6999999881
22092  -49.775  -61.986  9.317 0.6000000238
21142  -44.878  -62.653  13.017 0.6999999881
20248  -45.136  -63.076  12.156 0.6999999881
20251  -45.067  -63.515  11.193 0.6999999881
21151  -45.606  -63.278  10.498 0.6999999881
21152  -46.240  -62.848  9.791 0.6000000238
22091  -47.499  -62.114  8.768 0.6999999881
138753  -49.369  -60.032  8.713 0.5000000000
21149  -46.211  -62.320  10.884 0.6000000238
22087  -46.862  -61.801  10.194 0.6000000238
131428  -47.410  -61.594  9.317 0.6000000238
22899  -48.450  -60.527  9.122 0.6000000238
141977  -47.469  -60.949  10.100 0.6000000238
146206  -48.644  -59.747  9.488 0.5000000000
21153  -50.304  -62.792  10.706 0.4000000060
20255  -49.549  -64.206  10.293 0.5000000000
21118  -43.648  -62.564  15.014 0.6999999881
20260  -49.668  -63.054  9.840 0.6000000238
22093  -50.559  -61.502  9.502 0.6000000238
21143  -45.541  -61.961  12.689 0.6999999881
22097  -49.600  -61.437  8.720 0.6000000238
22082  -46.213  -61.762  11.913 0.6999999881
22903  -49.807  -60.791  8.526 0.5000000000
23713  -50.333  -59.852  8.482 0.6000000238
22083  -46.660  -61.542  11.237 0.6999999881
22897  -47.209  -60.876  11.096 0.6000000238
23711  -50.045  -58.914  8.657 0.5000000000
124013  -50.751  -59.055  8.465 0.5000000000
22898  -47.971  -60.127  10.138 0.5000000000
21090  -41.736  -62.999  16.902 0.6000000238
22023  -42.112  -61.344  16.595 0.6000000238
127220  -50.576  -62.194  11.006 0.5000000000
21105  -43.315  -62.001  15.707 0.6999999881
20211  -43.230  -62.918  15.502 0.6999999881
22089  -50.585  -61.848  10.240 0.5000000000
22094  -51.093  -61.159  9.744 0.5000000000
22892  -51.714  -60.186  10.471 0.4000000060
21133  -44.503  -61.787  14.265 0.6999999881
22900  -51.578  -60.477  9.726 0.5000000000
21134  -45.018  -61.757  13.597 0.6999999881
22069  -45.458  -60.826  13.467 0.6999999881
122876  -51.985  -59.900  9.222 0.5000000000
22076  -46.111  -60.968  12.691 0.6999999881
22077  -46.664  -60.924  11.940 0.6000000238
23715  -51.787  -59.210  8.639 0.5000000000
22891  -47.510  -60.059  11.093 0.6000000238
24540  -51.396  -58.716  8.467 0.5000000000
23702  -47.186  -59.293  11.584 0.5000000000
23703  -47.772  -59.263  10.873 0.5000000000
137735  -48.379  -59.161  10.157 0.5000000000
24539  -50.913  -58.073  8.485 0.5000000000
23709  -49.126  -59.047  9.453 0.5000000000
25325  -51.284  -57.084  8.295 0.3000000119
22884  -51.170  -60.099  12.171 0.3000000119
21089  -40.491  -62.177  16.926 0.6000000238
139603  -41.364  -62.238  16.993 0.6000000238
22084  -51.228  -60.659  11.369 0.4000000060
22885  -51.777  -59.709  11.288 0.4000000060
22040  -43.612  -61.166  15.461 0.6000000238
128449  -52.286  -59.393  10.450 0.5000000000
22054  -44.262  -61.084  14.812 0.6999999881
22068  -44.828  -60.952  14.174 0.6999999881
23712  -52.273  -59.226  8.932 0.5000000000
22883  -46.455  -60.132  12.518 0.5000000000
24538  -52.687  -58.489  9.051 0.5000000000
143117  -52.156  -57.095  8.828 0.4000000060
143324  -51.555  -57.880  8.455 0.3000000119
143651  -51.514  -56.267  8.379 0.4000000060
25323  -49.929  -57.225  9.034 0.5000000000
25324  -50.804  -57.089  8.341 0.4000000060
22021  -40.251  -61.505  16.492 0.6000000238
22840  -40.750  -60.743  16.348 0.6000000238
22841  -41.576  -60.621  16.430 0.6000000238
22842  -42.420  -60.507  16.249 0.6000000238
22855  -43.198  -60.332  15.747 0.6000000238
23704  -52.304  -58.834  11.300 0.3000000119
24533  -52.613  -58.641  10.403 0.4000000060
22869  -44.361  -60.162  14.687 0.6000000238
24526  -52.521  -58.042  11.204 0.3000000119
22876  -45.015  -60.083  14.048 0.6000000238
26090  -51.858  -56.957  11.105 0.3000000119
25318  -52.566  -57.882  10.120 0.3000000119
22877  -45.445  -59.930  13.600 0.6000000238
26100  -51.351  -56.449  10.141 0.3000000119
26101  -52.092  -57.099  9.923 0.3000000119
24513  -45.697  -58.647  13.143 0.5000000000
23694  -46.116  -59.342  12.885 0.5000000000
23695  -46.647  -59.320  12.266 0.5000000000
26857  -51.217  -55.540  9.207 0.3000000119
26108  -51.715  -56.289  8.948 0.3000000119
24525  -47.413  -58.475  11.363 0.5000000000
24531  -48.011  -58.432  10.675 0.5000000000
26866  -51.131  -55.533  8.238 0.3000000119
25308  -46.984  -57.714  11.681 0.5000000000
26112  -50.401  -56.288  8.319 0.4000000060
26113  -51.012  -56.150  7.971 0.3000000119
22038  -39.989  -60.959  15.688 0.5000000000
139741  -40.504  -60.308  15.755 0.6000000238
23667  -41.564  -59.445  15.608 0.5000000000
23678  -43.890  -59.293  14.840 0.6000000238
26088  -49.832  -56.152  11.499 0.3000000119
23679  -44.559  -59.309  14.333 0.6000000238
136439  -49.622  -55.354  10.693 0.3000000119
26849  -50.546  -55.860  10.404 0.3000000119
24507  -45.257  -58.760  13.557 0.6000000238
24514  -46.250  -58.563  12.614 0.5000000000
26098  -47.536  -56.498  10.556 0.5000000000
26107  -49.138  -56.452  9.207 0.4000000060
23676  -40.469  -59.604  14.297 0.5000000000
23677  -41.112  -59.056  14.869 0.5000000000
24486  -41.909  -58.803  15.158 0.5000000000
23668  -42.362  -59.373  15.625 0.5000000000
24487  -42.655  -58.807  15.193 0.5000000000
26832  -49.112  -55.713  13.472 0.3000000119
26837  -48.699  -55.800  12.548 0.3000000119
24497  -44.086  -58.650  14.470 0.6000000238
25289  -45.164  -58.092  13.378 0.6000000238
25298  -45.731  -57.871  12.837 0.5000000000
26087  -47.132  -56.930  11.228 0.5000000000
26873  -50.536  -55.135  7.829 0.4000000060
130666  -49.956  -54.922  7.567 0.4000000060
23687  -40.949  -58.977  13.807 0.5000000000
24505  -41.583  -58.327  13.393 0.5000000000
131657  -42.316  -57.712  13.717 0.5000000000
26823  -48.453  -55.309  14.035 0.4000000060
26822  -47.402  -55.134  14.267 0.4000000060
24496  -43.322  -58.530  14.745 0.5000000000
25277  -43.890  -57.947  14.194 0.5000000000
26836  -48.121  -55.637  13.002 0.4000000060
27688  -48.257  -55.194  11.940 0.3000000119
25287  -43.581  -57.306  13.567 0.4000000060
26848  -48.736  -54.733  10.840 0.3000000119
25297  -45.048  -57.245  12.989 0.5000000000
26075  -45.723  -56.997  12.339 0.4000000060
126362  -45.965  -56.496  11.772 0.4000000060
26864  -48.592  -55.624  8.883 0.4000000060
23693  -41.005  -59.184  12.418 0.5000000000
24511  -41.595  -58.667  11.832 0.5000000000
24506  -42.091  -57.748  12.711 0.5000000000
136077  -47.393  -54.668  14.801 0.4000000060
25286  -42.766  -57.324  13.290 0.5000000000
25295  -42.654  -57.322  12.195 0.4000000060
27680  -46.628  -55.045  13.710 0.4000000060
27686  -46.790  -54.679  12.666 0.4000000060
26073  -43.268  -56.743  11.773 0.4000000060
26068  -44.046  -56.707  12.898 0.4000000060
27696  -47.830  -54.442  11.364 0.4000000060
26074  -44.825  -56.479  12.337 0.4000000060
26847  -45.648  -55.863  11.237 0.4000000060
26854  -46.407  -55.672  10.699 0.4000000060
26855  -47.222  -55.705  10.294 0.4000000060
26870  -48.259  -54.853  8.387 0.4000000060
28594  -49.864  -53.328  7.305 0.4000000060
27713  -49.218  -54.301  7.510 0.4000000060
23701  -41.257  -59.523  11.138 0.5000000000
24522  -42.159  -59.079  10.953 0.4000000060
27658  -46.666  -54.386  15.274 0.4000000060
27670  -46.548  -54.919  14.563 0.4000000060
24512  -42.247  -58.295  11.304 0.5000000000
25307  -42.742  -57.779  10.798 0.4000000060
122431  -44.017  -56.252  11.975 0.4000000060
28554  -46.334  -53.958  12.103 0.4000000060
26084  -44.634  -55.913  11.425 0.4000000060
26853  -45.658  -55.267  10.360 0.4000000060
28579  -49.322  -52.894  7.901 0.3000000119
26863  -47.602  -55.363  9.277 0.4000000060
24529  -41.965  -58.732  10.451 0.4000000060
24530  -42.509  -58.398  10.011 0.5000000000
25321  -42.911  -58.043  9.857 0.4000000060
27669  -45.639  -54.661  14.805 0.4000000060
25322  -43.230  -57.575  9.742 0.4000000060
25315  -43.300  -57.448  10.257 0.4000000060
26104  -43.541  -56.781  9.340 0.4000000060
134931  -43.742  -56.231  11.019 0.4000000060
26096  -44.234  -55.824  10.358 0.4000000060
26852  -44.838  -55.442  9.788 0.4000000060
26862  -46.561  -55.003  9.797 0.4000000060
28593  -49.347  -53.066  7.220 0.4000000060
27712  -47.953  -54.136  7.792 0.4000000060
27716  -48.831  -53.433  7.322 0.4000000060
25313  -42.124  -57.969  9.834 0.4000000060
26102  -42.419  -57.223  9.522 0.4000000060
26103  -43.014  -57.291  9.447 0.4000000060
26109  -43.413  -56.432  8.977 0.4000000060
26105  -44.109  -56.256  9.275 0.4000000060
26860  -44.566  -55.678  8.979 0.4000000060
29567  -48.666  -52.698  8.396 0.4000000060
26869  -45.039  -54.809  8.855 0.4000000060
27702  -46.107  -54.641  8.842 0.4000000060
27710  -45.964  -54.255  8.467 0.4000000060
27711  -46.853  -54.090  8.232 0.4000000060
28586  -47.669  -53.385  7.515 0.4000000060
26858  -42.124  -56.226  9.548 0.4000000060
26859  -42.459  -55.752  9.139 0.4000000060
26867  -43.006  -55.811  8.710 0.4000000060
27707  -43.105  -54.961  8.511 0.4000000060
26868  -43.738  -55.681  8.595 0.4000000060
27708  -43.790  -54.738  8.437 0.4000000060
133970  -44.257  -55.162  8.554 0.4000000060
27709  -44.569  -54.328  8.560 0.4000000060
122866  -45.446  -53.957  8.413 0.4000000060
29571  -48.068  -52.200  7.744 0.3000000119
28591  -47.425  -52.581  7.481 0.4000000060
28592  -48.491  -52.757  7.365 0.4000000060
27700  -41.841  -55.127  9.671 0.4000000060
126044  -41.912  -54.212  9.349 0.4000000060
28575  -41.275  -53.459  9.614 0.4000000060
28577  -42.546  -54.177  8.784 0.4000000060
28582  -42.630  -53.461  8.648 0.4000000060
28583  -44.008  -53.661  8.442 0.4000000060
28584  -44.943  -53.399  8.316 0.4000000060
29566  -47.724  -52.314  8.656 0.4000000060
135118  -45.742  -53.222  7.999 0.4000000060
29577  -47.909  -52.203  7.635 0.4000000060
28590  -46.418  -52.532  7.589 0.5000000000
29562  -40.805  -52.608  9.592 0.4000000060
30364  -41.156  -51.917  9.096 0.4000000060
28576  -42.033  -53.438  9.026 0.4000000060
135910  -41.837  -52.074  8.775 0.4000000060
29568  -42.294  -52.716  8.700 0.4000000060
28589  -45.491  -52.529  7.789 0.4000000060
29576  -47.047  -51.781  7.552 0.5000000000
30363  -40.419  -51.798  9.569 0.4000000060
30368  -40.741  -51.110  9.000 0.4000000060
145080  -41.171  -50.761  8.630 0.4000000060
29575  -46.175  -51.706  7.476 0.4000000060
128336  -46.564  -51.160  7.624 0.5000000000
136320  -39.658  -49.817  9.472 0.4000000060
31155  -40.184  -50.450  9.257 0.4000000060
31159  -40.808  -50.324  8.699 0.4000000060
31169  -45.566  -50.093  7.566 0.5000000000
33442  -38.902  -47.727  9.506 0.4000000060
32663  -39.352  -48.384  9.320 0.4000000060
31918  -39.791  -49.039  9.095 0.4000000060
32671  -39.878  -48.306  8.681 0.4000000060
127970  -39.957  -47.684  8.394 0.5000000000
25309  -47.598  -57.708  11.083 0.5000000000
26099  -48.245  -56.880  10.126 0.5000000000
26111  -49.672  -55.606  8.310 0.4000000060
17751  -48.144  -66.246  10.508 0.5000000000
122194  -45.274  -65.761  11.319 0.8000000119
17750  -44.365  -66.034  11.361 0.8000000119
19416  -43.900  -65.369  11.297 0.6999999881
133569  -49.578  -66.725  10.838 0.5000000000
19411  -43.619  -65.271  12.076 0.6999999881
17759  -50.152  -66.657  10.808 0.5000000000
123982  -43.506  -64.319  13.687 0.6999999881
144688  -49.982  -64.249  10.902 0.4000000060
146064  -49.956  -65.070  10.877 0.4000000060
20224  -43.534  -63.450  14.576 0.6999999881
21092  -42.691  -61.856  16.339 0.6999999881
21150  -50.461  -63.101  11.507 0.4000000060
145070  -50.558  -62.427  11.578 0.4000000060
20181  -40.849  -62.919  17.044 0.6000000238
132464  -50.647  -60.990  12.322 0.4000000060
139333  -39.738  -61.707  15.870 0.6000000238
22053  -39.401  -61.597  14.879 0.5000000000
129412  -39.987  -60.338  14.834 0.5000000000
23686  -40.530  -59.755  13.023 0.5000000000
23708  -41.541  -59.179  10.768 0.4000000060
25312  -41.373  -57.734  10.491 0.4000000060
26094  -41.640  -56.790  10.266 0.4000000060
26850  -41.067  -55.753  11.031 0.4000000060
27697  -41.191  -54.927  10.556 0.4000000060
146332  -40.946  -53.771  10.083 0.4000000060
30362  -40.076  -51.135  9.546 0.4000000060
31154  -39.461  -50.648  9.921 0.4000000060
33441  -38.293  -47.072  9.824 0.4000000060
18606  -46.239  -65.478  11.997 0.8000000119
19420  -45.394  -64.758  9.851 0.8000000119
18631  -49.355  -65.470  10.243 0.5000000000
19417  -44.216  -65.025  10.869 0.6999999881
21148  -45.626  -62.656  11.567 0.6999999881
21156  -49.179  -62.821  9.178 0.6000000238
22096  -48.948  -61.415  8.658 0.6999999881
21154  -46.863  -62.474  9.228 0.6999999881
22901  -51.224  -60.657  9.111 0.6000000238
22902  -48.924  -60.864  8.659 0.6000000238
142091  -48.091  -61.326  8.770 0.6000000238
22905  -51.639  -59.890  8.804 0.5000000000
22039  -42.948  -61.176  16.129 0.6000000238
22078  -50.692  -61.728  11.618 0.5000000000
22090  -51.119  -61.192  10.550 0.5000000000
25317  -48.901  -57.472  9.693 0.5000000000
23669  -43.127  -59.393  15.426 0.6000000238
25299  -46.372  -57.756  12.287 0.5000000000
25316  -48.190  -57.663  10.421 0.5000000000
26106  -48.088  -56.056  9.826 0.4000000060
26097  -46.936  -56.241  10.851 0.4000000060
27714  -50.094  -54.335  7.429 0.4000000060
27703  -47.153  -54.699  8.637 0.4000000060
26861  -45.437  -55.018  9.394 0.4000000060
26851  -41.566  -55.735  10.249 0.4000000060
28585  -46.481  -53.452  7.903 0.4000000060
31919  -40.299  -49.681  8.883 0.4000000060
12298  -43.681  -74.732  17.664 0.4000000060
12956  -43.993  -73.942  17.784 0.4000000060
142569  -44.788  -71.677  18.806 0.4000000060
14100  -43.872  -71.837  19.940 0.4000000060
14101  -44.547  -71.486  19.456 0.4000000060
14671  -44.861  -70.918  19.800 0.4000000060
131661  -44.966  -69.805  20.561 0.4000000060
16004  -46.440  -68.574  20.592 0.5000000000
14086  -44.194  -71.088  20.166 0.4000000060
15314  -44.688  -69.054  20.962 0.5000000000
16003  -45.816  -68.216  20.706 0.5000000000
17607  -45.925  -66.859  20.260 0.6000000238
13511  -43.278  -72.259  20.609 0.4000000060
14085  -43.472  -71.387  20.754 0.4000000060
15304  -43.876  -69.088  21.163 0.4000000060
16761  -46.278  -67.699  20.452 0.5000000000
19418  -50.444  -64.775  11.330 0.3000000119
125896  -50.592  -64.130  11.696 0.4000000060
22071  -50.254  -61.829  12.667 0.3000000119
16776  -46.737  -67.136  20.073 0.5000000000
16876  -49.982  -67.472  11.856 0.5000000000
17760  -50.753  -66.390  10.889 0.4000000060
15301  -41.721  -69.765  21.557 0.4000000060
15992  -44.207  -68.365  21.128 0.5000000000
16760  -45.450  -67.515  20.593 0.5000000000
14649  -42.248  -70.328  21.710 0.4000000060
128525  -42.978  -69.997  21.458 0.4000000060
139068  -46.565  -66.162  18.965 0.6000000238
17644  -47.183  -66.220  18.500 0.6000000238
17676  -47.993  -65.989  17.107 0.6999999881
17742  -49.427  -67.089  12.152 0.5000000000
17663  -47.887  -66.367  17.922 0.6999999881
17692  -48.753  -66.435  15.556 0.6999999881
17726  -49.365  -67.028  13.114 0.6999999881
146509  -48.243  -65.918  16.522 0.6999999881
17708  -48.757  -66.468  14.630 0.6999999881
137897  -44.452  -67.440  20.757 0.5000000000
17606  -45.019  -66.734  20.274 0.6000000238
17625  -45.489  -66.205  19.723 0.6000000238
18502  -45.505  -65.345  18.424 0.6000000238
15989  -42.144  -68.625  21.109 0.4000000060
16759  -42.899  -67.485  20.561 0.5000000000
17624  -44.608  -66.192  19.607 0.6000000238
127499  -46.510  -65.057  17.572 0.6000000238
145816  -47.492  -65.465  17.062 0.6000000238
140788  -47.246  -65.576  17.675 0.6000000238
18540  -48.330  -65.831  15.984 0.6999999881
17725  -48.797  -66.571  12.608 0.6000000238
17752  -48.901  -66.570  10.973 0.5000000000
16757  -41.737  -67.977  19.852 0.6000000238
17622  -42.720  -67.203  19.019 0.6000000238
142315  -43.212  -66.694  18.975 0.6999999881
17643  -44.228  -65.905  18.759 0.6000000238
18501  -44.665  -65.442  18.211 0.6000000238
18519  -46.064  -64.657  16.999 0.6000000238
16001  -41.608  -68.537  20.538 0.5000000000
142522  -43.623  -67.204  20.519 0.6000000238
19350  -47.107  -64.804  15.938 0.6000000238
126066  -47.715  -65.344  15.572 0.6999999881
18554  -47.602  -65.316  14.655 0.6999999881
18575  -48.237  -65.823  14.121 0.6999999881
17741  -48.870  -66.599  11.673 0.6000000238
18593  -48.167  -65.935  13.138 0.6999999881
16796  -42.499  -67.728  18.211 0.6000000238
16797  -42.990  -67.061  17.964 0.6999999881
17661  -43.504  -66.587  17.354 0.6999999881
18500  -43.934  -65.800  17.850 0.6999999881
18518  -45.230  -64.911  16.966 0.6000000238
19368  -46.447  -64.627  15.237 0.6999999881
19369  -47.154  -64.881  15.164 0.6999999881
18608  -48.120  -66.040  12.150 0.6000000238
17706  -44.027  -66.920  14.448 0.6999999881
17724  -44.883  -66.089  12.607 0.6999999881
17674  -43.671  -66.820  16.352 0.6999999881
18553  -44.984  -65.419  15.151 0.6000000238
18573  -45.230  -65.482  14.264 0.5000000000
17675  -44.204  -66.094  16.209 0.6999999881
131017  -44.695  -65.384  16.472 0.6000000238
19388  -45.873  -64.833  14.415 0.6999999881
18607  -47.179  -65.612  11.802 0.5000000000
19348  -45.646  -64.702  16.341 0.6000000238
126168  -46.852  -65.279  12.729 0.6999999881
125452  -47.526  -65.580  12.678 0.6000000238
17723  -44.186  -66.698  12.579 0.6999999881
17739  -44.665  -66.303  11.892 0.6999999881
17738  -44.029  -66.620  11.886 0.6999999881
18605  -45.488  -65.720  12.254 0.6999999881
142773  -50.221  -67.185  10.944 0.5000000000
127756  -46.120  -65.317  12.768 0.6000000238
13552  -44.030  -72.861  18.864 0.4000000060
15315  -45.645  -69.083  20.744 0.4000000060
14069  -42.872  -70.859  21.454 0.4000000060
124533  -44.209  -69.749  20.793 0.4000000060
15991  -43.397  -68.582  21.273 0.4000000060
15990  -42.682  -68.884  21.384 0.4000000060
17709  -49.305  -66.949  14.144 0.6999999881
126073  -48.775  -66.488  13.642 0.6999999881
18486  -45.059  -65.660  19.055 0.6000000238
125643  -45.803  -64.947  17.753 0.6000000238
16774  -42.383  -67.414  19.901 0.6999999881
16775  -43.215  -66.919  19.857 0.6000000238
18517  -44.482  -65.481  17.229 0.6000000238
17691  -44.377  -66.225  15.239 0.6999999881
19367  -45.633  -64.758  15.447 0.6000000238
18572  -44.599  -66.186  14.340 0.6000000238
16813  -43.129  -67.488  16.656 0.5000000000
16015  -41.292  -68.669  19.742 0.4000000060
16029  -41.664  -68.412  18.974 0.5000000000
16824  -43.414  -67.589  15.497 0.6000000238
15327  -40.625  -69.830  19.845 0.4000000060
15342  -40.728  -69.763  18.888 0.5000000000
15343  -41.206  -69.101  18.825 0.5000000000
16049  -41.659  -68.840  17.945 0.5000000000
16073  -42.587  -68.285  16.606 0.5000000000
16088  -42.681  -68.744  14.677 0.5000000000
16050  -42.268  -68.307  17.563 0.5000000000
17690  -43.858  -66.903  15.378 0.6000000238
16837  -43.584  -67.596  14.512 0.5000000000
16089  -43.147  -68.252  14.515 0.5000000000
144423  -43.294  -67.412  12.888 0.6999999881
16101  -43.222  -68.111  13.602 0.6000000238
123266  -43.210  -67.252  12.735 0.6000000238
14685  -40.361  -70.491  19.148 0.5000000000
125040  -40.517  -70.409  18.196 0.5000000000
14702  -41.143  -69.951  16.875 0.5000000000
15392  -42.325  -69.038  15.604 0.5000000000
16072  -42.031  -68.901  16.868 0.5000000000
16860  -43.717  -67.149  13.208 0.6000000238
16100  -42.607  -68.624  13.665 0.6000000238
16873  -42.878  -67.560  12.860 0.5000000000
19402  -43.286  -65.020  12.870 0.6000000238
14119  -40.053  -71.323  18.366 0.5000000000
124114  -40.860  -70.588  16.574 0.5000000000
14719  -41.271  -70.375  15.926 0.5000000000
15406  -42.216  -69.373  14.245 0.5000000000
17737  -43.556  -66.579  12.288 0.6000000238
142190  -42.800  -67.919  13.051 0.5000000000
18588  -42.869  -65.760  12.827 0.6000000238
14133  -40.095  -71.807  17.262 0.5000000000
123797  -40.516  -71.144  16.833 0.5000000000
14718  -40.781  -71.233  15.856 0.5000000000
14154  -40.786  -71.773  14.778 0.5000000000
14747  -40.528  -71.387  13.303 0.6000000238
136135  -41.308  -70.563  14.403 0.4000000060
132278  -39.652  -70.346  12.809 0.4000000060
14748  -40.937  -70.631  13.734 0.5000000000
15405  -41.497  -69.962  14.017 0.5000000000
16845  -40.488  -68.172  14.557 0.4000000060
16836  -40.956  -67.476  15.045 0.5000000000
16112  -41.285  -69.464  13.860 0.5000000000
17687  -40.632  -66.742  15.473 0.4000000060
16847  -42.031  -67.794  13.367 0.6000000238
18587  -42.539  -66.369  13.116 0.6000000238
19387  -43.116  -65.107  13.673 0.6000000238
19366  -43.126  -64.353  14.553 0.6000000238
15420  -40.119  -70.015  13.228 0.5000000000
18533  -40.974  -66.005  16.111 0.5000000000
18534  -41.629  -65.326  16.144 0.5000000000
17704  -41.580  -67.347  14.558 0.5000000000
18532  -40.276  -65.348  16.145 0.4000000060
19345  -40.713  -64.498  16.578 0.5000000000
18535  -42.276  -65.049  15.703 0.6000000238
17689  -41.927  -66.481  14.884 0.6000000238
19365  -42.632  -64.325  15.625 0.6000000238
19346  -41.520  -64.551  16.494 0.5000000000
20209  -39.196  -63.016  15.336 0.3000000119
20191  -39.673  -63.403  16.217 0.4000000060
19344  -39.848  -64.361  16.213 0.4000000060
20192  -40.352  -63.625  16.715 0.5000000000
20194  -42.119  -63.859  16.510 0.5000000000
20210  -42.744  -63.424  16.042 0.6000000238
23692  -40.561  -59.841  11.808 0.3000000119
22875  -40.119  -60.455  12.298 0.3000000119
22867  -39.969  -60.345  13.521 0.4000000060
22866  -39.430  -61.081  13.948 0.4000000060
25306  -40.580  -57.669  10.921 0.3000000119
26093  -40.861  -56.701  11.127 0.3000000119
28564  -40.171  -53.753  11.175 0.3000000119
28570  -40.550  -53.287  10.287 0.3000000119
29557  -40.139  -52.420  10.171 0.3000000119
30359  -39.659  -51.626  10.154 0.3000000119
31907  -39.151  -49.896  10.035 0.3000000119
129929  -40.134  -62.863  16.785 0.5000000000
23700  -41.000  -59.616  10.883 0.3000000119
17707  -44.127  -66.830  13.536 0.5000000000
15360  -41.025  -69.652  17.884 0.5000000000
16113  -42.358  -68.389  13.385 0.5000000000
18570  -42.479  -66.100  14.239 0.6000000238
135946  -50.345  -67.599  11.381 0.3000000119
17693  -49.240  -66.916  15.105 0.6000000238
18594  -51.425  -65.603  13.158 0.3000000119
18609  -51.523  -65.626  12.178 0.3000000119
129392  -51.436  -65.816  11.573 0.3000000119
141319  -50.981  -65.476  11.402 0.3000000119
18610  -51.919  -66.290  11.902 0.3000000119
18620  -51.229  -66.063  11.136 0.3000000119
18619  -50.594  -65.648  11.109 0.3000000119
16838  -49.763  -67.394  14.629 0.6000000238
16861  -49.949  -67.489  12.626 0.5000000000
18576  -51.025  -65.381  14.225 0.3000000119
19404  -51.138  -65.068  12.533 0.3000000119
19413  -50.785  -64.439  12.393 0.3000000119
20249  -50.549  -63.633  12.290 0.3000000119
16887  -51.444  -67.406  10.930 0.3000000119
16886  -50.819  -67.663  11.013 0.3000000119
16877  -50.529  -67.960  12.087 0.4000000060
137478  -41.183  -69.592  21.192 0.4000000060
18556  -50.863  -65.207  15.087 0.3000000119
19403  -50.742  -64.766  13.363 0.3000000119
140773  -49.793  -63.141  13.713 0.3000000119
20241  -50.279  -63.320  13.037 0.3000000119
14673  -46.613  -70.942  19.975 0.5000000000
14087  -47.370  -70.915  20.222 0.5000000000
13553  -44.650  -72.145  18.295 0.4000000060
14120  -45.261  -71.580  18.241 0.4000000060
14103  -46.203  -71.251  19.282 0.4000000060
14122  -46.627  -71.648  18.611 0.5000000000
16031  -48.924  -68.036  19.030 0.5000000000
15318  -48.213  -69.703  20.403 0.5000000000
138244  -46.294  -70.366  20.295 0.5000000000
15317  -47.438  -69.597  20.488 0.5000000000
14672  -45.657  -70.808  19.873 0.4000000060
16815  -49.610  -67.623  17.231 0.6000000238
16800  -49.272  -67.773  18.172 0.6000000238
16799  -48.600  -67.400  18.494 0.5000000000
16005  -47.862  -68.835  20.324 0.5000000000
14660  -45.674  -70.061  20.432 0.3000000119
15316  -46.535  -69.555  20.547 0.4000000060
137632  -47.112  -68.905  20.525 0.5000000000
16816  -50.168  -67.782  16.265 0.6000000238
16814  -48.925  -67.200  17.696 0.6000000238
17645  -48.394  -66.868  18.060 0.6000000238
140427  -47.135  -68.065  20.311 0.4000000060
123068  -47.859  -68.044  19.988 0.5000000000
16839  -50.276  -67.787  15.134 0.6000000238
16888  -52.165  -67.726  11.175 0.3000000119
16115  -51.010  -68.503  12.632 0.4000000060
17678  -49.188  -66.873  16.004 0.6000000238
16798  -47.842  -66.940  18.748 0.4000000060
17743  -52.390  -66.957  11.526 0.3000000119
18595  -51.893  -66.122  12.605 0.3000000119
16123  -51.173  -68.531  11.832 0.3000000119
16862  -50.436  -67.947  13.093 0.5000000000
17664  -48.517  -66.617  17.373 0.6000000238
16825  -49.675  -67.349  15.588 0.6000000238
134130  -49.548  -67.306  16.387 0.6000000238
132726  -51.617  -69.012  12.303 0.3000000119
133070  -50.837  -68.178  15.619 0.5000000000
16090  -51.465  -68.639  15.115 0.4000000060
125346  -50.847  -68.304  14.605 0.5000000000
16076  -51.459  -68.542  16.150 0.5000000000
16052  -50.383  -68.225  17.307 0.5000000000
15378  -52.143  -68.983  15.644 0.4000000060
15393  -52.096  -69.155  14.586 0.4000000060
16103  -51.478  -68.777  14.088 0.4000000060
16102  -50.913  -68.413  13.594 0.5000000000
16051  -49.830  -68.114  17.919 0.5000000000
16116  -51.522  -68.890  13.138 0.4000000060
12386  -45.497  -73.924  9.590 0.3000000119
11777  -45.423  -74.239  9.294 0.3000000119
12376  -46.548  -73.816  10.762 0.3000000119
12378  -47.458  -73.820  11.584 0.3000000119
13015  -48.097  -73.900  12.482 0.4000000060
13039  -46.484  -73.455  10.942 0.3000000119
13027  -46.654  -73.346  11.840 0.3000000119
12345  -48.780  -74.488  13.727 0.4000000060
132070  -48.153  -73.834  13.392 0.4000000060
13014  -47.414  -73.460  12.986 0.3000000119
13013  -46.314  -73.206  12.558 0.3000000119
12337  -48.895  -74.446  14.715 0.4000000060
12322  -48.995  -74.323  15.698 0.4000000060
13002  -47.483  -73.318  14.025 0.4000000060
13628  -46.758  -73.088  13.665 0.4000000060
13627  -46.288  -73.073  13.427 0.4000000060
13612  -46.866  -72.865  14.642 0.4000000060
12939  -51.933  -73.641  18.783 0.3000000119
12300  -50.104  -74.426  16.797 0.4000000060
12959  -49.606  -73.920  17.321 0.4000000060
12980  -49.282  -74.107  16.615 0.4000000060
12958  -48.764  -73.403  17.390 0.4000000060
12978  -47.706  -72.941  15.896 0.4000000060
13599  -46.904  -72.541  15.545 0.4000000060
14109  -52.900  -71.891  19.421 0.3000000119
13558  -51.029  -73.176  19.053 0.4000000060
13534  -50.350  -72.572  19.483 0.4000000060
12937  -49.619  -73.392  18.109 0.4000000060
126290  -49.209  -72.871  18.906 0.4000000060
13533  -49.431  -72.373  19.593 0.4000000060
121964  -48.023  -72.762  17.861 0.4000000060
13532  -48.406  -72.385  19.136 0.4000000060
13584  -46.963  -72.452  16.491 0.4000000060
125639  -52.201  -71.166  19.488 0.4000000060
14108  -51.191  -71.287  19.720 0.4000000060
14106  -49.390  -71.651  20.106 0.4000000060
14105  -48.588  -71.778  19.941 0.4000000060
13570  -46.319  -71.964  17.094 0.4000000060
13571  -47.176  -72.450  17.466 0.4000000060
13583  -46.176  -71.729  16.015 0.4000000060
14675  -50.757  -70.459  19.651 0.4000000060
142967  -50.420  -70.994  20.021 0.4000000060
14664  -49.273  -70.411  20.284 0.4000000060
14088  -48.083  -71.111  20.297 0.4000000060
13554  -46.716  -71.915  17.890 0.4000000060
14104  -47.434  -71.563  19.561 0.4000000060
15332  -51.056  -69.820  19.176 0.4000000060
15344  -49.917  -69.047  19.235 0.4000000060
16017  -49.218  -68.762  19.557 0.4000000060
128160  -51.766  -69.014  17.740 0.4000000060
15345  -50.584  -69.105  18.779 0.4000000060
16033  -50.254  -68.530  18.236 0.4000000060
15394  -52.801  -69.437  15.108 0.3000000119
15424  -52.713  -69.754  12.944 0.3000000119
14663  -48.524  -70.438  20.392 0.4000000060
16034  -50.966  -68.707  17.966 0.4000000060
15423  -52.264  -69.442  12.164 0.3000000119
16032  -49.657  -68.414  18.702 0.4000000060
12992  -48.295  -73.639  15.348 0.4000000060
12979  -48.450  -73.556  16.319 0.4000000060
12991  -47.621  -73.044  14.989 0.4000000060
13535  -51.876  -72.895  19.306 0.4000000060
12960  -50.326  -74.030  17.547 0.4000000060
13536  -52.690  -72.738  19.304 0.3000000119
14677  -53.115  -71.082  19.225 0.3000000119
129914  -51.987  -72.027  19.551 0.4000000060
122437  -51.101  -72.310  19.580 0.4000000060
14107  -50.252  -71.767  19.936 0.4000000060
14676  -51.559  -70.485  19.399 0.4000000060
14674  -50.016  -70.384  20.002 0.4000000060
13555  -47.479  -72.223  18.479 0.4000000060
15330  -49.491  -69.614  19.949 0.4000000060
15346  -51.369  -69.340  18.511 0.4000000060
12325  -51.357  -75.353  16.629 0.3000000119
11743  -49.659  -75.906  13.425 0.3000000119
11742  -49.051  -75.640  12.810 0.3000000119
12346  -49.580  -75.246  14.017 0.3000000119
12339  -50.394  -75.343  15.432 0.3000000119
12356  -49.095  -75.057  13.142 0.3000000119
12338  -49.665  -74.970  15.038 0.3000000119
12324  -50.623  -74.974  16.253 0.3000000119
12323  -49.909  -74.632  15.942 0.3000000119
12961  -51.145  -74.220  17.800 0.3000000119
14687  -52.435  -70.347  19.022 0.3000000119
15347  -52.129  -69.614  18.378 0.3000000119
15361  -52.183  -68.939  16.791 0.3000000119
12285  -52.051  -74.433  18.188 0.3000000119
14686  -51.703  -69.907  18.948 0.3000000119
11140  -48.532  -75.728  12.586 0.3000000119
11776  -45.176  -74.589  8.783 0.3000000119
11778  -45.841  -73.940  10.088 0.3000000119
12301  -50.880  -74.604  17.028 0.3000000119
12387  -45.936  -73.621  10.349 0.3000000119
12936  -44.287  -73.070  18.090 0.4000000060
12938  -50.589  -73.593  18.295 0.4000000060
13003  -48.219  -73.747  14.382 0.4000000060
13028  -47.386  -73.549  11.988 0.3000000119
13029  -47.955  -73.986  11.868 0.4000000060
13493  -42.802  -71.786  21.398 0.4000000060
13531  -44.273  -72.129  19.173 0.4000000060
13556  -48.682  -72.923  18.356 0.4000000060
13557  -50.031  -73.037  18.970 0.4000000060
13572  -47.850  -72.910  16.899 0.4000000060
13597  -45.957  -72.167  15.623 0.4000000060
13611  -46.285  -72.888  14.338 0.4000000060
13638  -46.757  -73.253  12.700 0.4000000060
14089  -48.935  -71.110  20.334 0.4000000060
14099  -40.011  -71.176  19.523 0.5000000000
14102  -45.262  -71.320  19.104 0.4000000060
14155  -40.956  -71.299  14.126 0.5000000000
14650  -43.572  -69.698  21.156 0.4000000060
14658  -43.689  -70.451  20.848 0.4000000060
14659  -44.515  -70.426  20.364 0.4000000060
14661  -47.005  -70.310  20.400 0.5000000000
14662  -47.777  -70.360  20.423 0.5000000000
14701  -40.704  -70.407  17.331 0.5000000000
14735  -41.215  -70.892  14.999 0.4000000060
14757  -40.317  -70.584  13.108 0.6000000238
15302  -42.462  -69.538  21.530 0.4000000060
15303  -43.150  -69.263  21.405 0.4000000060
15313  -41.063  -69.205  20.497 0.4000000060
15319  -48.852  -69.864  20.311 0.4000000060
15328  -40.939  -69.287  19.555 0.5000000000
15329  -48.692  -69.201  20.170 0.4000000060
15331  -50.316  -69.732  19.485 0.4000000060
15348  -53.073  -69.875  18.317 0.3000000119
15362  -52.637  -69.317  17.650 0.3000000119
15377  -41.673  -69.583  16.266 0.5000000000
15391  -41.755  -70.022  15.012 0.5000000000
15407  -52.071  -69.312  13.570 0.4000000060
15408  -52.770  -69.608  14.045 0.3000000119
15421  -40.953  -70.029  13.633 0.5000000000
15422  -41.858  -69.255  13.670 0.5000000000
16002  -45.096  -68.260  20.907 0.5000000000
16016  -48.485  -68.394  19.831 0.5000000000
16030  -42.062  -68.228  18.348 0.5000000000
16053  -51.267  -68.562  17.085 0.4000000060
16074  -42.904  -68.228  15.584 0.5000000000
16075  -50.820  -68.218  16.501 0.5000000000
16097  -39.548  -68.718  13.946 0.4000000060
16098  -40.779  -68.998  14.149 0.5000000000
16099  -41.869  -68.557  13.499 0.5000000000
16111  -39.821  -69.489  13.444 0.4000000060
16114  -42.872  -68.100  13.149 0.5000000000
16124  -51.824  -68.927  11.660 0.3000000119
16133  -51.450  -68.224  11.209 0.3000000119
16747  -42.793  -68.188  21.100 0.5000000000
16748  -43.565  -67.819  21.048 0.4000000060
16758  -42.202  -67.993  20.559 0.4000000060
16777  -47.496  -67.397  19.676 0.4000000060
16778  -48.212  -67.675  19.325 0.5000000000
16795  -42.155  -67.798  19.065 0.6000000238
16812  -42.692  -67.760  17.371 0.5000000000
16835  -40.005  -67.344  14.846 0.4000000060
16846  -41.237  -68.245  14.395 0.5000000000
16848  -43.642  -67.484  13.665 0.5000000000
16849  -49.869  -67.446  13.613 0.6000000238
16850  -50.360  -67.867  14.099 0.5000000000
16858  -42.559  -67.868  13.116 0.5000000000
16859  -43.245  -67.753  13.132 0.6999999881
16874  -43.030  -67.739  12.926 0.6000000238
16875  -43.611  -66.938  12.584 0.6000000238
16890  -50.797  -67.067  10.809 0.4000000060
17605  -44.099  -66.722  20.142 0.6000000238
17623  -43.808  -66.406  19.340 0.6000000238
17626  -46.304  -66.436  19.639 0.6000000238
17627  -47.036  -66.715  19.288 0.6000000238
17642  -43.528  -66.299  18.394 0.6999999881
17662  -43.918  -66.125  17.002 0.6999999881
17677  -48.635  -66.385  16.498 0.6999999881
17688  -41.262  -66.713  15.480 0.5000000000
17705  -42.238  -66.956  13.813 0.6000000238
17722  -42.609  -67.219  12.912 0.5000000000
17736  -42.910  -66.976  12.662 0.5000000000
17740  -48.076  -66.171  11.245 0.5000000000
17749  -43.889  -66.184  11.572 0.6999999881
17753  -49.629  -67.072  11.332 0.5000000000
17754  -51.375  -66.729  10.914 0.3000000119
17755  -51.922  -67.006  10.984 0.3000000119
17758  -48.940  -66.405  10.484 0.5000000000
18487  -45.910  -65.791  19.099 0.6000000238
18503  -46.429  -65.504  18.354 0.6000000238
18536  -44.643  -65.607  15.840 0.6000000238
18537  -45.099  -65.020  16.046 0.6000000238
18538  -46.976  -64.897  16.891 0.6000000238
18539  -47.719  -65.443  16.465 0.6000000238
18550  -40.276  -66.113  15.665 0.4000000060
18551  -41.584  -66.051  15.729 0.5000000000
18552  -42.172  -65.706  15.324 0.6000000238
18555  -48.256  -65.908  15.092 0.6999999881
18571  -42.739  -65.718  13.595 0.6000000238
18574  -46.816  -64.807  14.399 0.6999999881
18589  -44.737  -66.117  13.408 0.6000000238
18590  -45.557  -65.454  13.306 0.5000000000
18591  -46.426  -65.031  13.515 0.6999999881
18592  -47.411  -65.294  13.597 0.6000000238
18603  -42.932  -66.543  12.593 0.5000000000
18604  -43.314  -66.002  12.245 0.6000000238
18614  -43.691  -65.915  11.600 0.6999999881
18615  -44.128  -65.600  11.164 0.8000000119
18616  -44.724  -65.611  10.803 0.8000000119
18621  -51.755  -66.460  11.285 0.3000000119
18623  -45.195  -65.315  10.213 0.8000000119
18625  -47.346  -65.885  10.076 0.5000000000
18626  -48.308  -66.135  9.998 0.5000000000
18628  -50.053  -65.967  10.791 0.5000000000
19347  -42.057  -64.642  16.215 0.5000000000
19349  -46.287  -64.571  16.166 0.6000000238
19386  -42.705  -65.196  14.659 0.6000000238
19414  -51.054  -65.021  11.800 0.3000000119
19419  -44.829  -64.736  10.366 0.8000000119
19421  -45.820  -64.981  9.572 0.8000000119
20193  -41.286  -63.736  16.828 0.6000000238
20225  -44.143  -62.713  14.271 0.6999999881
20227  -50.101  -63.948  13.861 0.3000000119
20240  -44.373  -63.207  13.371 0.6999999881
20250  -44.551  -64.296  10.929 0.6999999881
20252  -50.230  -63.754  11.122 0.4000000060
21088  -39.785  -62.397  16.332 0.6000000238
21091  -42.794  -62.566  16.218 0.6000000238
21104  -39.393  -62.229  15.410 0.3000000119
21106  -43.960  -61.884  14.962 0.6999999881
21144  -50.437  -62.670  12.260 0.3000000119
21155  -47.069  -62.901  8.816 0.8000000119
21157  -50.188  -62.434  9.993 0.6000000238
21160  -49.008  -62.042  8.752 0.6000000238
22022  -41.133  -61.431  16.759 0.6000000238
22088  -47.824  -60.898  9.392 0.6000000238
22095  -48.238  -62.021  8.619 0.6999999881
22098  -50.374  -61.161  8.805 0.6000000238
22854  -41.193  -60.068  16.073 0.5000000000
22856  -43.829  -60.538  15.208 0.6000000238
22868  -43.703  -59.897  15.215 0.6000000238
22882  -45.912  -60.092  13.147 0.5000000000
22890  -46.980  -60.119  11.794 0.6000000238
22904  -50.805  -60.378  8.631 0.5000000000
23660  -41.958  -59.919  16.127 0.5000000000
23666  -40.727  -59.704  15.341 0.6000000238
23688  -45.106  -59.303  13.827 0.6000000238
23689  -45.597  -59.336  13.379 0.6000000238
23710  -52.493  -59.152  9.571 0.4000000060
23714  -51.152  -59.577  8.512 0.5000000000
24494  -41.525  -58.573  14.448 0.5000000000
24495  -42.354  -58.210  14.568 0.5000000000
24523  -42.368  -58.485  10.315 0.5000000000
24524  -46.814  -58.511  11.997 0.5000000000
24528  -41.381  -59.112  10.587 0.3000000119
24532  -48.676  -58.341  9.981 0.5000000000
24534  -52.679  -58.423  9.639 0.3000000119
24535  -49.553  -58.164  9.345 0.5000000000
24536  -50.321  -57.897  8.804 0.4000000060
24537  -52.134  -58.399  8.651 0.5000000000
25276  -43.036  -57.680  14.151 0.5000000000
25288  -44.460  -57.623  13.564 0.5000000000
25296  -43.222  -56.961  12.836 0.4000000060
25314  -42.918  -58.192  9.965 0.4000000060
25319  -52.680  -57.886  9.199 0.5000000000
25320  -42.603  -57.882  9.735 0.5000000000
25326  -51.876  -57.400  8.579 0.3000000119
25327  -52.465  -57.839  8.858 0.4000000060
26085  -45.385  -56.316  11.881 0.4000000060
26086  -46.440  -56.366  11.314 0.4000000060
26095  -43.674  -56.826  9.816 0.4000000060
26110  -44.014  -56.236  8.854 0.4000000060
26114  -51.106  -55.957  8.018 0.3000000119
26831  -47.428  -55.308  13.405 0.4000000060
26846  -44.989  -55.572  10.680 0.4000000060
26871  -49.143  -55.057  8.150 0.4000000060
26872  -50.509  -55.369  7.888 0.4000000060
26874  -50.195  -54.138  7.451 0.4000000060
27687  -47.529  -54.923  12.316 0.4000000060
27695  -47.045  -54.235  11.730 0.4000000060
27701  -42.468  -54.993  8.990 0.4000000060
27717  -49.836  -53.770  7.082 0.4000000060
27718  -50.046  -53.696  7.295 0.4000000060
28571  -41.300  -54.247  9.964 0.4000000060
28587  -49.405  -53.084  7.314 0.4000000060
28588  -49.960  -53.343  7.240 0.3000000119
28595  -50.032  -53.624  7.293 0.4000000060
29563  -41.566  -52.679  9.132 0.4000000060
29572  -48.916  -52.713  7.492 0.4000000060
29574  -45.247  -51.660  7.625 0.4000000060
29578  -48.789  -52.743  7.433 0.3000000119
30369  -41.636  -51.264  8.612 0.4000000060
30376  -45.896  -50.909  7.477 0.4000000060
31917  -39.135  -49.158  9.786 0.3000000119
121401  -49.008  -55.630  11.661 0.3000000119
121919  -46.910  -73.532  11.384 0.3000000119
124134  -45.089  -65.113  17.752 0.6000000238
124832  -52.048  -59.793  9.830 0.5000000000
124930  -42.145  -62.251  16.714 0.6000000238
125927  -42.353  -63.052  16.555 0.6999999881
126273  -52.361  -57.446  10.942 0.3000000119
126540  -48.133  -64.078  9.079 0.6000000238
127022  -42.587  -59.877  15.893 0.6000000238
127080  -43.280  -65.532  12.498 0.6000000238
127239  -41.609  -69.103  21.170 0.4000000060
128609  -46.842  -63.605  8.855 0.6999999881
128802  -41.041  -65.197  16.429 0.5000000000
129324  -40.365  -71.002  17.600 0.5000000000
130688  -40.770  -54.104  10.580 0.3000000119
130768  -46.459  -73.345  11.190 0.3000000119
132079  -45.113  -70.431  20.196 0.4000000060
132202  -50.496  -64.005  12.984 0.3000000119
132572  -46.461  -57.030  11.817 0.5000000000
133162  -51.426  -56.543  8.328 0.4000000060
133356  -47.335  -64.168  8.963 0.6000000238
137009  -41.901  -58.591  10.235 0.4000000060
137161  -51.349  -73.815  18.419 0.3000000119
137368  -42.790  -56.525  9.122 0.4000000060
137982  -49.732  -71.056  20.228 0.4000000060
138761  -41.512  -69.378  17.185 0.5000000000
138989  -44.285  -55.629  8.749 0.4000000060
139408  -42.105  -69.159  21.417 0.4000000060
139855  -44.665  -58.502  13.936 0.6000000238
140780  -49.113  -66.961  16.868 0.6000000238
140886  -48.577  -74.397  12.925 0.4000000060
141479  -47.719  -57.139  10.727 0.5000000000
141579  -50.108  -68.763  18.735 0.4000000060
142401  -44.614  -62.414  13.724 0.6999999881
143088  -40.839  -58.147  10.563 0.4000000060
144178  -47.546  -60.487  10.634 0.5000000000
144625  -52.500  -57.542  9.386 0.3000000119
144627  -50.831  -68.064  11.435 0.3000000119
145144  -47.209  -64.842  9.277 0.6000000238
145272  -41.710  -61.813  16.809 0.6000000238
145503  -45.442  -65.055  14.836 0.6000000238
145504  -39.634  -60.935  14.891 0.5000000000
146348  -50.293  -54.895  7.635 0.4000000060
146520  -48.121  -72.570  18.493 0.4000000060
146823  -40.895  -59.376  10.653 0.3000000119
146889  -43.050  -63.681  15.252 0.6000000238
