#!ascii label  , from subject sub-v1s6x0051319_ses-1 vox2ras=TkReg
1115
131088  39.996  12.575  46.894 0.0000000000
93918  49.526  9.113  34.176 0.0000000000
132093  50.606  17.360  22.937 0.0000000000
89473  53.464  2.070  28.243 0.0000000000
94576  46.036  10.498  48.163 0.0000000000
97953  54.070  15.299  28.652 0.0000000000
92454  55.297  7.868  30.721 0.0000000000
96834  43.874  13.177  28.766 0.0000000000
127176  47.556  14.624  33.162 0.0000000000
95492  43.227  11.161  39.112 0.0000000000
93844  49.425  9.680  40.908 0.0000000000
99723  45.851  18.336  24.947 0.0000000000
95586  47.774  11.283  25.215 0.0000000000
96234  49.207  12.751  27.330 0.0000000000
94011  53.576  10.129  24.589 0.0000000000
99125  44.413  17.089  28.411 0.0000000000
97309  42.762  14.304  37.957 0.0000000000
95472  41.333  11.440  42.154 0.0000000000
123470  47.064  9.972  44.064 0.0000000000
129112  52.712  18.551  25.921 0.0000000000
99698  49.343  18.602  27.377 0.0000000000
99740  49.155  18.258  23.479 0.0000000000
124154  46.676  14.850  24.644 0.0000000000
96878  48.972  14.111  21.854 0.0000000000
95527  46.833  12.124  32.604 0.0000000000
97393  47.891  13.845  29.981 0.0000000000
94761  48.762  10.746  30.740 0.0000000000
91089  55.915  5.312  29.296 0.0000000000
93977  55.447  9.074  27.505 0.0000000000
91789  54.507  6.610  28.056 0.0000000000
93194  51.394  8.553  27.733 0.0000000000
91083  52.105  5.207  30.554 0.0000000000
89450  49.435  3.658  32.543 0.0000000000
96716  43.665  13.434  50.877 0.0000000000
95414  42.285  10.888  47.513 0.0000000000
98553  52.216  16.890  25.528 0.0000000000
93099  52.269  8.615  36.021 0.0000000000
93148  51.972  8.541  32.297 0.0000000000
92409  57.264  7.138  34.181 0.0000000000
91066  55.279  5.451  32.216 0.0000000000
98491  50.261  16.629  34.384 0.0000000000
98477  45.937  16.333  35.846 0.0000000000
96783  45.238  13.530  35.286 0.0000000000
94712  46.309  10.493  36.035 0.0000000000
93822  44.004  9.687  43.971 0.0000000000
93856  46.526  9.390  40.379 0.0000000000
94698  49.436  9.607  37.355 0.0000000000
93872  53.463  10.091  38.500 0.0000000000
97222  43.375  14.220  54.407 0.0000000000
99688  47.277  18.837  28.169 0.0000000000
100284  44.899  19.043  26.429 0.0000000000
97978  45.676  15.650  26.917 0.0000000000
96243  45.644  12.448  26.453 0.0000000000
147012  46.397  10.022  28.153 0.0000000000
97363  50.750  14.742  31.552 0.0000000000
145342  49.900  16.092  28.086 0.0000000000
97417  49.574  14.682  25.647 0.0000000000
94767  52.268  9.923  28.801 0.0000000000
95573  52.421  11.656  25.611 0.0000000000
96275  51.373  12.843  22.786 0.0000000000
94819  50.313  10.719  24.583 0.0000000000
93980  49.111  9.205  28.046 0.0000000000
99121  43.959  17.373  29.051 0.0000000000
99126  43.771  17.836  28.061 0.0000000000
96164  40.445  13.105  41.745 0.0000000000
96152  39.886  12.032  44.609 0.0000000000
99730  51.892  18.276  24.151 0.0000000000
149268  50.739  18.633  24.491 0.0000000000
99169  50.212  17.871  22.792 0.0000000000
98593  48.512  16.626  21.806 0.0000000000
98011  50.062  15.734  21.416 0.0000000000
94734  47.523  10.537  33.397 0.0000000000
95532  47.566  11.596  31.471 0.0000000000
94740  49.047  9.992  31.971 0.0000000000
89470  54.748  3.479  28.667 0.0000000000
91098  55.389  5.505  28.385 0.0000000000
91090  54.257  4.841  28.713 0.0000000000
91781  53.023  6.452  29.300 0.0000000000
90316  53.207  4.317  29.501 0.0000000000
89458  51.516  3.172  30.172 0.0000000000
88708  51.754  2.071  29.153 0.0000000000
96076  44.904  13.183  51.345 0.0000000000
98542  54.922  17.004  26.383 0.0000000000
98543  52.971  16.200  27.195 0.0000000000
93096  55.017  8.271  36.558 0.0000000000
92399  54.355  7.662  34.767 0.0000000000
92396  57.466  7.296  35.537 0.0000000000
127525  54.223  5.444  33.976 0.0000000000
89446  52.864  3.868  32.250 0.0000000000
90298  54.122  4.058  30.969 0.0000000000
96174  43.036  12.561  38.370 0.0000000000
96775  43.898  13.678  36.738 0.0000000000
124568  44.035  11.992  37.498 0.0000000000
95510  45.299  11.807  35.442 0.0000000000
94703  45.048  10.837  37.808 0.0000000000
95397  44.374  10.741  48.188 0.0000000000
94613  42.621  10.033  45.256 0.0000000000
94611  44.497  10.196  45.448 0.0000000000
93835  48.426  9.643  42.757 0.0000000000
93837  46.780  9.437  42.530 0.0000000000
93855  47.520  9.350  40.516 0.0000000000
94688  47.791  9.593  38.414 0.0000000000
94672  49.744  9.887  39.582 0.0000000000
94696  51.246  9.850  38.123 0.0000000000
94657  51.390  10.658  39.943 0.0000000000
93852  55.986  10.405  40.056 0.0000000000
99708  48.617  18.561  26.490 0.0000000000
99687  48.692  18.648  28.192 0.0000000000
123405  46.574  18.707  26.605 0.0000000000
100283  45.764  19.048  26.863 0.0000000000
99710  45.512  18.656  25.769 0.0000000000
131951  44.843  17.720  25.749 0.0000000000
98567  45.620  17.659  24.784 0.0000000000
96863  46.959  13.643  24.420 0.0000000000
97419  46.052  13.786  25.654 0.0000000000
96242  46.331  11.939  26.055 0.0000000000
94791  45.700  10.739  27.547 0.0000000000
94802  46.911  10.737  26.697 0.0000000000
97919  49.385  15.544  33.439 0.0000000000
97930  50.746  15.319  32.799 0.0000000000
123769  49.213  14.698  32.130 0.0000000000
96832  48.318  13.587  28.308 0.0000000000
97958  48.730  14.886  29.168 0.0000000000
127759  48.544  14.288  27.792 0.0000000000
139464  49.364  15.533  26.951 0.0000000000
96847  49.276  13.955  26.170 0.0000000000
93147  53.793  7.965  32.067 0.0000000000
93945  51.942  8.735  31.225 0.0000000000
93955  53.304  8.755  29.927 0.0000000000
93999  55.261  9.334  25.741 0.0000000000
94786  54.361  10.387  26.370 0.0000000000
95582  54.160  11.098  24.909 0.0000000000
96249  52.127  12.326  24.289 0.0000000000
95600  52.815  11.523  23.746 0.0000000000
95602  51.412  11.816  23.125 0.0000000000
138367  52.169  10.191  24.783 0.0000000000
92475  51.105  8.297  28.652 0.0000000000
93206  50.425  8.963  27.597 0.0000000000
93184  49.433  8.751  29.144 0.0000000000
93185  48.541  8.894  29.404 0.0000000000
97360  53.586  14.673  31.446 0.0000000000
97945  44.196  15.575  30.163 0.0000000000
129601  44.734  14.910  29.129 0.0000000000
97872  42.968  15.818  37.962 0.0000000000
96763  41.291  13.895  40.062 0.0000000000
96172  41.665  12.820  39.948 0.0000000000
95479  42.013  11.308  41.028 0.0000000000
132560  46.227  10.584  46.080 0.0000000000
99706  51.050  18.860  25.923 0.0000000000
123941  49.196  18.566  25.532 0.0000000000
99722  47.560  18.257  24.523 0.0000000000
98566  46.455  16.979  24.210 0.0000000000
98584  47.613  17.074  23.037 0.0000000000
129237  47.592  14.953  22.807 0.0000000000
96261  47.885  12.427  23.954 0.0000000000
96805  46.798  13.417  32.566 0.0000000000
97366  47.753  14.228  31.699 0.0000000000
96208  47.304  12.886  31.158 0.0000000000
96213  47.883  12.264  30.016 0.0000000000
131872  49.261  11.373  29.253 0.0000000000
91772  56.856  6.611  30.136 0.0000000000
93181  55.211  8.419  29.191 0.0000000000
92471  56.199  7.681  28.023 0.0000000000
92486  55.745  8.213  26.604 0.0000000000
93212  54.230  8.678  25.892 0.0000000000
93213  53.049  8.912  25.991 0.0000000000
92481  53.556  7.891  27.269 0.0000000000
92464  52.570  7.338  28.910 0.0000000000
91774  51.767  6.383  30.382 0.0000000000
89460  49.340  3.069  31.681 0.0000000000
96110  40.768  12.793  48.304 0.0000000000
95415  41.455  11.285  47.336 0.0000000000
96108  42.397  12.040  48.980 0.0000000000
147607  44.467  11.674  49.631 0.0000000000
95370  46.247  11.729  50.504 0.0000000000
99682  54.361  18.141  26.584 0.0000000000
99138  53.890  17.967  25.322 0.0000000000
98572  51.779  17.536  24.055 0.0000000000
93110  51.008  8.682  35.055 0.0000000000
93925  50.345  8.882  32.982 0.0000000000
93121  52.501  8.209  34.568 0.0000000000
92423  54.367  7.697  33.409 0.0000000000
92433  55.558  7.636  32.316 0.0000000000
91044  57.390  5.863  34.804 0.0000000000
91753  57.276  6.169  33.441 0.0000000000
91073  56.765  6.197  31.788 0.0000000000
90296  55.628  4.930  30.381 0.0000000000
89465  54.599  2.841  29.080 0.0000000000
88706  53.770  1.953  27.980 0.0000000000
87853  51.779  1.496  29.033 0.0000000000
98492  48.552  16.400  34.679 0.0000000000
97904  47.452  15.554  34.518 0.0000000000
97881  44.579  15.294  36.336 0.0000000000
145824  46.000  14.952  35.203 0.0000000000
97338  46.807  14.363  33.705 0.0000000000
96192  45.758  12.380  34.226 0.0000000000
94728  46.584  10.776  34.384 0.0000000000
144302  47.808  9.818  35.333 0.0000000000
95447  41.020  10.865  44.635 0.0000000000
93840  42.359  10.155  42.695 0.0000000000
94652  43.018  10.237  41.347 0.0000000000
93828  45.500  9.627  43.639 0.0000000000
124294  45.132  9.393  41.848 0.0000000000
136961  44.809  10.192  39.295 0.0000000000
94689  46.370  9.996  38.051 0.0000000000
94700  47.497  9.737  37.212 0.0000000000
93903  49.063  9.471  35.941 0.0000000000
93900  51.345  9.154  36.753 0.0000000000
93886  52.746  9.452  37.772 0.0000000000
93884  55.276  9.512  38.042 0.0000000000
94668  53.970  11.204  39.669 0.0000000000
94665  56.320  10.142  39.390 0.0000000000
96718  41.881  13.798  50.305 0.0000000000
97232  43.444  14.286  52.868 0.0000000000
96618  44.241  13.490  59.359 0.0000000000
100259  49.017  19.313  29.968 0.0000000000
100262  46.615  19.582  29.598 0.0000000000
99133  44.282  17.542  27.419 0.0000000000
146598  45.237  16.066  28.077 0.0000000000
97399  45.296  14.822  28.018 0.0000000000
97990  46.042  16.485  25.237 0.0000000000
97412  45.766  14.253  26.385 0.0000000000
96841  44.767  13.243  27.593 0.0000000000
97942  52.064  15.114  30.117 0.0000000000
97379  49.369  14.744  30.647 0.0000000000
97943  50.847  15.134  30.031 0.0000000000
97955  51.422  15.730  29.070 0.0000000000
98544  51.008  16.461  26.818 0.0000000000
98554  51.028  16.602  25.704 0.0000000000
97987  50.444  16.133  24.306 0.0000000000
144303  50.635  9.247  31.671 0.0000000000
94769  50.577  10.366  29.581 0.0000000000
95553  50.400  11.188  28.485 0.0000000000
93979  53.316  9.724  28.477 0.0000000000
94788  52.425  10.774  27.473 0.0000000000
96233  50.175  12.321  26.790 0.0000000000
96853  50.573  13.393  24.733 0.0000000000
96860  51.016  13.529  23.524 0.0000000000
97440  50.574  14.407  22.090 0.0000000000
96877  50.258  13.682  21.980 0.0000000000
95604  49.409  11.811  23.486 0.0000000000
95585  48.556  11.036  24.945 0.0000000000
94003  50.793  9.463  26.272 0.0000000000
94799  49.347  10.001  25.956 0.0000000000
94801  47.943  10.353  26.508 0.0000000000
93994  47.991  9.649  27.828 0.0000000000
90281  48.721  4.563  33.361 0.0000000000
99690  43.212  18.567  27.700 0.0000000000
96153  39.477  12.875  44.729 0.0000000000
96157  39.787  12.413  43.754 0.0000000000
96145  39.861  12.142  45.388 0.0000000000
99157  51.367  17.816  23.505 0.0000000000
99738  50.717  18.239  23.460 0.0000000000
99175  50.357  17.372  22.349 0.0000000000
99176  49.799  17.522  22.001 0.0000000000
98583  50.501  16.694  22.092 0.0000000000
94726  48.140  9.936  33.908 0.0000000000
94733  48.317  10.154  33.093 0.0000000000
93936  49.160  9.706  32.732 0.0000000000
89472  53.948  2.532  28.049 0.0000000000
137573  54.796  4.593  28.527 0.0000000000
90315  53.821  3.858  28.687 0.0000000000
89466  53.226  3.163  29.124 0.0000000000
89467  52.326  3.094  29.623 0.0000000000
89474  52.721  2.060  28.764 0.0000000000
97390  54.693  14.826  29.365 0.0000000000
97952  55.486  15.387  28.326 0.0000000000
97965  54.847  15.751  27.516 0.0000000000
97966  53.518  15.691  27.885 0.0000000000
93095  56.226  8.249  36.775 0.0000000000
92385  55.677  7.764  35.864 0.0000000000
92383  57.679  7.446  36.496 0.0000000000
90279  52.522  4.486  33.118 0.0000000000
89436  52.099  3.670  32.793 0.0000000000
89447  52.394  3.096  32.232 0.0000000000
96229  43.590  12.347  28.468 0.0000000000
96170  42.738  12.039  38.842 0.0000000000
96178  43.473  12.657  37.805 0.0000000000
95495  43.518  11.805  38.303 0.0000000000
144527  44.719  11.435  37.233 0.0000000000
95494  43.882  11.016  38.567 0.0000000000
94577  45.181  10.622  48.209 0.0000000000
94601  44.708  10.525  46.737 0.0000000000
129250  45.223  10.624  47.050 0.0000000000
93845  48.817  9.683  41.824 0.0000000000
148287  47.999  9.573  42.140 0.0000000000
147487  48.692  9.523  41.152 0.0000000000
94673  48.888  9.681  39.620 0.0000000000
94659  49.329  9.802  40.132 0.0000000000
94671  50.545  10.234  39.685 0.0000000000
146555  50.671  10.392  40.238 0.0000000000
145145  46.778  18.286  24.941 0.0000000000
123845  47.544  18.534  26.534 0.0000000000
99709  46.615  18.489  25.653 0.0000000000
99724  45.129  18.241  25.106 0.0000000000
99735  45.612  18.095  24.763 0.0000000000
96262  47.135  12.842  24.609 0.0000000000
96252  46.711  12.425  25.316 0.0000000000
95587  47.029  11.602  25.551 0.0000000000
95576  46.765  11.250  26.107 0.0000000000
95575  47.360  10.896  25.890 0.0000000000
97336  48.428  15.207  33.471 0.0000000000
97932  49.004  15.052  32.856 0.0000000000
97350  48.249  14.620  32.522 0.0000000000
96227  48.559  12.846  28.104 0.0000000000
96839  48.684  13.520  27.568 0.0000000000
97411  48.900  14.175  27.072 0.0000000000
96838  49.101  13.507  26.930 0.0000000000
93159  54.492  8.024  31.217 0.0000000000
93160  53.582  8.257  31.300 0.0000000000
93170  53.878  8.368  30.519 0.0000000000
94010  54.397  10.074  24.858 0.0000000000
94797  54.536  10.496  25.404 0.0000000000
94817  54.028  10.651  24.439 0.0000000000
95592  53.197  11.436  23.972 0.0000000000
94808  53.256  10.881  23.927 0.0000000000
94809  52.214  10.794  23.921 0.0000000000
92456  50.521  7.665  30.202 0.0000000000
93183  50.247  8.508  28.892 0.0000000000
92467  49.963  8.255  29.651 0.0000000000
93172  49.136  8.419  29.884 0.0000000000
99120  44.404  16.596  29.261 0.0000000000
98528  44.280  16.203  29.925 0.0000000000
97959  44.601  15.685  29.382 0.0000000000
141858  44.821  16.267  28.623 0.0000000000
97869  41.656  15.218  39.536 0.0000000000
96764  40.794  14.409  40.603 0.0000000000
96160  40.865  12.204  41.947 0.0000000000
96163  41.016  12.630  41.184 0.0000000000
95480  41.457  11.771  41.443 0.0000000000
96167  41.641  12.139  40.632 0.0000000000
95471  41.852  11.037  41.698 0.0000000000
99697  52.357  18.799  26.948 0.0000000000
124597  51.603  18.823  26.458 0.0000000000
141230  49.469  18.443  23.833 0.0000000000
99720  50.178  18.635  24.910 0.0000000000
126478  49.363  18.485  24.537 0.0000000000
99721  48.495  18.352  24.849 0.0000000000
99733  48.538  18.394  23.985 0.0000000000
99734  47.597  18.057  23.759 0.0000000000
128183  48.124  17.542  23.078 0.0000000000
98012  48.838  15.645  21.502 0.0000000000
98013  47.966  15.784  22.197 0.0000000000
96870  48.147  14.081  22.634 0.0000000000
96270  48.017  13.234  23.230 0.0000000000
96203  46.605  12.766  32.825 0.0000000000
147993  47.216  13.268  31.634 0.0000000000
96202  47.015  12.780  32.046 0.0000000000
95531  48.005  11.150  31.070 0.0000000000
95539  47.572  12.046  30.814 0.0000000000
95538  48.228  11.470  30.332 0.0000000000
95546  48.459  11.746  29.578 0.0000000000
95537  48.906  10.931  29.916 0.0000000000
91088  56.544  5.977  29.757 0.0000000000
92462  56.697  7.120  29.406 0.0000000000
91786  56.438  6.716  28.622 0.0000000000
91788  55.479  6.459  27.759 0.0000000000
91796  55.937  6.938  27.515 0.0000000000
91798  55.054  7.085  27.234 0.0000000000
92488  54.931  8.165  26.280 0.0000000000
92480  54.568  7.671  26.895 0.0000000000
93202  54.099  8.160  26.623 0.0000000000
92472  54.068  7.354  27.727 0.0000000000
91773  52.554  5.905  29.994 0.0000000000
91782  52.152  6.899  29.671 0.0000000000
91075  51.556  4.852  31.101 0.0000000000
88700  50.791  2.536  29.762 0.0000000000
89459  50.813  3.218  31.099 0.0000000000
96721  42.257  13.148  49.884 0.0000000000
96109  41.524  12.320  48.650 0.0000000000
96091  42.840  12.838  49.972 0.0000000000
125020  44.002  12.208  49.936 0.0000000000
127060  45.206  12.540  50.847 0.0000000000
95383  45.176  11.425  49.675 0.0000000000
96088  45.994  12.299  50.997 0.0000000000
98551  53.999  16.935  26.185 0.0000000000
99137  54.489  17.701  25.827 0.0000000000
98552  53.567  17.527  25.318 0.0000000000
99147  52.489  17.784  24.423 0.0000000000
98563  52.005  17.125  24.742 0.0000000000
93109  51.840  8.538  35.388 0.0000000000
93122  51.670  8.466  34.466 0.0000000000
93108  52.724  8.273  35.408 0.0000000000
92398  55.437  7.670  34.914 0.0000000000
92412  54.095  7.624  34.085 0.0000000000
92411  55.221  7.600  33.986 0.0000000000
92422  55.514  7.644  33.099 0.0000000000
92421  56.509  7.454  33.577 0.0000000000
91027  57.467  5.873  35.565 0.0000000000
142982  55.643  5.609  34.953 0.0000000000
91056  55.024  5.553  33.165 0.0000000000
91055  56.361  5.597  33.515 0.0000000000
126805  56.172  5.591  32.709 0.0000000000
91759  57.163  6.370  32.721 0.0000000000
91065  56.308  5.744  31.960 0.0000000000
134545  56.316  5.637  31.041 0.0000000000
91074  55.501  5.254  31.326 0.0000000000
88688  53.363  2.435  30.406 0.0000000000
148091  54.625  3.600  30.131 0.0000000000
90307  54.094  2.943  30.163 0.0000000000
88698  53.877  2.031  28.830 0.0000000000
88699  53.047  1.852  28.679 0.0000000000
98476  46.708  16.676  35.642 0.0000000000
99064  48.448  17.160  35.283 0.0000000000
98475  47.932  16.524  35.047 0.0000000000
98493  47.866  16.074  34.708 0.0000000000
97892  47.242  16.141  35.065 0.0000000000
136133  42.938  15.059  37.666 0.0000000000
97877  43.492  15.424  37.364 0.0000000000
97882  43.885  15.116  36.785 0.0000000000
96774  44.521  13.786  36.166 0.0000000000
97322  44.757  14.485  35.890 0.0000000000
97321  45.332  14.319  35.411 0.0000000000
97329  46.373  14.553  34.496 0.0000000000
97330  45.710  14.016  34.857 0.0000000000
96791  46.001  13.547  34.056 0.0000000000
96792  45.508  13.073  34.760 0.0000000000
95509  45.750  11.073  35.632 0.0000000000
95515  45.825  11.417  34.737 0.0000000000
94722  46.407  10.608  35.226 0.0000000000
94721  47.196  10.207  34.927 0.0000000000
128186  47.183  9.972  35.806 0.0000000000
95432  41.202  11.094  46.454 0.0000000000
94604  42.060  10.579  46.001 0.0000000000
94625  43.369  9.833  44.682 0.0000000000
94626  42.554  9.827  44.442 0.0000000000
146276  42.926  9.735  42.879 0.0000000000
94642  42.948  9.893  42.195 0.0000000000
93839  43.594  9.574  42.623 0.0000000000
94609  47.029  10.711  45.586 0.0000000000
94623  46.106  10.428  45.148 0.0000000000
148873  46.457  10.138  44.439 0.0000000000
93848  45.961  9.423  41.277 0.0000000000
123949  45.971  9.417  42.236 0.0000000000
93857  45.675  9.493  40.471 0.0000000000
93858  44.890  9.484  40.857 0.0000000000
94660  45.163  9.696  39.940 0.0000000000
149093  45.147  10.271  38.860 0.0000000000
94675  46.162  9.912  38.714 0.0000000000
94687  48.719  9.648  38.319 0.0000000000
123811  48.092  9.592  37.769 0.0000000000
94699  48.423  9.617  37.210 0.0000000000
94710  48.764  9.583  36.617 0.0000000000
93902  49.623  9.483  36.606 0.0000000000
93901  50.473  9.300  36.488 0.0000000000
93889  50.160  9.527  37.147 0.0000000000
93873  52.263  10.082  38.457 0.0000000000
93887  51.737  9.483  37.582 0.0000000000
93885  53.928  9.447  37.904 0.0000000000
93871  54.788  10.145  38.588 0.0000000000
95490  53.620  11.436  40.206 0.0000000000
93860  56.453  9.918  39.539 0.0000000000
93065  56.520  9.279  39.334 0.0000000000
97268  41.068  14.138  50.025 0.0000000000
140143  42.994  14.521  53.673 0.0000000000
148438  43.599  14.176  53.547 0.0000000000
96682  44.133  13.895  53.929 0.0000000000
96665  43.937  13.855  55.040 0.0000000000
143942  47.932  18.653  28.009 0.0000000000
99676  49.066  18.955  29.121 0.0000000000
99677  47.999  18.995  28.832 0.0000000000
100260  48.333  19.340  29.734 0.0000000000
100261  47.481  19.435  29.633 0.0000000000
100253  47.000  19.778  30.320 0.0000000000
100268  47.062  19.221  28.883 0.0000000000
100285  44.289  18.993  26.473 0.0000000000
99141  43.880  18.605  26.694 0.0000000000
99712  44.368  18.599  26.328 0.0000000000
98556  45.499  16.636  26.249 0.0000000000
98557  44.846  17.190  26.816 0.0000000000
98545  45.352  16.305  27.333 0.0000000000
97970  45.430  15.497  27.731 0.0000000000
97989  46.638  15.751  24.566 0.0000000000
96848  45.596  13.326  26.356 0.0000000000
96840  45.295  13.734  27.045 0.0000000000
96849  45.129  12.868  26.961 0.0000000000
96235  44.601  12.407  27.483 0.0000000000
95578  45.090  12.029  26.979 0.0000000000
98503  51.581  16.313  33.811 0.0000000000
97348  51.208  14.950  32.260 0.0000000000
97929  51.647  15.372  32.815 0.0000000000
97362  51.662  14.809  31.656 0.0000000000
97361  52.547  14.807  31.628 0.0000000000
137735  52.074  14.908  31.050 0.0000000000
97381  47.807  14.069  30.821 0.0000000000
97365  48.896  14.568  31.267 0.0000000000
97380  48.429  14.465  30.447 0.0000000000
97968  49.605  15.760  28.650 0.0000000000
97957  49.333  15.302  29.282 0.0000000000
97956  50.251  15.616  29.316 0.0000000000
97967  50.510  16.059  28.512 0.0000000000
98535  51.502  16.204  27.789 0.0000000000
98536  50.517  16.205  27.797 0.0000000000
97982  49.633  15.447  26.053 0.0000000000
98555  50.085  16.166  26.465 0.0000000000
98565  50.290  16.079  25.456 0.0000000000
97988  50.036  15.363  25.064 0.0000000000
93134  51.680  8.502  33.137 0.0000000000
93935  50.417  9.132  32.189 0.0000000000
93934  51.132  8.925  31.760 0.0000000000
93967  51.849  9.570  29.650 0.0000000000
93957  51.420  9.364  30.552 0.0000000000
94768  51.391  10.193  29.162 0.0000000000
94779  50.852  10.721  28.761 0.0000000000
93192  55.536  8.599  28.271 0.0000000000
93964  54.824  8.900  28.612 0.0000000000
93978  54.452  9.538  28.046 0.0000000000
95562  52.693  11.177  26.564 0.0000000000
94787  53.338  10.671  27.015 0.0000000000
95563  51.711  11.123  27.417 0.0000000000
95574  51.198  11.966  26.252 0.0000000000
96240  50.570  12.713  25.723 0.0000000000
96239  51.667  12.164  25.218 0.0000000000
96859  51.593  12.729  23.233 0.0000000000
96259  51.465  12.810  24.140 0.0000000000
96868  51.055  13.512  22.638 0.0000000000
97423  50.520  14.546  23.183 0.0000000000
96885  50.416  14.426  21.797 0.0000000000
96876  50.783  13.639  22.210 0.0000000000
95593  50.876  11.256  23.732 0.0000000000
95603  50.437  11.791  23.241 0.0000000000
129876  49.878  11.294  23.996 0.0000000000
95594  48.954  11.346  24.194 0.0000000000
94820  49.355  10.874  24.720 0.0000000000
93204  52.212  8.721  26.866 0.0000000000
93214  52.142  9.168  26.232 0.0000000000
93205  51.235  9.126  26.824 0.0000000000
93992  49.621  9.279  27.544 0.0000000000
93991  50.269  9.427  26.924 0.0000000000
137717  49.481  9.656  26.817 0.0000000000
94004  48.746  9.926  26.672 0.0000000000
93993  48.815  9.557  27.491 0.0000000000
94005  48.222  9.910  27.185 0.0000000000
93981  48.512  9.366  28.252 0.0000000000
93173  48.360  8.531  30.183 0.0000000000
137662  47.763  8.833  29.869 0.0000000000
90290  50.057  4.187  32.561 0.0000000000
90291  49.301  4.433  32.963 0.0000000000
129247  43.620  17.550  29.698 0.0000000000
126974  40.205  13.956  41.597 0.0000000000
96757  39.603  13.396  43.159 0.0000000000
96161  40.222  12.581  42.653 0.0000000000
95465  40.510  11.700  43.276 0.0000000000
99718  52.044  18.453  24.571 0.0000000000
99705  51.949  18.688  25.440 0.0000000000
99731  51.277  18.501  24.096 0.0000000000
99732  50.294  18.542  24.024 0.0000000000
99739  49.907  18.284  23.337 0.0000000000
99170  49.255  17.875  22.864 0.0000000000
135510  49.363  16.989  21.640 0.0000000000
97451  49.320  14.838  21.451 0.0000000000
95519  46.958  11.336  33.026 0.0000000000
95526  47.291  11.677  32.157 0.0000000000
94742  47.649  10.763  32.602 0.0000000000
94750  48.570  10.530  31.521 0.0000000000
94749  49.440  10.117  31.302 0.0000000000
90313  55.425  4.367  28.879 0.0000000000
91097  55.669  5.368  28.678 0.0000000000
90319  55.170  4.433  28.606 0.0000000000
91099  54.794  5.683  28.349 0.0000000000
91780  53.944  6.044  28.792 0.0000000000
91091  53.420  5.274  29.412 0.0000000000
91082  52.787  5.025  30.026 0.0000000000
90309  51.995  4.092  30.618 0.0000000000
90308  52.627  4.163  30.018 0.0000000000
96705  43.839  13.832  51.579 0.0000000000
96715  44.276  13.406  51.252 0.0000000000
96696  44.888  13.840  52.541 0.0000000000
98541  55.312  16.823  26.915 0.0000000000
97975  55.132  16.365  26.916 0.0000000000
97976  54.404  16.245  26.868 0.0000000000
123881  52.523  16.596  26.393 0.0000000000
93097  53.912  8.299  36.412 0.0000000000
93107  53.602  7.974  35.530 0.0000000000
93106  54.600  7.812  35.659 0.0000000000
92397  56.518  7.607  35.189 0.0000000000
148416  57.203  7.339  34.780 0.0000000000
91057  53.123  5.169  33.722 0.0000000000
90278  53.336  4.840  32.784 0.0000000000
91067  54.259  5.185  32.507 0.0000000000
90288  54.589  4.861  31.644 0.0000000000
90289  53.724  4.402  31.936 0.0000000000
89457  52.803  2.906  31.484 0.0000000000
98459  45.387  16.689  36.475 0.0000000000
96769  42.882  13.311  38.146 0.0000000000
97312  43.482  14.520  37.198 0.0000000000
96772  43.399  13.557  37.488 0.0000000000
96177  43.862  12.786  37.041 0.0000000000
127153  44.382  12.971  36.387 0.0000000000
96188  45.164  12.693  35.336 0.0000000000
96181  44.452  12.117  36.707 0.0000000000
95502  45.227  11.374  36.354 0.0000000000
144881  45.359  10.961  37.148 0.0000000000
94591  43.174  10.668  47.475 0.0000000000
94603  42.697  10.582  46.753 0.0000000000
94602  43.665  10.428  46.646 0.0000000000
94612  43.670  10.131  45.490 0.0000000000
94624  44.257  9.955  44.812 0.0000000000
94634  47.852  9.845  43.588 0.0000000000
93827  46.980  9.584  43.314 0.0000000000
93836  47.583  9.494  42.720 0.0000000000
93846  47.310  9.508  41.989 0.0000000000
126440  46.974  9.344  41.229 0.0000000000
93864  46.516  9.596  39.395 0.0000000000
93862  47.986  9.434  39.769 0.0000000000
94674  48.371  9.620  39.005 0.0000000000
94686  49.711  9.728  38.234 0.0000000000
94697  50.370  9.704  37.812 0.0000000000
94685  50.750  9.916  38.560 0.0000000000
94684  51.592  10.260  38.832 0.0000000000
130403  52.311  10.585  39.090 0.0000000000
95482  55.511  11.256  40.945 0.0000000000
93861  54.658  9.467  40.214 0.0000000000
99699  48.252  18.542  27.366 0.0000000000
99700  47.384  18.647  27.393 0.0000000000
150035  46.633  19.072  28.262 0.0000000000
99689  46.606  18.876  27.537 0.0000000000
99711  44.793  18.602  25.884 0.0000000000
99148  44.741  18.252  25.633 0.0000000000
99139  45.004  18.010  25.011 0.0000000000
148959  45.375  17.399  25.324 0.0000000000
97425  46.911  14.346  24.291 0.0000000000
141902  46.489  13.276  25.090 0.0000000000
96253  46.057  12.862  25.779 0.0000000000
95577  45.771  11.644  26.665 0.0000000000
94803  46.049  10.953  26.986 0.0000000000
94790  46.475  10.363  27.585 0.0000000000
98505  49.831  16.094  33.945 0.0000000000
97918  50.288  15.685  33.395 0.0000000000
97931  49.803  15.149  32.790 0.0000000000
97349  50.262  14.794  32.202 0.0000000000
96824  47.989  13.661  29.092 0.0000000000
97392  48.312  14.405  29.507 0.0000000000
97398  48.421  14.398  28.591 0.0000000000
97969  48.841  15.205  28.569 0.0000000000
97977  49.129  15.620  27.834 0.0000000000
98537  49.939  16.130  27.394 0.0000000000
97404  48.805  14.921  27.341 0.0000000000
97410  49.163  14.780  26.543 0.0000000000
124361  52.915  8.276  32.562 0.0000000000
124750  52.855  8.408  31.741 0.0000000000
93171  52.943  8.515  30.831 0.0000000000
93966  52.795  9.332  29.372 0.0000000000
139766  55.557  9.179  26.592 0.0000000000
93990  54.942  9.715  26.797 0.0000000000
94785  54.973  10.069  25.856 0.0000000000
94798  53.792  10.864  25.921 0.0000000000
95572  53.369  11.273  25.450 0.0000000000
95584  52.483  11.820  24.670 0.0000000000
95583  53.340  11.402  24.542 0.0000000000
96257  52.619  11.864  23.633 0.0000000000
96266  51.981  12.279  23.267 0.0000000000
95610  51.495  12.364  22.931 0.0000000000
95601  52.237  11.828  23.359 0.0000000000
94825  51.843  11.277  23.561 0.0000000000
94810  51.095  10.356  24.829 0.0000000000
93195  50.535  8.612  28.214 0.0000000000
93196  49.723  8.867  28.279 0.0000000000
93197  48.984  9.184  28.714 0.0000000000
97375  54.105  14.624  30.446 0.0000000000
98529  44.013  16.896  29.912 0.0000000000
97400  44.874  14.479  28.524 0.0000000000
97868  42.041  15.308  38.953 0.0000000000
97310  42.264  14.602  38.606 0.0000000000
96761  40.672  13.645  40.924 0.0000000000
96766  41.938  13.404  39.313 0.0000000000
96171  42.245  12.497  39.406 0.0000000000
142494  42.548  11.669  39.594 0.0000000000
95486  42.887  10.976  39.984 0.0000000000
94587  46.379  10.587  47.471 0.0000000000
95430  47.024  10.651  47.133 0.0000000000
95446  47.027  10.765  46.373 0.0000000000
94621  47.662  10.220  44.370 0.0000000000
94633  48.838  10.010  43.576 0.0000000000
94641  49.461  9.788  42.671 0.0000000000
94650  49.892  9.854  41.698 0.0000000000
94649  50.751  10.330  41.537 0.0000000000
125938  51.259  18.792  27.433 0.0000000000
123990  50.481  18.770  26.774 0.0000000000
123989  50.270  18.784  25.785 0.0000000000
99707  49.593  18.683  26.413 0.0000000000
124534  47.815  18.419  25.518 0.0000000000
99159  46.000  17.812  24.572 0.0000000000
99158  46.492  18.039  24.435 0.0000000000
99171  47.009  17.508  23.754 0.0000000000
97995  46.943  16.127  23.782 0.0000000000
99178  48.081  17.127  22.409 0.0000000000
98002  47.349  15.904  23.050 0.0000000000
97432  47.087  15.136  23.844 0.0000000000
97431  47.403  14.068  23.585 0.0000000000
96862  47.444  13.227  23.959 0.0000000000
97351  46.925  14.103  32.802 0.0000000000
96804  47.207  13.715  32.064 0.0000000000
96810  47.447  13.634  31.309 0.0000000000
96816  47.606  13.383  30.556 0.0000000000
124756  47.312  12.216  31.524 0.0000000000
96214  47.590  12.752  30.442 0.0000000000
96825  47.777  13.054  29.710 0.0000000000
140046  48.086  12.436  29.352 0.0000000000
95555  48.659  12.150  28.764 0.0000000000
96226  49.145  12.268  28.060 0.0000000000
92453  56.131  7.483  30.776 0.0000000000
93169  54.825  8.241  30.202 0.0000000000
93168  55.685  7.835  29.758 0.0000000000
93180  55.877  8.108  28.608 0.0000000000
93191  55.904  8.334  27.510 0.0000000000
91787  56.024  6.252  28.073 0.0000000000
92478  56.015  7.663  27.120 0.0000000000
93976  55.769  8.765  26.843 0.0000000000
93210  55.622  8.818  26.266 0.0000000000
93211  55.193  8.773  25.875 0.0000000000
94000  53.880  9.422  25.227 0.0000000000
93203  53.231  8.385  26.692 0.0000000000
93193  52.523  8.198  27.525 0.0000000000
91790  53.513  6.950  28.525 0.0000000000
92473  53.002  7.613  28.061 0.0000000000
92474  52.013  7.971  28.353 0.0000000000
92465  51.663  7.697  29.181 0.0000000000
92455  51.350  7.338  29.975 0.0000000000
91768  50.649  6.355  31.420 0.0000000000
90300  50.639  4.076  31.875 0.0000000000
90299  51.351  4.034  31.258 0.0000000000
89449  50.128  3.368  31.913 0.0000000000
96120  40.371  12.623  47.534 0.0000000000
95416  40.550  11.840  46.931 0.0000000000
95399  41.061  11.993  47.880 0.0000000000
95398  41.954  11.498  48.232 0.0000000000
147185  42.572  11.517  48.580 0.0000000000
96089  44.327  12.819  50.667 0.0000000000
95385  43.177  11.460  48.837 0.0000000000
131913  43.919  11.129  48.718 0.0000000000
123545  44.618  11.047  49.006 0.0000000000
95396  45.595  10.769  48.997 0.0000000000
99683  53.117  18.569  27.328 0.0000000000
99696  53.529  18.411  26.271 0.0000000000
99132  54.956  17.581  26.340 0.0000000000
99695  54.416  17.981  25.721 0.0000000000
125187  53.037  18.269  24.930 0.0000000000
99155  52.467  18.132  24.500 0.0000000000
99156  51.986  18.059  24.014 0.0000000000
98573  51.009  17.067  23.628 0.0000000000
93917  50.230  8.836  34.674 0.0000000000
93926  49.686  9.218  33.328 0.0000000000
93123  50.938  8.652  34.206 0.0000000000
131285  51.509  8.520  33.791 0.0000000000
93133  52.261  8.306  33.703 0.0000000000
93120  53.390  7.857  34.667 0.0000000000
132760  53.277  7.915  33.771 0.0000000000
141383  52.876  8.175  33.192 0.0000000000
93132  53.615  7.920  32.931 0.0000000000
93146  54.746  7.802  31.990 0.0000000000
92444  55.415  7.710  31.506 0.0000000000
91730  57.741  6.342  36.201 0.0000000000
91740  57.802  6.304  35.285 0.0000000000
91748  57.414  6.374  34.300 0.0000000000
127182  55.409  5.453  34.151 0.0000000000
91054  57.082  5.924  33.891 0.0000000000
92420  57.324  6.828  33.433 0.0000000000
92432  56.682  7.283  32.677 0.0000000000
92431  56.929  6.852  31.889 0.0000000000
92442  56.744  7.155  31.213 0.0000000000
91766  56.958  6.686  31.053 0.0000000000
91080  56.714  6.082  30.686 0.0000000000
91081  56.163  5.426  30.122 0.0000000000
90297  54.890  4.509  30.702 0.0000000000
90306  55.188  3.913  29.709 0.0000000000
90305  55.594  4.564  29.522 0.0000000000
90314  55.094  3.517  28.977 0.0000000000
148460  54.085  2.223  28.079 0.0000000000
144271  52.373  1.682  28.816 0.0000000000
88707  53.026  1.938  28.610 0.0000000000
87854  50.810  1.383  29.259 0.0000000000
127737  49.410  16.501  34.469 0.0000000000
97902  48.964  15.910  34.063 0.0000000000
97903  48.178  15.671  34.276 0.0000000000
97337  47.621  15.024  33.950 0.0000000000
138422  44.242  16.462  37.272 0.0000000000
98460  44.664  16.231  36.648 0.0000000000
97880  45.264  15.885  36.043 0.0000000000
97313  44.174  14.479  36.493 0.0000000000
97894  45.296  15.085  35.712 0.0000000000
142880  45.780  15.620  35.580 0.0000000000
97905  46.746  15.361  34.800 0.0000000000
140855  47.017  14.964  34.318 0.0000000000
96798  46.491  13.500  33.223 0.0000000000
139839  46.534  12.072  33.113 0.0000000000
96193  45.449  12.245  34.874 0.0000000000
95520  46.312  11.577  33.771 0.0000000000
94735  46.879  10.852  33.715 0.0000000000
94727  47.366  10.344  34.164 0.0000000000
93919  48.754  9.493  34.476 0.0000000000
95433  40.437  11.577  45.948 0.0000000000
95448  40.392  11.480  45.054 0.0000000000
95457  41.045  10.933  43.723 0.0000000000
94614  41.719  10.330  45.103 0.0000000000
94627  41.756  10.225  44.222 0.0000000000
94644  41.780  10.748  42.415 0.0000000000
94643  42.365  10.457  41.931 0.0000000000
130426  42.612  10.818  40.738 0.0000000000
94662  43.361  10.409  40.474 0.0000000000
94610  45.212  10.439  45.864 0.0000000000
123588  45.123  10.082  45.005 0.0000000000
145400  44.763  9.554  43.552 0.0000000000
123648  46.134  9.486  43.056 0.0000000000
126821  45.164  9.348  42.833 0.0000000000
93829  44.228  9.453  43.120 0.0000000000
93850  43.688  9.649  41.827 0.0000000000
94651  43.901  9.769  40.990 0.0000000000
94677  44.026  10.574  39.190 0.0000000000
94691  44.658  10.629  38.566 0.0000000000
94702  45.816  10.447  37.571 0.0000000000
93874  46.906  9.675  38.567 0.0000000000
94701  46.620  10.056  37.329 0.0000000000
123534  46.882  10.038  36.620 0.0000000000
94711  48.187  9.654  35.935 0.0000000000
93911  48.539  9.558  35.267 0.0000000000
131940  49.458  9.236  35.164 0.0000000000
93910  50.343  9.037  35.563 0.0000000000
93909  51.128  8.949  35.915 0.0000000000
132532  51.743  8.839  36.196 0.0000000000
93888  50.872  9.493  37.345 0.0000000000
93899  52.241  8.931  36.843 0.0000000000
93085  54.436  8.805  37.279 0.0000000000
93084  55.706  8.838  37.444 0.0000000000
93083  56.904  8.783  37.720 0.0000000000
133041  51.125  10.560  40.718 0.0000000000
94669  52.852  10.995  39.582 0.0000000000
94682  54.339  10.698  39.171 0.0000000000
94667  55.182  11.022  39.873 0.0000000000
94681  55.581  10.516  39.359 0.0000000000
93870  56.112  10.077  38.770 0.0000000000
93868  57.182  9.016  38.554 0.0000000000
96121  39.771  13.217  47.231 0.0000000000
96722  41.503  13.429  49.659 0.0000000000
96717  42.825  13.502  50.464 0.0000000000
147684  42.520  14.492  51.535 0.0000000000
96706  43.083  13.996  51.219 0.0000000000
96697  44.074  14.024  52.288 0.0000000000
135596  44.233  14.018  53.055 0.0000000000
96649  43.829  13.841  56.486 0.0000000000
96631  44.550  13.571  57.360 0.0000000000
100263  45.740  19.807  29.478 0.0000000000
100269  46.227  19.414  28.777 0.0000000000
100270  45.299  19.651  28.426 0.0000000000
99701  43.397  18.875  27.074 0.0000000000
99134  43.709  18.296  27.134 0.0000000000
99140  44.269  18.086  26.431 0.0000000000
98546  44.877  16.747  27.817 0.0000000000
97971  45.088  15.390  28.550 0.0000000000
96833  44.514  13.624  28.332 0.0000000000
97983  45.991  15.725  26.168 0.0000000000
97418  46.384  15.003  25.609 0.0000000000
136559  45.958  15.070  26.517 0.0000000000
97405  45.562  14.716  27.238 0.0000000000
97406  45.085  14.080  27.810 0.0000000000
96228  44.202  12.774  28.076 0.0000000000
94792  45.000  10.957  27.826 0.0000000000
97917  51.184  15.826  33.330 0.0000000000
97376  52.912  14.819  30.785 0.0000000000
97941  53.383  15.017  29.779 0.0000000000
144020  48.416  14.476  31.747 0.0000000000
97364  49.811  14.661  31.443 0.0000000000
97378  50.312  14.810  30.752 0.0000000000
97391  48.928  14.938  29.868 0.0000000000
97944  49.842  15.049  29.990 0.0000000000
97377  51.269  14.865  30.863 0.0000000000
97954  52.733  15.436  29.012 0.0000000000
134029  52.351  15.840  28.236 0.0000000000
98564  51.097  16.678  24.612 0.0000000000
97994  50.474  16.402  23.111 0.0000000000
124711  49.868  9.284  32.665 0.0000000000
93947  49.695  9.586  32.072 0.0000000000
94748  50.133  9.934  30.822 0.0000000000
149557  51.302  9.108  31.190 0.0000000000
93958  50.686  9.868  30.354 0.0000000000
94759  50.147  10.250  30.173 0.0000000000
95544  50.093  10.982  29.039 0.0000000000
95554  49.656  11.614  28.460 0.0000000000
95565  49.850  11.977  27.651 0.0000000000
93182  54.268  8.588  29.577 0.0000000000
93965  53.782  9.060  28.991 0.0000000000
94776  53.905  10.117  27.474 0.0000000000
94777  52.820  10.347  27.967 0.0000000000
94778  51.753  10.594  28.250 0.0000000000
95552  50.991  11.141  28.070 0.0000000000
95564  50.833  11.610  27.282 0.0000000000
96241  49.580  13.086  26.417 0.0000000000
96846  49.828  13.446  25.647 0.0000000000
96854  49.797  14.063  25.194 0.0000000000
96250  51.280  12.684  24.778 0.0000000000
97424  50.018  14.705  24.572 0.0000000000
97430  50.272  15.467  23.786 0.0000000000
98001  50.447  15.571  22.324 0.0000000000
98010  50.290  15.135  21.686 0.0000000000
97450  50.070  14.860  21.458 0.0000000000
148618  49.536  13.682  21.992 0.0000000000
96267  50.905  12.368  22.707 0.0000000000
96278  49.707  13.058  22.325 0.0000000000
96869  48.807  13.390  22.443 0.0000000000
96269  48.845  12.523  23.081 0.0000000000
95595  48.185  11.648  24.491 0.0000000000
94001  52.742  9.519  25.400 0.0000000000
94002  51.627  9.472  25.834 0.0000000000
94012  50.946  9.816  25.543 0.0000000000
94013  50.128  9.690  26.163 0.0000000000
94811  50.220  10.182  25.437 0.0000000000
94812  48.927  10.503  25.418 0.0000000000
94813  48.171  10.663  25.643 0.0000000000
94789  47.466  10.126  27.343 0.0000000000
93983  47.081  9.777  28.148 0.0000000000
93198  48.346  9.255  28.855 0.0000000000
93982  47.812  9.438  28.556 0.0000000000
88709  50.819  1.673  29.174 0.0000000000
87844  52.367  1.656  28.826 0.0000000000
88701  50.017  2.234  29.535 0.0000000000
88715  54.232  2.812  28.305 0.0000000000
89448  51.826  2.832  32.524 0.0000000000
89456  53.458  3.445  31.254 0.0000000000
89471  54.397  2.723  28.496 0.0000000000
90320  54.602  3.646  28.570 0.0000000000
90321  54.316  3.556  28.475 0.0000000000
91045  56.463  5.636  34.437 0.0000000000
91046  54.659  5.454  34.913 0.0000000000
91064  57.044  5.821  32.843 0.0000000000
91068  50.368  4.896  32.294 0.0000000000
91096  56.247  6.027  28.901 0.0000000000
91739  57.934  6.838  35.977 0.0000000000
91747  57.781  6.858  34.970 0.0000000000
91779  56.625  6.516  29.364 0.0000000000
91795  56.239  7.073  27.859 0.0000000000
91797  55.630  7.226  27.257 0.0000000000
92382  57.958  7.141  36.758 0.0000000000
92384  56.787  7.673  36.145 0.0000000000
92410  56.402  7.557  34.362 0.0000000000
92434  54.586  7.768  32.653 0.0000000000
92443  56.310  7.370  31.771 0.0000000000
92452  56.783  7.154  30.433 0.0000000000
92463  56.244  7.584  29.002 0.0000000000
92466  50.808  8.019  29.434 0.0000000000
92470  56.410  7.261  28.540 0.0000000000
92479  55.444  7.737  26.718 0.0000000000
92487  55.473  8.384  26.355 0.0000000000
93074  57.335  8.450  38.252 0.0000000000
93076  55.830  8.562  39.166 0.0000000000
93082  57.426  8.481  37.926 0.0000000000
93094  57.321  8.125  37.066 0.0000000000
93098  52.951  8.453  36.236 0.0000000000
93135  50.952  8.637  33.414 0.0000000000
93149  51.056  8.696  32.619 0.0000000000
93186  47.785  9.182  29.230 0.0000000000
93201  55.844  8.363  26.770 0.0000000000
93218  54.770  9.412  25.424 0.0000000000
93821  44.895  9.792  44.235 0.0000000000
93823  43.151  9.663  44.019 0.0000000000
93830  43.401  9.629  43.368 0.0000000000
93831  42.513  9.848  43.551 0.0000000000
93838  44.379  9.399  42.312 0.0000000000
93847  46.596  9.440  41.868 0.0000000000
93849  44.404  9.504  41.569 0.0000000000
93854  48.541  9.499  40.496 0.0000000000
93863  47.452  9.547  39.169 0.0000000000
93865  45.884  9.563  39.878 0.0000000000
93882  57.108  9.131  38.379 0.0000000000
93883  56.513  9.395  38.303 0.0000000000
93898  53.289  8.833  37.118 0.0000000000
93927  48.934  9.564  33.619 0.0000000000
93946  50.196  9.549  31.546 0.0000000000
93956  52.336  8.990  30.261 0.0000000000
93984  46.306  9.743  28.645 0.0000000000
93989  55.329  9.521  25.987 0.0000000000
94588  45.655  10.601  47.379 0.0000000000
94589  44.879  10.599  47.498 0.0000000000
94590  44.071  10.563  47.468 0.0000000000
94600  45.570  10.611  46.657 0.0000000000
94622  47.052  10.388  44.794 0.0000000000
94635  46.319  9.780  43.813 0.0000000000
94636  41.735  10.452  43.238 0.0000000000
94653  42.351  10.751  41.339 0.0000000000
94655  55.667  11.027  40.584 0.0000000000
94656  55.708  10.821  40.636 0.0000000000
94658  50.343  10.092  40.873 0.0000000000
94661  44.235  10.073  40.057 0.0000000000
94666  55.937  10.510  40.023 0.0000000000
94670  51.936  10.643  39.455 0.0000000000
94676  45.598  9.940  39.208 0.0000000000
94678  43.540  10.625  39.767 0.0000000000
94683  53.134  10.676  39.094 0.0000000000
94690  45.534  10.316  38.402 0.0000000000
94713  45.974  10.562  36.744 0.0000000000
94720  47.963  9.850  34.685 0.0000000000
94741  48.413  10.326  32.284 0.0000000000
94751  47.812  10.920  31.813 0.0000000000
94760  49.538  10.467  30.447 0.0000000000
94796  54.901  9.974  25.358 0.0000000000
94800  48.621  10.230  26.032 0.0000000000
94807  54.399  10.625  24.823 0.0000000000
94818  51.332  10.788  24.147 0.0000000000
94824  52.474  11.198  23.645 0.0000000000
95371  45.580  11.870  50.353 0.0000000000
95382  46.135  11.205  49.784 0.0000000000
95384  43.877  11.631  49.292 0.0000000000
95413  43.577  10.834  48.194 0.0000000000
95431  41.890  10.775  46.850 0.0000000000
95458  40.374  11.537  44.168 0.0000000000
95464  41.181  11.144  42.879 0.0000000000
95473  40.801  11.799  42.566 0.0000000000
95487  42.269  11.472  40.332 0.0000000000
95489  54.856  11.320  40.360 0.0000000000
95491  52.407  11.091  39.992 0.0000000000
95497  44.325  11.299  37.997 0.0000000000
95545  49.746  10.700  29.717 0.0000000000
95566  45.344  11.329  27.253 0.0000000000
95591  53.921  11.080  24.309 0.0000000000
96074  46.443  12.713  51.715 0.0000000000
96075  45.661  12.952  51.527 0.0000000000
96090  43.465  12.822  50.261 0.0000000000
96098  44.769  12.066  50.203 0.0000000000
96099  43.167  12.206  49.578 0.0000000000
96100  42.502  12.578  49.568 0.0000000000
96101  41.857  12.705  49.348 0.0000000000
96131  39.907  12.290  46.240 0.0000000000
96146  39.448  12.880  45.696 0.0000000000
96166  42.019  12.070  39.965 0.0000000000
96175  42.481  12.926  38.748 0.0000000000
96180  44.818  12.339  35.954 0.0000000000
96198  46.201  12.625  33.505 0.0000000000
96220  48.038  12.937  28.814 0.0000000000
96248  52.783  11.871  24.044 0.0000000000
96251  47.443  12.045  24.868 0.0000000000
96258  52.242  12.255  23.593 0.0000000000
96260  48.609  11.893  23.809 0.0000000000
96268  50.010  12.365  22.761 0.0000000000
96276  51.191  12.909  22.529 0.0000000000
96277  50.644  13.027  22.304 0.0000000000
96703  45.333  13.523  52.014 0.0000000000
96704  44.584  13.684  51.819 0.0000000000
96726  41.135  13.064  49.024 0.0000000000
96770  42.315  13.829  38.637 0.0000000000
96784  44.791  13.194  35.752 0.0000000000
96855  46.484  14.117  24.914 0.0000000000
96861  50.296  14.109  24.249 0.0000000000
96886  49.800  14.216  21.631 0.0000000000
97244  43.189  14.367  52.020 0.0000000000
97253  42.284  14.208  50.927 0.0000000000
97300  41.090  14.722  40.266 0.0000000000
97304  41.777  14.425  39.227 0.0000000000
97305  41.394  14.730  39.838 0.0000000000
97441  48.421  14.890  22.005 0.0000000000
97873  42.549  15.210  38.301 0.0000000000
97876  44.034  15.800  36.946 0.0000000000
97893  46.420  15.842  35.339 0.0000000000
98017  49.611  15.453  21.328 0.0000000000
98452  43.633  16.235  37.615 0.0000000000
98504  50.719  16.268  33.831 0.0000000000
98562  52.834  17.546  24.832 0.0000000000
98585  47.158  16.739  23.350 0.0000000000
98591  50.127  16.700  21.671 0.0000000000
98592  49.477  16.223  21.395 0.0000000000
98594  47.724  16.583  22.596 0.0000000000
99065  47.538  16.962  35.470 0.0000000000
99131  55.292  17.212  27.134 0.0000000000
99146  53.206  17.943  24.794 0.0000000000
99167  51.428  18.164  23.704 0.0000000000
99168  50.743  17.812  23.183 0.0000000000
99177  48.816  17.403  22.118 0.0000000000
99713  43.865  18.891  26.666 0.0000000000
99719  51.091  18.735  25.019 0.0000000000
99741  48.511  18.084  23.415 0.0000000000
100276  45.955  19.210  27.875 0.0000000000
123479  42.763  11.062  48.194 0.0000000000
123586  47.201  9.693  37.856 0.0000000000
123848  48.900  9.646  37.762 0.0000000000
123976  51.741  11.511  26.674 0.0000000000
123992  49.309  9.726  38.937 0.0000000000
124520  50.352  11.497  28.012 0.0000000000
125342  48.313  10.245  44.249 0.0000000000
125379  52.342  8.361  32.988 0.0000000000
125575  50.248  9.887  39.034 0.0000000000
126446  55.982  9.812  39.904 0.0000000000
127039  50.788  9.421  31.148 0.0000000000
127992  50.021  10.042  40.201 0.0000000000
128613  47.192  9.380  39.850 0.0000000000
128755  49.795  9.309  35.968 0.0000000000
128914  41.095  10.927  45.547 0.0000000000
129000  56.376  7.444  29.870 0.0000000000
129128  46.355  11.287  26.484 0.0000000000
129210  47.977  9.435  41.345 0.0000000000
130219  50.251  8.804  33.789 0.0000000000
130468  44.231  10.337  46.036 0.0000000000
130925  50.296  15.990  21.701 0.0000000000
132481  51.103  10.269  39.249 0.0000000000
133726  48.186  14.352  31.152 0.0000000000
133746  47.806  9.703  36.571 0.0000000000
137180  54.178  2.211  28.206 0.0000000000
137283  48.611  14.918  27.970 0.0000000000
137618  44.914  13.870  35.656 0.0000000000
137666  49.620  10.464  25.253 0.0000000000
137895  41.224  13.020  40.532 0.0000000000
137903  39.909  13.682  42.299 0.0000000000
138243  53.923  5.363  33.224 0.0000000000
139060  50.360  14.217  21.789 0.0000000000
139268  56.620  5.653  35.337 0.0000000000
139390  45.326  18.037  24.831 0.0000000000
140987  47.486  14.282  32.455 0.0000000000
141017  51.150  9.864  29.851 0.0000000000
141084  45.735  10.003  44.375 0.0000000000
141320  42.092  9.964  44.791 0.0000000000
142546  46.316  10.678  46.832 0.0000000000
144115  53.724  18.197  25.415 0.0000000000
145451  43.073  10.302  46.043 0.0000000000
146533  45.778  10.865  36.177 0.0000000000
146919  58.010  6.771  36.480 0.0000000000
149132  56.794  9.523  39.167 0.0000000000
149276  51.703  10.525  24.414 0.0000000000
149648  43.658  10.305  46.050 0.0000000000
