#!ascii label  , from subject sub-v1s6x0051319_ses-1 vox2ras=TkReg
1627
130833  12.960  -35.348  86.357 0.0000000000
142192  47.020  -19.928  55.100 0.0000000000
57962  30.892  -28.296  72.992 0.0000000000
63173  38.531  -24.261  73.128 0.0000000000
53798  23.493  -33.542  76.120 0.0000000000
53664  20.650  -32.884  85.903 0.0000000000
73621  54.176  -13.124  47.562 0.0000000000
71586  56.864  -15.494  55.749 0.0000000000
62230  41.841  -24.750  64.391 0.0000000000
76884  56.060  -10.675  37.755 0.0000000000
54889  30.121  -31.754  80.101 0.0000000000
125011  16.438  -34.387  86.166 0.0000000000
72607  56.526  -14.608  50.633 0.0000000000
70707  50.694  -16.438  50.147 0.0000000000
66511  47.570  -21.352  60.557 0.0000000000
66506  52.157  -20.447  59.939 0.0000000000
66538  42.311  -21.479  60.059 0.0000000000
60116  34.910  -26.945  68.972 0.0000000000
62093  33.207  -25.834  72.418 0.0000000000
139850  26.530  -32.655  81.989 0.0000000000
126349  25.168  -31.954  87.144 0.0000000000
144093  21.870  -33.242  81.450 0.0000000000
53729  17.871  -33.735  80.618 0.0000000000
54946  27.868  -31.914  75.378 0.0000000000
140292  59.682  -12.118  45.695 0.0000000000
73594  61.077  -12.958  50.897 0.0000000000
69633  51.554  -17.312  55.377 0.0000000000
132552  43.541  -19.811  65.066 0.0000000000
60095  40.459  -27.084  69.284 0.0000000000
73690  55.229  -13.668  42.465 0.0000000000
135676  60.915  -12.404  41.381 0.0000000000
131339  62.014  -11.352  37.024 0.0000000000
124182  29.434  -30.625  83.408 0.0000000000
52644  14.750  -34.720  86.496 0.0000000000
124065  16.177  -34.091  88.998 0.0000000000
52620  13.970  -34.686  88.875 0.0000000000
73602  49.540  -13.738  49.957 0.0000000000
66458  46.892  -20.955  63.342 0.0000000000
67529  49.776  -20.514  62.970 0.0000000000
51633  7.634  -34.719  90.143 0.0000000000
124316  42.037  -22.296  57.146 0.0000000000
61120  29.895  -25.949  70.152 0.0000000000
123500  31.792  -26.138  70.722 0.0000000000
60045  31.867  -26.705  72.621 0.0000000000
126904  25.285  -33.320  79.128 0.0000000000
52696  24.768  -33.753  81.536 0.0000000000
53750  23.024  -33.551  79.206 0.0000000000
53796  25.705  -32.922  75.933 0.0000000000
54902  27.009  -32.598  78.773 0.0000000000
54840  23.029  -32.233  87.221 0.0000000000
134211  57.500  -12.225  46.974 0.0000000000
74659  59.961  -12.472  48.075 0.0000000000
76803  57.194  -11.371  48.785 0.0000000000
72580  56.764  -14.541  53.551 0.0000000000
73568  59.214  -13.419  53.845 0.0000000000
67657  47.095  -19.421  52.843 0.0000000000
69675  48.844  -18.032  52.506 0.0000000000
68641  48.789  -18.550  55.334 0.0000000000
64333  40.578  -22.662  61.706 0.0000000000
66462  40.593  -20.058  62.269 0.0000000000
64303  43.253  -22.374  64.527 0.0000000000
61096  36.798  -25.729  71.376 0.0000000000
60113  37.542  -26.390  68.475 0.0000000000
61093  39.852  -25.339  71.138 0.0000000000
133006  51.625  -13.850  45.772 0.0000000000
73680  52.864  -13.212  43.837 0.0000000000
72648  55.308  -14.718  45.467 0.0000000000
73659  58.381  -13.924  44.717 0.0000000000
76914  59.392  -10.679  34.800 0.0000000000
75864  59.235  -12.047  36.928 0.0000000000
74780  61.740  -11.943  39.173 0.0000000000
74769  57.520  -12.757  38.972 0.0000000000
56960  30.290  -30.402  76.204 0.0000000000
144156  32.020  -28.866  76.234 0.0000000000
56929  32.078  -30.160  79.593 0.0000000000
52650  18.495  -33.780  85.593 0.0000000000
53625  20.568  -32.696  89.683 0.0000000000
124064  18.281  -32.869  89.835 0.0000000000
73616  50.593  -13.231  48.356 0.0000000000
75704  54.419  -11.618  49.363 0.0000000000
74629  51.964  -12.423  49.500 0.0000000000
70703  53.853  -16.125  49.896 0.0000000000
71623  53.464  -15.824  52.485 0.0000000000
66574  47.256  -20.538  58.038 0.0000000000
67589  49.295  -19.955  57.654 0.0000000000
129113  50.090  -21.086  60.865 0.0000000000
126570  39.582  -26.543  63.573 0.0000000000
63156  41.853  -23.815  73.814 0.0000000000
51674  10.914  -35.746  86.683 0.0000000000
51639  11.664  -35.058  89.558 0.0000000000
51641  9.768  -35.512  89.297 0.0000000000
66604  44.792  -21.369  55.239 0.0000000000
137532  44.175  -21.667  57.353 0.0000000000
145260  44.504  -21.591  60.245 0.0000000000
67531  44.209  -19.998  63.139 0.0000000000
60118  31.908  -26.561  68.225 0.0000000000
61116  33.434  -25.635  70.948 0.0000000000
62108  35.083  -25.132  73.021 0.0000000000
60013  33.498  -26.782  75.232 0.0000000000
62075  35.025  -24.833  75.159 0.0000000000
54867  27.526  -31.470  83.613 0.0000000000
54850  27.440  -31.890  86.052 0.0000000000
53674  26.277  -32.551  84.319 0.0000000000
52661  24.157  -33.792  84.080 0.0000000000
53679  21.430  -33.015  84.207 0.0000000000
125165  20.741  -32.951  78.784 0.0000000000
124061  20.034  -32.908  81.125 0.0000000000
53696  19.230  -33.448  83.616 0.0000000000
130546  17.223  -34.155  84.163 0.0000000000
51693  15.081  -34.738  84.030 0.0000000000
135306  13.604  -35.015  83.968 0.0000000000
57988  29.474  -28.492  70.692 0.0000000000
56061  28.352  -30.522  71.312 0.0000000000
56985  29.268  -30.376  74.046 0.0000000000
54919  28.667  -31.923  77.202 0.0000000000
54890  28.647  -31.921  80.606 0.0000000000
71656  61.491  -15.908  49.583 0.0000000000
74617  58.941  -12.325  51.058 0.0000000000
70710  48.010  -16.708  50.283 0.0000000000
135254  51.193  -16.895  52.901 0.0000000000
70626  54.342  -17.023  55.903 0.0000000000
67604  52.407  -19.580  57.705 0.0000000000
68587  54.364  -18.219  57.920 0.0000000000
66517  40.044  -20.618  60.151 0.0000000000
140065  42.226  -18.818  62.924 0.0000000000
69532  44.148  -17.714  65.026 0.0000000000
60148  38.428  -26.676  66.270 0.0000000000
61170  41.636  -26.231  66.602 0.0000000000
61082  42.285  -26.570  72.344 0.0000000000
60079  43.822  -27.549  70.151 0.0000000000
62182  43.559  -24.540  67.576 0.0000000000
64256  44.992  -22.901  67.736 0.0000000000
133406  45.791  -20.084  67.570 0.0000000000
74756  55.544  -12.570  40.590 0.0000000000
72699  57.869  -14.333  41.662 0.0000000000
75758  60.658  -12.092  43.582 0.0000000000
141480  30.163  -31.212  84.555 0.0000000000
126359  13.828  -34.980  86.366 0.0000000000
51648  14.083  -34.771  87.845 0.0000000000
51649  13.338  -34.971  88.179 0.0000000000
67495  47.018  -19.697  64.539 0.0000000000
67494  47.944  -19.753  64.446 0.0000000000
52621  6.440  -34.190  88.520 0.0000000000
58963  30.381  -27.683  71.764 0.0000000000
60068  31.247  -26.409  71.509 0.0000000000
58949  31.409  -27.494  72.834 0.0000000000
53780  24.571  -33.471  77.472 0.0000000000
53749  24.480  -33.557  79.397 0.0000000000
133054  23.708  -33.599  78.049 0.0000000000
53828  25.205  -32.980  74.208 0.0000000000
53797  25.062  -33.279  76.503 0.0000000000
53779  25.618  -33.109  77.342 0.0000000000
53649  21.571  -32.688  86.345 0.0000000000
132962  22.011  -32.072  88.031 0.0000000000
73620  55.232  -13.100  47.276 0.0000000000
75728  56.666  -11.550  48.044 0.0000000000
75729  55.365  -11.720  48.115 0.0000000000
72573  56.164  -15.047  54.035 0.0000000000
72571  58.226  -14.386  54.725 0.0000000000
67658  46.563  -19.948  53.342 0.0000000000
68651  47.883  -18.949  54.068 0.0000000000
67640  47.683  -19.548  55.363 0.0000000000
145952  40.830  -24.738  62.284 0.0000000000
62248  41.567  -24.044  62.893 0.0000000000
64321  41.721  -22.609  62.837 0.0000000000
63285  42.258  -23.846  64.009 0.0000000000
62123  37.288  -25.286  72.002 0.0000000000
61095  37.792  -25.716  71.137 0.0000000000
62104  39.028  -24.637  72.421 0.0000000000
72634  52.805  -14.180  47.055 0.0000000000
72650  53.631  -14.444  45.731 0.0000000000
73632  54.663  -14.023  46.983 0.0000000000
73630  56.575  -13.885  46.310 0.0000000000
146671  57.317  -10.981  36.547 0.0000000000
75866  57.334  -11.471  37.177 0.0000000000
74796  58.680  -12.328  37.593 0.0000000000
74785  56.813  -12.108  38.712 0.0000000000
55963  30.864  -31.166  78.695 0.0000000000
55971  31.409  -30.524  78.289 0.0000000000
55955  31.612  -30.819  80.086 0.0000000000
52641  17.727  -34.039  86.532 0.0000000000
52616  18.427  -33.683  88.096 0.0000000000
52629  17.670  -34.039  87.430 0.0000000000
52579  15.713  -33.667  90.824 0.0000000000
53613  16.918  -33.549  91.130 0.0000000000
73617  49.686  -13.221  48.405 0.0000000000
75719  51.348  -12.008  48.846 0.0000000000
74643  50.331  -12.070  48.927 0.0000000000
135316  50.289  -14.664  50.010 0.0000000000
146834  51.429  -14.394  49.788 0.0000000000
70722  52.169  -16.228  49.757 0.0000000000
70690  53.833  -16.282  51.057 0.0000000000
70691  52.911  -16.574  51.234 0.0000000000
66554  46.953  -20.824  58.866 0.0000000000
66532  48.455  -20.905  59.267 0.0000000000
66510  48.498  -21.345  60.712 0.0000000000
73636  49.914  -13.418  46.890 0.0000000000
123797  10.279  -35.657  88.597 0.0000000000
51652  9.311  -35.595  88.498 0.0000000000
65474  43.132  -21.826  54.866 0.0000000000
65462  44.189  -21.673  55.933 0.0000000000
65447  43.618  -21.895  56.777 0.0000000000
65401  42.758  -21.875  59.132 0.0000000000
66537  43.516  -21.772  59.501 0.0000000000
66514  43.197  -21.504  60.389 0.0000000000
148260  44.381  -21.099  62.167 0.0000000000
66495  43.109  -20.955  61.365 0.0000000000
61144  30.452  -25.586  68.481 0.0000000000
62111  32.914  -25.794  71.935 0.0000000000
124372  32.858  -25.489  70.969 0.0000000000
62127  33.481  -25.665  71.460 0.0000000000
135009  34.542  -25.335  72.358 0.0000000000
63178  34.134  -25.570  72.614 0.0000000000
56944  32.689  -28.839  77.506 0.0000000000
58920  32.989  -27.488  75.247 0.0000000000
58907  33.645  -27.408  76.750 0.0000000000
61039  34.823  -25.469  76.713 0.0000000000
64165  36.112  -23.899  75.369 0.0000000000
54868  26.865  -31.838  83.074 0.0000000000
132488  26.908  -31.935  83.986 0.0000000000
53691  26.376  -32.500  83.368 0.0000000000
130765  23.355  -33.697  81.025 0.0000000000
52671  24.411  -33.882  83.219 0.0000000000
53709  22.895  -33.632  82.736 0.0000000000
53693  22.265  -33.354  84.034 0.0000000000
53710  22.152  -33.354  83.068 0.0000000000
131362  21.014  -33.110  77.996 0.0000000000
53741  18.103  -33.528  79.833 0.0000000000
146036  18.773  -33.235  79.834 0.0000000000
53740  18.666  -33.397  80.529 0.0000000000
53713  19.566  -33.250  82.805 0.0000000000
52685  18.258  -33.742  82.185 0.0000000000
52673  18.425  -33.726  83.557 0.0000000000
52686  17.423  -34.118  82.450 0.0000000000
51704  14.206  -34.881  83.445 0.0000000000
126518  29.103  -26.764  68.944 0.0000000000
58996  28.511  -27.458  68.816 0.0000000000
54960  27.265  -31.899  74.006 0.0000000000
56049  27.862  -31.087  72.597 0.0000000000
56029  28.593  -30.669  72.923 0.0000000000
56016  28.652  -31.041  74.447 0.0000000000
55987  29.137  -31.265  76.081 0.0000000000
54930  28.583  -31.786  76.472 0.0000000000
54892  27.208  -32.374  79.956 0.0000000000
54901  27.766  -32.300  79.356 0.0000000000
54882  27.211  -32.144  80.860 0.0000000000
55933  28.298  -31.274  82.406 0.0000000000
126283  26.784  -31.760  86.869 0.0000000000
52594  11.321  -34.576  91.134 0.0000000000
124265  12.299  -34.489  90.926 0.0000000000
73629  60.312  -13.193  46.655 0.0000000000
74641  60.322  -12.459  50.165 0.0000000000
72623  60.633  -14.144  48.990 0.0000000000
73593  61.381  -13.954  50.577 0.0000000000
72594  61.315  -14.456  51.749 0.0000000000
128279  54.869  -12.738  49.823 0.0000000000
75687  55.955  -11.968  49.715 0.0000000000
73595  57.429  -13.246  50.620 0.0000000000
73567  59.866  -13.082  53.701 0.0000000000
146952  49.862  -17.574  54.562 0.0000000000
69660  50.299  -17.296  52.849 0.0000000000
70656  51.413  -16.956  54.583 0.0000000000
125292  52.952  -16.600  54.723 0.0000000000
133587  52.861  -17.088  55.277 0.0000000000
67572  51.109  -20.500  58.830 0.0000000000
67606  50.832  -19.813  57.628 0.0000000000
67570  52.808  -20.018  59.360 0.0000000000
67574  38.598  -20.412  59.710 0.0000000000
66446  42.500  -20.098  63.903 0.0000000000
68533  41.586  -19.106  62.655 0.0000000000
68517  42.532  -18.583  63.886 0.0000000000
69543  43.392  -18.103  63.929 0.0000000000
68500  43.309  -18.163  65.190 0.0000000000
59015  34.267  -27.575  67.429 0.0000000000
59014  35.129  -27.499  67.398 0.0000000000
60096  39.209  -26.231  69.077 0.0000000000
60112  38.244  -26.427  67.939 0.0000000000
123474  39.703  -26.737  67.468 0.0000000000
60128  39.963  -26.742  66.528 0.0000000000
60110  41.405  -27.299  68.057 0.0000000000
61070  42.667  -25.108  73.467 0.0000000000
142284  44.636  -26.705  70.109 0.0000000000
61126  43.910  -25.816  69.020 0.0000000000
62152  44.298  -24.733  69.125 0.0000000000
63235  44.528  -23.461  67.702 0.0000000000
63211  44.881  -23.911  69.325 0.0000000000
73691  54.428  -13.659  43.052 0.0000000000
74744  55.665  -13.249  41.475 0.0000000000
73710  57.072  -13.686  40.730 0.0000000000
72700  57.086  -14.263  41.938 0.0000000000
74693  59.507  -12.422  45.055 0.0000000000
73657  59.675  -12.858  44.117 0.0000000000
75741  60.212  -12.027  45.023 0.0000000000
74690  61.023  -12.375  44.598 0.0000000000
76912  61.160  -11.032  35.697 0.0000000000
74766  61.465  -12.238  39.847 0.0000000000
74740  62.278  -11.958  41.285 0.0000000000
75775  62.047  -11.798  42.117 0.0000000000
55939  29.547  -31.178  81.669 0.0000000000
146751  30.865  -30.957  81.243 0.0000000000
56902  30.234  -30.399  83.623 0.0000000000
52643  15.613  -34.530  86.347 0.0000000000
124391  16.157  -34.441  87.158 0.0000000000
52631  15.479  -34.520  87.799 0.0000000000
123844  14.855  -34.421  89.267 0.0000000000
52580  14.976  -33.746  91.302 0.0000000000
73603  48.637  -13.705  50.085 0.0000000000
134367  48.729  -14.808  50.396 0.0000000000
66473  47.181  -21.386  62.473 0.0000000000
142563  48.597  -21.184  62.488 0.0000000000
67511  48.417  -20.373  63.812 0.0000000000
67492  49.747  -19.479  64.155 0.0000000000
51653  8.277  -35.245  88.453 0.0000000000
51654  7.270  -34.753  87.951 0.0000000000
131676  6.816  -34.433  89.969 0.0000000000
65449  41.883  -22.237  56.277 0.0000000000
65403  41.176  -21.707  59.083 0.0000000000
62155  30.730  -26.017  69.477 0.0000000000
61118  31.284  -26.132  70.629 0.0000000000
62113  31.910  -26.062  71.324 0.0000000000
62094  32.625  -25.890  72.136 0.0000000000
126197  25.784  -33.196  80.711 0.0000000000
53722  25.973  -33.201  81.664 0.0000000000
52695  24.973  -33.654  80.778 0.0000000000
141877  23.694  -33.667  80.397 0.0000000000
124799  22.899  -33.502  80.148 0.0000000000
127609  16.834  -34.270  81.578 0.0000000000
52709  15.529  -34.152  79.885 0.0000000000
54977  25.939  -32.634  73.857 0.0000000000
53811  26.397  -32.667  75.284 0.0000000000
54921  27.333  -32.379  76.803 0.0000000000
53778  26.472  -32.803  77.145 0.0000000000
53748  26.091  -32.926  78.909 0.0000000000
54839  24.339  -32.045  87.402 0.0000000000
75735  58.857  -12.163  46.290 0.0000000000
75724  59.564  -12.276  47.217 0.0000000000
75726  58.427  -11.669  47.674 0.0000000000
75714  58.528  -11.502  48.476 0.0000000000
75699  59.262  -11.694  49.915 0.0000000000
72596  56.582  -14.735  51.340 0.0000000000
72595  57.633  -13.932  52.006 0.0000000000
72590  57.539  -14.052  53.201 0.0000000000
73560  58.991  -13.841  54.620 0.0000000000
69688  47.102  -18.056  50.826 0.0000000000
68669  47.606  -18.880  52.388 0.0000000000
68650  48.637  -18.399  54.347 0.0000000000
69634  50.181  -17.659  55.314 0.0000000000
149009  53.792  -19.644  60.460 0.0000000000
64335  39.283  -21.798  60.996 0.0000000000
66497  39.545  -20.456  61.150 0.0000000000
65372  40.773  -21.819  62.087 0.0000000000
65365  42.493  -21.737  63.592 0.0000000000
65357  43.519  -21.557  64.687 0.0000000000
60085  35.821  -26.399  70.050 0.0000000000
60114  36.259  -26.779  68.475 0.0000000000
60084  36.663  -26.313  69.797 0.0000000000
60083  38.941  -25.885  69.930 0.0000000000
60081  40.476  -26.569  70.127 0.0000000000
74682  50.996  -13.036  45.029 0.0000000000
74712  51.596  -12.254  43.724 0.0000000000
73662  52.509  -13.725  44.606 0.0000000000
73661  53.383  -13.910  44.321 0.0000000000
72681  55.079  -14.607  44.096 0.0000000000
72679  56.681  -14.743  43.637 0.0000000000
72646  57.051  -14.565  45.123 0.0000000000
74681  57.451  -13.575  46.043 0.0000000000
76915  57.871  -10.431  34.984 0.0000000000
75897  59.373  -11.177  35.622 0.0000000000
75882  60.913  -11.409  36.418 0.0000000000
75842  62.026  -11.742  38.249 0.0000000000
74795  60.328  -12.263  37.945 0.0000000000
130489  60.339  -12.597  38.695 0.0000000000
73717  59.780  -13.366  39.967 0.0000000000
56983  30.566  -29.617  74.782 0.0000000000
57929  31.675  -28.492  74.542 0.0000000000
57912  31.411  -29.322  75.931 0.0000000000
56945  32.026  -29.488  77.450 0.0000000000
57863  32.984  -28.972  79.540 0.0000000000
53665  19.781  -33.257  85.684 0.0000000000
53636  20.813  -32.563  87.670 0.0000000000
148166  19.632  -33.168  87.505 0.0000000000
53626  19.275  -32.790  89.841 0.0000000000
52604  17.317  -33.762  89.046 0.0000000000
138767  18.152  -33.517  90.838 0.0000000000
149234  52.418  -13.544  47.692 0.0000000000
75717  53.717  -11.724  48.569 0.0000000000
75718  52.306  -11.644  48.958 0.0000000000
75690  53.278  -11.854  49.426 0.0000000000
140052  53.805  -12.817  49.853 0.0000000000
73600  51.417  -13.319  49.708 0.0000000000
72609  52.476  -13.622  49.809 0.0000000000
72624  55.121  -15.235  49.860 0.0000000000
71629  55.675  -15.359  51.136 0.0000000000
71621  54.955  -14.980  52.846 0.0000000000
71600  55.627  -15.584  54.553 0.0000000000
67610  47.011  -20.354  56.652 0.0000000000
67608  48.209  -19.875  57.138 0.0000000000
67590  48.021  -20.277  57.837 0.0000000000
138089  49.384  -20.840  59.186 0.0000000000
66507  51.575  -20.674  60.453 0.0000000000
66470  50.205  -20.740  62.213 0.0000000000
66469  51.097  -20.510  62.062 0.0000000000
123483  52.077  -20.175  61.869 0.0000000000
61205  40.817  -25.516  63.421 0.0000000000
63158  40.050  -23.621  73.516 0.0000000000
75743  50.008  -12.035  44.955 0.0000000000
73645  50.860  -13.565  45.726 0.0000000000
73634  51.318  -13.879  46.521 0.0000000000
78892  55.789  -8.476  36.922 0.0000000000
136187  55.183  -9.110  38.008 0.0000000000
145063  11.926  -35.587  86.415 0.0000000000
125859  12.156  -35.504  87.285 0.0000000000
132317  11.558  -35.642  87.234 0.0000000000
125421  10.685  -35.429  89.455 0.0000000000
52595  10.368  -34.879  90.969 0.0000000000
148006  8.971  -35.437  89.152 0.0000000000
66624  45.996  -20.394  53.971 0.0000000000
146419  44.575  -20.887  53.446 0.0000000000
66611  45.419  -20.907  54.595 0.0000000000
66591  45.703  -20.880  56.583 0.0000000000
66576  45.954  -20.809  57.420 0.0000000000
66555  46.047  -20.958  58.987 0.0000000000
65431  43.582  -21.911  57.775 0.0000000000
66557  44.377  -21.634  59.044 0.0000000000
124563  45.895  -21.484  60.622 0.0000000000
126811  45.805  -21.476  62.048 0.0000000000
66459  45.940  -20.753  63.493 0.0000000000
67514  45.513  -19.814  64.140 0.0000000000
60117  33.311  -26.807  68.849 0.0000000000
61131  31.678  -25.895  69.797 0.0000000000
61141  32.811  -26.332  69.523 0.0000000000
61128  34.020  -26.146  70.259 0.0000000000
61114  35.332  -25.924  70.875 0.0000000000
62125  35.306  -25.227  72.421 0.0000000000
63175  36.541  -24.505  73.616 0.0000000000
58934  32.099  -27.786  73.978 0.0000000000
60029  32.859  -26.671  73.632 0.0000000000
136078  33.550  -25.791  73.202 0.0000000000
61026  34.346  -26.199  76.529 0.0000000000
131650  34.467  -25.484  75.084 0.0000000000
62081  34.293  -25.390  73.423 0.0000000000
63163  34.981  -24.952  73.862 0.0000000000
126422  36.427  -24.351  74.201 0.0000000000
64186  37.788  -23.501  74.487 0.0000000000
55903  28.441  -31.093  85.204 0.0000000000
54860  27.792  -31.311  85.204 0.0000000000
143788  26.651  -31.924  85.954 0.0000000000
54838  25.869  -32.013  86.318 0.0000000000
52670  25.321  -33.740  82.995 0.0000000000
52660  25.063  -33.670  83.893 0.0000000000
53660  24.451  -33.047  85.536 0.0000000000
53661  23.596  -33.038  85.696 0.0000000000
53678  21.997  -32.946  84.767 0.0000000000
53663  21.270  -32.917  85.172 0.0000000000
131363  21.877  -33.479  77.890 0.0000000000
125460  21.609  -33.249  78.692 0.0000000000
53737  21.078  -32.954  80.265 0.0000000000
125164  19.806  -32.883  78.859 0.0000000000
53738  20.286  -32.894  80.331 0.0000000000
124062  20.820  -32.962  81.033 0.0000000000
53726  20.619  -32.939  81.859 0.0000000000
53695  20.080  -33.112  83.586 0.0000000000
53681  19.708  -33.314  84.553 0.0000000000
53682  19.007  -33.568  85.183 0.0000000000
52663  17.624  -34.042  84.811 0.0000000000
52652  16.814  -34.297  85.125 0.0000000000
52687  16.582  -34.419  82.325 0.0000000000
139616  16.509  -34.390  84.150 0.0000000000
52664  15.878  -34.555  84.568 0.0000000000
52665  15.106  -34.726  84.965 0.0000000000
51683  14.295  -34.875  85.479 0.0000000000
132847  12.807  -35.305  84.874 0.0000000000
141996  11.645  -35.610  85.404 0.0000000000
51686  10.908  -35.630  84.737 0.0000000000
61133  29.553  -25.926  69.331 0.0000000000
60087  29.402  -26.616  69.932 0.0000000000
130785  29.918  -28.525  71.456 0.0000000000
57979  28.933  -29.408  70.458 0.0000000000
57033  29.655  -29.364  71.903 0.0000000000
57001  29.853  -29.798  73.603 0.0000000000
56969  29.980  -30.268  75.349 0.0000000000
55986  29.790  -31.092  76.730 0.0000000000
54907  29.473  -31.933  78.541 0.0000000000
54920  27.954  -32.183  77.517 0.0000000000
128161  28.666  -32.210  78.927 0.0000000000
55948  29.425  -31.657  80.844 0.0000000000
129988  28.999  -31.100  82.228 0.0000000000
55922  28.873  -30.855  83.755 0.0000000000
51637  13.170  -34.916  88.914 0.0000000000
148939  13.606  -34.127  91.111 0.0000000000
73619  60.254  -13.259  47.665 0.0000000000
76794  55.674  -11.427  49.185 0.0000000000
75701  57.248  -11.691  49.493 0.0000000000
74616  59.662  -12.320  51.429 0.0000000000
127793  58.656  -13.199  52.161 0.0000000000
74610  60.094  -12.622  52.213 0.0000000000
137103  60.821  -13.184  52.651 0.0000000000
134366  47.872  -14.930  50.551 0.0000000000
70708  49.737  -16.559  50.130 0.0000000000
69687  48.880  -17.875  51.368 0.0000000000
69686  49.682  -17.596  51.323 0.0000000000
70693  50.935  -17.147  51.411 0.0000000000
71614  52.859  -15.994  53.089 0.0000000000
71602  53.891  -15.811  53.949 0.0000000000
70638  55.368  -16.388  55.722 0.0000000000
67607  49.704  -19.474  57.148 0.0000000000
140100  50.545  -18.604  56.615 0.0000000000
68624  51.878  -18.469  56.477 0.0000000000
67585  53.418  -19.556  58.816 0.0000000000
68602  53.527  -18.667  57.390 0.0000000000
69615  53.359  -18.098  56.550 0.0000000000
69614  54.625  -17.327  56.671 0.0000000000
69613  55.478  -16.920  57.084 0.0000000000
66558  39.407  -21.273  58.769 0.0000000000
131523  40.548  -21.188  59.715 0.0000000000
67544  40.000  -20.044  61.237 0.0000000000
67556  41.102  -20.125  61.203 0.0000000000
67542  42.344  -20.081  61.771 0.0000000000
67532  43.318  -19.550  62.769 0.0000000000
68531  44.150  -18.322  64.103 0.0000000000
68499  44.995  -17.857  65.333 0.0000000000
60131  36.464  -26.872  67.714 0.0000000000
60159  39.523  -26.640  65.070 0.0000000000
60158  40.313  -26.293  64.796 0.0000000000
61191  41.659  -25.392  65.166 0.0000000000
125005  40.823  -24.651  72.308 0.0000000000
61083  41.706  -25.649  72.150 0.0000000000
60067  41.593  -27.352  71.185 0.0000000000
58973  43.473  -27.899  71.643 0.0000000000
58993  41.984  -28.106  69.590 0.0000000000
60108  42.861  -26.990  68.504 0.0000000000
61154  42.564  -25.935  67.284 0.0000000000
62216  42.624  -24.321  65.538 0.0000000000
63252  43.209  -23.838  65.963 0.0000000000
64290  44.098  -22.642  65.800 0.0000000000
65345  44.552  -21.296  65.936 0.0000000000
64231  45.717  -22.622  69.512 0.0000000000
65314  45.761  -21.514  68.128 0.0000000000
66429  44.862  -20.296  66.367 0.0000000000
68470  45.142  -18.412  66.891 0.0000000000
141638  55.078  -10.563  38.971 0.0000000000
75846  55.560  -11.163  39.012 0.0000000000
74770  56.646  -12.578  39.506 0.0000000000
127057  58.192  -13.723  40.099 0.0000000000
73698  59.398  -13.808  41.273 0.0000000000
72677  58.456  -14.369  43.075 0.0000000000
73687  59.888  -13.293  42.447 0.0000000000
73686  60.540  -12.389  42.286 0.0000000000
74708  61.492  -12.150  43.299 0.0000000000
55902  29.032  -31.086  85.260 0.0000000000
54859  29.475  -31.355  85.028 0.0000000000
51660  13.406  -35.082  87.221 0.0000000000
68514  46.535  -18.838  65.019 0.0000000000
68513  47.475  -19.036  64.980 0.0000000000
58962  30.840  -27.639  72.356 0.0000000000
132081  24.176  -33.507  76.607 0.0000000000
53781  23.387  -33.553  77.066 0.0000000000
140865  24.325  -33.428  75.854 0.0000000000
54829  21.461  -32.403  87.342 0.0000000000
74662  54.875  -12.259  47.787 0.0000000000
149979  54.152  -12.170  48.096 0.0000000000
71599  56.530  -15.311  54.873 0.0000000000
72562  57.529  -14.975  55.249 0.0000000000
67649  46.750  -19.935  54.280 0.0000000000
129107  47.462  -19.475  54.571 0.0000000000
62240  41.198  -24.769  62.951 0.0000000000
62249  41.170  -24.139  62.364 0.0000000000
62239  41.760  -24.348  63.509 0.0000000000
63295  41.954  -23.430  63.268 0.0000000000
62105  37.978  -24.907  72.557 0.0000000000
73622  53.192  -13.397  47.611 0.0000000000
72641  53.452  -14.317  46.503 0.0000000000
72633  53.733  -14.123  47.138 0.0000000000
126916  56.632  -10.690  37.047 0.0000000000
75867  56.628  -11.211  37.654 0.0000000000
75844  57.012  -11.775  37.976 0.0000000000
75845  56.202  -11.374  38.357 0.0000000000
54898  30.224  -31.743  79.099 0.0000000000
54888  30.924  -31.325  79.603 0.0000000000
125053  17.161  -34.213  86.053 0.0000000000
52642  17.030  -34.301  86.848 0.0000000000
74666  48.862  -13.245  48.012 0.0000000000
128916  49.779  -12.490  48.968 0.0000000000
74654  48.991  -12.947  48.855 0.0000000000
71644  50.828  -15.594  49.826 0.0000000000
70723  51.415  -16.155  49.818 0.0000000000
70705  52.530  -16.583  50.371 0.0000000000
70706  51.610  -16.580  50.286 0.0000000000
66534  46.612  -21.172  59.888 0.0000000000
66533  47.592  -20.985  59.536 0.0000000000
50798  9.281  -35.687  87.052 0.0000000000
66614  42.858  -21.451  54.151 0.0000000000
65463  43.368  -21.943  55.740 0.0000000000
65464  42.505  -22.019  55.571 0.0000000000
65402  41.933  -21.755  59.313 0.0000000000
149812  42.951  -21.691  59.778 0.0000000000
62128  33.189  -25.584  71.270 0.0000000000
63179  33.589  -25.758  72.353 0.0000000000
62092  33.959  -25.636  72.803 0.0000000000
57888  33.334  -28.370  77.830 0.0000000000
58886  33.249  -28.144  77.077 0.0000000000
58885  33.828  -27.667  77.676 0.0000000000
54876  26.965  -31.980  82.281 0.0000000000
53707  26.515  -32.382  82.656 0.0000000000
53723  23.069  -33.648  81.866 0.0000000000
53724  22.148  -33.344  82.073 0.0000000000
53728  18.478  -33.593  81.350 0.0000000000
52698  17.659  -33.922  81.489 0.0000000000
54975  27.255  -31.699  73.072 0.0000000000
56017  27.918  -31.662  74.566 0.0000000000
56030  28.022  -31.227  73.620 0.0000000000
56003  28.368  -31.512  75.084 0.0000000000
53734  26.562  -32.713  80.319 0.0000000000
143843  26.953  -32.162  81.595 0.0000000000
132611  26.111  -31.745  87.273 0.0000000000
52582  11.370  -34.209  91.839 0.0000000000
75734  60.168  -12.097  45.669 0.0000000000
73639  60.473  -12.591  45.805 0.0000000000
74670  60.035  -12.410  46.426 0.0000000000
73612  60.637  -13.434  49.718 0.0000000000
72605  61.509  -14.459  51.113 0.0000000000
73582  61.406  -13.629  51.468 0.0000000000
73597  55.627  -13.777  49.877 0.0000000000
74626  55.835  -12.691  49.899 0.0000000000
73596  56.590  -13.812  50.293 0.0000000000
69647  50.903  -17.299  55.171 0.0000000000
69648  50.528  -17.277  54.557 0.0000000000
70641  52.216  -16.961  54.990 0.0000000000
69632  52.319  -17.439  55.594 0.0000000000
67571  51.923  -20.309  58.928 0.0000000000
67560  38.389  -20.514  59.844 0.0000000000
66438  43.092  -19.926  64.557 0.0000000000
67498  42.153  -19.197  63.591 0.0000000000
67497  42.689  -19.088  64.224 0.0000000000
68501  42.904  -18.252  64.578 0.0000000000
67481  43.728  -19.090  65.408 0.0000000000
59003  34.804  -27.299  68.246 0.0000000000
146622  39.828  -26.502  69.103 0.0000000000
127920  39.967  -26.743  68.471 0.0000000000
132727  40.615  -26.997  67.820 0.0000000000
58995  40.857  -27.487  68.652 0.0000000000
60077  45.309  -26.692  70.786 0.0000000000
61125  44.557  -25.701  69.538 0.0000000000
62135  44.943  -24.745  69.761 0.0000000000
62134  45.482  -24.751  70.388 0.0000000000
149948  54.507  -13.130  42.435 0.0000000000
74728  54.867  -12.854  41.878 0.0000000000
73689  56.206  -14.001  42.147 0.0000000000
75742  59.425  -12.269  45.441 0.0000000000
143493  59.867  -12.115  44.848 0.0000000000
74679  60.542  -12.253  45.107 0.0000000000
76898  61.668  -11.315  36.348 0.0000000000
75895  62.030  -11.366  36.253 0.0000000000
75881  62.390  -11.565  36.679 0.0000000000
75880  62.820  -11.895  36.724 0.0000000000
74753  61.619  -11.936  40.694 0.0000000000
74752  61.965  -11.679  40.763 0.0000000000
148158  61.959  -11.620  41.785 0.0000000000
74741  61.718  -11.743  41.502 0.0000000000
55931  29.706  -30.733  82.632 0.0000000000
55938  30.331  -30.771  81.834 0.0000000000
52654  15.127  -34.661  85.754 0.0000000000
128675  15.360  -34.560  87.042 0.0000000000
123392  14.796  -34.597  88.321 0.0000000000
52593  14.939  -33.974  90.291 0.0000000000
141750  14.250  -34.183  90.442 0.0000000000
73604  47.767  -13.557  50.218 0.0000000000
72612  49.111  -14.166  50.233 0.0000000000
72613  48.283  -14.133  50.409 0.0000000000
66457  47.933  -21.057  63.101 0.0000000000
51665  7.921  -35.279  87.330 0.0000000000
51643  7.288  -34.692  89.148 0.0000000000
52609  6.268  -34.146  89.435 0.0000000000
61132  29.982  -25.766  69.528 0.0000000000
62139  30.425  -25.928  69.697 0.0000000000
61119  30.542  -25.955  70.101 0.0000000000
61073  31.793  -26.190  72.006 0.0000000000
140053  31.788  -26.050  71.521 0.0000000000
61084  31.838  -25.871  72.020 0.0000000000
61072  32.416  -26.057  72.391 0.0000000000
134460  25.956  -33.116  79.759 0.0000000000
123597  25.170  -33.498  79.985 0.0000000000
53766  23.769  -33.590  78.896 0.0000000000
133328  23.702  -33.606  79.702 0.0000000000
53812  25.485  -33.004  75.116 0.0000000000
54962  25.942  -32.785  74.572 0.0000000000
54961  26.581  -32.431  74.356 0.0000000000
53795  26.514  -32.728  76.273 0.0000000000
141725  25.863  -32.945  76.643 0.0000000000
53764  25.409  -33.214  78.231 0.0000000000
53763  26.285  -32.843  78.036 0.0000000000
128738  23.724  -32.293  87.095 0.0000000000
54827  23.758  -31.945  87.904 0.0000000000
130737  58.396  -11.874  47.052 0.0000000000
75736  57.942  -11.991  46.947 0.0000000000
76811  57.090  -11.474  48.299 0.0000000000
76802  57.790  -11.470  48.294 0.0000000000
76792  57.971  -11.378  48.950 0.0000000000
75700  58.633  -11.531  49.278 0.0000000000
72591  56.654  -14.465  52.596 0.0000000000
67673  46.807  -19.050  52.064 0.0000000000
68642  48.107  -18.973  54.910 0.0000000000
68649  49.341  -17.952  54.934 0.0000000000
68640  49.521  -18.240  55.781 0.0000000000
147932  39.022  -22.318  60.542 0.0000000000
65380  40.088  -21.816  61.578 0.0000000000
64312  42.248  -22.529  63.392 0.0000000000
65366  41.919  -21.776  63.100 0.0000000000
131590  42.640  -21.058  63.872 0.0000000000
65358  43.000  -21.688  64.136 0.0000000000
61113  36.291  -26.010  70.671 0.0000000000
61112  37.218  -25.967  70.410 0.0000000000
61094  39.074  -25.333  71.186 0.0000000000
139974  38.615  -25.672  70.708 0.0000000000
61110  39.414  -25.674  70.538 0.0000000000
60082  39.818  -26.088  69.734 0.0000000000
61109  40.151  -25.855  70.576 0.0000000000
73663  51.661  -13.455  45.007 0.0000000000
72649  54.458  -14.617  45.575 0.0000000000
72664  53.903  -14.442  44.895 0.0000000000
73660  54.331  -14.151  43.997 0.0000000000
72663  54.753  -14.676  44.761 0.0000000000
72662  55.597  -14.768  44.682 0.0000000000
74674  56.249  -13.043  47.020 0.0000000000
131839  57.327  -12.824  46.627 0.0000000000
74672  58.222  -12.462  46.493 0.0000000000
75885  57.937  -11.439  36.408 0.0000000000
148927  58.432  -11.271  35.849 0.0000000000
75884  58.805  -11.640  36.328 0.0000000000
75883  59.838  -11.550  36.359 0.0000000000
75863  60.424  -11.877  37.129 0.0000000000
74783  58.159  -12.603  38.261 0.0000000000
74782  59.245  -12.691  38.249 0.0000000000
74768  58.470  -13.061  38.929 0.0000000000
74767  59.492  -13.086  39.120 0.0000000000
56968  30.752  -29.798  75.632 0.0000000000
56959  31.001  -29.950  76.485 0.0000000000
56937  31.940  -30.052  78.711 0.0000000000
145797  31.851  -29.967  77.990 0.0000000000
56936  32.345  -29.456  78.198 0.0000000000
56928  32.533  -29.553  79.058 0.0000000000
53666  19.015  -33.597  86.000 0.0000000000
53651  19.532  -33.346  86.675 0.0000000000
53652  18.860  -33.642  86.655 0.0000000000
53633  18.852  -33.085  89.102 0.0000000000
125711  18.937  -32.946  90.360 0.0000000000
139443  16.192  -34.350  88.165 0.0000000000
52618  16.806  -34.019  88.601 0.0000000000
52605  16.770  -33.826  89.432 0.0000000000
74665  51.616  -13.180  48.209 0.0000000000
74664  52.640  -12.478  48.275 0.0000000000
74652  51.904  -11.835  48.803 0.0000000000
74642  51.326  -12.035  49.197 0.0000000000
75707  52.045  -11.785  49.126 0.0000000000
74628  52.969  -12.445  49.684 0.0000000000
73598  52.909  -13.027  49.840 0.0000000000
74632  49.045  -13.323  49.587 0.0000000000
74631  49.952  -13.060  49.467 0.0000000000
73601  50.464  -13.602  49.788 0.0000000000
71659  52.597  -15.597  49.608 0.0000000000
72610  52.128  -14.550  49.730 0.0000000000
129926  52.949  -14.633  49.675 0.0000000000
139138  53.783  -14.691  49.628 0.0000000000
71657  54.296  -15.483  49.808 0.0000000000
71641  55.396  -15.415  50.449 0.0000000000
71642  54.589  -15.741  50.220 0.0000000000
71631  54.049  -15.739  51.797 0.0000000000
123596  54.872  -15.321  51.916 0.0000000000
71622  54.173  -15.390  52.652 0.0000000000
71611  55.243  -15.225  53.741 0.0000000000
71612  54.390  -15.420  53.479 0.0000000000
66575  46.770  -20.585  57.381 0.0000000000
67609  47.521  -20.268  57.285 0.0000000000
126148  48.988  -21.189  59.993 0.0000000000
66531  49.959  -21.078  60.048 0.0000000000
147970  50.607  -20.900  59.846 0.0000000000
66508  50.792  -20.898  60.511 0.0000000000
66456  48.903  -20.779  63.106 0.0000000000
66471  49.340  -20.988  62.348 0.0000000000
67527  51.542  -19.922  62.733 0.0000000000
67526  52.975  -19.669  62.193 0.0000000000
60178  39.459  -26.427  62.657 0.0000000000
61206  40.117  -25.956  63.065 0.0000000000
61193  40.293  -26.127  63.932 0.0000000000
74684  49.631  -12.571  45.692 0.0000000000
74683  50.343  -12.892  45.341 0.0000000000
74675  50.048  -13.290  46.099 0.0000000000
73625  50.217  -13.546  47.600 0.0000000000
73635  50.529  -13.640  46.700 0.0000000000
73624  51.010  -13.708  47.474 0.0000000000
73623  51.886  -13.913  47.269 0.0000000000
78885  55.415  -8.385  37.557 0.0000000000
51630  10.985  -35.007  90.280 0.0000000000
51640  10.124  -35.202  90.110 0.0000000000
51642  8.358  -34.956  89.493 0.0000000000
132173  45.816  -20.357  53.003 0.0000000000
67659  44.979  -20.515  52.844 0.0000000000
66613  43.682  -21.487  54.211 0.0000000000
66626  44.058  -21.108  53.657 0.0000000000
66612  44.544  -21.259  54.221 0.0000000000
66603  45.598  -20.909  55.609 0.0000000000
65446  44.396  -21.585  56.738 0.0000000000
126571  45.008  -21.306  57.379 0.0000000000
139440  45.574  -20.990  58.223 0.0000000000
66556  44.910  -21.372  58.356 0.0000000000
65448  42.712  -22.127  56.477 0.0000000000
65432  42.825  -22.091  57.452 0.0000000000
124650  44.105  -21.666  59.957 0.0000000000
66536  44.817  -21.518  59.745 0.0000000000
66535  45.607  -21.317  59.767 0.0000000000
66513  44.980  -21.521  60.544 0.0000000000
147653  46.073  -21.542  61.367 0.0000000000
66512  45.389  -21.499  61.358 0.0000000000
125270  44.664  -20.824  62.734 0.0000000000
66475  45.466  -21.098  62.790 0.0000000000
67530  45.052  -20.425  63.423 0.0000000000
60133  32.863  -26.994  68.097 0.0000000000
125527  32.587  -26.613  68.811 0.0000000000
123839  31.588  -26.121  70.113 0.0000000000
62154  31.114  -26.023  69.414 0.0000000000
61117  32.815  -25.664  70.753 0.0000000000
61129  33.124  -26.040  70.289 0.0000000000
60102  33.661  -26.529  69.572 0.0000000000
61127  34.947  -26.286  70.164 0.0000000000
61115  34.352  -25.823  70.978 0.0000000000
148453  34.610  -25.328  72.685 0.0000000000
62107  36.120  -25.123  72.961 0.0000000000
63176  35.776  -24.737  73.652 0.0000000000
57911  31.832  -28.681  75.416 0.0000000000
58921  32.294  -28.032  74.884 0.0000000000
58933  32.642  -27.327  74.292 0.0000000000
60028  33.205  -26.773  74.451 0.0000000000
61059  33.426  -26.144  73.760 0.0000000000
61051  33.778  -26.156  74.691 0.0000000000
62065  34.890  -25.044  75.877 0.0000000000
61040  34.481  -25.657  75.986 0.0000000000
126540  34.758  -25.033  74.320 0.0000000000
63147  34.983  -24.911  73.927 0.0000000000
63138  35.401  -24.554  74.771 0.0000000000
64175  35.990  -24.261  74.792 0.0000000000
64187  37.074  -23.876  74.668 0.0000000000
55911  28.204  -31.120  84.316 0.0000000000
54849  28.051  -31.529  85.616 0.0000000000
54861  26.949  -31.736  85.091 0.0000000000
54851  26.079  -32.291  85.277 0.0000000000
52682  25.406  -33.646  82.089 0.0000000000
53676  24.765  -33.470  84.739 0.0000000000
124287  23.856  -33.529  84.900 0.0000000000
124742  21.344  -33.036  79.491 0.0000000000
130816  19.439  -32.917  77.997 0.0000000000
53768  18.777  -33.068  78.363 0.0000000000
53739  19.439  -33.027  80.303 0.0000000000
53752  19.846  -32.895  79.692 0.0000000000
53697  18.779  -33.645  84.344 0.0000000000
52674  17.646  -33.985  83.424 0.0000000000
127171  17.989  -33.875  84.208 0.0000000000
124146  16.181  -34.328  80.789 0.0000000000
51703  15.033  -34.761  83.061 0.0000000000
52688  15.815  -34.580  82.638 0.0000000000
52676  15.856  -34.575  83.626 0.0000000000
51694  14.322  -34.895  84.449 0.0000000000
51695  13.525  -35.050  84.730 0.0000000000
131248  11.908  -35.503  84.546 0.0000000000
58987  29.010  -27.565  69.474 0.0000000000
58986  29.418  -27.579  70.298 0.0000000000
58976  29.965  -27.671  70.999 0.0000000000
57046  28.292  -30.114  69.910 0.0000000000
57055  28.457  -29.273  69.492 0.0000000000
57035  28.553  -30.213  70.740 0.0000000000
131727  28.769  -30.729  73.649 0.0000000000
57018  29.101  -30.041  72.400 0.0000000000
57002  29.216  -30.195  73.238 0.0000000000
57017  29.797  -29.568  72.768 0.0000000000
56984  29.897  -30.000  74.438 0.0000000000
56015  29.345  -30.603  74.848 0.0000000000
54929  29.139  -31.595  76.809 0.0000000000
54918  29.475  -31.687  77.559 0.0000000000
54910  27.153  -32.524  77.784 0.0000000000
54909  27.872  -32.313  78.398 0.0000000000
54891  27.873  -32.106  80.269 0.0000000000
54900  28.609  -32.139  79.796 0.0000000000
127558  29.273  -31.963  80.161 0.0000000000
54880  28.656  -31.553  81.511 0.0000000000
55923  28.158  -31.028  83.251 0.0000000000
55910  28.973  -30.874  84.630 0.0000000000
54836  27.625  -32.202  86.447 0.0000000000
53631  20.451  -32.547  89.146 0.0000000000
54822  20.957  -32.367  88.533 0.0000000000
54815  21.216  -32.406  89.212 0.0000000000
126428  12.014  -35.319  88.827 0.0000000000
51650  12.626  -35.189  88.498 0.0000000000
51638  12.536  -34.958  89.247 0.0000000000
52571  12.805  -34.030  92.167 0.0000000000
124449  13.108  -34.289  91.093 0.0000000000
52570  13.455  -33.882  91.711 0.0000000000
53610  13.629  -33.807  92.300 0.0000000000
53604  13.737  -33.975  92.541 0.0000000000
72622  61.183  -14.578  49.628 0.0000000000
76806  53.665  -11.426  48.952 0.0000000000
131690  54.451  -11.392  48.908 0.0000000000
76795  54.794  -11.466  49.198 0.0000000000
136155  57.513  -12.443  50.304 0.0000000000
75686  56.948  -11.989  49.812 0.0000000000
75685  58.042  -12.054  50.162 0.0000000000
75684  58.995  -11.826  50.416 0.0000000000
73579  58.501  -13.466  53.092 0.0000000000
73578  59.438  -12.967  53.103 0.0000000000
73577  60.054  -12.747  52.965 0.0000000000
73566  60.423  -13.141  53.334 0.0000000000
73576  60.479  -12.838  52.535 0.0000000000
72588  61.052  -14.488  52.426 0.0000000000
135793  47.485  -15.961  50.365 0.0000000000
71647  48.349  -15.785  50.247 0.0000000000
70709  48.851  -16.639  50.144 0.0000000000
68684  48.178  -18.400  51.905 0.0000000000
127733  47.937  -18.000  51.063 0.0000000000
69673  50.249  -17.378  51.790 0.0000000000
70681  50.819  -17.100  52.201 0.0000000000
126599  51.497  -16.848  52.040 0.0000000000
70680  52.217  -16.626  51.859 0.0000000000
135251  52.077  -16.496  52.784 0.0000000000
70654  53.066  -16.063  53.957 0.0000000000
70653  53.785  -16.254  54.591 0.0000000000
70639  54.548  -16.453  55.240 0.0000000000
147399  54.836  -16.709  55.762 0.0000000000
142015  48.630  -20.016  57.559 0.0000000000
67625  48.974  -19.462  56.953 0.0000000000
67605  51.565  -19.640  57.484 0.0000000000
149898  51.002  -19.428  57.242 0.0000000000
68605  51.204  -18.943  56.871 0.0000000000
68604  52.120  -19.177  56.996 0.0000000000
68579  54.643  -18.420  58.824 0.0000000000
68588  53.912  -18.937  58.338 0.0000000000
68601  54.124  -17.949  57.028 0.0000000000
136522  53.904  -17.541  56.294 0.0000000000
66541  39.035  -20.550  59.476 0.0000000000
133818  39.757  -20.919  59.524 0.0000000000
66516  40.786  -20.753  60.476 0.0000000000
66479  40.029  -20.230  61.669 0.0000000000
67545  39.374  -20.348  60.790 0.0000000000
67534  40.464  -19.567  61.953 0.0000000000
68548  41.520  -19.113  62.262 0.0000000000
68559  41.079  -19.221  61.907 0.0000000000
68558  41.450  -19.510  61.805 0.0000000000
67555  41.738  -20.319  61.349 0.0000000000
68547  42.098  -19.183  62.271 0.0000000000
67533  42.692  -19.590  62.317 0.0000000000
68546  42.595  -19.044  62.709 0.0000000000
69533  43.443  -17.828  64.682 0.0000000000
69542  43.880  -17.871  64.490 0.0000000000
68516  44.541  -18.002  64.702 0.0000000000
130021  36.835  -26.451  68.936 0.0000000000
136208  36.887  -26.587  68.233 0.0000000000
60130  38.251  -26.553  67.119 0.0000000000
60149  37.552  -26.698  66.590 0.0000000000
125567  39.319  -26.706  65.955 0.0000000000
60146  40.924  -26.535  66.307 0.0000000000
60147  40.201  -26.553  65.658 0.0000000000
61179  40.978  -26.088  65.373 0.0000000000
61178  41.650  -25.881  65.938 0.0000000000
63157  41.003  -23.672  73.543 0.0000000000
63171  40.497  -24.115  72.899 0.0000000000
62091  41.447  -24.337  73.038 0.0000000000
144196  42.299  -25.658  72.809 0.0000000000
61090  41.756  -26.694  71.768 0.0000000000
60066  42.213  -27.466  71.728 0.0000000000
58982  43.841  -27.887  71.068 0.0000000000
58983  42.994  -28.049  70.821 0.0000000000
58992  42.835  -27.921  69.813 0.0000000000
60093  42.501  -27.686  68.972 0.0000000000
60092  43.431  -27.098  69.114 0.0000000000
62153  43.810  -24.948  68.413 0.0000000000
61153  43.202  -25.490  67.761 0.0000000000
62183  42.920  -24.994  67.061 0.0000000000
62200  42.774  -24.656  66.278 0.0000000000
62199  43.340  -24.120  66.787 0.0000000000
64257  44.611  -23.041  67.045 0.0000000000
64274  44.662  -22.351  66.292 0.0000000000
64273  45.160  -22.298  67.104 0.0000000000
63195  45.926  -23.364  70.347 0.0000000000
63185  46.341  -23.006  70.887 0.0000000000
135290  45.967  -21.353  68.944 0.0000000000
66406  45.937  -20.686  68.306 0.0000000000
66421  45.537  -20.730  66.996 0.0000000000
138772  45.416  -19.914  66.892 0.0000000000
67469  44.892  -19.159  66.648 0.0000000000
67463  45.528  -19.214  67.197 0.0000000000
77914  54.406  -9.348  39.173 0.0000000000
74711  52.309  -12.540  43.332 0.0000000000
75809  55.138  -11.825  40.076 0.0000000000
143122  55.470  -11.634  39.507 0.0000000000
74771  55.855  -12.185  39.841 0.0000000000
75827  56.110  -11.817  39.176 0.0000000000
124445  56.229  -12.735  40.166 0.0000000000
124808  57.308  -14.048  41.299 0.0000000000
73699  57.923  -13.986  40.812 0.0000000000
73708  58.950  -13.828  40.538 0.0000000000
72698  58.658  -14.119  41.397 0.0000000000
72660  57.539  -14.575  44.436 0.0000000000
72678  57.621  -14.611  43.403 0.0000000000
72659  58.403  -14.286  43.974 0.0000000000
74709  60.221  -12.389  43.712 0.0000000000
73676  59.797  -13.123  43.295 0.0000000000
74727  60.278  -12.489  42.947 0.0000000000
74726  60.648  -12.038  42.899 0.0000000000
75777  61.054  -11.826  42.721 0.0000000000
75757  61.094  -11.877  43.216 0.0000000000
73656  61.425  -13.235  44.623 0.0000000000
124662  58.598  -10.549  34.595 0.0000000000
76930  59.236  -10.276  34.051 0.0000000000
76929  60.275  -10.184  34.322 0.0000000000
75843  61.747  -11.816  38.212 0.0000000000
55909  29.583  -30.925  84.664 0.0000000000
52632  14.783  -34.664  87.426 0.0000000000
51672  14.187  -34.853  87.071 0.0000000000
67512  47.460  -20.405  63.918 0.0000000000
60069  30.530  -26.913  71.268 0.0000000000
61100  30.731  -26.222  70.725 0.0000000000
60055  30.806  -27.034  71.866 0.0000000000
60054  31.315  -26.870  72.210 0.0000000000
53765  24.542  -33.498  78.524 0.0000000000
148719  23.149  -33.578  78.516 0.0000000000
125731  25.040  -33.220  75.680 0.0000000000
53648  22.508  -32.643  86.445 0.0000000000
54841  22.214  -32.250  87.236 0.0000000000
54820  22.480  -32.076  88.691 0.0000000000
74673  56.742  -12.294  47.289 0.0000000000
75737  57.125  -11.909  47.468 0.0000000000
74660  56.255  -11.777  47.823 0.0000000000
76804  56.298  -11.355  48.716 0.0000000000
72572  57.115  -14.772  54.384 0.0000000000
67648  47.250  -19.464  53.718 0.0000000000
67639  48.306  -19.175  55.710 0.0000000000
63304  40.945  -23.457  61.974 0.0000000000
64322  41.184  -22.639  62.257 0.0000000000
63303  41.475  -23.405  62.558 0.0000000000
144423  42.439  -23.106  63.789 0.0000000000
63284  42.805  -23.203  64.454 0.0000000000
140188  38.032  -25.362  71.778 0.0000000000
62122  38.662  -25.094  71.805 0.0000000000
62121  39.490  -24.922  71.725 0.0000000000
73633  52.143  -14.044  46.353 0.0000000000
73644  52.283  -14.002  45.439 0.0000000000
72642  52.879  -14.269  46.023 0.0000000000
72640  54.172  -14.409  46.395 0.0000000000
72639  55.011  -14.499  46.252 0.0000000000
72638  55.765  -14.469  46.073 0.0000000000
73631  55.585  -13.930  46.673 0.0000000000
75865  58.265  -11.866  37.020 0.0000000000
74797  57.786  -12.082  37.713 0.0000000000
74784  57.441  -12.300  38.309 0.0000000000
55985  30.550  -30.594  77.025 0.0000000000
55972  30.756  -30.859  77.845 0.0000000000
55962  31.524  -30.750  79.158 0.0000000000
52640  18.373  -33.824  86.236 0.0000000000
52628  18.360  -33.837  87.054 0.0000000000
53634  17.995  -33.453  89.082 0.0000000000
52592  15.819  -33.846  90.150 0.0000000000
53621  16.605  -33.599  90.403 0.0000000000
128586  50.968  -12.011  48.880 0.0000000000
74653  50.246  -11.783  49.048 0.0000000000
74630  50.950  -12.755  49.427 0.0000000000
72611  49.950  -14.110  50.131 0.0000000000
134196  50.866  -13.995  49.912 0.0000000000
141582  50.963  -14.825  49.775 0.0000000000
71643  51.661  -15.449  49.694 0.0000000000
70721  53.064  -16.242  49.822 0.0000000000
70689  54.093  -16.124  50.478 0.0000000000
70704  53.421  -16.405  50.431 0.0000000000
70678  53.405  -16.142  51.758 0.0000000000
66553  47.831  -20.671  58.629 0.0000000000
147786  48.219  -21.193  60.006 0.0000000000
66509  49.351  -21.256  60.794 0.0000000000
67510  50.196  -19.922  63.509 0.0000000000
73626  49.497  -13.365  47.496 0.0000000000
50804  10.103  -35.768  86.023 0.0000000000
51663  10.833  -35.703  87.719 0.0000000000
50797  10.043  -35.746  86.927 0.0000000000
50792  9.770  -35.691  87.744 0.0000000000
65473  43.983  -21.732  54.990 0.0000000000
65415  42.003  -22.066  58.290 0.0000000000
132902  42.953  -22.020  58.274 0.0000000000
125792  44.033  -21.436  60.827 0.0000000000
66494  44.586  -21.386  61.473 0.0000000000
141315  43.817  -21.055  61.799 0.0000000000
66476  43.910  -20.541  62.491 0.0000000000
61143  31.220  -26.090  68.975 0.0000000000
62129  32.439  -25.937  71.347 0.0000000000
125230  32.439  -25.979  70.785 0.0000000000
62136  33.278  -25.587  71.105 0.0000000000
62126  33.876  -25.508  71.598 0.0000000000
62109  34.293  -25.535  72.082 0.0000000000
63177  34.698  -25.266  73.023 0.0000000000
57910  32.623  -28.498  76.617 0.0000000000
58909  32.438  -28.214  75.790 0.0000000000
58908  33.083  -27.822  76.236 0.0000000000
59999  33.501  -27.092  75.950 0.0000000000
134598  35.186  -24.756  76.495 0.0000000000
63137  35.804  -24.152  75.264 0.0000000000
144403  27.489  -31.455  84.449 0.0000000000
52697  23.934  -33.792  81.711 0.0000000000
52683  24.608  -33.838  82.354 0.0000000000
52684  23.728  -33.816  82.547 0.0000000000
52672  23.530  -33.802  83.377 0.0000000000
53677  23.245  -33.628  84.157 0.0000000000
143738  22.810  -33.592  83.477 0.0000000000
53694  21.583  -33.159  83.485 0.0000000000
131394  20.174  -32.940  78.045 0.0000000000
53754  18.401  -33.350  79.135 0.0000000000
53727  19.260  -33.216  81.222 0.0000000000
123946  19.818  -33.010  81.971 0.0000000000
123462  19.040  -33.366  82.067 0.0000000000
53714  18.779  -33.566  82.855 0.0000000000
133549  18.103  -33.810  82.895 0.0000000000
57989  28.969  -28.456  69.912 0.0000000000
56048  28.468  -30.566  72.056 0.0000000000
56002  28.879  -31.132  75.298 0.0000000000
54945  28.475  -31.645  75.744 0.0000000000
147344  27.168  -32.486  79.399 0.0000000000
54881  28.011  -31.917  81.016 0.0000000000
129699  27.665  -31.781  81.773 0.0000000000
54875  27.542  -31.496  82.727 0.0000000000
51629  11.730  -34.754  90.384 0.0000000000
51628  12.395  -34.647  90.008 0.0000000000
148531  11.923  -34.294  91.585 0.0000000000
124741  12.012  -34.160  91.964 0.0000000000
74650  60.077  -12.551  49.155 0.0000000000
73615  60.300  -13.301  48.642 0.0000000000
127761  61.429  -15.069  50.404 0.0000000000
71640  61.318  -15.460  51.097 0.0000000000
75688  54.389  -11.953  49.654 0.0000000000
75703  55.148  -11.684  49.454 0.0000000000
74625  56.760  -12.585  50.118 0.0000000000
74624  58.149  -12.682  50.800 0.0000000000
73559  59.471  -13.685  54.300 0.0000000000
133985  47.307  -16.762  50.436 0.0000000000
69661  49.471  -17.710  53.165 0.0000000000
125483  50.035  -17.397  53.842 0.0000000000
70668  50.837  -17.029  53.755 0.0000000000
70667  51.679  -16.660  53.680 0.0000000000
70655  52.277  -16.545  54.289 0.0000000000
70640  53.638  -16.891  55.336 0.0000000000
67588  50.585  -20.297  58.286 0.0000000000
123485  50.087  -19.887  57.667 0.0000000000
67587  51.340  -20.133  58.200 0.0000000000
136917  51.990  -19.954  58.134 0.0000000000
67586  52.643  -19.847  58.471 0.0000000000
69596  54.865  -17.543  57.536 0.0000000000
67591  38.132  -20.419  58.983 0.0000000000
67573  39.149  -20.190  60.014 0.0000000000
66461  41.273  -20.102  62.883 0.0000000000
67518  40.993  -19.392  62.522 0.0000000000
67517  41.647  -19.288  63.100 0.0000000000
68518  42.043  -18.864  63.266 0.0000000000
145239  42.373  -18.700  63.468 0.0000000000
69544  42.707  -18.408  63.650 0.0000000000
69534  42.882  -17.988  64.319 0.0000000000
69522  43.108  -17.844  64.877 0.0000000000
69521  43.757  -17.868  65.281 0.0000000000
60097  38.357  -26.246  68.754 0.0000000000
60111  39.062  -26.420  68.185 0.0000000000
137255  38.869  -26.515  67.505 0.0000000000
60129  39.085  -26.637  66.809 0.0000000000
141183  40.494  -26.805  67.034 0.0000000000
60127  41.297  -26.762  67.183 0.0000000000
62090  42.278  -24.435  73.651 0.0000000000
62089  43.014  -24.549  74.228 0.0000000000
61069  43.393  -25.427  73.964 0.0000000000
61081  42.980  -26.332  73.095 0.0000000000
60078  44.540  -27.528  70.866 0.0000000000
60091  44.112  -26.624  69.541 0.0000000000
63223  44.024  -23.995  68.113 0.0000000000
62169  44.201  -24.152  68.785 0.0000000000
63222  44.775  -23.501  68.436 0.0000000000
64232  45.331  -23.082  69.038 0.0000000000
73679  53.649  -13.472  43.475 0.0000000000
74710  53.103  -12.766  43.028 0.0000000000
127188  53.878  -12.966  42.735 0.0000000000
124783  55.024  -12.618  41.194 0.0000000000
74743  56.323  -13.189  40.753 0.0000000000
73700  56.594  -13.795  41.369 0.0000000000
73640  58.936  -13.116  45.212 0.0000000000
73658  59.051  -13.465  44.426 0.0000000000
139536  59.492  -12.697  44.689 0.0000000000
74692  59.851  -12.360  44.475 0.0000000000
75748  60.396  -12.146  44.387 0.0000000000
75747  60.944  -12.030  43.950 0.0000000000
74691  60.581  -12.125  44.583 0.0000000000
76913  60.497  -10.664  35.143 0.0000000000
76911  61.955  -10.948  35.433 0.0000000000
74765  61.851  -11.969  40.049 0.0000000000
73705  62.570  -12.883  40.774 0.0000000000
124962  30.241  -31.333  81.028 0.0000000000
55947  30.929  -31.231  80.503 0.0000000000
56911  30.668  -30.402  82.735 0.0000000000
56892  30.232  -30.572  84.301 0.0000000000
52619  15.529  -34.395  88.680 0.0000000000
52606  15.591  -34.116  89.509 0.0000000000
127423  14.952  -33.595  91.943 0.0000000000
134368  49.534  -14.709  50.214 0.0000000000
71645  50.017  -15.624  49.988 0.0000000000
66491  47.342  -21.484  61.546 0.0000000000
66490  48.040  -21.427  61.314 0.0000000000
66472  47.989  -21.416  62.122 0.0000000000
131623  49.327  -20.172  63.682 0.0000000000
51664  8.831  -35.567  87.622 0.0000000000
52597  7.008  -34.330  90.708 0.0000000000
62138  31.020  -26.046  70.120 0.0000000000
61099  31.470  -26.105  71.095 0.0000000000
62112  32.347  -25.931  71.800 0.0000000000
61071  33.009  -25.901  72.616 0.0000000000
53721  26.490  -32.634  81.175 0.0000000000
142131  25.412  -33.539  81.362 0.0000000000
53735  24.370  -33.652  80.193 0.0000000000
52706  24.180  -33.759  80.936 0.0000000000
127770  22.403  -33.433  81.103 0.0000000000
147858  17.679  -33.639  79.116 0.0000000000
52707  17.176  -33.821  79.752 0.0000000000
123636  17.031  -34.007  80.727 0.0000000000
52708  16.433  -34.102  80.073 0.0000000000
54976  26.572  -32.192  73.494 0.0000000000
54947  27.187  -32.111  74.914 0.0000000000
54932  27.234  -32.372  75.801 0.0000000000
144544  26.679  -32.717  79.518 0.0000000000
129665  59.737  -12.155  46.299 0.0000000000
129583  59.137  -11.972  46.837 0.0000000000
128047  59.524  -12.000  48.131 0.0000000000
75727  57.614  -11.692  47.660 0.0000000000
75712  59.682  -12.078  48.740 0.0000000000
75698  59.736  -11.924  49.560 0.0000000000
75682  59.904  -11.947  50.385 0.0000000000
72606  57.273  -14.122  50.898 0.0000000000
73561  58.410  -13.902  53.920 0.0000000000
72579  57.588  -14.320  53.944 0.0000000000
68685  47.363  -18.546  51.535 0.0000000000
68668  48.258  -18.527  52.840 0.0000000000
68658  47.738  -19.000  53.232 0.0000000000
68657  48.263  -18.596  53.591 0.0000000000
69662  48.790  -18.144  53.439 0.0000000000
69649  49.326  -17.803  54.066 0.0000000000
69618  50.932  -17.646  55.767 0.0000000000
67541  52.951  -20.009  61.350 0.0000000000
67554  53.017  -20.031  60.381 0.0000000000
65391  38.844  -21.184  60.659 0.0000000000
66498  38.999  -20.586  60.832 0.0000000000
65382  39.234  -20.990  61.065 0.0000000000
65373  40.350  -21.005  61.994 0.0000000000
66478  40.953  -20.939  62.467 0.0000000000
65371  41.363  -21.817  62.592 0.0000000000
130222  41.507  -21.083  62.891 0.0000000000
66460  42.048  -20.810  63.361 0.0000000000
66445  43.093  -20.851  64.324 0.0000000000
66437  43.599  -20.645  64.890 0.0000000000
60100  35.351  -26.694  69.448 0.0000000000
60115  35.540  -26.941  68.726 0.0000000000
60099  36.098  -26.639  69.249 0.0000000000
60098  37.595  -26.150  69.415 0.0000000000
61111  38.114  -25.897  70.171 0.0000000000
138242  38.450  -25.992  69.442 0.0000000000
74695  51.319  -12.727  44.426 0.0000000000
74694  51.984  -13.084  44.083 0.0000000000
73643  53.054  -14.229  45.121 0.0000000000
73678  55.101  -14.261  43.378 0.0000000000
72692  55.934  -14.394  42.989 0.0000000000
72680  55.774  -14.698  43.849 0.0000000000
72661  56.495  -14.783  44.546 0.0000000000
72647  56.289  -14.644  45.459 0.0000000000
73642  57.043  -14.217  45.672 0.0000000000
73641  57.865  -13.942  45.374 0.0000000000
74680  58.260  -13.086  46.024 0.0000000000
74671  58.953  -12.509  45.755 0.0000000000
75899  57.715  -10.850  35.807 0.0000000000
75898  58.520  -10.916  35.232 0.0000000000
75896  60.387  -11.134  35.854 0.0000000000
75861  62.192  -11.614  37.523 0.0000000000
75862  61.559  -11.520  37.266 0.0000000000
74794  61.199  -11.845  37.801 0.0000000000
74781  61.234  -12.131  38.467 0.0000000000
148929  59.546  -12.291  37.541 0.0000000000
148427  61.195  -12.383  39.117 0.0000000000
139274  60.581  -12.830  39.492 0.0000000000
57948  30.469  -29.431  73.959 0.0000000000
130413  30.915  -28.842  73.564 0.0000000000
57947  31.121  -29.012  74.220 0.0000000000
57930  31.208  -29.148  75.095 0.0000000000
56946  31.320  -30.115  77.404 0.0000000000
56958  31.667  -29.466  76.733 0.0000000000
57889  32.219  -29.046  76.900 0.0000000000
57872  33.018  -28.854  78.521 0.0000000000
142756  32.257  -30.110  80.694 0.0000000000
56922  32.590  -29.608  79.896 0.0000000000
146846  22.755  -33.586  76.356 0.0000000000
53650  20.171  -32.977  86.421 0.0000000000
129245  20.796  -32.732  86.792 0.0000000000
53637  20.179  -32.941  87.190 0.0000000000
123538  20.138  -32.756  88.188 0.0000000000
53638  19.017  -33.502  87.352 0.0000000000
53632  19.292  -33.173  88.209 0.0000000000
136768  19.961  -32.661  89.694 0.0000000000
53618  19.705  -32.869  90.182 0.0000000000
52630  16.910  -34.239  87.750 0.0000000000
52617  17.528  -33.906  88.327 0.0000000000
53620  17.626  -33.376  90.659 0.0000000000
53619  18.293  -33.260  90.645 0.0000000000
74663  53.481  -12.389  48.086 0.0000000000
147579  53.159  -11.909  48.489 0.0000000000
74651  52.866  -11.627  48.821 0.0000000000
76797  52.994  -11.556  48.956 0.0000000000
75706  52.775  -11.633  49.085 0.0000000000
76783  53.908  -11.685  49.422 0.0000000000
75689  53.790  -12.072  49.694 0.0000000000
73613  54.713  -13.724  49.752 0.0000000000
74644  49.423  -12.736  49.136 0.0000000000
128048  51.733  -13.708  49.809 0.0000000000
73599  52.272  -13.082  49.768 0.0000000000
72626  53.289  -13.702  49.788 0.0000000000
72625  54.610  -14.714  49.664 0.0000000000
72608  55.910  -14.827  50.111 0.0000000000
71628  56.067  -15.078  50.673 0.0000000000
72592  55.781  -14.941  52.151 0.0000000000
71630  54.728  -15.863  50.943 0.0000000000
72581  55.868  -14.779  53.160 0.0000000000
71587  55.976  -15.854  55.332 0.0000000000
147588  46.715  -20.198  55.508 0.0000000000
67641  47.175  -19.967  55.903 0.0000000000
67627  47.705  -19.923  56.589 0.0000000000
66552  48.755  -20.473  58.325 0.0000000000
66551  49.742  -20.412  58.355 0.0000000000
66530  50.385  -20.732  59.165 0.0000000000
66529  51.241  -20.707  59.663 0.0000000000
135353  48.797  -21.325  61.625 0.0000000000
66489  49.723  -21.056  61.546 0.0000000000
67528  50.650  -20.254  62.819 0.0000000000
66488  50.573  -20.881  61.421 0.0000000000
66487  51.418  -20.685  61.227 0.0000000000
66486  52.224  -20.433  60.887 0.0000000000
61215  40.605  -25.351  62.585 0.0000000000
62231  41.370  -25.039  63.723 0.0000000000
63159  39.063  -23.790  73.686 0.0000000000
63172  39.525  -24.123  72.964 0.0000000000
64183  40.613  -23.096  74.130 0.0000000000
76885  55.536  -9.948  37.859 0.0000000000
51673  12.649  -35.399  87.005 0.0000000000
51662  11.897  -35.513  88.018 0.0000000000
51651  11.249  -35.545  88.726 0.0000000000
127141  9.267  -35.026  89.818 0.0000000000
51631  9.497  -35.020  90.718 0.0000000000
52584  9.688  -34.665  91.529 0.0000000000
142221  9.784  -34.253  92.070 0.0000000000
67674  46.318  -19.703  52.514 0.0000000000
66625  45.235  -20.794  53.634 0.0000000000
66610  46.285  -20.429  55.002 0.0000000000
66602  46.400  -20.476  56.008 0.0000000000
66590  46.362  -20.622  56.803 0.0000000000
66592  44.949  -21.284  56.249 0.0000000000
139136  46.426  -20.766  58.147 0.0000000000
65430  44.285  -21.661  58.098 0.0000000000
65414  43.588  -21.872  58.646 0.0000000000
123930  45.228  -21.258  59.013 0.0000000000
144064  46.682  -21.499  60.960 0.0000000000
66492  46.571  -21.518  61.852 0.0000000000
66474  46.310  -21.294  62.701 0.0000000000
66493  45.045  -21.300  62.118 0.0000000000
67513  46.502  -20.260  64.041 0.0000000000
67496  46.211  -19.517  64.545 0.0000000000
59016  33.225  -27.493  67.192 0.0000000000
59004  33.773  -27.272  68.145 0.0000000000
127816  34.166  -26.955  68.897 0.0000000000
61142  32.031  -26.223  69.316 0.0000000000
62137  32.248  -25.987  70.249 0.0000000000
61130  32.310  -25.899  70.155 0.0000000000
60101  34.542  -26.657  69.560 0.0000000000
61098  34.784  -25.493  71.717 0.0000000000
61097  35.782  -25.596  71.579 0.0000000000
62124  36.291  -25.227  72.243 0.0000000000
62106  36.894  -24.905  72.878 0.0000000000
63174  37.489  -24.361  73.391 0.0000000000
58935  31.467  -28.177  73.606 0.0000000000
58948  31.940  -27.315  73.227 0.0000000000
137925  32.416  -27.164  73.585 0.0000000000
60044  32.404  -26.621  73.037 0.0000000000
61060  32.928  -26.081  73.019 0.0000000000
141811  33.543  -25.831  72.984 0.0000000000
59998  33.924  -26.767  76.434 0.0000000000
60012  33.995  -26.302  75.715 0.0000000000
61058  34.080  -25.539  74.026 0.0000000000
63164  34.577  -25.309  73.232 0.0000000000
147927  35.268  -24.978  73.544 0.0000000000
63146  35.541  -24.598  74.379 0.0000000000
63162  35.761  -24.567  74.166 0.0000000000
63161  37.204  -24.090  74.103 0.0000000000
63160  38.085  -23.888  73.885 0.0000000000
54848  28.474  -31.625  85.568 0.0000000000
53708  25.977  -33.100  82.622 0.0000000000
53692  25.806  -33.265  83.643 0.0000000000
53675  25.582  -33.151  84.542 0.0000000000
53659  25.288  -32.827  85.401 0.0000000000
53645  24.982  -32.486  86.155 0.0000000000
53646  24.226  -32.587  86.507 0.0000000000
53647  23.316  -32.674  86.453 0.0000000000
125036  22.841  -33.197  84.989 0.0000000000
129457  22.880  -32.944  85.830 0.0000000000
53662  22.173  -32.878  85.581 0.0000000000
131364  22.792  -33.577  77.850 0.0000000000
53767  22.441  -33.495  78.591 0.0000000000
53751  22.210  -33.349  79.390 0.0000000000
53736  21.916  -33.200  80.223 0.0000000000
125052  21.568  -33.149  80.955 0.0000000000
53753  19.187  -33.004  79.376 0.0000000000
124060  20.513  -32.912  79.573 0.0000000000
53725  21.380  -33.056  81.669 0.0000000000
53711  21.306  -33.063  82.624 0.0000000000
124063  20.903  -32.982  83.492 0.0000000000
53712  20.390  -33.020  82.724 0.0000000000
53680  20.639  -33.011  84.344 0.0000000000
128260  20.414  -33.096  85.125 0.0000000000
52662  18.290  -33.852  84.955 0.0000000000
52651  17.775  -33.981  85.612 0.0000000000
52675  16.747  -34.384  83.255 0.0000000000
52653  15.836  -34.524  85.487 0.0000000000
51684  13.331  -35.185  85.563 0.0000000000
51685  12.452  -35.459  85.534 0.0000000000
50803  10.941  -35.732  85.728 0.0000000000
51687  10.077  -35.644  85.072 0.0000000000
60086  29.930  -26.746  70.605 0.0000000000
57970  30.311  -28.615  72.347 0.0000000000
57034  28.967  -29.932  71.431 0.0000000000
132996  29.447  -29.182  71.163 0.0000000000
57963  30.382  -29.108  73.205 0.0000000000
56001  29.416  -30.819  75.509 0.0000000000
134298  29.731  -30.784  75.971 0.0000000000
55973  30.156  -31.161  77.473 0.0000000000
55964  30.180  -31.482  78.202 0.0000000000
54931  27.911  -31.986  76.186 0.0000000000
131710  28.060  -31.995  76.849 0.0000000000
54908  28.698  -32.082  78.023 0.0000000000
54899  29.422  -32.005  79.438 0.0000000000
55932  28.838  -30.774  82.922 0.0000000000
143622  21.391  -32.259  88.064 0.0000000000
54821  21.700  -32.153  88.693 0.0000000000
51661  12.693  -35.286  87.709 0.0000000000
52608  13.277  -34.640  89.700 0.0000000000
135546  12.953  -34.493  90.453 0.0000000000
124274  13.658  -34.328  90.536 0.0000000000
124184  14.177  -33.982  91.064 0.0000000000
53615  14.254  -33.621  91.870 0.0000000000
146437  59.897  -12.747  47.163 0.0000000000
75730  54.542  -11.729  48.372 0.0000000000
76805  55.264  -11.337  48.903 0.0000000000
76793  56.653  -11.437  49.151 0.0000000000
75702  56.210  -11.658  49.435 0.0000000000
145672  57.458  -11.474  49.175 0.0000000000
147906  58.753  -11.610  49.788 0.0000000000
75683  59.773  -12.037  50.876 0.0000000000
74623  60.451  -12.369  51.096 0.0000000000
73585  57.999  -13.386  51.270 0.0000000000
73584  58.698  -12.872  51.454 0.0000000000
74611  59.510  -12.760  52.044 0.0000000000
74615  60.281  -12.518  51.745 0.0000000000
73583  60.957  -12.888  51.897 0.0000000000
73575  61.154  -13.673  52.249 0.0000000000
72614  47.373  -14.143  50.469 0.0000000000
71646  49.189  -15.707  50.080 0.0000000000
69704  47.599  -17.413  50.584 0.0000000000
69703  48.448  -17.410  50.503 0.0000000000
69674  49.568  -17.686  52.172 0.0000000000
69702  49.451  -17.345  50.549 0.0000000000
69701  50.217  -17.041  50.453 0.0000000000
69684  50.943  -17.005  50.684 0.0000000000
70692  51.842  -16.901  51.093 0.0000000000
70679  52.813  -16.267  52.213 0.0000000000
70666  52.387  -16.321  53.591 0.0000000000
71601  54.670  -15.831  54.376 0.0000000000
71588  55.213  -16.002  55.057 0.0000000000
133052  47.876  -19.642  56.002 0.0000000000
68627  48.942  -18.876  56.179 0.0000000000
68626  49.765  -18.804  56.569 0.0000000000
68639  50.320  -18.117  56.114 0.0000000000
68625  51.064  -18.191  56.333 0.0000000000
69617  51.687  -17.797  55.969 0.0000000000
68589  53.160  -19.349  57.986 0.0000000000
68580  54.154  -19.105  59.237 0.0000000000
68603  52.819  -19.131  57.340 0.0000000000
68623  52.731  -18.636  56.773 0.0000000000
69616  52.534  -18.014  56.161 0.0000000000
70627  53.203  -17.490  55.848 0.0000000000
148084  53.767  -17.243  55.842 0.0000000000
127327  55.058  -16.857  56.239 0.0000000000
70625  55.673  -16.525  56.419 0.0000000000
71574  56.218  -16.057  56.147 0.0000000000
66540  40.265  -21.584  58.935 0.0000000000
66539  41.381  -21.354  59.925 0.0000000000
67559  38.884  -20.285  60.305 0.0000000000
67558  39.543  -20.320  60.425 0.0000000000
67543  40.749  -19.621  61.675 0.0000000000
67557  40.271  -20.179  60.879 0.0000000000
66515  41.589  -20.889  60.719 0.0000000000
66496  42.359  -20.964  61.011 0.0000000000
66477  43.178  -20.330  62.116 0.0000000000
68532  42.986  -18.644  63.218 0.0000000000
67516  43.763  -18.976  63.496 0.0000000000
67515  44.587  -19.483  63.830 0.0000000000
68530  44.854  -18.874  64.361 0.0000000000
68515  45.511  -18.636  64.833 0.0000000000
60132  35.700  -27.167  67.967 0.0000000000
144861  37.364  -26.579  67.562 0.0000000000
60150  36.701  -26.927  66.881 0.0000000000
143919  39.723  -26.540  64.336 0.0000000000
61192  41.065  -25.640  64.393 0.0000000000
62103  39.968  -24.518  72.302 0.0000000000
62120  40.329  -24.950  71.679 0.0000000000
62102  41.405  -24.927  72.395 0.0000000000
62119  41.063  -25.237  71.769 0.0000000000
61092  40.552  -25.578  71.213 0.0000000000
61108  40.674  -26.174  70.781 0.0000000000
60080  41.033  -26.970  70.624 0.0000000000
60094  40.939  -27.334  69.942 0.0000000000
60053  43.600  -27.352  72.932 0.0000000000
58959  44.767  -27.767  72.585 0.0000000000
58960  43.911  -27.827  72.417 0.0000000000
58961  43.005  -27.526  72.278 0.0000000000
58985  41.569  -27.906  70.318 0.0000000000
58994  41.271  -27.772  69.407 0.0000000000
59002  41.670  -27.762  68.832 0.0000000000
60109  42.181  -27.300  68.272 0.0000000000
60126  42.024  -26.712  67.605 0.0000000000
61139  43.379  -26.132  68.421 0.0000000000
61140  42.722  -26.447  67.942 0.0000000000
61155  41.952  -26.205  67.062 0.0000000000
61169  42.262  -25.563  66.569 0.0000000000
62201  42.186  -25.079  65.779 0.0000000000
141538  42.129  -24.706  65.155 0.0000000000
62229  42.434  -24.063  64.806 0.0000000000
63268  42.983  -23.573  65.226 0.0000000000
64291  43.308  -22.927  64.979 0.0000000000
63236  44.012  -23.741  67.264 0.0000000000
127086  43.982  -23.292  66.362 0.0000000000
64302  43.789  -22.320  65.186 0.0000000000
141823  44.282  -22.024  65.671 0.0000000000
65352  43.998  -21.364  65.320 0.0000000000
66430  44.067  -20.248  65.590 0.0000000000
63196  45.425  -23.949  70.093 0.0000000000
63210  45.572  -23.279  69.793 0.0000000000
136859  45.955  -21.935  69.618 0.0000000000
64244  45.663  -22.229  68.769 0.0000000000
65315  45.448  -22.234  67.882 0.0000000000
65329  45.549  -21.551  67.348 0.0000000000
67470  44.328  -19.229  66.005 0.0000000000
68483  43.983  -18.319  65.665 0.0000000000
69503  44.332  -18.008  65.890 0.0000000000
69502  44.959  -17.890  66.509 0.0000000000
76871  54.939  -9.817  38.587 0.0000000000
76870  55.525  -10.612  38.402 0.0000000000
74755  56.861  -13.123  40.172 0.0000000000
74754  57.305  -13.096  39.656 0.0000000000
73719  57.933  -13.407  39.509 0.0000000000
73718  58.764  -13.512  39.647 0.0000000000
73707  59.986  -13.327  40.857 0.0000000000
72691  56.856  -14.514  42.741 0.0000000000
72690  57.724  -14.484  42.483 0.0000000000
72689  58.539  -14.323  42.192 0.0000000000
73677  59.139  -13.755  43.632 0.0000000000
73688  59.223  -13.940  42.746 0.0000000000
72688  59.349  -13.968  41.946 0.0000000000
73697  59.993  -13.270  41.678 0.0000000000
75776  61.549  -11.717  42.124 0.0000000000
74725  61.521  -11.839  42.676 0.0000000000
73675  61.500  -12.588  43.988 0.0000000000
73655  61.871  -13.559  43.970 0.0000000000
52581  12.597  -34.126  91.688 0.0000000000
52591  16.194  -33.888  89.691 0.0000000000
52607  14.167  -34.380  89.851 0.0000000000
53624  21.361  -32.717  89.505 0.0000000000
53627  17.462  -33.470  89.819 0.0000000000
58974  42.733  -27.867  71.524 0.0000000000
58975  42.165  -27.975  71.033 0.0000000000
58984  42.268  -28.118  70.319 0.0000000000
61091  41.188  -26.162  71.323 0.0000000000
62101  41.971  -24.979  72.919 0.0000000000
62110  33.539  -25.689  71.988 0.0000000000
63251  43.607  -23.125  65.560 0.0000000000
64166  35.824  -24.291  74.883 0.0000000000
64219  46.099  -22.604  70.234 0.0000000000
64245  45.271  -22.803  68.356 0.0000000000
64311  42.747  -22.449  63.952 0.0000000000
65344  45.148  -21.452  66.608 0.0000000000
65381  39.747  -21.005  61.409 0.0000000000
66420  45.781  -20.929  67.630 0.0000000000
66447  41.911  -19.838  63.343 0.0000000000
66518  39.424  -20.426  59.905 0.0000000000
66519  38.583  -20.700  60.225 0.0000000000
67482  43.257  -19.142  64.909 0.0000000000
67626  48.357  -19.486  56.444 0.0000000000
68482  44.576  -18.420  66.264 0.0000000000
68534  41.004  -19.171  62.129 0.0000000000
68606  50.435  -19.255  57.099 0.0000000000
69520  44.579  -17.891  65.692 0.0000000000
69685  50.260  -17.381  50.936 0.0000000000
71613  53.618  -15.695  53.290 0.0000000000
71658  53.476  -15.628  49.679 0.0000000000
73706  60.814  -12.760  40.371 0.0000000000
73709  57.531  -13.569  40.134 0.0000000000
74627  54.326  -12.153  49.765 0.0000000000
74661  55.802  -12.303  47.563 0.0000000000
74724  62.056  -12.256  42.729 0.0000000000
74742  61.098  -11.834  42.188 0.0000000000
75691  52.616  -11.970  49.382 0.0000000000
75705  53.456  -11.549  49.117 0.0000000000
75713  59.199  -11.700  48.864 0.0000000000
75715  55.764  -11.469  48.399 0.0000000000
75716  54.940  -11.449  48.646 0.0000000000
75725  59.113  -11.748  47.845 0.0000000000
75759  60.180  -12.246  44.244 0.0000000000
75808  62.071  -11.960  40.074 0.0000000000
75828  54.854  -11.073  39.551 0.0000000000
76796  53.977  -11.441  49.084 0.0000000000
134459  38.750  -21.914  60.347 0.0000000000
134689  55.127  -12.134  49.730 0.0000000000
135744  61.930  -11.603  37.673 0.0000000000
136239  58.176  -11.649  49.568 0.0000000000
136603  54.029  -13.897  49.748 0.0000000000
137474  61.869  -11.839  38.830 0.0000000000
142467  19.677  -32.789  89.071 0.0000000000
147942  55.283  -14.584  49.783 0.0000000000
148301  38.424  -25.463  71.319 0.0000000000
149220  54.253  -11.419  48.829 0.0000000000
149437  27.993  -31.991  85.900 0.0000000000
