#!ascii label  , from subject sub-v1s6x0051319_ses-1 vox2ras=TkReg
2051
27473  22.845  -61.370  19.759 0.8999999762
26516  22.894  -62.204  19.526 0.8000000119
25588  23.558  -62.496  19.037 0.8000000119
25604  23.285  -64.004  18.879 0.6999999881
24696  23.530  -63.978  18.044 0.8000000119
26517  22.145  -61.889  19.975 0.8999999762
27472  23.555  -61.748  19.256 1.0000000000
27486  24.466  -61.032  17.963 1.0000000000
26531  24.294  -61.937  18.075 0.8999999762
25619  23.926  -63.297  17.700 0.8000000119
25639  23.843  -63.096  16.784 0.8000000119
26568  23.931  -62.220  16.615 0.8999999762
141161  23.248  -64.342  16.683 0.8000000119
25650  22.464  -62.939  15.544 0.6999999881
24753  22.208  -63.818  15.562 0.6999999881
28476  21.255  -60.786  20.513 0.8000000119
27474  22.082  -61.057  20.290 0.8999999762
29497  22.802  -59.540  20.386 0.8999999762
128004  21.074  -60.079  20.660 0.8999999762
28477  19.310  -60.473  20.346 0.8999999762
28490  23.675  -60.829  19.483 0.8999999762
28503  24.349  -60.571  18.831 1.0000000000
26546  24.311  -61.702  17.234 0.8999999762
30396  24.125  -58.988  16.469 1.0000000000
28535  23.797  -60.540  16.315 0.8999999762
27528  23.435  -61.083  16.022 0.8999999762
26569  23.278  -62.633  16.075 0.8000000119
142212  21.582  -63.166  15.117 0.6999999881
30359  23.241  -58.685  20.427 0.8999999762
29480  21.990  -59.314  20.757 0.8999999762
29481  21.299  -59.457  20.774 0.8999999762
29482  20.548  -59.579  20.698 0.8999999762
29483  19.724  -59.639  20.524 0.8999999762
29496  23.702  -59.331  19.915 0.8999999762
29495  24.418  -59.168  19.360 0.8999999762
29521  24.892  -59.504  17.900 1.0000000000
28549  23.064  -60.498  15.817 0.8000000119
125716  22.591  -62.015  15.585 0.8000000119
26578  21.746  -62.278  15.157 0.8000000119
27542  21.147  -61.006  14.775 0.8000000119
25651  20.941  -62.573  14.742 0.8000000119
26589  20.281  -62.042  14.472 0.8000000119
30342  21.481  -58.663  20.958 0.8999999762
30360  19.322  -58.825  20.316 0.8999999762
30361  18.533  -58.805  19.863 0.8999999762
31280  23.570  -57.880  20.451 0.8999999762
31267  19.524  -57.250  20.262 0.8999999762
130798  18.963  -57.919  19.994 0.8000000119
29508  17.358  -59.532  19.336 0.8000000119
30358  24.058  -58.540  19.926 0.8999999762
31283  18.435  -57.318  19.609 0.6999999881
30371  16.985  -58.836  19.131 0.6999999881
30372  16.299  -58.871  18.593 0.6999999881
30357  24.733  -58.359  19.274 0.8999999762
31295  16.569  -58.131  18.759 0.6999999881
30373  15.668  -58.092  18.166 0.6999999881
31305  25.420  -57.804  17.874 1.0000000000
31297  15.380  -57.110  17.712 0.6000000238
30380  25.285  -58.627  17.905 1.0000000000
138108  25.088  -58.138  17.339 1.0000000000
132979  24.510  -58.092  16.519 1.0000000000
143634  23.758  -58.471  16.013 1.0000000000
29553  23.377  -59.956  15.971 0.8999999762
30411  22.998  -58.355  15.546 0.8999999762
139094  22.582  -59.095  15.547 0.8000000119
28550  22.236  -60.437  15.506 0.8000000119
28564  21.449  -60.382  15.089 0.8000000119
29568  21.050  -59.637  14.786 0.8000000119
28565  20.723  -60.434  14.617 0.8000000119
29569  20.268  -59.753  14.399 0.8000000119
30423  20.524  -58.879  14.484 0.8000000119
135136  19.780  -58.534  14.019 0.8000000119
31281  22.710  -58.004  20.810 0.8999999762
30343  20.625  -58.284  20.798 0.8999999762
31265  22.156  -57.560  21.130 0.8999999762
138588  21.329  -57.674  21.035 0.8999999762
31266  20.343  -57.430  20.659 0.8999999762
31279  24.375  -57.745  19.886 0.8999999762
31284  17.698  -57.390  19.343 0.6999999881
31294  25.006  -57.551  19.184 0.8999999762
32189  18.048  -56.704  19.388 0.6000000238
32206  16.584  -56.737  18.627 0.6000000238
32991  25.466  -55.977  18.068 1.0000000000
32218  15.127  -56.211  17.228 0.5000000000
32216  25.411  -56.469  17.338 1.0000000000
33007  14.804  -55.256  16.743 0.5000000000
32217  24.955  -56.370  16.604 1.0000000000
31319  24.448  -57.086  16.159 1.0000000000
32232  24.180  -56.088  15.828 1.0000000000
31320  23.751  -57.724  15.804 1.0000000000
31334  22.971  -57.444  15.353 0.8999999762
29555  21.851  -59.527  15.378 0.8000000119
31335  22.300  -57.285  14.893 0.8999999762
31336  21.709  -57.931  14.799 0.8000000119
30422  21.354  -58.805  14.925 0.8000000119
33052  21.847  -55.925  14.019 0.8999999762
32252  21.364  -56.626  14.172 0.8000000119
33886  21.335  -54.711  13.364 0.8999999762
32253  20.491  -56.629  13.807 0.8000000119
31349  19.570  -57.659  13.747 0.8000000119
143121  19.466  -55.569  13.450 0.8000000119
33055  18.824  -55.829  13.401 0.8000000119
32175  20.032  -56.563  20.442 0.8999999762
148570  23.491  -56.746  20.700 0.8999999762
32172  23.508  -55.828  20.840 0.8999999762
32969  19.753  -55.715  20.194 0.6999999881
32188  18.644  -56.730  19.632 0.8000000119
135991  25.131  -55.590  19.033 0.8999999762
32975  24.196  -55.573  20.573 0.8999999762
32992  18.091  -55.114  19.182 0.6999999881
129564  16.911  -56.058  18.704 0.6000000238
133877  16.247  -56.125  18.358 0.6000000238
33814  18.196  -54.048  18.790 0.6999999881
33815  17.350  -54.337  18.427 0.6000000238
33816  16.443  -54.538  18.012 0.5000000000
33005  25.309  -55.744  17.137 1.0000000000
33823  16.582  -53.582  17.703 0.5000000000
33824  15.811  -53.834  17.283 0.5000000000
33036  24.280  -55.142  15.713 1.0000000000
33856  23.914  -54.664  15.096 1.0000000000
33037  23.677  -55.470  15.240 1.0000000000
32244  22.847  -56.594  15.011 0.8999999762
33855  24.383  -54.420  15.590 1.0000000000
33867  23.533  -54.094  14.423 0.8999999762
33050  23.289  -55.001  14.592 0.8999999762
33051  22.548  -55.352  14.130 0.8999999762
33868  22.875  -54.557  13.939 0.8999999762
131175  21.831  -54.095  13.202 0.8999999762
34723  21.030  -53.933  12.934 0.8999999762
33069  20.681  -55.205  13.439 0.8999999762
34722  22.340  -53.595  13.176 0.8999999762
126175  21.632  -53.436  12.795 0.8999999762
33869  19.786  -55.025  13.332 0.8999999762
142678  20.915  -53.279  12.694 0.8999999762
32174  22.267  -56.274  21.123 0.8999999762
142671  21.444  -56.250  20.954 0.8999999762
148335  20.896  -55.213  20.668 0.8999999762
32967  21.627  -55.483  20.904 0.8999999762
33794  20.277  -54.970  20.340 1.0000000000
33795  19.542  -55.015  19.868 0.8000000119
134594  23.405  -55.158  20.935 0.8999999762
33804  18.953  -54.619  19.390 0.6999999881
133743  25.367  -55.228  18.341 0.8999999762
32974  24.741  -56.037  19.885 0.8999999762
34644  18.979  -53.696  19.073 0.6999999881
34657  18.282  -53.080  18.301 0.6999999881
34658  17.465  -53.342  18.047 0.5000000000
33004  25.404  -55.191  17.673 1.0000000000
34664  17.040  -52.744  17.513 0.5000000000
34665  15.740  -52.966  17.037 0.5000000000
33022  25.157  -54.962  16.930 1.0000000000
141854  25.139  -54.180  16.718 1.0000000000
34688  25.190  -52.844  15.879 1.0000000000
33841  24.772  -53.789  15.915 1.0000000000
34690  24.249  -53.831  15.033 1.0000000000
34689  24.642  -53.187  15.307 1.0000000000
35566  25.215  -52.092  15.434 1.0000000000
35583  23.915  -52.475  13.829 0.8999999762
34721  22.857  -53.224  13.315 0.8999999762
36460  22.650  -51.864  12.697 0.8999999762
36492  18.772  -51.690  10.611 0.6999999881
36493  17.814  -51.312  10.899 0.8000000119
36494  17.512  -52.023  11.509 0.8000000119
36495  16.816  -50.915  11.459 0.8000000119
142917  24.127  -54.859  20.698 0.8999999762
33791  23.465  -54.338  20.907 1.0000000000
33792  22.396  -54.670  20.992 1.0000000000
34636  20.925  -53.822  20.464 1.0000000000
33802  20.455  -54.205  20.251 0.6999999881
33803  19.800  -54.236  19.629 0.6999999881
33813  25.169  -54.644  18.904 0.8999999762
33800  24.884  -54.221  19.753 0.8999999762
34656  19.112  -52.841  18.553 0.6999999881
34663  17.540  -52.309  17.492 0.6000000238
33840  25.503  -53.710  17.211 1.0000000000
149689  25.449  -54.718  18.087 0.8999999762
33799  25.178  -53.749  19.135 0.8999999762
36405  16.569  -51.922  17.341 0.4000000060
34676  25.300  -53.470  16.519 1.0000000000
36430  24.914  -51.749  14.866 1.0000000000
36443  24.159  -51.824  13.782 1.0000000000
148077  24.448  -50.855  13.798 1.0000000000
37414  17.402  -50.827  12.393 0.8999999762
36491  20.221  -51.499  10.396 0.6000000238
124950  19.543  -51.103  10.375 0.6000000238
37441  18.278  -50.646  10.515 0.8000000119
125596  17.048  -50.938  11.146 0.8000000119
36482  17.123  -51.570  11.673 0.8999999762
36465  17.324  -51.554  12.171 0.8999999762
34640  24.910  -53.505  20.074 0.8999999762
33801  24.374  -54.110  20.498 0.8999999762
35513  20.666  -52.238  19.575 0.8000000119
35514  19.869  -52.621  18.924 0.6999999881
35526  19.250  -51.917  18.012 0.6999999881
36403  18.270  -50.324  16.828 0.6000000238
36389  17.495  -51.007  17.400 0.4000000060
34662  25.690  -53.279  17.668 1.0000000000
33822  25.503  -53.988  18.107 0.8999999762
35538  25.814  -52.795  16.857 1.0000000000
35550  25.643  -52.015  16.055 1.0000000000
36429  25.429  -51.335  15.334 1.0000000000
37389  25.340  -50.658  14.840 1.0000000000
37390  24.840  -50.547  14.225 1.0000000000
38410  24.826  -49.855  13.828 1.0000000000
37413  18.549  -50.676  12.572 0.8999999762
126377  18.719  -49.669  12.557 0.8999999762
38422  17.817  -50.172  12.584 0.8999999762
38435  15.851  -49.906  11.786 0.8999999762
37415  16.667  -50.510  12.240 0.8999999762
37454  21.658  -49.919  10.125 0.6000000238
38443  20.790  -49.993  10.146 0.6000000238
125780  19.899  -50.182  10.208 0.6000000238
37440  19.047  -50.425  10.308 0.8000000119
38446  17.512  -49.402  10.457 0.8000000119
37430  16.273  -50.412  11.573 0.8999999762
35503  23.868  -52.629  20.734 0.8999999762
35504  22.944  -52.871  20.840 0.8999999762
35512  21.561  -52.291  20.360 0.6999999881
147047  23.878  -51.849  20.724 0.8999999762
123891  22.341  -52.365  20.617 0.8999999762
35525  20.021  -51.627  18.352 0.6000000238
35510  25.346  -52.942  19.533 1.0000000000
124608  25.586  -52.124  19.809 1.0000000000
35511  24.982  -52.647  20.325 1.0000000000
36387  20.167  -50.564  17.594 0.6000000238
36401  19.547  -49.982  16.706 0.6000000238
37359  18.294  -49.970  16.820 0.5000000000
35524  25.928  -52.665  17.838 1.0000000000
34655  25.568  -53.176  18.494 1.0000000000
35523  26.217  -51.978  18.083 1.0000000000
35537  26.229  -52.208  17.313 1.0000000000
35549  26.221  -51.849  16.687 1.0000000000
36416  26.025  -51.215  16.033 1.0000000000
37371  25.781  -50.521  15.404 1.0000000000
38392  25.468  -49.757  14.598 1.0000000000
38417  25.029  -49.127  13.716 1.0000000000
38418  24.420  -49.499  13.197 1.0000000000
38419  23.759  -49.825  12.752 1.0000000000
38431  23.150  -49.146  12.533 1.0000000000
38432  22.235  -49.431  12.491 1.0000000000
132286  21.577  -48.766  12.503 1.0000000000
38434  20.733  -49.122  12.476 0.8999999762
38433  21.409  -49.649  12.487 0.8999999762
132018  16.467  -49.392  12.607 0.8999999762
39417  15.430  -49.285  11.750 0.8999999762
39463  22.329  -47.800  8.621 0.6000000238
39441  21.992  -48.616  9.287 0.6000000238
39442  20.988  -48.302  9.471 0.6000000238
38456  20.247  -49.134  9.884 0.6000000238
39425  18.553  -48.952  10.206 0.8000000119
38447  16.423  -49.819  10.846 0.8000000119
127860  24.501  -52.184  20.594 0.8999999762
36355  22.063  -51.534  20.357 0.6999999881
36368  20.660  -51.063  18.771 0.6000000238
126852  25.877  -51.327  19.968 0.8999999762
37346  20.232  -49.441  17.078 0.6000000238
38368  19.461  -48.916  16.780 0.5000000000
36365  26.106  -51.671  19.069 1.0000000000
36400  26.497  -51.554  17.371 1.0000000000
37344  26.910  -50.511  18.320 0.8999999762
126828  26.548  -51.061  16.690 1.0000000000
37370  26.428  -50.469  16.030 1.0000000000
38391  26.189  -49.786  15.447 1.0000000000
39375  26.097  -49.003  15.023 1.0000000000
134308  25.585  -48.566  14.278 1.0000000000
39404  23.744  -48.483  12.586 1.0000000000
39406  22.120  -48.102  12.436 1.0000000000
40392  20.574  -47.762  12.477 1.0000000000
39409  19.219  -48.222  12.495 0.8999999762
39393  18.178  -48.525  12.615 0.8999999762
39394  16.991  -48.851  12.801 0.8999999762
39396  15.128  -48.014  12.689 0.8999999762
40449  21.962  -46.998  8.575 0.6000000238
39464  21.525  -47.587  8.936 0.6000000238
39443  20.118  -48.012  9.565 0.6000000238
40433  19.376  -47.590  9.731 0.6999999881
40413  18.091  -47.316  10.136 0.6999999881
39427  16.685  -48.843  10.647 0.6999999881
39428  15.716  -49.252  11.187 0.8000000119
40404  15.010  -47.804  12.255 0.8999999762
39462  23.042  -47.973  8.163 0.6000000238
40414  17.213  -47.734  10.542 0.6999999881
40415  16.080  -48.245  11.026 0.8000000119
40403  15.594  -47.619  11.563 0.8999999762
37302  21.740  -50.439  19.719 0.6999999881
37345  20.967  -49.032  17.768 0.6000000238
37299  24.901  -50.899  20.679 0.8999999762
36353  24.381  -51.359  20.683 0.8000000119
37301  23.026  -49.886  20.354 0.6999999881
36364  26.466  -50.846  19.282 0.8999999762
37324  26.087  -50.670  20.080 0.8000000119
38360  26.916  -50.191  19.086 0.8000000119
129862  27.606  -49.169  17.601 0.8999999762
38359  27.285  -49.794  18.407 0.8000000119
37363  27.028  -50.360  16.692 1.0000000000
38377  26.800  -49.746  16.093 1.0000000000
135341  26.574  -49.200  15.594 1.0000000000
39382  26.148  -48.259  14.797 1.0000000000
40369  25.863  -47.669  14.437 1.0000000000
40376  24.684  -47.769  13.246 1.0000000000
40389  23.522  -47.683  12.517 1.0000000000
40390  22.669  -47.502  12.495 1.0000000000
134921  21.109  -47.111  12.481 1.0000000000
40393  19.732  -47.624  12.490 0.8999999762
40394  18.810  -47.535  12.604 0.8999999762
41295  16.110  -46.673  13.330 0.8999999762
40432  20.755  -47.279  9.290 0.6000000238
40434  18.745  -47.144  9.916 0.6999999881
40395  14.902  -47.616  12.752 0.8999999762
41379  23.441  -46.645  8.163 0.6000000238
40448  22.741  -47.199  8.203 0.6000000238
41342  18.266  -46.407  10.025 0.6999999881
41344  16.790  -47.027  10.882 0.6999999881
129146  22.584  -50.700  20.327 0.6999999881
37327  21.388  -49.344  18.648 0.6000000238
38348  25.075  -50.132  20.688 0.8000000119
37300  24.133  -50.278  20.584 0.8000000119
38327  23.435  -49.144  20.414 0.6999999881
38328  22.406  -48.869  19.961 0.6999999881
38346  26.494  -50.132  19.821 0.6999999881
38347  25.833  -50.072  20.405 0.8000000119
128106  27.523  -49.127  18.549 0.6999999881
39340  28.023  -48.424  18.239 0.6999999881
39352  27.904  -48.277  17.310 0.8000000119
137950  27.655  -48.022  16.671 0.8000000119
39373  27.293  -48.210  16.077 0.8000000119
40363  27.461  -47.429  16.264 0.8000000119
40364  26.940  -47.529  15.616 0.8999999762
40368  26.420  -47.598  14.980 0.8999999762
41280  25.584  -46.845  14.142 1.0000000000
131647  24.156  -47.013  12.800 1.0000000000
40391  21.871  -47.344  12.499 1.0000000000
41307  21.629  -46.579  12.485 1.0000000000
127470  23.716  -46.093  12.829 1.0000000000
41305  23.256  -46.776  12.556 1.0000000000
41308  20.279  -46.880  12.479 1.0000000000
41292  19.934  -45.980  12.686 1.0000000000
41309  19.379  -46.798  12.627 0.8999999762
41294  17.913  -46.322  13.284 0.8999999762
142254  17.096  -46.808  13.258 0.8999999762
41281  16.460  -45.729  13.541 0.8999999762
41380  22.560  -46.681  8.533 0.6000000238
143624  21.360  -46.918  8.933 0.6000000238
149291  19.985  -47.225  9.556 0.6000000238
41366  19.334  -46.694  9.883 0.6999999881
41283  14.974  -46.753  13.071 0.8999999762
41311  14.855  -47.010  12.602 0.8999999762
42201  18.095  -45.779  10.179 0.6999999881
41343  17.680  -46.161  10.293 0.6999999881
41321  15.889  -46.634  11.484 0.8999999762
127420  14.904  -45.244  12.336 0.8999999762
38325  25.410  -49.173  20.635 0.6999999881
38326  24.435  -49.290  20.556 0.6000000238
39313  22.819  -48.450  20.407 0.6000000238
39326  22.012  -48.601  19.771 0.6000000238
39325  26.392  -49.395  20.333 0.6999999881
39311  25.094  -48.143  20.725 0.6000000238
134686  27.469  -48.275  19.777 0.6999999881
40346  28.298  -47.532  18.420 0.6999999881
138392  27.652  -46.513  16.429 0.8000000119
41275  27.099  -46.839  15.895 0.8000000119
41276  26.545  -46.688  15.293 0.8000000119
41279  26.093  -46.975  14.675 0.8000000119
41288  24.913  -46.870  13.508 1.0000000000
41277  25.848  -46.059  14.795 0.8000000119
41289  22.894  -45.710  12.784 1.0000000000
41290  21.899  -45.813  12.641 1.0000000000
42146  20.530  -45.151  12.990 1.0000000000
42144  22.205  -44.995  13.116 1.0000000000
42145  21.374  -45.076  12.919 1.0000000000
42147  19.537  -45.183  13.290 1.0000000000
42134  18.782  -44.799  13.621 1.0000000000
137425  17.956  -45.039  13.802 1.0000000000
42149  17.465  -45.580  13.643 0.8999999762
40450  20.967  -46.704  9.389 0.6000000238
41282  15.420  -46.121  13.261 0.8999999762
123663  23.734  -46.471  9.229 0.6000000238
41364  22.078  -46.379  9.302 0.6000000238
42211  20.258  -46.355  9.922 0.6999999881
42137  15.267  -45.377  13.194 0.8999999762
42199  19.837  -45.756  10.538 0.6999999881
42177  17.886  -45.407  10.822 0.6999999881
125773  15.279  -45.025  11.817 0.8999999762
40319  23.341  -47.930  20.747 0.5000000000
40316  26.548  -47.612  20.906 0.6000000238
40318  24.690  -47.597  20.983 0.5000000000
40332  27.086  -48.085  20.437 0.6999999881
40331  27.791  -47.739  19.984 0.6999999881
41262  28.545  -46.694  18.704 0.6999999881
40330  28.245  -47.248  19.362 0.6999999881
135202  28.513  -46.161  17.498 0.6999999881
41270  28.402  -46.475  16.931 0.6999999881
42119  27.318  -45.476  16.208 0.8000000119
42124  26.510  -45.099  15.824 0.8000000119
42125  25.896  -45.145  15.250 0.8000000119
42986  26.090  -44.639  15.315 0.8000000119
42130  25.435  -45.211  14.691 0.8000000119
144545  24.469  -45.258  13.772 0.8999999762
42143  23.693  -45.223  13.359 1.0000000000
42995  25.492  -44.490  14.739 0.8000000119
42997  23.726  -43.828  14.015 0.8999999762
43013  23.297  -44.365  13.705 1.0000000000
43015  21.699  -44.445  13.403 1.0000000000
43016  21.020  -44.590  13.295 1.0000000000
43859  18.339  -43.902  13.835 1.0000000000
43003  17.409  -44.157  13.946 0.8999999762
43005  15.675  -44.642  13.346 0.8999999762
43860  16.834  -43.753  13.785 0.8999999762
43861  15.407  -44.005  13.130 0.8999999762
149740  22.639  -46.340  9.696 0.6000000238
41340  21.717  -46.166  10.213 0.6000000238
42200  18.778  -45.651  10.522 0.6999999881
43044  17.061  -44.633  11.460 0.8000000119
43046  15.008  -44.252  12.042 0.8999999762
42195  24.251  -46.307  10.151 0.6000000238
43056  20.391  -45.383  11.064 0.6999999881
42176  18.794  -44.997  11.167 0.6999999881
43045  15.604  -44.027  11.616 0.8000000119
131766  14.925  -43.677  12.299 0.8999999762
139967  18.142  -44.598  11.287 0.6999999881
127108  15.086  -43.281  11.869 0.8999999762
40298  26.007  -47.075  21.252 0.5000000000
41225  25.032  -46.684  22.049 0.5000000000
40315  27.441  -47.397  20.691 0.6999999881
136727  25.653  -46.718  21.617 0.5000000000
40314  28.233  -47.042  20.264 0.6999999881
41251  28.865  -46.440  19.743 0.6999999881
42103  29.074  -45.882  18.852 0.6999999881
42111  28.791  -45.648  17.832 0.6999999881
138394  28.522  -45.184  16.735 0.6999999881
42118  28.150  -45.735  16.622 0.6999999881
42984  27.361  -44.490  15.699 0.8000000119
43844  26.847  -44.111  15.107 0.8000000119
42994  26.004  -44.134  14.935 0.8000000119
42996  24.593  -44.036  14.296 0.8000000119
43854  23.382  -43.209  13.884 0.8999999762
43014  22.500  -44.346  13.549 1.0000000000
43000  21.096  -44.109  13.580 1.0000000000
139113  20.340  -44.155  13.600 1.0000000000
125303  25.634  -43.712  14.104 0.8000000119
43853  24.114  -43.484  14.060 0.8000000119
43856  21.516  -43.482  13.629 0.8999999762
43857  20.581  -43.711  13.635 1.0000000000
43858  19.142  -43.753  13.682 1.0000000000
44760  21.452  -42.956  13.531 0.8999999762
44747  18.727  -43.327  13.659 1.0000000000
44748  17.750  -43.480  13.795 1.0000000000
44749  17.104  -43.009  13.585 1.0000000000
44766  15.767  -42.596  12.591 0.8999999762
42198  20.922  -45.834  10.485 0.6999999881
44765  16.520  -42.619  13.120 0.8999999762
41339  22.454  -46.151  10.243 0.6000000238
42197  21.971  -45.533  10.835 0.6000000238
44777  15.269  -42.456  12.098 0.8999999762
147052  21.124  -45.195  11.130 0.6999999881
43043  19.599  -44.405  11.498 0.6999999881
140093  18.891  -44.270  11.435 0.6999999881
43893  17.630  -43.739  11.425 0.6999999881
44819  16.300  -42.459  11.192 0.8000000119
43892  18.538  -43.655  11.463 0.6999999881
45832  15.759  -42.079  11.369 0.8000000119
45814  15.879  -41.329  11.290 0.8999999762
44799  17.157  -42.960  11.276 0.6999999881
41223  27.202  -46.152  21.425 0.5000000000
41239  29.155  -45.786  20.239 0.6999999881
41240  28.539  -46.212  20.543 0.5000000000
42110  29.394  -45.115  18.246 0.6999999881
42966  29.647  -44.390  17.755 0.6999999881
42960  29.886  -44.404  18.749 0.6999999881
42973  29.461  -44.296  16.838 0.6999999881
42982  29.271  -44.158  16.010 0.6999999881
42974  28.802  -44.675  16.433 0.6999999881
145948  29.175  -44.045  15.287 0.6999999881
42983  28.451  -44.393  15.605 0.6999999881
42993  27.795  -44.212  14.909 0.8000000119
43849  28.055  -43.870  14.106 0.8000000119
43868  26.373  -43.583  13.718 0.8000000119
43869  25.056  -43.235  13.486 0.8000000119
43880  26.718  -43.367  13.016 0.8000000119
44773  25.408  -42.954  12.677 0.8000000119
44758  23.470  -42.623  13.467 0.8000000119
125707  22.035  -43.026  13.623 0.8999999762
126361  20.960  -42.600  13.277 0.8999999762
44761  20.116  -42.680  13.360 1.0000000000
44793  24.964  -42.577  12.019 0.8000000119
44774  24.016  -42.405  13.119 0.8000000119
44763  18.115  -42.710  13.486 1.0000000000
45771  19.505  -42.180  12.997 1.0000000000
42196  23.007  -45.665  10.659 0.6000000238
45772  17.986  -42.014  12.921 1.0000000000
43055  20.546  -44.549  11.439 0.6999999881
43890  20.192  -43.548  11.579 0.6999999881
45794  16.131  -41.447  11.965 0.8999999762
45773  17.223  -41.779  12.694 1.0000000000
44796  19.769  -42.732  11.381 0.6999999881
44797  18.915  -42.827  11.343 0.8000000119
147792  16.209  -41.670  10.938 0.8000000119
43823  30.144  -43.758  18.261 0.6999999881
43831  29.979  -43.735  17.360 0.6999999881
43837  29.845  -43.646  16.500 0.6999999881
43842  29.728  -43.607  15.640 0.6999999881
128497  29.533  -43.604  14.783 0.6999999881
43848  29.026  -43.435  13.919 0.6999999881
43866  28.157  -43.423  13.357 0.8000000119
43867  27.224  -43.656  13.682 0.8000000119
129927  26.228  -43.113  12.402 0.8000000119
44771  27.834  -42.796  12.226 0.8000000119
44792  25.824  -42.665  11.811 0.8000000119
44775  22.888  -42.288  13.110 0.8999999762
44776  21.890  -42.472  13.142 0.8999999762
45786  23.821  -42.113  12.408 0.8000000119
45788  22.370  -41.866  12.512 0.8999999762
45770  20.364  -42.147  12.920 0.8999999762
43054  22.724  -44.833  11.098 0.6000000238
45813  21.910  -41.388  11.844 0.8999999762
46864  21.034  -41.179  11.945 0.8999999762
45792  18.735  -41.568  12.579 1.0000000000
43053  23.620  -45.075  10.922 0.6000000238
46867  18.118  -40.758  11.926 0.8999999762
44795  20.589  -42.634  11.230 0.6999999881
47808  17.567  -40.130  11.187 0.8999999762
45830  17.963  -41.327  10.392 0.8000000119
138973  15.879  -41.123  10.967 0.8999999762
46880  16.896  -40.267  10.674 0.8000000119
144678  30.332  -43.220  17.857 0.6999999881
43830  30.373  -43.100  17.093 0.6999999881
44739  30.236  -43.056  15.198 0.6999999881
44755  29.640  -42.686  13.461 0.6999999881
44754  30.394  -42.303  13.809 0.6999999881
44756  28.804  -42.878  13.118 0.6999999881
45810  24.446  -41.897  11.654 0.8000000119
45812  22.776  -41.475  11.810 0.8000000119
46874  24.102  -41.136  11.042 0.8000000119
46875  23.244  -40.978  11.186 0.8000000119
45791  19.778  -41.579  12.498 0.8999999762
132482  21.739  -44.430  11.296 0.6000000238
46876  22.362  -40.854  11.283 0.8000000119
46865  20.122  -41.055  11.961 0.8999999762
46866  19.152  -40.879  12.028 0.8999999762
136165  23.337  -44.076  10.949 0.6000000238
43911  21.107  -43.465  11.430 0.6999999881
47807  18.534  -40.182  11.389 0.8999999762
44816  20.116  -42.056  10.834 0.6999999881
47815  17.368  -39.702  10.499 0.8000000119
45829  19.077  -40.974  10.103 0.6999999881
149130  17.052  -40.018  10.116 0.8000000119
44738  30.721  -42.337  15.850 0.6999999881
44743  30.734  -42.267  14.771 0.6999999881
127502  30.829  -41.770  14.156 0.6999999881
45809  25.445  -41.911  11.374 0.8000000119
45826  25.011  -41.206  10.901 0.8000000119
46891  24.597  -40.526  10.443 0.8000000119
46893  22.797  -40.414  10.630 0.8000000119
46877  21.451  -40.692  11.382 0.8999999762
47811  20.907  -40.037  10.860 0.8999999762
43909  22.811  -43.141  10.718 0.6000000238
46879  19.531  -40.359  11.458 0.8999999762
44814  22.113  -42.339  10.430 0.6999999881
44834  21.411  -41.689  10.062 0.6999999881
47827  19.182  -39.181  10.304 0.8999999762
45844  19.711  -40.696  9.486 0.6999999881
46905  18.404  -39.912  9.499 0.8000000119
48720  17.754  -39.029  10.221 0.8000000119
138446  19.245  -40.096  9.159 0.6999999881
47840  17.843  -39.253  9.604 0.8000000119
47828  17.545  -39.016  10.046 0.8000000119
47839  18.573  -39.339  9.060 0.8000000119
45759  31.215  -41.612  15.566 0.6999999881
45765  31.263  -41.428  14.741 0.6000000238
43928  23.794  -43.090  10.365 0.6000000238
47824  22.323  -39.772  10.178 0.8000000119
47825  21.308  -39.538  10.267 0.8999999762
47826  20.237  -39.333  10.313 0.8999999762
44813  22.871  -42.259  9.979 0.6000000238
48727  19.409  -38.652  9.747 0.8999999762
45827  20.829  -41.329  9.782 0.8000000119
48728  18.489  -38.592  9.786 0.8999999762
48744  17.884  -38.588  9.832 0.8000000119
46904  20.014  -40.353  8.863 0.6999999881
47850  18.806  -38.633  8.575 0.8000000119
48760  18.458  -38.068  9.043 0.8000000119
44833  22.039  -41.591  9.656 0.6999999881
47838  21.761  -39.157  9.684 0.8000000119
45841  21.941  -41.067  9.101 0.5000000000
45842  21.293  -41.023  9.347 0.6000000238
45859  21.532  -40.606  8.800 0.6000000238
45843  20.503  -40.820  9.366 0.6999999881
48741  19.421  -38.083  9.197 0.8000000119
147411  21.275  -40.305  8.578 0.6000000238
47848  20.552  -39.571  7.896 0.6000000238
47849  19.654  -39.216  8.045 0.6999999881
48768  19.430  -37.699  7.734 0.8000000119
126671  18.750  -38.201  9.377 0.8000000119
47861  19.930  -38.715  7.518 0.6000000238
48739  22.193  -38.717  9.188 0.8000000119
48758  21.296  -38.210  8.718 0.8000000119
48740  20.324  -38.170  8.927 0.8999999762
45858  22.271  -40.759  8.680 0.6000000238
49758  19.414  -37.080  8.006 0.8000000119
49745  19.487  -37.647  8.530 0.8000000119
49757  19.887  -36.953  8.103 0.8000000119
48785  19.814  -37.817  7.037 0.6000000238
48757  22.396  -38.250  8.505 0.8000000119
49756  21.198  -37.531  8.122 0.8000000119
46916  21.738  -40.231  8.346 0.6000000238
46930  21.393  -39.752  7.968 0.6000000238
50630  19.700  -36.579  7.477 0.8000000119
47860  20.933  -39.250  7.481 0.6000000238
50647  19.658  -36.206  6.878 0.6999999881
50628  20.593  -36.894  7.684 0.8000000119
49786  20.002  -37.324  6.222 0.6000000238
50662  19.377  -36.373  6.257 0.6000000238
51498  19.981  -35.670  5.799 0.6999999881
47877  21.371  -38.944  7.079 0.6000000238
48783  20.911  -38.242  6.401 0.6000000238
49769  23.421  -37.342  7.279 0.8000000119
49771  21.649  -37.070  7.471 0.8000000119
46928  22.942  -40.152  7.623 0.6000000238
49755  22.663  -37.668  7.782 0.8000000119
133033  23.785  -40.233  7.395 0.5000000000
51480  21.238  -35.893  6.453 0.8000000119
46940  23.422  -39.757  7.109 0.6000000238
47858  22.510  -39.663  7.393 0.6000000238
51497  20.950  -35.468  6.104 0.6000000238
47874  23.997  -39.382  6.389 0.5000000000
47875  22.873  -39.244  6.677 0.6000000238
48804  22.014  -38.235  5.781 0.6000000238
128933  20.060  -36.663  5.868 0.6000000238
48803  23.119  -38.366  5.492 0.6000000238
49804  21.855  -37.523  5.372 0.6000000238
49805  21.166  -36.739  5.317 0.6000000238
50696  20.861  -35.841  4.929 0.6000000238
138059  23.087  -36.765  6.818 0.8000000119
127091  22.002  -36.602  6.898 0.8000000119
50644  24.051  -36.969  6.825 0.8000000119
50659  23.666  -36.288  6.337 0.6999999881
50660  22.533  -36.051  6.396 0.6999999881
47894  23.586  -38.822  5.965 0.6000000238
52460  20.505  -34.709  5.260 0.6000000238
52459  21.067  -34.323  5.264 0.6000000238
51496  21.781  -35.298  5.872 0.6999999881
48802  24.085  -38.524  5.187 0.5000000000
51549  20.568  -34.227  4.373 0.6000000238
48822  23.655  -37.950  4.842 0.5000000000
49824  22.202  -37.008  4.873 0.6000000238
51530  21.497  -35.514  4.342 0.6000000238
49822  24.201  -37.543  4.222 0.5000000000
51493  25.258  -35.940  5.913 0.6999999881
51495  23.140  -35.498  5.748 0.6000000238
52481  21.884  -33.941  4.848 0.6000000238
52458  22.214  -34.757  5.376 0.6000000238
53532  21.488  -33.129  4.263 0.6000000238
52480  23.195  -34.700  4.986 0.6000000238
49836  23.986  -36.876  3.939 0.5000000000
50695  22.389  -36.321  4.338 0.6000000238
51547  21.622  -34.738  3.736 0.6000000238
51548  20.915  -34.597  4.082 0.6000000238
52482  20.684  -33.790  4.636 0.6000000238
53531  22.846  -33.675  4.414 0.6000000238
50712  23.292  -36.156  3.800 0.6000000238
51546  22.786  -35.052  3.364 0.6000000238
49835  24.664  -37.195  3.576 0.5000000000
50711  24.324  -36.407  3.403 0.5000000000
50710  25.097  -36.757  2.979 0.4000000060
50724  24.761  -35.927  2.795 0.5000000000
51515  24.879  -35.359  5.427 0.6000000238
52479  24.366  -34.714  4.892 0.6000000238
52505  21.955  -34.081  3.313 0.6000000238
53545  21.326  -32.849  3.757 0.6000000238
146507  23.683  -34.296  4.643 0.6000000238
52504  22.756  -34.274  2.920 0.6000000238
52518  22.389  -33.529  2.901 0.6000000238
51545  23.881  -35.569  3.138 0.5000000000
51562  23.490  -34.714  2.725 0.6000000238
51561  24.347  -35.131  2.453 0.5000000000
50723  25.518  -36.182  2.546 0.4000000060
51560  25.905  -35.520  2.057 0.4000000060
54748  22.208  -32.762  3.344 0.6000000238
138658  23.265  -33.165  3.863 0.5000000000
52496  25.020  -34.349  4.505 0.5000000000
52478  25.387  -34.825  5.018 0.5000000000
144422  22.152  -32.984  2.973 0.6000000238
54747  22.986  -32.702  3.346 0.5000000000
52516  23.918  -34.274  2.136 0.6000000238
52515  24.838  -34.633  1.910 0.5000000000
51573  25.699  -34.741  1.619 0.4000000060
52495  25.844  -34.266  4.544 0.4000000060
53572  23.079  -32.837  2.474 0.6000000238
146977  23.870  -32.559  2.328 0.5000000000
52527  25.053  -33.647  1.495 0.4000000060
53570  24.055  -33.022  1.677 0.6000000238
54780  23.971  -32.688  1.984 0.6000000238
54758  24.306  -32.595  2.575 0.4000000060
52526  26.201  -34.029  1.086 0.4000000060
53569  25.556  -33.163  1.056 0.4000000060
54757  25.054  -32.391  2.213 0.4000000060
54779  24.861  -32.587  1.511 0.4000000060
54769  24.411  -32.431  1.945 0.4000000060
52536  26.845  -33.752  0.619 0.4000000060
142791  25.369  -32.332  1.211 0.4000000060
54743  27.619  -32.668  4.470 0.4000000060
54744  26.401  -33.094  3.634 0.4000000060
54767  26.007  -32.058  1.840 0.4000000060
54788  26.683  -32.057  -0.209 0.4000000060
53582  25.639  -32.269  0.831 0.4000000060
55851  26.294  -31.378  0.089 0.4000000060
55842  26.112  -31.605  0.894 0.4000000060
55823  27.638  -31.949  3.854 0.4000000060
55832  27.495  -31.508  2.924 0.4000000060
54756  26.191  -32.717  2.797 0.4000000060
54801  26.533  -31.339  -0.380 0.3000000119
55841  26.724  -31.618  2.006 0.4000000060
55831  28.144  -31.145  3.689 0.4000000060
144815  27.354  -31.155  2.259 0.4000000060
35623  17.219  -52.472  11.893 0.8000000119
35615  17.184  -52.935  12.115 0.8999999762
35601  17.552  -52.353  12.280 0.8999999762
133980  17.435  -53.302  12.423 0.8999999762
33889  18.102  -54.478  12.955 0.8999999762
36459  23.517  -51.875  13.315 0.8999999762
37408  23.513  -50.624  12.836 1.0000000000
37407  24.289  -50.351  13.394 1.0000000000
34724  20.090  -53.541  12.773 0.8999999762
36461  21.781  -52.107  12.526 0.8999999762
37410  21.718  -51.192  12.499 0.8999999762
37422  22.913  -50.043  12.554 1.0000000000
35599  19.493  -52.754  12.647 0.8999999762
35597  21.329  -52.705  12.600 0.8999999762
37411  20.717  -50.852  12.505 0.8999999762
37423  22.040  -50.267  12.489 1.0000000000
142761  18.943  -52.119  12.614 0.8999999762
38421  20.621  -49.980  12.483 0.8999999762
145846  24.104  -33.865  4.254 0.4000000060
54746  24.116  -33.036  3.441 0.4000000060
53543  25.151  -33.715  4.004 0.4000000060
52494  26.835  -34.044  4.768 0.4000000060
28516  24.474  -60.242  17.518 1.0000000000
133459  20.323  -60.460  20.571 0.8999999762
29507  24.946  -58.946  18.617 1.0000000000
27530  21.818  -61.280  15.280 0.8000000119
130469  23.873  -57.148  20.430 0.8999999762
141721  23.471  -56.161  15.287 0.8999999762
136587  22.401  -57.920  15.197 0.8000000119
128528  20.981  -57.411  14.335 0.8000000119
139762  20.261  -57.337  13.931 0.8000000119
130382  24.705  -54.657  16.232 1.0000000000
33053  21.016  -55.951  13.722 0.8999999762
33054  20.200  -55.770  13.568 0.8000000119
144848  19.058  -53.404  12.740 0.8999999762
33870  18.816  -55.050  13.308 0.8000000119
34705  23.563  -53.272  13.906 0.8999999762
137983  20.105  -51.296  12.501 0.8999999762
33793  21.165  -54.597  20.661 1.0000000000
35527  18.413  -52.112  17.694 0.6000000238
36404  17.287  -51.325  17.268 0.4000000060
35540  17.711  -51.223  17.164 0.4000000060
35582  24.448  -52.148  14.387 1.0000000000
37409  22.697  -50.897  12.594 0.8999999762
34775  17.778  -53.570  11.602 0.6999999881
38440  15.847  -49.945  11.396 0.8000000119
148300  24.461  -52.697  20.539 0.8999999762
36464  18.190  -51.599  12.458 0.8999999762
124108  19.613  -51.975  10.496 0.6000000238
37424  16.321  -50.468  11.898 0.8999999762
36367  21.300  -51.369  19.722 0.6999999881
37348  17.978  -50.429  17.121 0.4000000060
133512  19.269  -51.342  12.589 0.8999999762
39410  15.621  -49.098  12.253 0.8999999762
39444  19.394  -48.540  9.889 0.6999999881
39445  18.682  -47.968  9.981 0.6999999881
127925  23.532  -51.033  20.559 0.8000000119
36366  25.167  -51.656  20.452 0.8999999762
40388  24.175  -47.921  12.691 1.0000000000
38420  21.291  -50.384  12.492 0.8999999762
39408  20.048  -48.504  12.457 0.8999999762
39392  19.231  -48.881  12.500 0.8999999762
37412  19.714  -50.458  12.513 0.8999999762
39395  16.061  -48.406  12.826 0.8999999762
39341  20.827  -48.640  17.922 0.5000000000
37356  26.847  -50.824  17.440 1.0000000000
40378  16.566  -47.500  13.131 0.8999999762
38345  27.087  -49.482  19.401 0.6999999881
38376  27.390  -49.588  16.720 0.8999999762
39363  27.549  -48.736  16.714 0.8999999762
41341  18.666  -46.116  10.160 0.6999999881
42160  14.799  -46.191  12.718 0.8999999762
42178  17.066  -45.516  11.245 0.8000000119
39310  26.188  -48.452  20.691 0.8000000119
137759  24.178  -47.928  20.684 0.6000000238
39323  27.516  -48.687  19.185 0.6999999881
40352  28.289  -47.765  17.688 0.6999999881
40358  28.110  -47.394  16.944 0.6999999881
42142  24.388  -46.022  13.306 1.0000000000
41293  18.954  -46.069  13.032 1.0000000000
43028  14.902  -44.514  12.567 0.8999999762
148386  23.973  -47.597  20.984 0.6000000238
136611  22.575  -48.379  20.512 0.5000000000
128751  28.584  -46.212  18.118 0.6999999881
42141  25.205  -45.821  13.913 0.8999999762
40301  23.635  -47.525  21.549 0.5000000000
42967  29.045  -45.010  17.233 0.6999999881
42975  27.930  -44.915  16.288 0.8000000119
43871  16.104  -43.330  13.231 0.8999999762
41241  27.792  -46.630  20.970 0.6000000238
42068  26.565  -45.690  21.766 0.5000000000
42094  29.359  -45.685  19.735 0.6999999881
43855  22.459  -43.378  13.726 0.8999999762
43881  25.880  -43.319  13.273 0.8000000119
44757  24.661  -42.701  12.987 0.8000000119
46869  16.292  -40.934  11.429 0.8999999762
42067  27.368  -45.319  21.631 0.5000000000
42080  29.513  -44.978  20.193 0.6999999881
43843  28.709  -43.985  14.719 0.6999999881
43878  28.197  -43.031  12.751 0.8000000119
45789  21.503  -41.758  12.510 0.8999999762
44817  19.210  -41.918  10.769 0.8000000119
45831  16.731  -41.101  10.573 0.8000000119
43836  30.277  -43.021  16.178 0.6999999881
44744  30.045  -43.025  14.246 0.6999999881
45808  26.532  -41.949  11.299 0.8000000119
47814  18.136  -39.516  10.727 0.8999999762
46894  21.860  -40.294  10.701 0.8999999762
45752  31.087  -41.675  16.488 0.6000000238
46918  19.405  -39.664  8.572 0.6999999881
48726  20.526  -38.761  9.631 0.8999999762
49772  19.604  -36.881  7.195 0.6999999881
48767  20.476  -38.528  6.992 0.6000000238
49787  19.674  -37.074  6.479 0.6000000238
50646  19.813  -36.188  7.155 0.8000000119
50697  20.314  -35.301  5.093 0.6000000238
49803  22.707  -37.733  5.149 0.6000000238
52506  20.873  -33.762  3.717 0.6000000238
49823  23.237  -37.109  4.460 0.6000000238
53544  22.247  -32.955  3.768 0.6000000238
53541  26.956  -33.232  4.291 0.4000000060
54745  25.431  -33.110  3.178 0.4000000060
141168  28.190  -32.156  4.589 0.4000000060
56813  26.370  -31.103  0.414 0.4000000060
35600  18.365  -52.825  12.597 0.8999999762
17417  17.386  -72.245  20.912 0.4000000060
18265  16.203  -71.816  21.748 0.4000000060
133851  14.870  -71.599  21.938 0.4000000060
18288  18.523  -71.606  20.409 0.4000000060
19135  16.457  -70.925  21.611 0.4000000060
19136  15.739  -70.679  21.476 0.4000000060
20088  20.168  -69.786  19.875 0.3000000119
142999  18.111  -70.539  21.254 0.4000000060
19174  20.192  -70.112  19.203 0.4000000060
20103  20.546  -69.208  18.213 0.4000000060
21039  20.597  -68.116  17.170 0.4000000060
21966  20.312  -67.548  16.461 0.4000000060
137423  16.903  -70.108  21.581 0.5000000000
20056  16.129  -70.007  21.376 0.4000000060
129053  19.143  -69.344  20.902 0.4000000060
137839  17.641  -69.960  21.499 0.4000000060
21018  20.965  -68.707  18.841 0.5000000000
21956  21.253  -67.909  17.841 0.4000000060
21965  21.071  -67.477  17.102 0.4000000060
22892  20.854  -66.796  16.415 0.5000000000
23825  20.640  -65.581  15.390 0.5000000000
23826  19.862  -65.835  15.053 0.5000000000
23839  19.466  -65.446  14.540 0.6000000238
24767  19.014  -63.960  13.747 0.4000000060
20985  17.511  -68.546  21.476 0.5000000000
20986  16.761  -68.492  21.350 0.5000000000
20999  16.069  -68.482  20.804 0.5000000000
145066  14.554  -69.431  19.700 0.5000000000
20997  19.575  -68.671  20.780 0.6000000238
20998  18.827  -68.374  21.204 0.6000000238
20996  20.260  -68.470  20.377 0.5000000000
21913  20.376  -67.566  20.458 0.6000000238
21009  21.296  -67.987  19.361 0.5000000000
21947  21.682  -67.490  18.574 0.5000000000
23788  22.177  -66.386  17.408 0.4000000060
145649  21.763  -65.762  16.290 0.6000000238
23824  21.449  -65.345  15.752 0.6000000238
25652  21.306  -63.971  15.179 0.6000000238
147318  20.732  -63.401  14.751 0.6000000238
125860  20.095  -62.874  14.437 0.6000000238
26590  19.537  -62.343  14.075 0.6000000238
24766  20.205  -64.501  14.639 0.6000000238
135274  19.916  -63.801  14.361 0.6000000238
25663  19.341  -63.149  13.924 0.6000000238
27556  18.876  -61.839  13.572 0.6000000238
21898  17.197  -67.813  21.366 0.5000000000
21917  16.504  -67.774  20.964 0.5000000000
21000  15.432  -68.478  20.311 0.5000000000
21011  14.961  -68.044  19.751 0.5000000000
21914  19.595  -67.858  20.857 0.6000000238
21897  17.995  -67.912  21.430 0.6000000238
126550  21.639  -67.113  19.415 0.6000000238
23739  21.438  -65.890  19.939 0.6000000238
22873  22.482  -66.263  18.293 0.5000000000
22840  21.868  -66.330  19.482 0.6000000238
23787  22.656  -65.825  17.578 0.6000000238
24738  22.622  -64.434  16.172 0.6000000238
127728  19.180  -61.060  13.772 0.6000000238
28568  18.325  -60.152  13.332 0.6999999881
22822  16.979  -66.595  20.915 0.6000000238
21918  15.736  -67.664  20.352 0.5000000000
21938  15.250  -67.222  19.810 0.5000000000
22821  19.686  -66.890  20.740 0.6000000238
123730  19.018  -66.187  20.904 0.6000000238
149920  18.040  -66.687  21.267 0.6000000238
22843  15.152  -66.476  19.571 0.5000000000
22860  14.364  -66.293  19.161 0.5000000000
126256  20.458  -65.248  20.439 0.6000000238
124436  23.055  -65.217  17.616 0.6000000238
29570  19.256  -59.064  13.833 0.6999999881
148323  18.473  -65.690  20.797 0.6000000238
23743  17.118  -65.859  20.587 0.6000000238
22842  15.778  -66.742  20.074 0.6000000238
23742  19.017  -65.309  20.684 0.6000000238
23750  17.414  -65.109  20.258 0.6000000238
23751  16.583  -65.360  19.867 0.6000000238
23753  15.051  -65.490  19.312 0.6000000238
23768  14.170  -65.440  18.729 0.6000000238
126781  19.706  -63.976  20.496 0.6000000238
22875  12.986  -66.074  18.039 0.5000000000
24671  21.218  -65.121  20.152 0.6000000238
24700  13.879  -64.664  18.305 0.6000000238
138604  18.521  -58.947  13.427 0.6999999881
124679  18.208  -65.047  20.517 0.6000000238
135400  16.258  -64.568  19.484 0.6000000238
25583  19.742  -63.159  20.455 0.6000000238
25584  18.997  -63.440  20.331 0.6000000238
24675  17.810  -64.289  19.996 0.6000000238
24683  15.471  -64.571  19.230 0.6000000238
24684  14.682  -64.667  18.810 0.6000000238
24672  20.495  -64.487  20.439 0.6000000238
24698  15.088  -63.872  18.794 0.6000000238
25581  21.252  -64.114  20.204 0.6000000238
25603  23.537  -63.288  18.721 0.6000000238
31350  18.620  -57.597  13.424 0.6999999881
32255  18.075  -56.916  13.214 0.6999999881
25582  20.486  -63.597  20.440 0.6000000238
25591  17.697  -63.448  19.659 0.6999999881
128499  16.862  -63.248  19.346 0.6999999881
131845  22.205  -62.796  19.730 0.6000000238
33890  17.573  -54.884  12.735 0.6999999881
26507  19.139  -62.675  20.297 0.6999999881
137155  20.917  -62.205  20.442 0.6999999881
26506  19.750  -62.520  20.442 0.6999999881
132877  18.049  -62.155  19.678 0.6999999881
26520  16.833  -62.297  19.187 0.6999999881
25592  15.970  -63.713  19.172 0.6000000238
25605  16.161  -62.744  18.913 0.6999999881
26532  16.249  -61.884  18.754 0.6000000238
25607  14.606  -63.268  18.351 0.5000000000
34757  17.228  -53.409  12.095 0.8000000119
27461  20.644  -61.393  20.489 0.6999999881
27463  18.682  -62.083  20.006 0.6999999881
28493  18.398  -60.537  19.863 0.6999999881
27476  16.795  -61.569  19.055 0.6999999881
125712  14.130  -62.045  17.490 0.5000000000
128742  17.622  -60.274  19.449 0.6999999881
28505  16.530  -60.279  18.760 0.6000000238
28506  15.734  -60.384  18.294 0.6000000238
47822  24.135  -39.962  9.969 0.6999999881
44770  28.550  -42.494  12.447 0.6999999881
44791  27.325  -42.436  11.683 0.6999999881
45825  25.994  -41.244  10.743 0.6999999881
45768  30.101  -42.056  13.046 0.6000000238
45784  29.728  -41.624  12.440 0.6000000238
46890  25.539  -40.509  10.367 0.6999999881
47821  25.050  -39.934  9.862 0.6999999881
146216  23.618  -39.527  9.582 0.6999999881
47837  22.775  -39.372  9.603 0.6999999881
45767  30.620  -41.631  13.480 0.6000000238
45805  29.356  -41.164  11.834 0.6000000238
45807  27.582  -41.586  11.334 0.6999999881
46889  26.495  -40.484  10.383 0.6999999881
46850  30.892  -40.963  13.244 0.6000000238
47836  24.456  -39.368  9.290 0.6999999881
48756  23.491  -38.298  8.208 0.6999999881
45783  30.406  -41.398  12.778 0.6000000238
46873  29.778  -40.504  11.621 0.6000000238
46887  28.605  -39.962  10.663 0.6000000238
125755  27.822  -40.156  10.454 0.6999999881
47820  26.105  -39.837  9.809 0.6999999881
130247  25.112  -38.959  8.814 0.6999999881
48755  24.372  -38.703  8.544 0.6999999881
49753  24.366  -38.146  7.868 0.6999999881
46862  30.646  -40.777  12.619 0.6000000238
46872  30.539  -40.250  12.080 0.6000000238
46886  29.480  -39.956  11.108 0.5000000000
47818  28.021  -39.672  10.214 0.6000000238
48735  27.461  -38.714  9.172 0.5000000000
48737  25.859  -38.869  8.811 0.6999999881
49767  25.699  -37.655  7.453 0.6999999881
50643  25.064  -37.183  6.943 0.6999999881
54777  28.190  -32.327  0.770 0.3000000119
53579  27.467  -32.733  0.322 0.3000000119
53580  26.918  -32.926  0.135 0.3000000119
146094  16.004  -72.488  21.776 0.4000000060
17420  14.630  -72.428  22.237 0.3000000119
17422  12.536  -72.655  22.085 0.4000000060
17438  18.059  -72.193  20.406 0.3000000119
18267  13.935  -71.695  21.942 0.4000000060
144956  19.755  -70.626  18.635 0.4000000060
148228  13.983  -70.644  20.905 0.4000000060
19203  19.804  -70.245  17.831 0.4000000060
133000  19.708  -69.226  16.676 0.4000000060
21040  19.860  -68.314  16.415 0.4000000060
22893  19.975  -66.967  15.847 0.5000000000
23840  18.800  -65.429  14.069 0.4000000060
19176  14.311  -70.031  19.839 0.4000000060
25672  18.445  -63.270  13.310 0.5000000000
20089  14.183  -69.570  19.185 0.5000000000
27544  18.355  -60.934  13.265 0.6000000238
20095  13.904  -68.897  18.761 0.5000000000
21939  14.577  -67.177  19.454 0.5000000000
21029  13.262  -68.438  18.213 0.5000000000
29572  17.953  -59.531  13.102 0.6000000238
149819  13.229  -66.725  18.399 0.5000000000
22876  12.320  -66.087  17.361 0.4000000060
30425  18.258  -58.282  13.237 0.6999999881
24719  13.624  -63.964  17.832 0.5000000000
33070  17.589  -55.665  12.795 0.6999999881
26548  14.059  -62.823  17.782 0.5000000000
125433  17.462  -54.906  12.388 0.8000000119
33922  17.559  -54.699  11.944 0.6999999881
26549  13.385  -62.472  17.135 0.5000000000
27503  14.116  -61.082  17.201 0.6000000238
42102  29.607  -45.093  19.266 0.6000000238
42952  30.242  -43.716  19.157 0.6000000238
45766  31.060  -41.173  14.000 0.6000000238
141757  31.083  -39.701  12.275 0.5000000000
47816  30.144  -39.339  10.949 0.5000000000
48724  29.665  -38.827  10.285 0.5000000000
48734  28.333  -38.603  9.413 0.5000000000
49751  27.686  -37.634  8.175 0.5000000000
49765  27.308  -37.201  7.577 0.5000000000
50656  26.526  -36.363  6.557 0.5000000000
55858  28.781  -31.096  0.184 0.3000000119
54787  27.182  -32.186  -0.215 0.3000000119
25589  22.873  -63.524  19.358 0.6000000238
125786  22.785  -64.346  19.312 0.6000000238
23767  22.849  -65.563  18.423 0.6000000238
28492  18.872  -59.641  20.161 0.8000000119
28566  19.838  -60.593  14.195 0.6999999881
30424  19.009  -58.347  13.645 0.6999999881
33871  18.000  -55.318  13.178 0.6999999881
44790  28.173  -42.137  11.798 0.6999999881
50657  25.637  -36.498  6.438 0.6000000238
34743  17.319  -53.738  12.302 0.8000000119
33921  17.929  -54.906  11.617 0.6999999881
45824  26.975  -41.101  10.787 0.6999999881
18264  17.004  -71.593  21.435 0.4000000060
134729  18.966  -70.170  20.779 0.4000000060
18287  19.199  -71.349  19.989 0.3000000119
20073  20.395  -69.131  19.977 0.5000000000
19155  14.509  -70.389  20.701 0.5000000000
131729  19.363  -67.073  15.407 0.3000000119
24773  18.502  -64.713  13.622 0.4000000060
149060  13.684  -70.312  19.141 0.5000000000
27489  15.637  -61.341  18.352 0.6000000238
134564  25.467  -39.382  9.312 0.6999999881
48738  23.352  -38.932  8.979 0.6999999881
45806  28.504  -41.340  11.530 0.6999999881
127028  28.929  -40.585  11.301 0.6000000238
45823  27.971  -40.759  10.893 0.6999999881
47819  27.177  -39.858  10.110 0.6999999881
126327  30.134  -39.930  11.464 0.6000000238
47817  29.332  -39.470  10.594 0.5000000000
47834  27.782  -39.259  9.712 0.6000000238
134565  26.192  -39.246  9.278 0.6999999881
48754  25.372  -38.357  8.124 0.6999999881
143558  24.959  -37.787  7.549 0.6999999881
47810  30.699  -39.530  11.678 0.5000000000
48725  28.707  -39.169  10.078 0.5000000000
48752  27.174  -38.253  8.585 0.5000000000
48753  26.358  -38.382  8.375 0.5000000000
50641  26.893  -36.806  7.045 0.5000000000
50642  26.075  -37.073  6.886 0.6999999881
47806  31.506  -39.369  12.751 0.5000000000
48733  29.203  -38.382  9.638 0.5000000000
49743  28.784  -37.922  9.078 0.5000000000
50640  27.634  -36.467  7.215 0.5000000000
32274  17.410  -57.042  12.098 0.6000000238
126101  17.570  -55.411  11.941 0.6000000238
33919  19.726  -54.327  11.078 0.5000000000
33094  17.945  -55.889  11.619 0.6000000238
33939  18.194  -54.144  11.392 0.6000000238
34772  20.768  -53.488  10.643 0.5000000000
123391  19.774  -53.694  10.770 0.5000000000
34773  19.018  -53.324  10.855 0.6000000238
130701  14.372  -58.514  16.759 0.5000000000
34774  18.245  -53.104  11.226 0.6000000238
34771  21.736  -52.920  10.543 0.5000000000
124109  20.449  -52.123  10.446 0.5000000000
35631  22.195  -51.928  10.478 0.5000000000
30382  14.349  -57.614  16.615 0.4000000060
30397  13.550  -57.861  15.911 0.4000000060
31321  13.436  -56.636  15.782 0.4000000060
35632  21.238  -52.234  10.452 0.5000000000
147954  22.911  -51.267  10.426 0.5000000000
37438  21.326  -50.607  10.318 0.5000000000
32233  13.459  -55.591  15.733 0.4000000060
38454  22.839  -49.322  9.545 0.5000000000
37437  22.073  -50.392  10.303 0.5000000000
33024  14.351  -54.238  16.196 0.4000000060
38351  20.684  -48.646  18.362 0.4000000060
38363  19.450  -49.013  17.284 0.4000000060
37329  19.218  -49.952  18.672 0.4000000060
37330  18.488  -50.653  18.810 0.3000000119
144170  24.536  -46.126  22.360 0.4000000060
41227  23.593  -46.948  22.264 0.4000000060
39314  21.952  -48.532  19.966 0.4000000060
39315  21.302  -48.715  19.600 0.4000000060
42045  24.501  -45.223  22.724 0.4000000060
40321  22.320  -48.273  20.944 0.4000000060
38329  20.584  -49.137  19.705 0.4000000060
40303  21.823  -48.192  22.015 0.4000000060
39299  21.532  -48.657  20.964 0.4000000060
38352  20.057  -49.110  18.470 0.4000000060
37303  19.621  -49.916  20.161 0.4000000060
40320  22.932  -47.906  21.154 0.4000000060
40302  23.014  -47.428  22.236 0.4000000060
42070  25.202  -45.662  22.343 0.4000000060
41205  23.910  -46.123  22.541 0.4000000060
41206  23.147  -46.322  22.929 0.4000000060
133998  22.574  -48.027  21.779 0.4000000060
137080  22.477  -46.799  22.965 0.4000000060
124801  21.324  -47.591  22.960 0.4000000060
134699  20.546  -48.884  21.559 0.4000000060
41208  20.600  -46.877  23.376 0.4000000060
39286  19.996  -48.437  22.377 0.4000000060
38310  20.150  -49.444  21.030 0.4000000060
42082  28.061  -45.800  21.256 0.4000000060
42892  25.247  -44.754  22.561 0.4000000060
149105  24.737  -44.356  22.833 0.4000000060
42046  23.652  -45.314  23.193 0.4000000060
42081  28.739  -45.328  20.728 0.5000000000
133137  28.159  -44.850  21.396 0.4000000060
42918  27.357  -44.389  21.872 0.4000000060
42920  25.812  -44.291  22.462 0.4000000060
42893  24.109  -44.368  23.211 0.4000000060
42894  23.126  -44.312  23.530 0.4000000060
42047  22.283  -45.882  23.457 0.4000000060
41207  21.577  -46.588  23.347 0.4000000060
42048  21.278  -45.237  23.502 0.4000000060
43814  30.101  -43.658  19.785 0.5000000000
42936  29.748  -43.977  20.251 0.5000000000
43799  28.615  -43.250  21.213 0.5000000000
142565  27.508  -43.749  21.785 0.4000000060
44659  26.666  -42.808  21.871 0.4000000060
43780  26.032  -43.454  22.372 0.4000000060
43759  24.524  -43.627  22.828 0.4000000060
42895  22.207  -44.785  23.522 0.4000000060
43798  29.385  -43.361  20.600 0.5000000000
133551  27.636  -43.094  21.637 0.4000000060
43781  25.122  -43.040  22.547 0.4000000060
44643  24.260  -42.832  22.618 0.4000000060
44685  29.005  -42.653  20.692 0.4000000060
44687  27.255  -42.201  21.400 0.4000000060
44660  25.727  -42.551  22.041 0.4000000060
44661  24.814  -42.320  22.115 0.4000000060
45690  28.522  -41.242  20.133 0.4000000060
46764  28.069  -40.442  19.664 0.4000000060
46744  27.256  -40.825  20.212 0.4000000060
46745  26.240  -40.915  20.380 0.4000000060
46746  25.321  -40.697  20.228 0.4000000060
43822  30.391  -43.095  18.673 0.5000000000
45718  30.102  -41.422  18.967 0.5000000000
46762  29.427  -41.313  19.557 0.4000000060
47714  27.150  -40.050  19.474 0.4000000060
46765  26.192  -40.271  19.757 0.4000000060
46766  25.349  -40.116  19.640 0.3000000119
44735  30.730  -42.387  16.829 0.5000000000
44711  29.434  -42.027  20.221 0.5000000000
45659  28.603  -42.008  20.603 0.4000000060
45660  26.768  -41.502  20.864 0.4000000060
45640  26.277  -42.042  21.448 0.4000000060
45662  24.843  -41.314  20.759 0.4000000060
137736  27.763  -41.687  20.747 0.4000000060
45661  25.786  -41.382  20.844 0.4000000060
45717  30.484  -41.644  18.207 0.5000000000
46763  28.887  -40.689  19.549 0.4000000060
46786  27.867  -39.816  19.239 0.4000000060
47716  25.718  -39.646  19.190 0.3000000119
45739  30.796  -41.686  17.347 0.5000000000
46783  30.300  -40.810  18.346 0.5000000000
46784  29.558  -40.544  18.960 0.4000000060
46785  28.678  -40.061  19.194 0.4000000060
47728  27.171  -39.449  18.736 0.4000000060
47715  26.460  -39.667  19.163 0.3000000119
47729  25.281  -39.260  18.587 0.3000000119
130248  24.894  -39.683  19.235 0.3000000119
46827  31.097  -40.927  16.959 0.5000000000
144067  31.354  -41.101  16.124 0.4000000060
46839  31.550  -40.778  15.337 0.5000000000
46808  30.014  -39.964  18.277 0.3000000119
47727  29.180  -39.671  18.612 0.4000000060
125729  28.196  -39.467  18.704 0.4000000060
48628  26.866  -38.967  18.112 0.3000000119
133497  26.201  -39.212  18.489 0.3000000119
48631  24.828  -38.832  18.077 0.3000000119
47730  24.408  -39.323  18.656 0.3000000119
47771  30.956  -40.055  16.932 0.3000000119
46826  31.371  -40.432  16.208 0.4000000060
138283  31.639  -40.025  14.585 0.4000000060
46849  31.348  -40.489  13.809 0.4000000060
46861  31.226  -40.234  12.862 0.4000000060
47749  29.554  -39.224  17.926 0.3000000119
47750  28.589  -39.007  18.145 0.3000000119
47751  27.619  -38.969  18.134 0.3000000119
48629  26.336  -38.737  17.744 0.3000000119
48630  25.612  -38.791  17.979 0.3000000119
48632  23.981  -38.833  18.103 0.3000000119
47752  23.080  -38.965  17.938 0.3000000119
47748  30.332  -39.541  17.526 0.3000000119
142966  25.184  -38.606  17.514 0.3000000119
48645  24.515  -38.547  17.457 0.3000000119
48646  23.693  -38.531  17.391 0.3000000119
144683  31.228  -39.738  16.338 0.3000000119
47790  31.565  -39.785  15.569 0.3000000119
47792  31.691  -39.138  14.297 0.3000000119
47802  31.570  -39.674  13.619 0.4000000060
47809  31.378  -39.120  11.998 0.4000000060
48718  30.941  -38.818  11.341 0.4000000060
48732  30.076  -38.090  9.872 0.4000000060
48751  28.034  -38.139  8.764 0.4000000060
48647  22.895  -38.517  17.203 0.3000000119
48664  30.607  -38.561  16.576 0.3000000119
126685  30.001  -38.569  17.272 0.3000000119
132745  30.720  -39.247  16.808 0.3000000119
47770  31.150  -39.074  16.137 0.3000000119
136041  31.836  -38.304  14.372 0.3000000119
48715  31.723  -38.600  12.530 0.3000000119
49732  31.886  -37.535  11.546 0.3000000119
48717  31.623  -38.366  11.771 0.4000000060
48722  31.298  -38.064  11.021 0.4000000060
49742  29.527  -37.542  9.264 0.4000000060
49749  29.284  -37.001  8.643 0.4000000060
49750  28.563  -37.396  8.456 0.4000000060
50627  28.115  -36.909  7.755 0.4000000060
48693  31.475  -38.859  15.461 0.3000000119
49735  31.541  -37.297  10.703 0.3000000119
50619  30.721  -36.454  9.411 0.4000000060
50620  29.957  -36.719  9.043 0.4000000060
50626  28.882  -36.567  8.033 0.4000000060
51478  29.124  -35.275  7.347 0.4000000060
51479  27.796  -35.766  6.788 0.4000000060
51491  27.096  -35.672  6.278 0.4000000060
51492  26.171  -35.857  6.063 0.5000000000
50611  32.065  -36.623  11.227 0.3000000119
50615  31.879  -36.022  10.560 0.3000000119
50624  30.356  -36.010  8.756 0.4000000060
51468  30.495  -35.268  8.403 0.4000000060
143092  30.208  -34.803  7.897 0.4000000060
50638  29.188  -35.888  7.768 0.4000000060
52443  29.709  -34.661  7.451 0.3000000119
51490  28.458  -35.179  6.837 0.4000000060
149620  27.323  -35.067  5.872 0.3000000119
51513  26.658  -35.248  5.695 0.3000000119
51514  25.792  -35.348  5.540 0.4000000060
52476  27.103  -34.643  5.410 0.3000000119
52477  26.297  -34.730  5.170 0.3000000119
147948  32.240  -35.857  11.225 0.3000000119
51453  31.800  -35.475  9.938 0.3000000119
51460  31.118  -35.595  9.178 0.3000000119
51467  31.201  -34.860  8.706 0.3000000119
52434  30.728  -34.471  8.244 0.3000000119
52442  30.279  -34.189  7.685 0.3000000119
52456  29.783  -33.813  7.057 0.3000000119
53522  29.022  -33.777  6.373 0.3000000119
52457  28.417  -34.467  6.321 0.3000000119
53523  28.276  -33.743  5.678 0.3000000119
54724  28.931  -33.109  5.885 0.3000000119
51452  32.455  -34.630  11.110 0.3000000119
128638  31.721  -34.807  9.370 0.3000000119
53491  30.786  -33.816  8.058 0.3000000119
53508  30.454  -33.556  7.561 0.3000000119
54723  29.561  -32.995  6.474 0.3000000119
54733  28.416  -32.757  5.181 0.3000000119
53530  27.648  -33.441  4.921 0.3000000119
54732  29.268  -32.226  5.800 0.3000000119
55822  28.396  -31.514  4.380 0.3000000119
43797  29.982  -43.245  20.119 0.5000000000
43813  30.280  -43.119  19.488 0.5000000000
32265  17.602  -57.011  12.683 0.6000000238
31370  17.550  -57.677  11.906 0.5000000000
32285  17.818  -56.767  11.617 0.5000000000
33092  19.795  -55.051  11.365 0.5000000000
32284  18.842  -56.515  11.580 0.5000000000
34770  22.583  -53.584  10.687 0.5000000000
33937  21.190  -54.290  10.870 0.5000000000
29509  16.723  -59.551  18.916 0.6000000238
28517  15.093  -60.045  17.715 0.6000000238
138623  15.678  -58.929  18.170 0.6000000238
29523  14.705  -59.329  17.329 0.5000000000
29538  13.887  -59.207  16.500 0.5000000000
131840  13.067  -58.685  15.616 0.5000000000
138622  12.449  -58.386  15.453 0.5000000000
30413  12.059  -57.609  15.278 0.4000000060
32234  12.091  -56.633  15.340 0.4000000060
141694  12.439  -56.133  15.718 0.4000000060
123406  13.013  -54.728  15.634 0.4000000060
36390  16.762  -51.597  17.655 0.3000000119
36370  17.293  -51.589  18.725 0.3000000119
37304  18.698  -50.679  19.875 0.4000000060
39287  19.008  -48.361  22.464 0.4000000060
124218  19.706  -47.021  23.298 0.4000000060
43760  23.719  -43.433  23.150 0.4000000060
123886  20.714  -45.967  23.522 0.4000000060
42898  19.552  -44.356  23.335 0.4000000060
43761  22.715  -43.172  23.270 0.4000000060
144641  22.220  -43.853  23.487 0.4000000060
44662  23.908  -42.173  22.024 0.4000000060
43762  21.701  -43.110  23.242 0.4000000060
46767  24.629  -40.264  19.738 0.4000000060
45642  24.395  -41.755  21.352 0.4000000060
46747  24.326  -40.755  20.289 0.4000000060
47717  24.075  -39.763  19.321 0.3000000119
47731  23.431  -39.511  18.684 0.3000000119
142099  22.718  -40.081  19.066 0.3000000119
126818  22.955  -52.729  10.598 0.5000000000
35542  15.765  -52.692  17.236 0.4000000060
41209  18.885  -47.016  23.140 0.4000000060
142357  19.189  -46.460  23.314 0.4000000060
44644  23.318  -42.622  22.629 0.4000000060
44645  22.166  -42.445  22.385 0.4000000060
33842  14.098  -53.549  16.035 0.4000000060
127853  25.829  -46.087  21.960 0.4000000060
44732  30.495  -42.478  17.868 0.5000000000
45764  31.438  -40.787  14.515 0.5000000000
144310  26.794  -44.982  22.064 0.4000000060
48723  30.505  -38.488  10.608 0.4000000060
50655  27.211  -36.222  6.749 0.4000000060
50639  28.459  -35.997  7.383 0.4000000060
33920  18.886  -54.628  11.316 0.6000000238
143086  20.377  -54.117  10.849 0.5000000000
124116  21.682  -53.735  10.694 0.5000000000
39285  20.952  -48.417  22.117 0.4000000060
40285  20.449  -47.816  22.899 0.4000000060
39300  19.573  -48.993  21.880 0.4000000060
42937  28.929  -44.244  20.853 0.5000000000
43779  26.996  -43.604  22.121 0.4000000060
42896  21.429  -44.020  23.486 0.4000000060
144898  19.840  -46.052  23.470 0.4000000060
44686  28.204  -42.437  21.159 0.4000000060
44684  29.656  -42.771  20.334 0.5000000000
45641  25.305  -41.859  21.423 0.4000000060
44725  30.353  -42.353  18.990 0.5000000000
45689  29.950  -41.952  19.551 0.5000000000
44710  30.032  -42.588  19.843 0.5000000000
130958  30.680  -41.088  17.702 0.5000000000
46807  30.598  -40.389  17.641 0.4000000060
124730  31.691  -39.337  14.935 0.3000000119
48712  31.775  -38.713  13.478 0.3000000119
49736  30.847  -37.711  10.275 0.4000000060
49741  30.397  -37.263  9.618 0.4000000060
49683  31.478  -37.969  15.207 0.3000000119
50625  29.654  -36.194  8.319 0.4000000060
50618  31.412  -36.217  9.857 0.3000000119
52444  29.106  -34.536  6.867 0.3000000119
51512  27.835  -35.116  6.311 0.4000000060
145343  32.230  -35.348  10.752 0.3000000119
52424  32.233  -34.755  10.197 0.3000000119
134476  31.530  -33.946  8.761 0.3000000119
54742  28.782  -31.871  5.004 0.3000000119
42897  20.461  -44.186  23.509 0.4000000060
23789  12.734  -65.308  17.514 0.4000000060
127407  12.929  -63.833  17.134 0.4000000060
24740  12.055  -64.470  16.146 0.4000000060
127194  11.947  -63.733  15.788 0.3000000119
25622  13.434  -63.244  17.423 0.4000000060
26570  12.376  -62.219  15.800 0.3000000119
26601  17.808  -62.807  12.645 0.5000000000
27518  13.350  -60.972  16.416 0.5000000000
27519  12.695  -61.406  15.881 0.3000000119
28579  17.766  -60.281  12.937 0.5000000000
29586  17.583  -59.801  12.524 0.5000000000
27566  17.513  -61.550  12.248 0.5000000000
28518  14.433  -60.133  17.212 0.5000000000
28536  13.665  -60.247  16.518 0.4000000060
138260  17.692  -59.044  12.541 0.5000000000
28599  17.620  -60.762  11.750 0.5000000000
147987  17.816  -59.781  11.679 0.3000000119
30444  17.557  -58.403  12.193 0.5000000000
29596  17.604  -59.350  12.024 0.4000000060
149120  17.724  -57.887  11.752 0.4000000060
29603  18.319  -59.766  11.472 0.3000000119
29604  17.880  -59.062  11.686 0.3000000119
30453  19.238  -59.341  11.477 0.3000000119
132130  18.675  -58.076  11.546 0.3000000119
31380  20.405  -57.650  11.527 0.3000000119
134626  19.613  -58.428  11.557 0.3000000119
31381  19.311  -57.479  11.558 0.4000000060
31382  18.232  -57.425  11.529 0.4000000060
30400  11.926  -57.562  15.421 0.3000000119
33107  21.733  -55.214  11.183 0.4000000060
129736  21.450  -55.910  11.319 0.4000000060
136311  20.074  -56.805  11.521 0.4000000060
30399  11.866  -57.468  15.824 0.3000000119
33843  13.861  -53.734  15.890 0.3000000119
38330  18.492  -50.217  20.922 0.3000000119
38311  19.090  -49.603  21.409 0.3000000119
38312  18.026  -49.478  21.599 0.3000000119
39301  18.549  -48.901  22.005 0.3000000119
39288  18.061  -48.169  22.380 0.3000000119
40287  18.508  -47.602  22.764 0.3000000119
42877  19.329  -45.212  23.413 0.3000000119
43763  20.751  -43.244  23.221 0.3000000119
43764  19.793  -43.439  23.007 0.3000000119
131707  18.749  -44.599  22.998 0.3000000119
42899  17.907  -44.835  22.597 0.3000000119
45643  23.533  -41.684  21.212 0.3000000119
44663  22.956  -42.014  21.763 0.3000000119
44646  21.123  -42.605  22.540 0.3000000119
44647  20.214  -42.779  22.360 0.3000000119
45663  23.952  -41.288  20.695 0.3000000119
139207  23.165  -41.360  20.531 0.3000000119
45644  22.055  -41.837  21.219 0.3000000119
44664  21.404  -42.198  21.723 0.3000000119
44665  20.658  -42.342  21.615 0.3000000119
45691  22.089  -41.230  19.921 0.3000000119
45665  21.670  -41.521  20.345 0.3000000119
45645  21.062  -41.868  20.895 0.3000000119
140991  23.808  -40.391  19.752 0.3000000119
46748  23.486  -40.888  20.168 0.3000000119
46749  22.737  -41.091  19.966 0.3000000119
45692  21.417  -41.211  19.610 0.3000000119
26600  18.396  -62.485  13.203 0.5000000000
33108  20.801  -55.498  11.346 0.4000000060
31308  12.145  -56.686  16.077 0.3000000119
144009  18.362  -44.135  22.490 0.3000000119
144129  22.821  -41.651  21.006 0.3000000119
28537  12.827  -60.368  15.719 0.3000000119
29556  12.494  -59.287  15.492 0.3000000119
29541  11.776  -59.258  15.675 0.3000000119
18310  12.453  -71.053  19.771 0.4000000060
18321  12.572  -71.040  18.853 0.4000000060
19194  13.295  -70.758  18.353 0.4000000060
149318  13.175  -71.144  16.077 0.4000000060
19227  13.527  -70.529  15.525 0.3000000119
19193  13.676  -70.341  18.090 0.4000000060
19215  13.579  -70.649  16.570 0.4000000060
20106  13.402  -69.864  16.978 0.4000000060
22923  19.139  -66.032  14.610 0.3000000119
20105  13.583  -69.592  17.947 0.4000000060
21056  12.209  -68.900  15.784 0.3000000119
21042  11.539  -67.913  15.874 0.3000000119
21957  12.553  -67.807  17.744 0.4000000060
22895  11.396  -66.367  15.688 0.3000000119
21968  11.361  -67.041  15.245 0.3000000119
23809  11.312  -65.174  15.530 0.3000000119
139195  12.653  -66.856  17.919 0.4000000060
22894  11.707  -66.085  16.432 0.3000000119
23790  12.134  -65.250  16.721 0.3000000119
18335  11.995  -71.350  17.673 0.4000000060
138177  13.061  -71.221  17.040 0.4000000060
24741  11.639  -64.428  15.765 0.3000000119
19156  13.870  -70.491  20.271 0.3000000119
22915  10.550  -65.850  15.195 0.3000000119
17418  16.655  -72.379  21.374 0.4000000060
17419  15.488  -72.138  22.065 0.3000000119
17439  17.605  -72.780  20.360 0.3000000119
18266  15.669  -71.382  21.758 0.4000000060
18289  17.910  -71.423  21.039 0.4000000060
18309  13.149  -70.752  20.035 0.3000000119
18319  19.413  -71.140  19.200 0.4000000060
18322  11.834  -71.256  18.576 0.4000000060
18334  12.827  -71.137  17.950 0.4000000060
19133  18.412  -69.810  21.218 0.4000000060
19134  17.352  -70.762  21.474 0.4000000060
19152  19.306  -70.624  20.346 0.3000000119
19153  18.664  -70.867  20.700 0.4000000060
19154  15.304  -70.164  20.940 0.4000000060
19175  19.744  -70.560  19.709 0.3000000119
19177  13.077  -70.809  19.174 0.4000000060
19192  20.222  -69.908  18.443 0.4000000060
19204  13.587  -70.348  17.369 0.4000000060
19205  13.479  -70.818  17.496 0.4000000060
19216  13.174  -70.971  15.209 0.3000000119
20053  18.499  -69.074  21.274 0.4000000060
20054  17.900  -69.219  21.471 0.6000000238
20055  17.097  -69.302  21.548 0.5000000000
20074  19.912  -69.253  20.420 0.5000000000
20075  16.364  -69.195  21.276 0.5000000000
20076  15.567  -69.289  20.689 0.5000000000
20077  14.857  -69.717  20.273 0.4000000060
20087  20.518  -69.378  19.202 0.4000000060
20096  13.883  -69.786  18.581 0.5000000000
20104  20.030  -69.606  17.556 0.4000000060
20984  18.151  -68.620  21.402 0.6000000238
21001  14.930  -68.948  20.024 0.5000000000
21010  20.740  -68.629  19.678 0.5000000000
21019  14.177  -68.001  19.227 0.5000000000
21020  13.609  -67.979  18.759 0.5000000000
21027  20.898  -68.552  17.968 0.4000000060
21028  20.270  -68.842  17.315 0.4000000060
21030  12.857  -68.843  17.458 0.4000000060
21041  11.949  -68.169  16.854 0.3000000119
21912  21.096  -67.360  20.046 0.6000000238
21915  18.645  -67.144  21.199 0.6000000238
21916  16.894  -67.220  21.156 0.5000000000
21937  20.828  -68.031  20.058 0.5000000000
21948  21.289  -68.170  18.533 0.4000000060
21949  13.767  -67.100  18.918 0.5000000000
21950  13.142  -67.474  18.375 0.5000000000
21955  21.566  -67.357  17.751 0.4000000060
21958  11.960  -67.032  17.210 0.3000000119
21967  11.547  -67.124  16.273 0.3000000119
21982  19.619  -67.597  15.838 0.4000000060
22814  17.613  -67.079  21.307 0.6000000238
22819  21.281  -66.556  19.996 0.6000000238
22820  20.563  -66.699  20.411 0.6000000238
22823  16.391  -67.034  20.617 0.6000000238
22839  22.501  -66.012  19.065 0.6000000238
22841  16.425  -66.230  20.319 0.6000000238
22859  22.169  -66.738  18.871 0.5000000000
22861  13.641  -66.162  18.599 0.5000000000
22874  22.020  -66.890  18.042 0.5000000000
22891  21.583  -66.892  17.209 0.4000000060
22911  20.332  -66.297  15.647 0.5000000000
22912  19.547  -66.490  15.252 0.5000000000
22913  18.861  -66.796  14.737 0.3000000119
22914  11.163  -66.144  15.179 0.3000000119
23740  20.828  -65.898  20.306 0.6000000238
23741  19.920  -65.871  20.610 0.6000000238
23749  21.974  -65.550  19.602 0.6000000238
23752  15.816  -65.916  19.744 0.5000000000
23769  13.398  -65.364  18.194 0.6000000238
23805  22.258  -65.216  16.308 0.6000000238
23806  21.660  -66.316  16.660 0.6000000238
23807  21.126  -66.030  16.003 0.5000000000
23808  11.703  -65.150  15.954 0.3000000119
23827  11.047  -64.909  15.399 0.3000000119
23838  20.119  -65.162  14.799 0.6000000238
23841  11.010  -65.601  15.254 0.3000000119
24673  19.733  -64.865  20.547 0.6000000238
24674  18.805  -64.348  20.428 0.6000000238
24680  22.678  -65.195  19.175 0.6000000238
24681  21.989  -64.675  19.701 0.6000000238
24682  17.017  -64.554  19.691 0.6000000238
24697  23.194  -64.732  18.481 0.6000000238
24699  14.335  -63.979  18.377 0.6000000238
24718  23.363  -64.561  17.428 0.6000000238
24720  13.168  -64.609  17.660 0.4000000060
24721  12.518  -64.523  16.923 0.4000000060
24739  12.375  -63.756  16.318 0.4000000060
24754  21.827  -64.611  15.639 0.6000000238
24755  20.898  -64.760  15.152 0.6000000238
24757  11.288  -64.382  15.573 0.3000000119
24768  19.428  -64.717  14.248 0.6000000238
25590  22.010  -63.736  19.711 0.6000000238
25606  15.378  -63.054  18.651 0.6999999881
25620  23.703  -63.907  17.062 0.8000000119
25621  14.001  -63.445  17.994 0.5000000000
25640  23.122  -63.631  16.208 0.8000000119
25641  12.746  -62.947  16.570 0.3000000119
25642  12.190  -62.994  15.797 0.3000000119
26504  21.266  -63.079  20.257 0.6000000238
26505  20.388  -62.767  20.450 0.6999999881
26518  18.358  -62.878  19.879 0.6999999881
26519  17.539  -62.624  19.502 0.6999999881
26533  15.527  -62.201  18.478 0.5000000000
26534  14.770  -62.502  18.168 0.6000000238
26547  24.187  -62.531  17.435 0.8000000119
26567  23.950  -61.386  16.486 0.8999999762
26577  23.392  -61.770  16.018 0.8999999762
26588  21.096  -61.726  14.760 0.8000000119
26599  18.950  -62.626  13.608 0.6000000238
27460  21.439  -61.612  20.363 0.6999999881
27462  19.769  -61.271  20.429 0.6999999881
27475  17.456  -61.707  19.409 0.6999999881
27487  24.140  -61.398  18.753 1.0000000000
27488  16.373  -61.069  18.694 0.6000000238
27490  14.887  -61.665  17.911 0.5000000000
27501  24.323  -60.878  17.004 0.8999999762
27502  15.008  -60.791  17.789 0.6000000238
27504  13.390  -61.691  16.790 0.5000000000
27529  22.756  -61.180  15.684 0.8000000119
27531  12.184  -60.803  15.442 0.3000000119
27543  20.472  -61.217  14.509 0.8000000119
27557  17.962  -61.834  12.796 0.5000000000
28475  21.914  -60.113  20.555 0.8999999762
28489  24.108  -59.978  19.425 0.8999999762
28491  22.804  -60.499  20.090 0.8999999762
28494  17.082  -60.861  19.153 0.6999999881
28504  17.057  -60.107  19.139 0.8000000119
28534  24.210  -60.202  16.839 1.0000000000
28551  12.148  -59.992  15.437 0.3000000119
28567  19.027  -60.361  13.674 0.6999999881
28588  17.515  -60.169  12.100 0.5000000000
29498  18.101  -59.601  19.678 0.8999999762
29510  16.077  -59.602  18.460 0.6000000238
29522  15.403  -59.484  17.928 0.6000000238
29536  24.420  -59.588  17.043 1.0000000000
29537  23.886  -59.746  16.395 0.8999999762
29539  13.260  -59.599  15.859 0.5000000000
29540  11.717  -58.436  15.894 0.3000000119
29554  22.731  -59.787  15.664 0.8000000119
29557  12.144  -58.579  15.426 0.5000000000
29558  12.075  -58.616  15.462 0.3000000119
29571  18.776  -59.638  13.577 0.6999999881
29605  17.669  -60.120  11.794 0.3000000119
30341  22.386  -58.732  20.775 0.8999999762
30344  19.792  -58.093  20.485 0.8999999762
30362  17.737  -58.818  19.502 0.8000000119
30370  25.229  -58.142  18.543 1.0000000000
30381  15.020  -58.521  17.516 0.6999999881
30395  24.727  -58.825  17.218 1.0000000000
30398  12.543  -57.669  15.394 0.4000000060
30410  23.369  -59.204  15.879 0.8999999762
30412  22.104  -58.610  15.294 0.8000000119
30414  12.037  -57.850  15.315 0.4000000060
30435  17.766  -58.319  12.690 0.5000000000
30454  18.516  -58.836  11.537 0.3000000119
30455  17.939  -58.166  11.613 0.4000000060
30456  17.674  -58.401  11.883 0.4000000060
31282  18.973  -57.126  19.845 0.6999999881
31293  25.354  -57.430  18.493 1.0000000000
31296  16.142  -57.368  18.436 0.6000000238
31306  14.491  -56.650  16.627 0.5000000000
31322  12.620  -56.899  15.481 0.4000000060
31323  11.960  -56.834  15.366 0.3000000119
31337  12.078  -56.951  15.163 0.4000000060
31338  12.057  -57.106  15.144 0.4000000060
31347  21.706  -57.176  14.546 0.8000000119
31348  20.362  -58.011  14.215 0.8000000119
31351  17.880  -57.635  12.994 0.6999999881
31361  17.559  -57.683  12.382 0.5000000000
31383  17.726  -57.481  11.682 0.4000000060
32173  23.175  -56.336  20.949 0.8999999762
32185  24.613  -56.929  19.843 0.8999999762
32186  24.037  -56.396  20.545 0.8999999762
32187  22.904  -57.110  20.959 0.8999999762
32203  25.515  -56.951  17.958 1.0000000000
32204  25.242  -56.640  18.953 0.8999999762
32205  17.309  -56.720  19.074 0.6000000238
32207  15.803  -56.564  18.150 0.6000000238
32219  14.340  -55.711  16.328 0.5000000000
32221  12.148  -56.461  15.452 0.4000000060
32243  23.619  -56.851  15.558 1.0000000000
32251  22.100  -56.615  14.530 0.8999999762
32254  19.812  -56.931  13.699 0.8000000119
32282  20.837  -56.308  11.445 0.4000000060
32283  19.884  -55.917  11.459 0.4000000060
32286  17.551  -56.966  11.809 0.5000000000
32966  22.723  -55.622  21.074 0.8999999762
32968  20.668  -55.842  20.638 0.8999999762
32976  19.028  -55.514  19.636 0.8000000119
32977  18.460  -56.081  19.490 0.6000000238
32978  17.652  -55.979  19.162 0.6999999881
32993  17.162  -55.260  18.650 0.6000000238
32994  16.315  -55.417  18.208 0.5000000000
32995  15.680  -55.752  17.693 0.5000000000
33006  15.516  -54.681  17.231 0.5000000000
33008  13.745  -54.834  15.829 0.4000000060
33023  24.752  -55.491  16.408 1.0000000000
33025  13.494  -54.026  15.772 0.4000000060
33026  13.151  -54.321  15.698 0.3000000119
33038  23.070  -55.787  14.783 0.8999999762
33056  18.103  -56.138  13.247 0.6999999881
33067  21.900  -55.264  13.660 0.8999999762
33068  21.373  -55.425  13.612 0.8999999762
33081  17.464  -55.844  12.207 0.6000000238
33093  18.855  -55.476  11.495 0.6000000238
33095  17.619  -56.259  11.836 0.6000000238
33109  20.585  -54.728  11.157 0.5000000000
33825  15.195  -53.557  16.520 0.5000000000
33885  22.200  -54.724  13.569 0.8999999762
33887  20.351  -54.431  13.137 0.8999999762
33888  19.159  -54.228  12.974 0.8999999762
33904  17.335  -54.152  12.278 0.8000000119
33938  18.995  -53.953  11.043 0.6000000238
34633  23.646  -53.490  20.818 1.0000000000
34634  22.712  -53.709  20.944 1.0000000000
34635  21.738  -53.831  20.758 1.0000000000
34641  24.406  -53.209  20.511 0.8999999762
34642  20.368  -53.411  19.778 0.6999999881
34643  19.663  -53.390  19.193 0.6999999881
34666  14.789  -53.250  16.638 0.4000000060
34704  24.288  -53.016  14.536 1.0000000000
34706  22.977  -53.837  13.679 0.8999999762
34725  18.097  -53.702  12.675 0.8999999762
34726  17.434  -54.296  12.475 0.8000000119
35505  22.065  -53.038  20.765 0.8999999762
35506  21.160  -53.098  20.418 0.6999999881
35539  18.611  -51.124  17.144 0.6000000238
35541  16.943  -51.783  17.224 0.4000000060
35567  24.761  -52.490  15.096 1.0000000000
35596  23.138  -52.601  13.247 0.8999999762
35598  20.442  -52.686  12.595 0.8999999762
35633  19.874  -52.855  10.577 0.5000000000
35634  18.801  -52.530  10.772 0.6999999881
35635  18.023  -52.531  11.291 0.6000000238
35636  17.503  -52.870  11.687 0.6999999881
36354  23.029  -51.884  20.698 0.8000000119
36369  17.776  -50.674  18.030 0.3000000119
36386  26.531  -51.241  18.257 1.0000000000
36388  19.416  -50.955  17.317 0.6000000238
36402  18.918  -50.363  16.637 0.6000000238
36441  25.045  -51.125  14.687 1.0000000000
36442  24.558  -51.339  14.183 1.0000000000
36458  23.976  -51.174  13.433 1.0000000000
36462  20.857  -51.843  12.523 0.8999999762
36463  19.878  -52.015  12.509 0.8999999762
36476  17.154  -51.830  11.836 0.8999999762
36477  16.947  -51.141  12.224 0.8999999762
36483  16.772  -50.937  11.719 0.8999999762
36489  22.063  -51.028  10.439 0.5000000000
36490  21.100  -51.461  10.396 0.5000000000
37325  25.473  -50.805  20.414 0.8999999762
37326  22.110  -49.476  19.662 0.6999999881
37328  20.776  -50.050  18.098 0.6000000238
37347  18.435  -49.888  17.400 0.4000000060
37355  27.321  -50.101  17.474 1.0000000000
37357  19.616  -49.157  16.679 0.5000000000
37358  18.908  -49.590  16.588 0.5000000000
37436  22.866  -50.576  10.258 0.5000000000
37439  20.459  -50.815  10.324 0.6000000238
37442  17.346  -50.418  10.725 0.8000000119
37443  16.378  -50.333  10.961 0.8000000119
37453  22.522  -49.915  10.041 0.5000000000
38349  21.661  -48.764  19.039 0.6000000238
38350  21.091  -48.694  18.154 0.6000000238
38361  20.602  -48.668  17.621 0.6000000238
38362  20.140  -48.664  17.046 0.6000000238
38364  18.880  -49.389  16.786 0.5000000000
38423  16.929  -50.121  12.541 0.8999999762
38424  16.229  -49.978  12.197 0.8999999762
38430  23.984  -49.144  12.662 1.0000000000
38444  19.285  -49.534  10.160 0.8000000119
38445  18.370  -49.913  10.357 0.8000000119
38455  21.281  -49.232  9.809 0.6000000238
39312  23.763  -48.434  20.537 0.6000000238
39324  27.001  -48.768  20.076 0.6999999881
39327  21.355  -48.714  18.821 0.5000000000
39328  19.860  -48.678  17.485 0.4000000060
39342  20.334  -48.659  17.485 0.4000000060
39353  19.880  -48.609  17.091 0.5000000000
39364  27.132  -49.014  16.056 1.0000000000
39374  26.644  -48.406  15.446 1.0000000000
39390  25.084  -48.375  13.577 1.0000000000
39391  24.486  -48.634  13.036 1.0000000000
39405  22.925  -48.286  12.505 1.0000000000
39407  21.351  -47.931  12.482 1.0000000000
39418  15.118  -48.426  12.300 0.8999999762
39426  17.820  -48.349  10.326 0.6999999881
39429  15.323  -48.573  11.695 0.8000000119
40284  22.170  -47.486  22.588 0.4000000060
40286  19.415  -47.755  22.886 0.4000000060
40299  25.196  -47.202  21.430 0.5000000000
40300  24.413  -47.302  21.528 0.5000000000
40317  25.605  -47.649  20.990 0.5000000000
40347  27.865  -47.973  19.117 0.6999999881
40370  15.183  -46.887  13.155 0.8999999762
40375  25.378  -47.696  13.780 1.0000000000
40377  17.742  -47.351  12.858 0.8999999762
40379  15.449  -47.498  13.092 0.8999999762
40380  14.921  -47.281  12.957 0.8999999762
40458  23.368  -46.893  7.843 0.6000000238
41224  26.330  -46.418  21.503 0.5000000000
41226  24.187  -46.889  22.102 0.5000000000
41242  26.925  -46.934  21.214 0.6000000238
41267  28.427  -46.906  17.700 0.6999999881
41271  26.851  -46.025  15.948 0.8000000119
41291  20.953  -46.040  12.548 1.0000000000
41296  14.855  -46.915  12.944 0.8999999762
41306  22.372  -46.636  12.519 1.0000000000
41310  18.554  -46.789  12.804 0.8999999762
41320  16.978  -46.163  10.974 0.8000000119
41363  23.270  -46.298  10.076 0.6000000238
41365  21.226  -46.412  9.653 0.6000000238
41378  24.145  -46.572  8.324 0.6000000238
42028  19.070  -45.891  23.341 0.4000000060
42069  26.011  -45.115  22.263 0.4000000060
42117  28.567  -45.684  17.100 0.6999999881
42131  24.872  -44.809  14.310 0.8999999762
42132  20.385  -44.554  13.417 1.0000000000
42133  19.665  -44.460  13.553 1.0000000000
42135  17.094  -44.913  13.811 0.8999999762
42136  16.009  -45.181  13.471 0.8999999762
42148  18.441  -45.484  13.485 1.0000000000
42150  14.969  -45.397  12.849 0.8999999762
42175  19.631  -45.196  11.169 0.6999999881
42179  16.000  -45.762  11.493 0.8000000119
42180  15.077  -46.127  12.076 0.8999999762
42202  17.719  -45.803  10.454 0.6999999881
42212  19.308  -46.119  10.217 0.6999999881
42876  20.200  -45.149  23.556 0.4000000060
42919  26.527  -44.301  22.307 0.4000000060
42938  28.101  -43.927  21.552 0.4000000060
42953  29.907  -44.305  19.623 0.5000000000
42976  27.001  -44.787  16.140 0.8000000119
42985  26.590  -44.498  15.577 0.8000000119
42998  22.901  -43.789  13.790 0.8999999762
42999  22.039  -43.912  13.674 0.8999999762
43001  19.790  -43.952  13.682 1.0000000000
43002  18.976  -44.218  13.693 1.0000000000
43004  16.514  -44.454  13.695 0.8999999762
43012  24.110  -44.504  13.962 0.8999999762
43017  15.118  -44.654  13.040 0.8999999762
43057  18.229  -45.435  10.734 0.6999999881
43758  25.245  -43.875  22.640 0.4000000060
43765  18.997  -43.792  22.685 0.3000000119
43850  27.250  -43.956  14.447 0.8000000119
43851  26.506  -43.874  14.382 0.8000000119
43852  24.758  -43.614  14.044 0.8000000119
43870  24.212  -42.946  13.733 0.8000000119
43872  15.202  -43.268  12.587 0.8999999762
43879  27.545  -43.291  12.831 0.8000000119
43882  15.023  -42.956  12.090 0.8999999762
43891  19.374  -43.568  11.540 0.6999999881
43894  16.478  -43.431  11.414 0.6999999881
43908  24.313  -44.366  10.677 0.6000000238
43910  21.983  -43.282  11.090 0.6999999881
43912  15.593  -42.844  11.540 0.8000000119
44745  20.761  -43.136  13.557 1.0000000000
44746  19.791  -43.337  13.598 1.0000000000
44759  22.715  -42.819  13.589 0.8999999762
44762  19.178  -42.733  13.421 1.0000000000
44764  17.249  -42.341  13.147 1.0000000000
44769  29.322  -42.268  12.749 0.6999999881
44772  27.053  -43.089  12.212 0.8000000119
44794  24.359  -42.369  12.429 0.8000000119
44798  18.014  -42.928  11.337 0.6999999881
44800  15.273  -42.370  11.732 0.8000000119
44815  20.756  -41.882  10.448 0.6999999881
44818  18.288  -42.231  10.953 0.8000000119
44832  22.779  -41.424  9.208 0.5000000000
45664  22.421  -41.457  20.457 0.3000000119
45769  21.082  -42.139  12.877 0.8999999762
45774  16.419  -41.985  12.585 0.8999999762
45785  28.951  -41.837  12.122 0.6999999881
45787  23.173  -41.905  12.478 0.8999999762
45790  20.658  -41.620  12.484 0.8999999762
45793  16.736  -41.317  12.156 1.0000000000
45795  15.642  -42.004  12.151 0.8999999762
45811  23.590  -41.620  11.736 0.8000000119
45815  15.562  -41.884  11.729 0.8999999762
45828  20.087  -41.320  10.113 0.8000000119
45845  18.132  -40.496  9.842 0.8000000119
45846  17.226  -40.426  10.184 0.8000000119
46851  17.669  -41.337  12.381 0.8999999762
46863  30.105  -40.986  12.186 0.6000000238
46868  17.126  -40.773  11.668 0.8999999762
46878  20.514  -40.527  11.442 0.8999999762
46881  16.242  -40.718  10.965 0.8000000119
46888  27.278  -40.471  10.504 0.6999999881
46892  23.706  -40.495  10.540 0.6999999881
46895  17.167  -39.805  10.214 0.8000000119
46896  16.725  -40.431  10.599 0.8000000119
46903  20.845  -40.420  8.811 0.6000000238
46906  17.358  -39.412  9.945 0.8000000119
46915  22.590  -40.411  8.128 0.6000000238
46917  20.251  -39.953  8.358 0.6000000238
46929  22.143  -39.937  7.884 0.6000000238
47812  19.893  -39.840  10.911 0.8999999762
47813  18.869  -39.655  10.861 0.8999999762
47823  23.256  -39.926  10.081 0.6999999881
47835  26.887  -39.296  9.503 0.6999999881
47841  17.662  -38.872  9.837 0.8000000119
47851  18.190  -38.591  9.451 0.8000000119
47859  21.747  -39.512  7.533 0.6000000238
47862  19.332  -38.397  8.045 0.8000000119
47876  22.089  -39.252  7.128 0.6000000238
48643  26.442  -38.525  17.119 0.3000000119
48669  23.493  -38.244  16.783 0.3000000119
48719  18.210  -38.977  10.285 0.8999999762
48729  17.870  -38.611  9.921 0.8000000119
48736  26.644  -38.776  8.983 0.5000000000
48742  18.736  -37.843  9.020 0.8000000119
48743  18.289  -38.392  9.435 0.8000000119
48759  19.189  -37.868  8.556 0.8000000119
48781  22.708  -38.704  6.125 0.6000000238
48782  21.972  -38.811  6.556 0.6000000238
48784  20.079  -37.845  6.562 0.6000000238
49740  31.153  -36.973  9.978 0.3000000119
49744  20.318  -37.605  8.524 0.8999999762
49752  26.178  -38.008  7.821 0.6999999881
49754  23.663  -37.834  7.681 0.8000000119
49766  26.513  -37.451  7.443 0.6999999881
49768  24.270  -37.550  7.359 0.6999999881
49770  22.612  -37.124  7.244 0.8000000119
49806  19.399  -36.606  5.943 0.6000000238
50629  19.865  -36.529  7.544 0.8000000119
50645  20.657  -36.399  7.107 0.8000000119
50658  24.676  -36.475  6.372 0.8000000119
50661  19.479  -35.964  6.344 0.6999999881
50677  20.285  -36.027  5.492 0.6000000238
50678  19.539  -35.924  5.912 0.6000000238
50713  22.317  -35.576  3.914 0.6000000238
50722  26.127  -36.287  2.517 0.4000000060
51469  29.790  -35.409  7.888 0.4000000060
51481  19.949  -35.812  6.448 0.8000000119
51494  24.299  -35.841  5.853 0.6000000238
51516  24.016  -35.257  5.399 0.6000000238
51517  20.375  -35.164  5.383 0.6000000238
51531  20.634  -35.010  4.623 0.6000000238
51532  20.393  -34.717  4.911 0.6000000238
52475  27.780  -34.530  5.806 0.3000000119
52483  20.561  -34.263  4.786 0.6000000238
52497  20.660  -33.495  4.221 0.6000000238
52517  23.154  -33.884  2.449 0.6000000238
52519  21.582  -33.243  3.434 0.6000000238
52528  24.241  -33.754  1.774 0.4000000060
53533  20.762  -33.075  4.121 0.6000000238
53542  26.132  -33.559  4.109 0.4000000060
53546  20.885  -32.987  3.785 0.6000000238
53552  21.763  -32.926  3.523 0.6000000238
53560  23.617  -33.420  2.062 0.6000000238
53561  22.896  -33.101  2.486 0.6000000238
53571  23.487  -32.931  2.153 0.6000000238
53581  26.246  -33.083  0.563 0.3000000119
54755  26.840  -32.168  2.819 0.4000000060
54759  22.857  -32.572  2.948 0.6000000238
54768  25.125  -32.430  1.488 0.4000000060
54770  23.331  -32.671  2.493 0.5000000000
54771  22.572  -32.753  2.873 0.6000000238
54778  25.612  -32.074  0.982 0.4000000060
54789  26.144  -31.813  0.289 0.3000000119
54799  27.420  -31.616  -0.484 0.3000000119
55821  28.708  -30.801  4.270 0.3000000119
55850  28.496  -31.689  0.443 0.3000000119
123376  26.965  -32.654  3.685 0.4000000060
124111  20.808  -52.729  10.514 0.5000000000
124282  18.164  -52.034  11.038 0.6000000238
124442  21.666  -46.608  8.963 0.6000000238
124676  17.830  -50.632  17.049 0.4000000060
125167  18.704  -51.058  10.476 0.8000000119
125214  19.687  -61.524  14.153 0.6000000238
125696  18.221  -61.465  19.739 0.6999999881
125820  18.280  -66.273  21.073 0.6000000238
126467  22.272  -65.878  16.811 0.6000000238
127104  20.985  -37.525  5.801 0.6000000238
127382  22.477  -56.052  14.524 0.8999999762
127603  20.294  -46.788  9.587 0.6000000238
127762  17.634  -66.350  21.037 0.6000000238
128184  20.135  -62.023  20.469 0.6999999881
128247  21.256  -38.596  9.258 0.8999999762
128466  21.356  -42.502  10.821 0.6999999881
128506  22.871  -46.406  9.013 0.6000000238
128563  24.006  -62.641  18.298 0.8999999762
128713  21.191  -50.427  18.988 0.6000000238
129093  17.471  -56.403  12.441 0.6000000238
129263  22.900  -45.344  23.431 0.4000000060
129646  25.768  -52.417  18.803 1.0000000000
129762  17.669  -46.793  10.324 0.6999999881
130016  22.274  -52.824  12.745 0.8999999762
130167  12.378  -71.367  15.633 0.4000000060
130388  22.067  -49.402  9.788 0.6000000238
130451  21.635  -36.358  4.699 0.6000000238
130475  16.770  -40.355  11.026 0.8999999762
131554  17.685  -60.948  12.580 0.5000000000
131716  16.668  -64.003  19.426 0.6000000238
131957  19.653  -56.247  13.574 0.8000000119
131970  24.749  -55.023  20.000 0.8999999762
132134  20.906  -56.770  20.854 0.8999999762
132196  24.600  -59.752  18.759 1.0000000000
132412  19.608  -69.989  20.384 0.5000000000
132597  31.629  -36.646  10.415 0.3000000119
132685  21.033  -40.011  8.366 0.6000000238
133395  18.727  -42.256  13.108 1.0000000000
133441  20.920  -49.017  20.616 0.4000000060
133844  17.499  -39.876  9.793 0.8000000119
134173  26.324  -45.781  15.443 0.8000000119
134380  17.190  -42.108  10.840 0.8000000119
134964  24.572  -48.526  20.608 0.6000000238
135180  22.907  -44.874  13.329 1.0000000000
135275  26.875  -37.838  7.993 0.5000000000
135367  21.818  -56.926  21.150 0.8999999762
135378  20.120  -58.895  20.649 0.8999999762
135507  17.225  -63.919  19.567 0.6000000238
135633  11.841  -58.177  15.694 0.3000000119
135889  25.230  -57.302  17.046 1.0000000000
135944  11.422  -65.727  15.671 0.3000000119
136021  19.294  -68.124  15.685 0.3000000119
136022  15.000  -44.002  12.771 0.8999999762
136278  21.004  -33.524  4.603 0.6000000238
136654  20.991  -58.214  14.576 0.8000000119
136683  17.494  -54.148  11.884 0.6999999881
136698  22.958  -64.918  16.811 0.8000000119
136794  18.137  -58.058  19.581 0.6999999881
136818  16.108  -44.076  13.455 0.8999999762
136880  19.862  -49.441  12.467 0.8999999762
137232  19.207  -56.429  19.908 0.6999999881
137369  17.501  -49.491  12.662 0.8999999762
137387  17.328  -58.110  19.274 0.6999999881
137496  17.080  -48.144  12.873 0.8999999762
137529  16.069  -45.021  11.525 0.8999999762
137655  14.477  -68.814  19.397 0.5000000000
137892  22.555  -43.952  11.182 0.6000000238
138062  14.980  -57.617  17.367 0.5000000000
138122  18.082  -44.492  13.863 1.0000000000
138452  18.963  -40.467  9.583 0.6999999881
138762  16.938  -57.424  18.942 0.6999999881
138768  29.052  -37.477  8.851 0.5000000000
138866  17.946  -58.833  13.013 0.6999999881
139097  14.958  -46.205  13.030 0.8999999762
139520  21.572  -62.315  20.185 0.8999999762
140009  26.339  -32.379  0.255 0.4000000060
140035  26.598  -42.727  11.787 0.8000000119
140068  20.863  -48.419  12.488 1.0000000000
140070  17.459  -56.516  11.978 0.6000000238
140986  17.766  -60.974  19.491 0.6999999881
141404  22.464  -54.167  13.510 0.8999999762
141784  19.390  -61.981  20.324 0.6999999881
141866  17.663  -56.408  12.959 0.6999999881
142127  24.592  -60.239  18.227 1.0000000000
142204  15.072  -70.869  21.377 0.4000000060
142617  23.494  -42.226  12.992 0.8999999762
142691  20.796  -58.976  20.836 0.8999999762
142851  18.947  -56.754  13.508 0.8000000119
143498  23.268  -51.308  12.896 1.0000000000
143595  17.561  -60.356  12.470 0.5000000000
143607  17.834  -65.699  20.753 0.6000000238
143941  23.431  -60.039  19.856 0.8999999762
144073  19.530  -59.764  13.973 0.6999999881
144213  15.854  -65.192  19.499 0.6000000238
144694  27.555  -34.091  5.304 0.3000000119
144836  15.083  -47.073  11.992 0.8999999762
144856  22.383  -48.743  12.515 1.0000000000
144919  16.640  -69.660  21.476 0.4000000060
144957  16.308  -52.291  17.359 0.4000000060
145198  21.144  -48.037  22.536 0.4000000060
145203  22.025  -58.134  21.096 0.8999999762
145222  18.447  -53.646  11.193 0.6000000238
145240  25.164  -35.451  2.261 0.5000000000
145389  18.927  -61.304  20.192 0.8999999762
145442  23.534  -32.588  2.830 0.5000000000
145585  22.709  -65.452  16.981 0.6000000238
145633  14.294  -71.017  21.350 0.4000000060
146088  17.023  -46.223  13.495 0.8999999762
146389  25.404  -54.472  17.453 1.0000000000
146448  15.681  -41.720  11.453 0.8000000119
146546  17.469  -61.085  12.050 0.5000000000
146800  20.607  -64.076  14.793 0.6000000238
146929  31.696  -38.720  14.866 0.3000000119
147035  21.320  -55.532  11.302 0.5000000000
147093  23.877  -46.628  7.647 0.6000000238
147161  23.922  -62.054  18.683 0.8000000119
147204  18.535  -70.340  21.009 0.4000000060
147503  19.866  -59.195  14.176 0.8000000119
147884  17.500  -60.649  12.185 0.5000000000
147922  25.240  -43.964  14.523 0.8000000119
148000  28.913  -31.220  4.762 0.3000000119
148470  12.875  -62.147  16.427 0.3000000119
148611  23.048  -62.877  19.343 0.8000000119
148933  25.433  -35.128  1.941 0.5000000000
149092  18.283  -52.225  12.492 0.8999999762
149415  17.191  -51.354  11.356 0.8000000119
149636  18.320  -63.672  20.059 0.6000000238
149807  23.930  -53.556  14.484 0.8999999762
149834  30.077  -35.726  8.311 0.4000000060
149851  17.432  -53.923  12.522 0.8999999762
149944  20.919  -57.035  11.435 0.3000000119
