#!ascii label  , from subject sub-v1s6x0051319_ses-1 vox2ras=TkReg
647
54696  19.642  -32.176  9.749 0.1428571492
54673  19.054  -32.637  10.316 0.1428571492
55789  19.609  -31.272  8.620 0.1428571492
54671  21.052  -32.613  10.329 0.1428571492
55788  20.550  -31.257  8.653 0.2857142985
55773  19.159  -31.761  9.156 0.1428571492
55771  21.011  -31.679  9.244 0.1428571492
56756  20.554  -30.282  7.613 0.5714285970
56741  20.995  -30.710  8.215 0.1428571492
146034  23.291  -29.938  7.971 0.2857142985
56754  22.418  -30.187  7.896 0.2857142985
57679  24.247  -29.123  7.679 0.1428571492
57680  23.601  -29.363  7.538 0.2857142985
59695  24.442  -27.171  5.691 0.2857142985
59684  24.010  -27.857  6.131 0.2857142985
61788  25.279  -25.359  4.601 0.2857142985
61778  25.574  -25.726  5.287 0.2857142985
62867  25.363  -24.419  3.536 0.2857142985
61798  25.021  -25.079  3.862 0.2857142985
145705  25.645  -22.784  2.220 0.2857142985
67188  25.644  -20.641  0.333 0.8571428657
66070  25.692  -21.563  1.297 0.4285714328
132066  26.359  -23.008  3.306 0.2857142985
68213  26.129  -19.248  -0.346 0.7142857313
131728  26.271  -19.450  0.368 0.7142857313
67187  26.074  -20.033  0.886 0.7142857313
66085  25.471  -21.413  0.611 0.7142857313
70216  26.724  -17.895  -0.029 0.8571428657
69209  26.328  -18.467  -0.543 0.5714285970
69210  25.886  -18.965  -1.142 0.8571428657
68199  25.925  -19.960  -0.043 0.7142857313
67203  25.586  -20.507  -0.447 0.7142857313
72132  26.943  -16.133  -0.995 0.4285714328
70226  26.432  -17.638  -0.868 0.7142857313
73132  26.987  -13.951  -2.067 0.2857142985
73133  26.458  -14.780  -2.856 0.5714285970
71207  26.445  -16.410  -1.689 0.8571428657
72140  26.835  -15.632  -1.421 0.7142857313
131736  26.347  -17.156  -1.492 0.8571428657
74157  27.075  -13.072  -2.703 0.1428571492
74149  27.574  -13.038  -1.762 0.1428571492
72151  26.331  -15.705  -2.438 0.5714285970
75216  27.450  -11.913  -4.041 0.1428571492
75199  27.526  -12.272  -2.237 0.1428571492
75209  27.241  -12.237  -3.209 0.1428571492
74158  26.590  -13.965  -3.326 0.4285714328
72169  26.113  -15.559  -3.681 0.8571428657
77431  27.686  -10.979  -5.308 0.1428571492
77415  27.748  -10.775  -4.472 0.1428571492
76360  27.575  -11.545  -4.759 0.1428571492
146299  27.208  -12.661  -4.202 0.1428571492
75225  26.849  -13.425  -5.007 0.4285714328
73145  26.282  -14.884  -4.150 0.7142857313
72170  25.591  -16.173  -4.622 0.8571428657
76376  27.378  -12.018  -5.897 0.1428571492
77441  27.465  -11.302  -6.442 0.1428571492
145148  26.580  -13.448  -5.957 0.5714285970
74166  26.450  -14.272  -4.857 0.8571428657
72186  25.875  -15.509  -4.737 0.8571428657
78385  27.631  -10.458  -6.862 0.1428571492
128490  27.102  -11.517  -7.570 0.2857142985
75251  26.103  -13.394  -7.365 0.8571428657
74178  26.232  -14.340  -6.209 0.8571428657
77466  27.011  -10.801  -8.922 0.1428571492
78402  27.181  -10.068  -9.091 0.1428571492
132813  26.353  -12.062  -7.926 0.4285714328
75252  25.917  -13.129  -7.470 0.8571428657
74201  25.922  -14.267  -6.790 0.8571428657
73185  25.600  -14.535  -6.107 0.8571428657
76398  26.516  -11.517  -8.505 0.4285714328
75242  25.701  -13.385  -7.146 0.8571428657
74214  25.959  -13.862  -7.234 0.8571428657
74202  25.683  -14.036  -6.798 0.8571428657
77476  26.732  -10.593  -9.219 0.1428571492
78413  26.709  -9.977  -9.438 0.2857142985
76409  26.278  -11.213  -9.030 0.5714285970
144409  25.994  -11.672  -8.842 0.8571428657
76399  25.987  -11.996  -8.397 0.8571428657
75263  25.944  -12.421  -7.825 0.8571428657
129078  25.723  -12.711  -7.424 0.8571428657
125616  25.528  -11.804  -6.676 0.8571428657
75226  25.345  -12.930  -5.820 0.8571428657
78414  26.119  -9.719  -9.894 0.2857142985
77478  25.958  -10.006  -9.457 0.7142857313
77477  26.265  -10.450  -9.286 0.5714285970
77467  25.886  -10.847  -9.081 0.8571428657
77442  25.588  -11.163  -7.082 0.8571428657
77432  25.515  -10.712  -5.892 0.8571428657
76377  25.496  -12.532  -6.529 0.8571428657
124891  25.638  -10.350  -8.578 0.8571428657
78377  25.822  -9.714  -5.275 0.7142857313
78386  25.616  -10.121  -6.475 0.7142857313
78403  25.668  -9.762  -9.397 0.8571428657
124757  25.517  -9.254  -8.400 0.8571428657
79295  25.527  -8.472  -7.388 0.8571428657
79286  25.710  -9.115  -5.917 0.7142857313
80201  25.089  -8.361  -9.867 0.7142857313
80193  25.128  -8.004  -8.751 0.8571428657
81143  25.416  -7.069  -8.322 0.8571428657
127288  25.420  -6.074  -9.161 0.7142857313
126068  25.611  -9.489  -7.278 0.8571428657
80185  25.518  -7.592  -7.562 0.8571428657
82130  22.869  -7.462  -14.292 0.1428571492
127994  25.068  -7.458  -9.297 0.8571428657
81153  24.946  -6.849  -9.655 0.7142857313
139378  24.907  -6.241  -9.840 0.7142857313
141576  25.374  -6.685  -8.933 0.8571428657
82972  22.544  -6.098  -14.032 0.1428571492
82101  24.662  -5.927  -10.369 0.5714285970
148974  24.458  -5.511  -10.902 0.5714285970
83747  25.077  -3.691  -10.534 0.5714285970
82963  24.025  -4.751  -11.845 0.1428571492
137543  22.012  -3.785  -14.945 0.1428571492
84627  22.878  -1.973  -13.671 0.1428571492
137329  22.727  -1.540  -14.470 0.1428571492
139024  23.649  -4.001  -12.271 0.1428571492
85476  22.466  -0.301  -13.746 0.1428571492
83749  24.467  -3.663  -11.363 0.5714285970
84626  23.069  -1.179  -12.938 0.1428571492
86363  22.414  1.023  -14.078 0.1428571492
85464  22.883  -0.546  -12.462 0.1428571492
53471  19.687  -33.134  10.900 0.1428571492
53472  18.751  -33.136  11.022 0.1428571492
55787  21.441  -31.190  8.754 0.1428571492
56739  22.568  -30.669  8.448 0.2857142985
56740  21.864  -30.673  8.323 0.2857142985
59683  24.779  -27.574  6.475 0.2857142985
58643  24.348  -28.204  6.834 0.1428571492
63922  25.448  -23.431  2.476 0.2857142985
62879  25.168  -24.091  2.811 0.2857142985
67176  25.806  -20.849  1.116 0.4285714328
149385  25.484  -22.571  1.714 0.5714285970
71187  26.922  -17.103  -0.201 0.2857142985
66098  25.355  -21.277  -0.365 0.7142857313
147279  27.214  -15.127  -1.118 0.1428571492
70257  26.117  -17.135  -2.281 0.8571428657
75240  26.631  -12.984  -6.442 0.8571428657
73184  25.844  -14.691  -6.189 0.8571428657
78415  25.792  -9.520  -9.984 0.8571428657
79304  25.261  -8.915  -9.254 0.8571428657
80202  24.800  -7.748  -10.281 0.8571428657
132738  24.329  -6.653  -11.484 0.7142857313
134003  24.108  -5.687  -11.806 0.2857142985
138013  22.787  -3.427  -13.995 0.1428571492
86374  23.047  1.239  -15.033 0.1428571492
127794  22.797  -29.556  7.387 0.2857142985
56755  21.468  -30.246  7.711 0.4285714328
57683  20.205  -29.870  7.120 0.2857142985
58634  23.924  -28.792  7.158 0.1428571492
60743  25.625  -26.707  6.197 0.2857142985
60764  24.858  -25.929  4.945 0.2857142985
60754  24.379  -26.514  5.103 0.2857142985
65016  25.267  -22.314  1.037 0.7142857313
128296  27.546  -11.460  -3.286 0.1428571492
77430  27.835  -10.213  -5.744 0.1428571492
77453  27.277  -10.672  -7.966 0.1428571492
78392  27.443  -9.860  -8.314 0.1428571492
75262  26.033  -12.641  -7.736 0.8571428657
73164  25.924  -15.064  -5.487 0.8571428657
72187  25.414  -15.627  -5.278 1.0000000000
79303  27.110  -9.293  -9.036 0.1428571492
79310  26.681  -9.292  -9.707 0.1428571492
79311  26.170  -9.299  -10.568 0.2857142985
77416  25.558  -10.308  -4.702 0.8571428657
78422  25.760  -9.266  -10.620 0.5714285970
80212  24.976  -8.560  -10.892 0.5714285970
80213  24.693  -8.063  -11.293 0.5714285970
81154  24.521  -7.026  -10.597 0.7142857313
82113  24.054  -6.674  -12.706 0.4285714328
81179  24.561  -7.531  -12.314 0.2857142985
128534  24.308  -7.219  -13.292 0.2857142985
82121  22.964  -7.263  -13.759 0.1428571492
82971  23.261  -5.827  -12.958 0.1428571492
83752  23.004  -4.517  -13.395 0.1428571492
84618  24.350  -2.540  -11.872 0.2857142985
83757  22.719  -4.877  -14.443 0.1428571492
83751  23.417  -2.690  -12.845 0.1428571492
85453  23.635  -1.489  -12.209 0.1428571492
85454  22.810  -0.421  -11.820 0.1428571492
84634  22.618  -2.718  -14.471 0.1428571492
86353  22.627  0.774  -13.271 0.1428571492
86345  22.520  0.418  -12.254 0.1428571492
128350  22.873  1.368  -13.445 0.1428571492
79321  25.640  -8.989  -11.201 0.4285714328
142125  25.164  -8.647  -11.575 0.4285714328
80225  24.918  -8.256  -11.925 0.4285714328
149202  24.788  -7.938  -12.058 0.4285714328
141285  24.523  -7.638  -11.623 0.5714285970
55772  20.101  -31.744  9.167 0.1428571492
135457  18.830  -32.179  9.658 0.1428571492
139671  18.126  -32.757  10.637 0.1428571492
56742  20.066  -30.733  8.130 0.4285714328
55790  18.592  -31.237  8.659 0.2857142985
55786  22.312  -31.125  8.849 0.1428571492
57681  21.910  -29.661  7.250 0.1428571492
57693  23.192  -29.013  6.930 0.1428571492
60753  25.161  -26.493  5.592 0.2857142985
68214  25.652  -19.891  -1.039 0.7142857313
71197  26.705  -16.776  -0.912 0.8571428657
70241  26.103  -17.908  -1.872 0.8571428657
73125  26.853  -14.931  -1.811 0.5714285970
75224  27.270  -12.597  -5.153 0.2857142985
74165  26.917  -13.236  -3.822 0.1428571492
76387  26.726  -12.381  -7.160 0.5714285970
149500  26.120  -14.723  -5.888 0.8571428657
75241  26.128  -14.038  -7.048 0.8571428657
130494  25.664  -11.589  -8.069 0.8571428657
76388  25.717  -12.082  -7.736 0.8571428657
76361  25.384  -11.539  -5.355 0.8571428657
125306  25.580  -10.715  -7.737 0.8571428657
79312  25.422  -9.090  -10.277 0.8571428657
82122  22.454  -6.991  -14.450 0.1428571492
82956  24.476  -4.640  -11.017 0.5714285970
82949  25.129  -4.759  -10.185 0.5714285970
84645  23.059  -2.663  -15.848 0.1428571492
84612  24.936  -2.653  -10.959 0.4285714328
85485  22.616  0.001  -14.690 0.1428571492
85493  22.996  -1.453  -15.292 0.1428571492
59682  25.629  -27.273  6.752 0.1428571492
79322  25.304  -8.807  -11.152 0.5714285970
57682  20.993  -29.768  7.142 0.4285714328
61789  24.664  -25.691  4.186 0.5714285970
85444  24.205  -1.527  -11.277 0.1428571492
60779  23.193  -26.439  3.104 0.5714285970
59736  21.889  -27.203  2.802 0.5714285970
59724  21.286  -27.531  3.177 0.2857142985
61812  23.564  -26.019  2.623 0.5714285970
60792  22.875  -26.456  2.291 0.5714285970
58687  20.787  -27.909  3.910 0.4285714328
59739  19.729  -27.055  2.867 0.2857142985
59754  21.051  -26.744  1.704 0.4285714328
62891  24.537  -24.469  1.703 0.4285714328
61827  24.121  -25.384  1.263 0.5714285970
61828  22.882  -26.146  0.658 0.5714285970
60824  21.656  -25.865  0.435 0.4285714328
63935  24.792  -23.820  1.228 0.5714285970
62903  24.471  -24.652  0.652 0.5714285970
129765  23.540  -25.852  0.666 0.4285714328
63949  24.691  -23.827  0.210 0.7142857313
148454  23.634  -23.959  -1.000 0.4285714328
65033  24.937  -22.924  -0.172 0.4285714328
60807  21.770  -26.415  1.205 0.4285714328
60794  20.128  -26.668  1.959 0.2857142985
61844  22.336  -25.868  0.082 0.4285714328
65017  24.967  -23.182  0.817 0.7142857313
66099  25.028  -22.158  -0.852 0.7142857313
65051  24.040  -22.633  -2.392 0.4285714328
142152  24.308  -21.831  -2.644 0.7142857313
66116  23.683  -21.361  -3.170 0.5714285970
67228  24.179  -20.698  -3.409 0.7142857313
67230  22.702  -20.576  -3.252 0.2857142985
65032  25.223  -22.012  0.068 0.5714285970
66105  25.132  -21.541  -1.257 0.5714285970
66106  24.738  -22.127  -1.835 0.7142857313
68234  24.801  -20.033  -3.059 0.7142857313
68241  23.427  -19.899  -3.491 0.7142857313
133870  24.211  -19.226  -3.754 0.7142857313
145593  23.603  -19.010  -3.654 0.7142857313
68242  22.842  -19.801  -3.302 0.4285714328
70275  23.547  -18.172  -3.655 0.4285714328
67221  25.190  -20.421  -2.072 0.5714285970
69224  25.895  -18.633  -1.775 0.5714285970
68239  24.762  -19.296  -3.680 0.5714285970
69249  24.791  -18.663  -4.119 0.7142857313
69257  24.806  -18.084  -4.390 0.7142857313
71251  24.920  -16.762  -4.988 0.7142857313
70291  23.988  -17.409  -3.897 0.7142857313
71253  23.414  -16.761  -3.765 0.5714285970
127364  23.626  -16.047  -3.920 0.5714285970
141026  26.127  -16.514  -2.582 0.7142857313
70274  25.479  -17.731  -4.042 0.5714285970
69248  25.294  -18.560  -3.742 0.5714285970
71235  25.551  -16.981  -4.297 0.7142857313
69256  25.090  -18.143  -4.388 0.7142857313
147426  25.032  -16.322  -5.151 0.8571428657
70276  23.048  -17.420  -3.582 0.4285714328
72188  25.069  -15.803  -5.260 0.7142857313
125366  24.331  -15.578  -4.614 0.7142857313
73167  23.045  -15.073  -3.695 0.5714285970
71222  25.889  -17.095  -3.272 0.5714285970
70289  25.112  -17.472  -4.681 0.7142857313
145236  25.124  -16.258  -5.159 0.8571428657
73146  24.027  -14.749  -4.317 0.7142857313
132408  22.842  -13.105  -3.853 0.2857142985
73166  24.945  -15.107  -5.428 0.7142857313
75217  24.341  -11.936  -3.769 0.7142857313
73165  25.481  -15.055  -5.686 0.7142857313
74180  24.767  -14.409  -5.175 0.8571428657
75228  23.843  -12.767  -3.748 0.5714285970
75227  24.862  -12.832  -4.553 0.8571428657
76348  24.784  -11.252  -3.710 0.8571428657
76362  25.045  -11.846  -4.438 0.8571428657
77417  25.321  -10.889  -4.048 0.7142857313
144180  25.623  -8.579  -6.446 0.7142857313
79281  25.725  -8.163  -5.337 0.7142857313
80177  25.653  -7.813  -6.446 0.5714285970
80165  25.470  -7.503  -4.841 0.7142857313
81124  25.762  -6.228  -6.649 0.7142857313
81112  25.274  -6.585  -4.828 0.7142857313
82059  25.768  -5.559  -6.477 0.7142857313
82931  25.674  -4.691  -6.348 0.7142857313
147078  25.110  -5.079  -5.046 0.5714285970
82063  25.612  -6.065  -8.139 0.7142857313
82071  26.041  -5.140  -7.705 0.7142857313
82927  25.233  -4.482  -5.555 0.5714285970
130929  26.374  -4.294  -7.466 0.4285714328
128887  26.250  -4.099  -6.808 0.5714285970
83735  25.714  -3.693  -6.057 0.5714285970
82072  25.654  -5.264  -8.644 0.5714285970
83741  26.459  -3.617  -7.979 0.5714285970
83738  26.457  -3.488  -7.229 0.5714285970
83734  26.333  -3.339  -6.572 0.5714285970
83727  25.104  -3.702  -5.246 0.4285714328
145102  24.561  -3.879  -4.770 0.4285714328
149275  26.116  -2.391  -5.817 0.5714285970
139038  25.637  -2.798  -5.515 0.5714285970
84598  26.479  -2.962  -7.676 0.5714285970
83731  24.599  -3.014  -4.919 0.4285714328
82923  23.065  -4.368  -4.264 0.4285714328
84589  25.224  -2.103  -5.119 0.5714285970
85394  25.042  -1.393  -4.685 0.4285714328
67175  26.266  -20.470  1.518 0.2857142985
70258  25.758  -17.815  -2.957 0.5714285970
85402  25.494  -1.339  -5.392 0.2857142985
84578  24.574  -2.226  -4.427 0.4285714328
59723  22.215  -27.383  3.516 0.5714285970
58675  21.156  -28.286  4.654 0.5714285970
62868  24.690  -24.801  3.076 0.2857142985
126883  24.143  -25.493  2.904 0.4285714328
61811  24.269  -24.952  2.296 0.5714285970
59725  20.325  -27.563  3.273 0.2857142985
140049  21.182  -26.087  1.086 0.4285714328
61843  23.020  -25.760  -0.051 0.4285714328
61859  23.057  -25.085  -0.633 0.5714285970
60808  20.549  -26.046  1.364 0.2857142985
60825  20.970  -25.527  0.731 0.2857142985
63983  23.770  -23.216  -2.155 0.5714285970
68188  26.457  -19.231  1.061 0.2857142985
66118  22.304  -21.712  -3.182 0.2857142985
74181  23.849  -13.788  -4.010 0.7142857313
78366  25.536  -9.307  -4.500 0.7142857313
136094  25.835  -8.888  -4.946 0.7142857313
79269  24.938  -8.929  -3.906 0.7142857313
82921  24.853  -4.512  -4.887 0.5714285970
82100  25.286  -5.443  -9.560 0.5714285970
82939  26.042  -4.416  -8.252 0.5714285970
83742  25.841  -3.714  -8.720 0.5714285970
84591  26.239  -2.789  -6.089 0.5714285970
85406  26.176  -1.855  -6.489 0.2857142985
62917  22.443  -24.755  -1.129 0.4285714328
61799  24.512  -25.461  3.532 0.2857142985
67209  25.363  -20.829  -1.206 0.5714285970
71234  25.964  -16.335  -3.468 0.7142857313
74179  25.212  -13.889  -5.713 0.7142857313
81133  25.669  -6.600  -7.349 0.8571428657
78367  25.214  -9.902  -3.872 0.7142857313
68222  25.529  -19.402  -2.123 0.5714285970
60778  23.953  -26.136  3.648 0.5714285970
60780  22.531  -26.847  2.957 0.5714285970
144835  23.120  -26.922  3.842 0.4285714328
59737  21.361  -27.144  2.415 0.5714285970
60793  22.003  -26.830  2.072 0.4285714328
59738  20.607  -27.166  2.500 0.4285714328
145315  23.862  -25.555  2.150 0.5714285970
60805  23.381  -26.040  1.545 0.5714285970
60806  22.527  -26.444  1.375 0.4285714328
62904  23.829  -25.347  0.184 0.5714285970
61861  21.903  -25.481  -0.296 0.4285714328
63961  24.187  -23.599  -0.723 0.5714285970
63962  23.624  -23.675  -1.641 0.4285714328
134834  24.413  -22.991  -1.503 0.5714285970
66117  22.933  -21.668  -2.955 0.4285714328
65059  22.786  -22.169  -2.756 0.4285714328
63972  23.276  -23.369  -2.002 0.4285714328
67210  24.953  -21.327  -2.030 0.7142857313
67222  24.586  -21.017  -2.871 0.7142857313
66124  22.782  -21.193  -3.207 0.2857142985
68240  24.141  -20.013  -3.599 0.7142857313
142798  25.205  -19.173  -3.077 0.7142857313
147109  24.012  -18.447  -3.837 0.7142857313
69237  25.637  -18.579  -2.582 0.5714285970
70290  24.689  -17.453  -4.486 0.7142857313
71252  24.317  -16.781  -4.329 0.7142857313
71250  25.191  -16.761  -4.918 0.5714285970
72189  24.656  -16.278  -4.849 0.7142857313
72190  22.377  -15.646  -3.729 0.2857142985
74182  22.746  -14.079  -3.767 0.5714285970
124621  21.822  -13.203  -4.183 0.2857142985
141672  24.566  -13.568  -4.559 0.8571428657
80172  25.608  -7.194  -5.568 0.7142857313
137504  25.706  -6.942  -6.541 0.7142857313
81123  25.962  -5.775  -7.140 0.8571428657
127358  25.949  -1.974  -5.629 0.5714285970
61845  21.515  -25.116  0.092 0.1428571492
148955  21.695  -24.456  -1.071 0.4285714328
56743  19.081  -30.698  8.144 0.4285714328
62843  26.671  -24.764  5.214 0.1428571492
62855  25.600  -24.715  4.258 0.1428571492
62854  26.281  -24.405  4.535 0.1428571492
66060  25.858  -22.112  1.887 0.1428571492
134553  26.533  -21.830  2.508 0.1428571492
63897  26.519  -23.639  4.055 0.1428571492
62853  27.031  -24.091  4.786 0.1428571492
66044  27.158  -21.640  3.070 0.1428571492
65005  26.199  -22.536  2.628 0.1428571492
63909  27.003  -22.814  3.886 0.1428571492
66069  26.257  -21.209  1.836 0.1428571492
69188  26.759  -18.490  1.190 0.2857142985
70215  27.124  -17.403  0.487 0.1428571492
87273  24.394  0.995  -10.805 0.1428571492
77403  24.411  -10.393  -3.601 0.4285714328
87265  22.992  1.536  -10.755 0.1428571492
79259  23.716  -8.621  -3.682 0.4285714328
79268  25.426  -8.300  -4.528 0.5714285970
80166  24.999  -7.273  -4.306 0.4285714328
86307  22.912  0.497  -8.807 0.2857142985
85420  25.529  -1.547  -8.228 0.2857142985
84595  26.118  -2.177  -7.799 0.2857142985
85421  24.839  -1.388  -8.802 0.2857142985
80159  21.098  -7.382  -3.823 0.1428571492
81119  25.547  -6.217  -5.818 0.5714285970
86305  25.108  -0.573  -7.386 0.2857142985
81114  23.346  -6.143  -4.028 0.4285714328
147241  24.938  -5.988  -4.639 0.5714285970
85412  25.592  -1.387  -7.578 0.2857142985
82052  22.644  -5.238  -4.302 0.4285714328
86289  25.415  -0.724  -5.758 0.1428571492
85407  25.642  -1.303  -6.790 0.1428571492
82922  24.174  -4.516  -4.544 0.4285714328
86299  25.270  -0.425  -6.478 0.1428571492
87227  24.464  0.435  -6.494 0.1428571492
86290  25.152  -0.620  -5.107 0.2857142985
86277  24.489  -0.540  -3.435 0.1428571492
87218  25.084  0.099  -5.815 0.1428571492
86281  25.007  -0.596  -4.230 0.1428571492
147829  24.925  0.374  -4.970 0.1428571492
134618  24.404  0.699  -5.887 0.1428571492
56757  19.529  -30.244  7.457 0.4285714328
57711  18.700  -29.185  5.704 0.2857142985
61787  25.942  -25.052  4.943 0.1428571492
67165  26.642  -20.426  2.147 0.1428571492
78356  24.278  -9.518  -3.639 0.2857142985
84611  25.375  -2.817  -10.088 0.2857142985
86300  24.497  0.024  -7.090 0.2857142985
87242  23.399  0.546  -7.155 0.2857142985
57697  18.260  -29.496  6.314 0.2857142985
57678  24.646  -28.618  7.459 0.1428571492
60752  25.965  -26.185  5.878 0.1428571492
61777  26.342  -25.497  5.544 0.1428571492
70204  26.825  -18.005  0.689 0.1428571492
68176  26.540  -19.810  1.628 0.1428571492
82053  21.669  -5.198  -4.178 0.1428571492
148089  23.780  -9.886  -3.563 0.4285714328
81106  21.716  -6.695  -3.867 0.2857142985
82050  24.681  -5.356  -4.622 0.5714285970
83744  25.494  -3.740  -9.634 0.4285714328
86306  23.821  -0.135  -7.880 0.2857142985
86318  23.875  -0.428  -8.961 0.2857142985
85433  25.030  -1.926  -9.502 0.2857142985
85434  24.281  -1.101  -9.442 0.2857142985
86319  22.614  0.554  -9.782 0.2857142985
87256  22.042  2.034  -9.800 0.1428571492
86336  22.313  0.614  -11.501 0.1428571492
87228  23.166  0.901  -6.472 0.2857142985
86330  22.260  0.746  -10.776 0.1428571492
87274  22.133  1.201  -11.016 0.1428571492
85445  23.091  -0.355  -10.963 0.1428571492
71186  27.352  -16.787  0.291 0.2857142985
134018  22.397  1.428  -8.878 0.2857142985
128617  24.158  -1.271  -10.219 0.2857142985
86329  23.440  -0.315  -10.015 0.1428571492
136548  19.542  -29.733  6.690 0.4285714328
69199  26.523  -18.692  0.336 0.4285714328
82940  25.583  -4.543  -9.147 0.4285714328
85443  24.936  -2.010  -10.449 0.2857142985
129321  24.506  -7.988  -3.965 0.4285714328
82049  25.176  -5.752  -5.054 0.5714285970
84604  25.601  -2.899  -9.134 0.2857142985
85390  24.630  -1.442  -3.808 0.2857142985
85401  25.986  -1.334  -6.010 0.2857142985
82051  23.780  -5.323  -4.323 0.5714285970
85411  26.073  -1.857  -7.094 0.2857142985
64992  26.748  -22.303  3.212 0.1428571492
63896  27.390  -23.390  4.464 0.1428571492
66058  27.431  -21.045  3.000 0.1428571492
86317  24.968  -0.816  -8.184 0.2857142985
139953  25.617  -2.137  -8.652 0.2857142985
81105  22.791  -7.007  -3.816 0.2857142985
80167  23.959  -7.067  -3.974 0.4285714328
81115  22.225  -6.017  -4.197 0.2857142985
81113  24.492  -6.240  -4.262 0.5714285970
56769  18.610  -29.980  6.903 0.2857142985
67164  27.327  -20.430  2.657 0.1428571492
78357  23.288  -9.434  -3.620 0.2857142985
87266  22.095  1.662  -10.371 0.1428571492
71254  22.759  -16.252  -3.649 0.4285714328
88192  21.422  2.150  -6.945 0.1428571492
87243  22.723  0.765  -7.926 0.1428571492
89023  21.002  3.310  -7.327 0.1428571492
89014  23.951  2.097  -5.149 0.1428571492
89016  21.462  3.040  -6.684 0.1428571492
88191  22.034  1.300  -7.135 0.1428571492
87244  22.258  1.760  -8.092 0.1428571492
88184  22.426  2.050  -6.205 0.1428571492
89015  22.722  2.965  -5.766 0.1428571492
139938  22.325  1.444  -6.575 0.1428571492
89749  21.026  3.877  -6.942 0.1428571492
89733  23.068  3.943  -5.455 0.1428571492
89748  21.916  3.920  -6.318 0.1428571492
146659  22.172  -14.594  -3.932 0.2857142985
90566  21.972  4.960  -5.900 0.1428571492
89769  21.020  3.653  -7.579 0.1428571492
147812  25.205  -23.117  1.674 0.2857142985
129989  21.440  2.447  -7.524 0.1428571492
89042  22.228  2.473  -8.293 0.1428571492
63923  24.922  -23.839  2.077 0.4285714328
58674  21.986  -27.967  5.009 0.4285714328
58659  22.434  -28.342  5.681 0.2857142985
58658  23.238  -28.121  5.876 0.1428571492
59709  22.535  -27.506  4.425 0.2857142985
59697  22.821  -27.709  5.256 0.1428571492
59708  23.280  -27.167  4.813 0.2857142985
58646  22.120  -28.811  6.162 0.2857142985
60765  24.336  -26.172  4.496 0.2857142985
58660  21.494  -28.656  5.539 0.4285714328
60755  23.888  -26.973  5.140 0.1428571492
59696  23.612  -27.498  5.484 0.1428571492
58645  22.833  -28.655  6.323 0.1428571492
60766  23.812  -26.619  4.535 0.2857142985
59710  21.685  -27.801  4.105 0.4285714328
57710  19.606  -29.366  5.797 0.2857142985
57709  20.599  -29.158  5.692 0.2857142985
58662  19.955  -28.999  5.002 0.2857142985
58661  20.683  -28.752  5.044 0.2857142985
62916  23.149  -24.330  -1.327 0.2857142985
63973  22.785  -23.258  -1.951 0.2857142985
65052  22.428  -22.918  -1.987 0.2857142985
68243  22.444  -19.442  -2.918 0.1428571492
69250  22.868  -18.864  -3.372 0.2857142985
71236  22.476  -16.741  -3.511 0.1428571492
73168  21.413  -14.100  -4.173 0.1428571492
75229  22.070  -12.552  -4.206 0.1428571492
75218  23.136  -11.808  -3.801 0.1428571492
76363  21.872  -11.796  -4.302 0.1428571492
129727  22.428  -11.037  -4.013 0.1428571492
124390  21.222  -10.976  -4.519 0.1428571492
125249  22.571  -8.810  -3.764 0.1428571492
141393  23.537  -7.735  -3.786 0.1428571492
80157  22.709  -7.980  -3.749 0.1428571492
83728  23.860  -3.697  -4.448 0.1428571492
136274  23.857  -2.975  -4.150 0.1428571492
83718  22.221  -3.881  -3.592 0.1428571492
84579  23.135  -2.820  -3.301 0.1428571492
56758  18.589  -30.403  7.591 0.2857142985
133650  21.429  -29.268  6.436 0.1428571492
76349  23.675  -11.091  -3.651 0.2857142985
77418  21.829  -10.309  -4.167 0.1428571492
80158  21.991  -7.469  -3.818 0.1428571492
56759  17.645  -30.323  7.362 0.2857142985
61860  22.316  -25.448  -0.643 0.2857142985
62932  22.621  -23.985  -1.566 0.2857142985
63974  21.944  -23.396  -1.518 0.2857142985
69251  22.282  -18.416  -2.895 0.1428571492
71237  21.918  -16.096  -3.570 0.1428571492
72171  21.394  -15.397  -3.719 0.1428571492
142949  21.745  -14.943  -3.981 0.1428571492
73169  20.481  -13.785  -4.211 0.1428571492
74183  20.855  -13.063  -4.360 0.1428571492
141325  20.448  -12.223  -4.455 0.1428571492
76364  20.576  -11.543  -4.597 0.1428571492
77404  23.082  -10.246  -3.669 0.1428571492
79260  20.468  -8.180  -4.252 0.1428571492
83729  23.063  -3.551  -3.846 0.1428571492
57695  20.400  -29.543  6.482 0.2857142985
125027  22.756  -18.062  -3.337 0.1428571492
124379  22.724  -12.380  -3.908 0.1428571492
82924  21.965  -4.519  -4.091 0.1428571492
62905  21.356  -24.565  -0.196 0.1428571492
65053  21.979  -22.568  -1.872 0.1428571492
74184  20.098  -12.712  -4.338 0.1428571492
56760  16.664  -30.267  7.580 0.1428571492
57685  16.328  -29.559  7.390 0.1428571492
56770  17.780  -29.882  6.735 0.1428571492
58677  19.416  -28.594  4.507 0.1428571492
71196  27.256  -16.301  -0.287 0.1428571492
71175  27.792  -16.228  0.587 0.1428571492
80211  25.537  -8.369  -11.601 0.1428571492
55791  17.510  -31.164  8.702 0.1428571492
57712  17.936  -28.876  5.881 0.1428571492
58663  19.072  -28.906  5.018 0.1428571492
58676  20.211  -28.440  4.377 0.1428571492
127133  18.259  -28.647  5.076 0.1428571492
126383  19.059  -27.336  3.300 0.1428571492
80200  26.224  -8.596  -10.871 0.1428571492
81178  25.193  -7.941  -12.144 0.1428571492
59740  19.014  -26.800  3.047 0.1428571492
56744  18.060  -30.704  8.123 0.1428571492
72131  27.287  -15.631  -0.719 0.1428571492
58688  20.040  -27.989  3.762 0.1428571492
57696  18.949  -29.583  6.262 0.1428571492
56745  17.008  -30.745  8.040 0.1428571492
57684  17.055  -29.811  6.980 0.1428571492
58689  19.372  -28.211  3.944 0.1428571492
54695  20.574  -32.144  9.782 0.1428571492
55785  23.256  -31.015  8.790 0.2857142985
58644  23.593  -28.451  6.533 0.1428571492
59726  19.509  -27.658  3.458 0.1428571492
60823  22.236  -26.246  0.703 0.4285714328
62866  25.877  -24.146  3.950 0.1428571492
62880  24.695  -24.397  2.411 0.4285714328
62915  23.873  -24.390  -0.397 0.4285714328
62918  21.785  -24.898  -0.814 0.1428571492
62931  23.058  -23.736  -1.736 0.2857142985
62933  22.013  -24.206  -1.312 0.2857142985
63921  25.904  -23.091  2.773 0.2857142985
63984  23.246  -22.781  -2.378 0.4285714328
63985  22.695  -22.657  -2.367 0.4285714328
65058  23.415  -22.060  -2.759 0.4285714328
66059  26.899  -21.113  2.515 0.1428571492
66119  21.863  -21.580  -3.108 0.2857142985
66125  22.099  -21.129  -3.493 0.2857142985
67229  23.436  -20.649  -3.359 0.7142857313
69223  26.141  -18.317  -1.222 0.8571428657
69258  24.294  -18.035  -4.078 0.7142857313
75230  21.230  -12.372  -4.409 0.1428571492
76400  25.901  -11.931  -8.357 0.8571428657
77419  20.795  -10.282  -4.683 0.1428571492
77454  25.743  -11.357  -8.631 0.8571428657
78358  22.304  -9.578  -3.872 0.2857142985
79294  27.464  -9.303  -8.606 0.1428571492
79323  24.897  -8.462  -11.593 0.5714285970
80199  26.790  -8.575  -9.994 0.1428571492
80226  24.764  -8.083  -11.851 0.4285714328
82056  25.338  -5.288  -5.752 0.5714285970
82930  26.270  -4.990  -6.960 0.7142857313
84588  26.269  -2.123  -6.090 0.2857142985
84594  26.380  -2.578  -6.848 0.5714285970
84599  26.177  -2.921  -8.340 0.5714285970
84639  22.463  -2.788  -15.143 0.1428571492
123619  21.639  -8.255  -3.960 0.1428571492
129849  22.386  -23.540  -1.693 0.2857142985
137051  22.760  -0.038  -12.923 0.1428571492
142521  24.375  -18.566  -3.963 0.7142857313
143514  22.583  1.324  -13.732 0.1428571492
144813  25.444  -8.418  -8.263 0.8571428657
148463  26.068  -11.716  -8.832 0.5714285970
149577  22.584  -6.751  -13.911 0.1428571492
