#!ascii label  , from subject sub-v1s6x0051371_ses-1 vox2ras=TkReg
1323
111014  -40.093  -28.670  50.278 0.0000000000
116401  -54.404  -17.972  45.702 0.0000000000
57883  -46.859  -23.697  46.126 0.0000000000
35024  -14.617  -47.533  66.552 0.0000000000
52042  -37.996  -29.383  53.540 0.0000000000
39820  -29.740  -42.744  64.912 0.0000000000
39876  -38.662  -42.837  61.740 0.0000000000
45414  -40.835  -36.596  60.233 0.0000000000
49255  -42.706  -32.217  58.826 0.0000000000
39869  -21.940  -42.838  61.852 0.0000000000
110414  -25.948  -42.440  66.573 0.0000000000
41540  -25.338  -40.882  61.622 0.0000000000
40739  -34.331  -42.125  59.154 0.0000000000
43447  -37.771  -39.113  60.292 0.0000000000
109642  -42.019  -26.321  56.387 0.0000000000
110622  -45.872  -26.791  54.325 0.0000000000
59717  -51.359  -21.599  45.172 0.0000000000
55026  -43.863  -26.522  48.006 0.0000000000
112956  -51.052  -17.050  42.131 0.0000000000
30847  -12.613  -52.367  67.921 0.0000000000
53865  -41.587  -27.496  57.955 0.0000000000
54967  -37.734  -27.202  52.817 0.0000000000
40717  -29.507  -42.140  60.486 0.0000000000
39841  -34.108  -43.764  63.662 0.0000000000
54986  -48.968  -25.796  51.467 0.0000000000
112525  -57.295  -12.384  38.016 0.0000000000
46428  -39.276  -36.256  58.684 0.0000000000
47411  -39.883  -34.906  58.134 0.0000000000
40698  -23.677  -41.362  61.590 0.0000000000
43475  -35.834  -38.776  58.029 0.0000000000
44464  -37.598  -37.530  58.318 0.0000000000
44433  -39.118  -37.934  60.515 0.0000000000
53913  -41.164  -27.873  53.455 0.0000000000
54928  -43.420  -27.054  54.741 0.0000000000
112087  -42.986  -27.968  51.904 0.0000000000
116061  -53.094  -20.263  44.606 0.0000000000
60575  -53.526  -20.123  48.663 0.0000000000
65222  -56.031  -15.931  46.077 0.0000000000
34130  -13.675  -49.019  64.319 0.0000000000
110820  -13.660  -49.784  66.796 0.0000000000
51061  -41.202  -30.549  55.922 0.0000000000
122124  -42.623  -30.010  59.007 0.0000000000
52951  -40.312  -28.882  55.793 0.0000000000
53880  -39.224  -27.064  55.618 0.0000000000
52957  -37.458  -27.938  53.657 0.0000000000
40635  -27.990  -42.132  66.042 0.0000000000
39754  -28.109  -43.018  69.267 0.0000000000
39768  -29.737  -43.415  68.066 0.0000000000
39782  -32.153  -43.398  66.995 0.0000000000
108729  -27.728  -40.800  58.910 0.0000000000
41588  -29.472  -41.409  58.149 0.0000000000
39893  -36.796  -42.757  60.669 0.0000000000
38985  -34.199  -43.732  61.663 0.0000000000
121854  -36.688  -44.460  62.929 0.0000000000
38938  -36.332  -44.254  65.457 0.0000000000
109835  -17.629  -44.646  64.237 0.0000000000
38906  -19.123  -44.463  66.781 0.0000000000
113560  -19.019  -44.624  69.158 0.0000000000
56956  -45.817  -25.151  46.923 0.0000000000
55017  -46.305  -26.527  49.778 0.0000000000
57824  -47.723  -24.078  49.039 0.0000000000
69698  -59.059  -9.872  37.292 0.0000000000
34997  -13.630  -47.791  69.764 0.0000000000
46392  -42.276  -36.012  62.231 0.0000000000
48291  -43.309  -33.872  62.157 0.0000000000
117215  -42.030  -34.424  59.462 0.0000000000
126619  -40.864  -32.731  56.867 0.0000000000
39817  -21.892  -43.469  64.155 0.0000000000
39773  -23.919  -43.306  66.959 0.0000000000
40652  -24.198  -42.288  63.935 0.0000000000
40654  -25.927  -41.401  64.206 0.0000000000
40684  -27.546  -41.847  63.057 0.0000000000
41590  -31.938  -41.422  57.832 0.0000000000
41605  -33.955  -40.174  57.777 0.0000000000
41577  -36.168  -40.451  59.624 0.0000000000
40705  -38.351  -41.152  61.610 0.0000000000
43417  -39.009  -39.312  62.028 0.0000000000
44407  -40.604  -37.932  62.483 0.0000000000
39850  -19.892  -43.410  61.966 0.0000000000
56823  -43.039  -25.902  59.334 0.0000000000
115194  -46.263  -24.759  61.400 0.0000000000
113898  -45.207  -25.954  58.059 0.0000000000
124860  -46.615  -25.781  56.629 0.0000000000
58794  -48.967  -22.330  45.946 0.0000000000
58760  -48.984  -22.074  48.599 0.0000000000
59681  -51.010  -20.862  48.270 0.0000000000
27493  -9.857  -56.023  71.367 0.0000000000
54001  -41.857  -27.831  48.520 0.0000000000
56031  -43.230  -25.119  45.562 0.0000000000
59731  -45.898  -22.175  43.854 0.0000000000
60617  -48.399  -20.958  43.761 0.0000000000
62504  -50.133  -19.208  43.847 0.0000000000
113844  -50.678  -17.044  44.536 0.0000000000
65244  -51.779  -15.826  44.500 0.0000000000
65277  -49.383  -15.796  42.997 0.0000000000
33295  -13.164  -50.087  70.092 0.0000000000
31651  -11.919  -52.194  71.405 0.0000000000
117841  -10.348  -54.123  71.353 0.0000000000
52878  -44.253  -27.979  63.713 0.0000000000
50097  -43.715  -31.557  61.849 0.0000000000
122130  -43.407  -29.181  61.021 0.0000000000
53826  -43.438  -27.081  60.817 0.0000000000
55877  -41.244  -26.364  57.373 0.0000000000
54924  -39.394  -26.589  54.577 0.0000000000
53950  -38.572  -28.379  51.560 0.0000000000
38881  -25.619  -43.618  69.644 0.0000000000
130730  -27.828  -41.776  61.322 0.0000000000
40673  -29.711  -42.508  62.855 0.0000000000
40720  -31.810  -42.582  59.864 0.0000000000
39856  -32.117  -42.927  62.236 0.0000000000
39810  -32.521  -43.034  64.830 0.0000000000
38926  -34.269  -44.259  65.929 0.0000000000
36073  -15.255  -47.287  64.207 0.0000000000
37049  -16.438  -45.639  63.818 0.0000000000
36035  -15.485  -46.247  66.376 0.0000000000
53977  -45.206  -27.471  50.910 0.0000000000
54970  -47.564  -26.972  52.264 0.0000000000
54935  -50.367  -25.993  54.281 0.0000000000
57792  -49.377  -23.204  51.713 0.0000000000
64288  -53.869  -16.673  43.438 0.0000000000
65279  -56.779  -16.020  42.337 0.0000000000
66193  -58.192  -14.263  42.122 0.0000000000
66217  -56.005  -14.116  38.807 0.0000000000
127299  -59.073  -12.124  41.254 0.0000000000
46441  -38.091  -35.856  57.618 0.0000000000
46454  -38.426  -35.231  57.659 0.0000000000
46453  -37.789  -35.012  57.201 0.0000000000
44463  -36.992  -37.739  57.987 0.0000000000
45440  -37.919  -36.770  57.927 0.0000000000
109191  -38.364  -37.294  58.669 0.0000000000
53952  -40.426  -28.650  51.141 0.0000000000
53931  -41.701  -28.032  52.669 0.0000000000
53973  -41.298  -28.534  50.870 0.0000000000
61587  -54.608  -19.148  45.466 0.0000000000
60591  -55.241  -19.967  46.569 0.0000000000
61580  -56.229  -19.104  46.732 0.0000000000
63402  -56.706  -17.680  46.614 0.0000000000
64248  -54.498  -16.379  45.970 0.0000000000
34121  -14.478  -48.442  64.701 0.0000000000
33311  -13.863  -49.654  66.005 0.0000000000
34111  -14.014  -48.684  67.110 0.0000000000
51086  -39.484  -30.115  54.420 0.0000000000
51072  -40.676  -29.987  55.393 0.0000000000
52032  -39.244  -29.209  54.581 0.0000000000
52949  -38.415  -27.910  54.654 0.0000000000
52975  -37.375  -28.640  53.345 0.0000000000
38909  -21.472  -43.961  67.909 0.0000000000
40636  -28.896  -42.418  66.007 0.0000000000
39779  -29.244  -42.905  67.496 0.0000000000
39794  -30.285  -42.926  66.549 0.0000000000
39781  -31.600  -43.441  67.616 0.0000000000
39795  -31.461  -43.172  66.605 0.0000000000
39005  -37.817  -43.373  61.618 0.0000000000
112172  -36.203  -43.833  61.560 0.0000000000
38988  -37.107  -43.929  62.129 0.0000000000
38972  -37.512  -44.351  63.081 0.0000000000
38934  -20.890  -43.966  65.461 0.0000000000
38922  -20.543  -44.090  66.382 0.0000000000
127730  -19.970  -44.327  67.768 0.0000000000
53796  -45.558  -27.041  64.605 0.0000000000
56969  -46.506  -24.126  46.512 0.0000000000
56942  -46.669  -24.802  48.119 0.0000000000
57846  -47.072  -24.117  47.776 0.0000000000
45399  -41.642  -36.625  61.549 0.0000000000
46404  -42.110  -35.821  61.175 0.0000000000
46417  -41.822  -35.592  60.299 0.0000000000
48324  -40.146  -34.049  57.773 0.0000000000
49277  -39.730  -32.616  56.056 0.0000000000
50144  -40.334  -31.968  55.495 0.0000000000
39853  -21.980  -42.960  62.787 0.0000000000
39818  -22.644  -43.068  64.341 0.0000000000
40665  -22.887  -42.429  62.601 0.0000000000
128112  -24.720  -40.990  61.530 0.0000000000
41510  -25.212  -41.298  63.106 0.0000000000
41525  -25.595  -41.049  62.584 0.0000000000
40669  -26.299  -41.349  63.982 0.0000000000
41512  -26.805  -41.535  62.930 0.0000000000
42500  -32.720  -39.870  56.923 0.0000000000
43460  -36.804  -39.010  59.071 0.0000000000
42472  -35.822  -40.043  58.967 0.0000000000
42456  -36.754  -40.059  60.082 0.0000000000
40723  -37.129  -41.190  60.771 0.0000000000
42442  -37.771  -39.836  60.938 0.0000000000
41545  -38.486  -40.380  61.806 0.0000000000
119980  -38.352  -39.235  61.146 0.0000000000
45413  -40.231  -37.092  60.176 0.0000000000
44416  -39.705  -38.013  61.247 0.0000000000
45398  -40.868  -37.078  60.965 0.0000000000
45386  -41.738  -36.896  62.516 0.0000000000
128797  -20.798  -43.179  61.602 0.0000000000
55879  -42.602  -25.962  57.869 0.0000000000
55869  -43.827  -25.873  58.872 0.0000000000
55893  -43.342  -26.584  56.971 0.0000000000
54929  -44.482  -26.993  54.498 0.0000000000
55912  -45.725  -26.423  55.748 0.0000000000
55913  -46.371  -26.081  55.515 0.0000000000
56861  -47.908  -25.210  56.280 0.0000000000
54932  -47.316  -26.193  54.381 0.0000000000
59716  -50.469  -21.726  45.651 0.0000000000
59698  -49.743  -21.628  47.312 0.0000000000
59700  -51.184  -21.115  47.223 0.0000000000
61534  -54.677  -19.812  51.019 0.0000000000
59732  -47.381  -21.889  43.899 0.0000000000
60626  -46.474  -20.372  43.537 0.0000000000
116137  -47.557  -19.004  43.723 0.0000000000
126144  -48.747  -17.641  43.889 0.0000000000
118822  -50.229  -17.942  44.212 0.0000000000
64270  -48.842  -16.789  43.851 0.0000000000
65242  -50.125  -16.019  44.152 0.0000000000
31707  -12.418  -51.464  65.666 0.0000000000
112586  -11.886  -52.866  67.989 0.0000000000
34989  -12.888  -47.478  71.959 0.0000000000
34098  -13.236  -49.031  70.438 0.0000000000
126061  -12.839  -49.324  72.332 0.0000000000
31634  -12.171  -51.364  72.254 0.0000000000
30815  -11.787  -52.231  72.254 0.0000000000
126327  -11.281  -53.389  71.340 0.0000000000
128527  -11.963  -53.421  72.446 0.0000000000
29209  -10.769  -54.643  71.754 0.0000000000
118975  -43.339  -33.294  60.795 0.0000000000
48300  -43.474  -33.089  62.024 0.0000000000
50108  -43.285  -31.625  60.472 0.0000000000
52918  -42.321  -28.662  58.428 0.0000000000
51972  -42.947  -29.774  59.738 0.0000000000
52897  -42.913  -28.610  59.753 0.0000000000
52889  -43.312  -27.539  60.663 0.0000000000
53837  -42.515  -27.298  59.093 0.0000000000
54880  -42.283  -27.024  58.766 0.0000000000
53864  -41.306  -27.116  57.808 0.0000000000
54922  -37.785  -26.846  54.042 0.0000000000
55905  -39.269  -26.376  55.187 0.0000000000
54968  -38.393  -27.251  53.117 0.0000000000
54969  -39.276  -27.544  53.293 0.0000000000
53927  -38.072  -27.888  52.369 0.0000000000
39789  -24.569  -42.945  66.375 0.0000000000
39762  -24.861  -43.238  67.961 0.0000000000
39763  -25.656  -42.970  67.997 0.0000000000
41573  -28.332  -41.292  59.128 0.0000000000
108754  -27.788  -41.104  59.713 0.0000000000
40716  -28.569  -41.945  60.902 0.0000000000
40700  -28.463  -41.970  61.819 0.0000000000
40687  -29.864  -42.594  62.040 0.0000000000
40755  -33.202  -41.597  58.340 0.0000000000
40753  -31.551  -41.865  58.517 0.0000000000
39904  -32.648  -42.613  59.590 0.0000000000
39858  -34.206  -43.746  62.619 0.0000000000
128413  -32.775  -43.261  61.995 0.0000000000
110287  -32.770  -43.260  62.886 0.0000000000
39839  -31.875  -42.917  63.183 0.0000000000
125764  -32.951  -42.955  64.321 0.0000000000
39811  -33.177  -43.357  65.132 0.0000000000
38936  -34.519  -44.029  65.372 0.0000000000
41513  -40.185  -40.124  63.869 0.0000000000
37998  -16.980  -44.988  63.862 0.0000000000
37021  -16.655  -45.174  65.585 0.0000000000
124053  -16.265  -45.741  65.233 0.0000000000
37926  -18.496  -44.856  70.925 0.0000000000
54002  -42.744  -27.544  48.409 0.0000000000
124066  -43.099  -27.788  49.784 0.0000000000
55014  -44.127  -27.046  48.773 0.0000000000
55977  -47.881  -25.911  50.276 0.0000000000
55002  -46.582  -26.798  50.636 0.0000000000
131541  -48.581  -26.392  51.724 0.0000000000
54957  -48.631  -26.619  53.181 0.0000000000
54987  -49.318  -26.160  52.300 0.0000000000
59650  -49.847  -21.359  50.839 0.0000000000
58717  -48.909  -22.709  50.164 0.0000000000
58706  -49.689  -21.846  51.567 0.0000000000
64297  -50.962  -16.517  43.190 0.0000000000
65264  -53.155  -15.767  43.973 0.0000000000
64298  -52.555  -17.174  42.548 0.0000000000
64310  -55.126  -16.866  41.804 0.0000000000
64322  -55.481  -16.199  41.224 0.0000000000
65288  -57.439  -15.191  41.934 0.0000000000
66200  -56.375  -14.848  40.672 0.0000000000
67142  -55.545  -13.424  36.870 0.0000000000
67133  -55.339  -13.784  37.569 0.0000000000
68014  -56.775  -12.825  38.262 0.0000000000
67109  -57.529  -13.379  40.203 0.0000000000
68009  -58.366  -11.819  39.676 0.0000000000
68869  -58.908  -10.658  39.555 0.0000000000
130722  -59.821  -9.432  38.023 0.0000000000
46429  -40.055  -36.133  58.843 0.0000000000
46430  -40.643  -35.682  59.281 0.0000000000
46443  -39.425  -35.559  58.488 0.0000000000
47421  -38.388  -34.536  57.349 0.0000000000
113976  -23.201  -41.920  61.903 0.0000000000
43488  -35.904  -38.078  57.360 0.0000000000
43477  -37.112  -38.273  58.624 0.0000000000
43461  -37.486  -38.720  59.418 0.0000000000
43448  -38.472  -38.506  60.436 0.0000000000
44450  -38.687  -37.823  59.598 0.0000000000
45428  -39.196  -37.140  58.885 0.0000000000
124605  -41.678  -26.991  54.597 0.0000000000
54912  -42.998  -26.874  55.599 0.0000000000
54951  -42.856  -27.336  54.103 0.0000000000
53915  -43.170  -27.682  53.305 0.0000000000
53916  -44.062  -27.633  53.113 0.0000000000
60604  -52.649  -20.979  44.908 0.0000000000
60588  -52.671  -20.809  47.437 0.0000000000
60589  -54.103  -20.662  46.806 0.0000000000
125091  -54.894  -19.828  48.494 0.0000000000
66149  -56.382  -15.482  45.743 0.0000000000
32535  -13.333  -50.271  65.578 0.0000000000
32507  -13.416  -50.954  67.754 0.0000000000
50132  -41.938  -31.327  57.268 0.0000000000
50125  -42.674  -31.334  58.856 0.0000000000
51050  -41.816  -30.499  57.134 0.0000000000
52001  -41.602  -29.700  57.067 0.0000000000
52935  -40.948  -28.399  56.583 0.0000000000
53873  -40.772  -27.059  56.747 0.0000000000
53890  -39.148  -27.793  55.320 0.0000000000
53898  -37.873  -27.410  54.298 0.0000000000
53911  -36.808  -27.403  53.104 0.0000000000
39790  -26.786  -42.191  66.704 0.0000000000
39777  -27.124  -42.501  67.495 0.0000000000
39778  -27.946  -42.527  67.660 0.0000000000
39767  -29.142  -42.920  68.364 0.0000000000
38901  -32.349  -44.075  68.228 0.0000000000
41587  -28.549  -41.010  58.291 0.0000000000
40751  -29.867  -41.800  58.775 0.0000000000
123114  -34.892  -42.291  59.690 0.0000000000
39890  -33.959  -42.896  60.419 0.0000000000
39014  -35.309  -43.490  60.697 0.0000000000
38986  -35.124  -43.970  61.952 0.0000000000
38969  -35.039  -44.035  63.027 0.0000000000
38951  -35.256  -43.940  64.908 0.0000000000
38971  -36.743  -44.250  63.859 0.0000000000
38965  -19.090  -44.187  63.040 0.0000000000
38947  -19.077  -44.234  64.168 0.0000000000
37974  -18.315  -44.521  66.537 0.0000000000
114658  -17.913  -44.752  68.005 0.0000000000
37965  -19.296  -44.463  67.591 0.0000000000
55045  -44.668  -26.223  47.318 0.0000000000
55028  -45.151  -26.663  48.684 0.0000000000
55997  -46.377  -25.589  48.497 0.0000000000
55986  -47.427  -25.535  49.576 0.0000000000
56923  -48.139  -25.127  49.926 0.0000000000
116657  -50.067  -16.871  40.621 0.0000000000
120504  -51.964  -17.092  41.570 0.0000000000
114364  -50.836  -16.802  40.094 0.0000000000
68027  -57.207  -12.197  36.689 0.0000000000
68877  -58.450  -10.855  38.186 0.0000000000
68890  -57.783  -11.414  36.312 0.0000000000
68904  -58.345  -10.745  35.742 0.0000000000
35015  -14.533  -47.151  67.498 0.0000000000
35004  -14.110  -47.536  68.195 0.0000000000
47337  -42.973  -35.047  64.381 0.0000000000
46393  -42.678  -35.296  62.494 0.0000000000
116291  -42.954  -33.972  60.758 0.0000000000
47403  -42.515  -33.790  59.510 0.0000000000
47412  -40.657  -34.408  58.435 0.0000000000
47413  -41.313  -33.867  58.540 0.0000000000
49254  -42.137  -32.480  58.092 0.0000000000
49262  -41.481  -32.039  56.728 0.0000000000
50152  -39.992  -31.494  54.781 0.0000000000
122188  -21.657  -43.792  65.555 0.0000000000
115006  -22.694  -43.677  67.119 0.0000000000
39787  -23.056  -43.371  65.941 0.0000000000
39804  -23.616  -42.949  65.415 0.0000000000
39805  -24.922  -42.553  65.636 0.0000000000
40666  -23.933  -42.003  63.087 0.0000000000
40653  -25.034  -41.955  64.190 0.0000000000
40643  -26.014  -41.806  65.031 0.0000000000
40644  -26.690  -41.870  65.338 0.0000000000
40645  -27.428  -41.944  65.074 0.0000000000
40657  -29.028  -42.385  64.637 0.0000000000
41604  -33.167  -40.461  57.520 0.0000000000
40756  -33.933  -41.508  58.551 0.0000000000
42489  -35.481  -39.608  58.322 0.0000000000
41594  -35.148  -40.421  58.557 0.0000000000
40740  -35.194  -41.703  59.362 0.0000000000
40722  -36.494  -41.903  60.248 0.0000000000
39894  -37.181  -42.064  60.755 0.0000000000
110817  -38.283  -42.032  61.447 0.0000000000
39859  -39.596  -42.413  62.312 0.0000000000
111845  -38.962  -40.683  62.224 0.0000000000
41528  -39.557  -40.197  63.093 0.0000000000
42436  -39.442  -39.502  62.989 0.0000000000
43430  -38.970  -38.585  61.241 0.0000000000
43418  -39.567  -38.903  62.699 0.0000000000
43405  -40.545  -38.791  63.903 0.0000000000
44395  -41.323  -37.730  63.845 0.0000000000
38984  -19.933  -43.856  62.760 0.0000000000
55838  -43.875  -26.097  61.168 0.0000000000
56807  -44.648  -25.478  60.901 0.0000000000
109817  -45.711  -25.158  60.490 0.0000000000
56836  -46.213  -25.441  58.774 0.0000000000
55910  -44.070  -26.637  56.455 0.0000000000
55881  -45.466  -25.984  57.330 0.0000000000
122103  -48.079  -22.723  46.024 0.0000000000
57867  -48.086  -23.030  47.941 0.0000000000
126148  -49.206  -21.888  47.765 0.0000000000
59679  -49.605  -21.538  49.204 0.0000000000
60555  -51.000  -20.559  50.558 0.0000000000
60574  -52.628  -20.494  48.467 0.0000000000
122650  -51.838  -20.198  50.602 0.0000000000
53015  -39.227  -28.605  48.241 0.0000000000
53989  -41.355  -28.175  49.361 0.0000000000
54015  -40.643  -27.930  47.391 0.0000000000
131710  -41.461  -27.507  47.310 0.0000000000
128766  -42.553  -26.801  47.156 0.0000000000
55065  -43.321  -26.014  46.512 0.0000000000
56021  -43.921  -24.945  45.968 0.0000000000
57881  -45.285  -24.221  45.932 0.0000000000
57882  -46.068  -23.832  46.000 0.0000000000
58802  -46.604  -23.518  45.298 0.0000000000
58803  -47.822  -22.688  45.003 0.0000000000
124667  -48.685  -22.313  44.583 0.0000000000
60618  -49.918  -21.236  44.155 0.0000000000
61608  -46.633  -19.421  43.619 0.0000000000
61609  -48.503  -20.069  43.688 0.0000000000
60619  -50.762  -20.928  44.107 0.0000000000
61598  -51.651  -19.598  44.048 0.0000000000
63420  -52.098  -17.956  44.727 0.0000000000
62494  -52.970  -17.704  45.166 0.0000000000
64258  -52.545  -16.190  45.275 0.0000000000
64273  -51.420  -15.990  44.848 0.0000000000
65261  -50.487  -15.964  43.833 0.0000000000
124454  -49.783  -16.456  42.432 0.0000000000
64306  -49.457  -16.760  41.489 0.0000000000
33301  -13.605  -49.341  68.500 0.0000000000
32492  -13.335  -50.084  68.941 0.0000000000
32491  -13.190  -50.918  69.300 0.0000000000
32475  -12.484  -50.361  72.437 0.0000000000
31652  -12.746  -51.692  70.994 0.0000000000
30831  -12.385  -52.724  69.723 0.0000000000
30036  -11.692  -53.159  69.553 0.0000000000
30035  -10.892  -53.656  70.001 0.0000000000
29221  -9.615  -54.815  70.403 0.0000000000
28332  -10.086  -55.190  71.543 0.0000000000
117478  -44.730  -26.675  63.649 0.0000000000
51003  -44.104  -31.073  63.392 0.0000000000
51029  -43.128  -30.719  60.085 0.0000000000
51021  -43.756  -30.781  61.629 0.0000000000
121680  -43.955  -29.299  62.770 0.0000000000
53827  -43.622  -27.245  61.529 0.0000000000
54843  -43.757  -26.459  61.435 0.0000000000
54853  -43.136  -26.351  60.079 0.0000000000
56821  -42.031  -26.168  58.441 0.0000000000
113070  -41.731  -26.085  56.735 0.0000000000
128499  -40.005  -26.561  56.333 0.0000000000
55907  -40.195  -25.972  55.834 0.0000000000
55931  -40.568  -26.284  55.307 0.0000000000
53912  -40.217  -27.805  53.398 0.0000000000
53929  -39.821  -28.366  52.757 0.0000000000
53971  -39.444  -28.564  50.870 0.0000000000
52057  -36.312  -29.414  52.674 0.0000000000
52973  -36.030  -28.537  52.653 0.0000000000
53925  -35.827  -27.461  52.006 0.0000000000
54981  -36.359  -27.369  51.850 0.0000000000
53948  -36.678  -27.741  51.442 0.0000000000
53969  -37.090  -28.400  51.028 0.0000000000
53986  -38.183  -28.636  49.780 0.0000000000
53008  -38.793  -28.752  48.963 0.0000000000
127045  -26.745  -42.988  68.874 0.0000000000
42455  -25.542  -40.458  60.535 0.0000000000
41558  -26.228  -40.423  60.067 0.0000000000
115420  -26.263  -40.851  61.588 0.0000000000
40699  -27.484  -41.709  62.175 0.0000000000
115602  -28.959  -42.290  63.143 0.0000000000
39837  -29.705  -42.468  64.149 0.0000000000
41589  -30.970  -41.432  57.805 0.0000000000
40752  -30.684  -41.865  58.638 0.0000000000
40718  -30.626  -42.242  59.891 0.0000000000
39889  -33.057  -42.886  60.450 0.0000000000
39888  -31.681  -42.691  60.726 0.0000000000
40703  -30.928  -42.559  61.019 0.0000000000
39854  -30.497  -42.641  62.624 0.0000000000
39838  -31.202  -42.736  63.824 0.0000000000
112858  -31.089  -42.931  65.140 0.0000000000
39796  -32.274  -43.298  66.290 0.0000000000
38925  -33.432  -43.969  66.373 0.0000000000
35048  -13.958  -48.253  63.852 0.0000000000
110199  -14.920  -47.644  65.064 0.0000000000
37066  -16.156  -45.621  62.333 0.0000000000
37065  -15.633  -46.278  62.687 0.0000000000
36089  -15.454  -46.837  63.467 0.0000000000
111617  -15.278  -46.928  64.990 0.0000000000
36034  -14.893  -46.715  66.856 0.0000000000
36014  -15.341  -46.159  67.298 0.0000000000
37952  -17.401  -44.820  68.549 0.0000000000
53974  -42.612  -28.115  50.343 0.0000000000
53955  -43.766  -27.896  51.446 0.0000000000
53934  -45.330  -27.644  52.393 0.0000000000
55001  -45.764  -26.971  50.403 0.0000000000
54983  -45.983  -27.308  51.236 0.0000000000
111177  -46.809  -27.220  52.767 0.0000000000
115856  -47.953  -26.463  53.727 0.0000000000
57825  -48.076  -23.484  49.132 0.0000000000
57806  -48.848  -23.494  50.631 0.0000000000
56914  -49.133  -24.850  51.354 0.0000000000
65233  -53.886  -15.721  45.081 0.0000000000
65247  -54.435  -15.626  44.804 0.0000000000
129240  -55.550  -15.388  44.951 0.0000000000
64299  -53.549  -17.197  42.585 0.0000000000
64290  -55.827  -16.313  43.646 0.0000000000
65249  -57.026  -15.281  44.559 0.0000000000
65268  -57.647  -15.058  43.762 0.0000000000
66186  -58.797  -13.881  42.934 0.0000000000
66207  -55.776  -14.518  39.450 0.0000000000
66201  -57.062  -14.206  40.589 0.0000000000
67982  -59.061  -12.711  41.916 0.0000000000
69693  -59.717  -9.668  38.604 0.0000000000
45439  -37.139  -37.084  57.648 0.0000000000
45452  -37.305  -36.251  57.303 0.0000000000
53953  -41.288  -28.422  51.779 0.0000000000
53972  -40.893  -28.538  50.199 0.0000000000
61588  -55.336  -19.092  45.893 0.0000000000
62496  -55.230  -18.326  45.887 0.0000000000
117863  -56.033  -18.583  46.326 0.0000000000
63401  -55.824  -17.507  46.197 0.0000000000
63400  -54.907  -17.255  46.048 0.0000000000
35036  -14.473  -48.156  65.783 0.0000000000
34116  -14.130  -48.842  66.269 0.0000000000
35023  -14.328  -48.229  66.630 0.0000000000
52043  -38.847  -29.772  53.962 0.0000000000
52033  -39.906  -29.552  54.998 0.0000000000
126554  -38.554  -28.801  54.261 0.0000000000
109722  -22.033  -43.784  67.077 0.0000000000
40647  -29.166  -42.570  65.308 0.0000000000
39793  -29.449  -42.797  66.654 0.0000000000
39807  -29.813  -42.744  65.797 0.0000000000
129358  -30.836  -42.991  66.554 0.0000000000
39808  -30.803  -42.868  65.950 0.0000000000
120485  -38.354  -43.747  62.425 0.0000000000
38908  -20.609  -44.163  67.397 0.0000000000
57865  -47.005  -23.908  46.888 0.0000000000
57866  -47.548  -23.468  47.449 0.0000000000
45415  -41.445  -36.335  60.644 0.0000000000
46416  -41.093  -35.961  59.917 0.0000000000
48356  -39.215  -33.242  56.620 0.0000000000
39835  -22.346  -42.961  63.494 0.0000000000
41524  -24.961  -41.180  62.259 0.0000000000
41526  -26.168  -41.152  62.791 0.0000000000
109195  -25.962  -40.790  62.057 0.0000000000
42474  -37.100  -39.395  59.787 0.0000000000
42473  -36.469  -39.701  59.385 0.0000000000
42457  -37.313  -39.759  60.379 0.0000000000
41562  -37.215  -40.382  60.649 0.0000000000
39852  -21.224  -43.221  62.571 0.0000000000
55892  -42.383  -26.155  57.147 0.0000000000
110365  -43.166  -26.142  57.720 0.0000000000
55909  -42.659  -26.592  56.378 0.0000000000
54954  -45.300  -27.135  53.836 0.0000000000
54930  -45.349  -26.854  54.599 0.0000000000
55933  -46.770  -26.018  54.994 0.0000000000
54931  -46.555  -26.533  54.364 0.0000000000
59707  -50.457  -21.481  46.741 0.0000000000
59708  -51.318  -21.448  46.129 0.0000000000
60534  -54.834  -20.179  51.389 0.0000000000
60625  -45.647  -20.559  43.462 0.0000000000
129273  -48.032  -16.708  43.661 0.0000000000
64284  -48.479  -16.114  43.570 0.0000000000
31700  -12.890  -51.595  66.567 0.0000000000
31690  -12.666  -52.139  67.052 0.0000000000
30846  -11.921  -52.590  67.114 0.0000000000
34084  -12.976  -48.506  72.247 0.0000000000
34078  -12.990  -48.930  72.480 0.0000000000
30017  -11.498  -53.022  72.256 0.0000000000
49242  -43.057  -32.407  59.758 0.0000000000
49230  -43.377  -32.603  60.573 0.0000000000
52917  -41.885  -28.157  58.014 0.0000000000
52906  -42.610  -28.342  59.053 0.0000000000
53850  -42.717  -27.679  59.422 0.0000000000
52905  -42.278  -27.716  58.594 0.0000000000
54890  -41.939  -27.125  58.375 0.0000000000
54946  -38.084  -26.864  53.585 0.0000000000
54982  -37.195  -27.417  52.151 0.0000000000
110785  -25.250  -42.861  66.825 0.0000000000
129891  -25.221  -42.978  67.450 0.0000000000
39775  -25.765  -42.789  67.286 0.0000000000
40733  -28.648  -41.678  59.875 0.0000000000
40701  -29.255  -42.277  61.460 0.0000000000
40702  -30.091  -42.497  61.211 0.0000000000
40738  -33.267  -42.134  58.923 0.0000000000
39905  -33.605  -42.640  59.671 0.0000000000
130933  -33.520  -43.477  63.076 0.0000000000
39840  -33.274  -43.195  63.707 0.0000000000
39824  -33.582  -43.466  64.422 0.0000000000
38950  -34.395  -43.865  64.609 0.0000000000
42427  -40.032  -39.561  63.746 0.0000000000
37972  -16.997  -44.854  66.881 0.0000000000
55025  -43.121  -26.980  47.639 0.0000000000
54003  -43.430  -27.127  48.376 0.0000000000
126478  -48.238  -26.214  51.067 0.0000000000
64286  -51.953  -16.664  43.322 0.0000000000
119866  -51.715  -17.054  42.578 0.0000000000
65295  -54.921  -15.714  40.528 0.0000000000
65287  -56.430  -15.656  41.396 0.0000000000
65296  -55.698  -15.345  40.664 0.0000000000
68021  -56.839  -12.630  37.489 0.0000000000
68015  -57.580  -12.334  38.745 0.0000000000
68016  -58.336  -11.352  38.822 0.0000000000
44449  -37.932  -38.045  59.033 0.0000000000
45441  -38.580  -36.417  58.396 0.0000000000
108839  -39.990  -36.949  59.116 0.0000000000
54950  -41.469  -27.393  54.093 0.0000000000
120834  -42.125  -27.320  54.251 0.0000000000
53914  -42.173  -27.740  53.525 0.0000000000
111579  -42.240  -28.117  51.861 0.0000000000
53932  -42.627  -27.893  52.626 0.0000000000
53933  -43.522  -27.842  52.446 0.0000000000
60605  -53.518  -20.600  45.175 0.0000000000
60596  -52.977  -21.071  45.781 0.0000000000
60597  -53.891  -20.781  45.917 0.0000000000
61563  -55.592  -19.543  48.647 0.0000000000
110006  -55.070  -19.579  49.475 0.0000000000
128174  -55.885  -19.221  49.815 0.0000000000
65223  -56.942  -15.508  46.119 0.0000000000
32521  -13.492  -50.334  66.439 0.0000000000
32520  -13.317  -51.000  66.916 0.0000000000
32508  -13.532  -50.280  67.248 0.0000000000
50146  -41.643  -31.065  56.494 0.0000000000
52020  -41.164  -29.505  56.281 0.0000000000
52000  -41.391  -28.942  57.008 0.0000000000
52944  -40.240  -28.087  56.252 0.0000000000
52950  -39.734  -28.149  55.819 0.0000000000
52958  -37.905  -28.304  54.026 0.0000000000
53897  -37.403  -27.402  53.613 0.0000000000
124617  -37.127  -27.680  53.387 0.0000000000
40634  -27.136  -41.968  66.017 0.0000000000
39791  -27.573  -42.229  66.813 0.0000000000
38912  -32.003  -43.757  68.227 0.0000000000
38913  -32.443  -43.726  67.566 0.0000000000
41574  -29.039  -41.603  58.931 0.0000000000
39892  -35.909  -42.760  60.375 0.0000000000
39891  -34.915  -42.843  60.210 0.0000000000
39015  -36.187  -43.377  60.846 0.0000000000
38987  -35.987  -44.207  62.461 0.0000000000
38970  -35.939  -44.298  63.394 0.0000000000
38953  -37.668  -44.154  64.304 0.0000000000
38966  -19.881  -44.075  63.664 0.0000000000
38921  -19.727  -44.336  66.205 0.0000000000
37964  -18.506  -44.583  67.380 0.0000000000
38893  -20.510  -44.292  68.478 0.0000000000
37954  -19.565  -44.463  68.410 0.0000000000
56955  -45.101  -25.463  46.826 0.0000000000
55995  -45.427  -25.772  47.374 0.0000000000
56941  -45.965  -25.161  47.810 0.0000000000
56943  -47.292  -24.455  48.560 0.0000000000
56930  -47.038  -25.199  48.847 0.0000000000
56931  -47.620  -24.758  49.277 0.0000000000
110487  -55.555  -12.977  36.006 0.0000000000
68041  -56.509  -12.386  35.798 0.0000000000
68042  -57.189  -11.903  35.900 0.0000000000
35005  -14.598  -46.730  68.469 0.0000000000
35930  -13.008  -46.978  72.266 0.0000000000
118453  -42.503  -35.650  63.021 0.0000000000
47384  -42.146  -34.952  59.955 0.0000000000
47372  -42.478  -34.897  60.771 0.0000000000
47385  -42.594  -34.290  60.026 0.0000000000
127466  -40.362  -34.958  58.546 0.0000000000
47401  -40.734  -35.001  58.967 0.0000000000
48337  -40.519  -33.324  57.327 0.0000000000
48325  -40.961  -33.621  57.967 0.0000000000
48326  -41.755  -33.271  58.220 0.0000000000
49253  -41.415  -32.810  57.497 0.0000000000
49278  -40.626  -32.338  56.258 0.0000000000
38935  -22.359  -43.600  65.727 0.0000000000
39802  -22.151  -43.534  64.949 0.0000000000
39819  -23.496  -42.780  64.560 0.0000000000
108722  -24.244  -42.824  65.695 0.0000000000
40641  -24.398  -42.484  64.912 0.0000000000
40682  -23.785  -41.690  62.296 0.0000000000
40668  -25.441  -41.397  63.814 0.0000000000
40667  -24.837  -41.681  63.424 0.0000000000
40642  -25.270  -42.052  65.007 0.0000000000
120000  -25.600  -41.660  64.396 0.0000000000
40670  -27.139  -41.661  63.895 0.0000000000
40656  -28.210  -42.019  64.386 0.0000000000
41592  -33.552  -40.921  58.118 0.0000000000
41593  -34.377  -40.726  58.277 0.0000000000
42503  -35.094  -39.149  57.707 0.0000000000
41576  -35.501  -40.853  59.182 0.0000000000
41575  -34.772  -41.258  58.798 0.0000000000
41560  -35.934  -41.306  59.748 0.0000000000
40721  -35.592  -42.128  59.920 0.0000000000
40704  -37.699  -41.610  61.190 0.0000000000
39875  -37.656  -42.644  61.177 0.0000000000
40688  -38.964  -41.753  61.869 0.0000000000
41527  -38.880  -39.943  62.421 0.0000000000
44417  -40.420  -37.711  61.595 0.0000000000
44406  -39.934  -38.248  62.186 0.0000000000
43419  -40.140  -38.527  63.081 0.0000000000
44394  -40.784  -38.188  63.401 0.0000000000
112757  -41.657  -37.139  63.350 0.0000000000
46379  -42.141  -36.400  63.350 0.0000000000
38949  -21.444  -43.841  64.777 0.0000000000
56787  -43.661  -25.983  60.520 0.0000000000
56788  -44.117  -25.769  61.428 0.0000000000
56824  -43.348  -25.877  59.988 0.0000000000
55870  -44.578  -25.910  58.472 0.0000000000
55860  -44.547  -25.700  59.336 0.0000000000
117715  -45.529  -25.452  59.506 0.0000000000
55871  -45.341  -25.737  58.702 0.0000000000
131586  -43.425  -26.713  56.193 0.0000000000
54913  -44.062  -26.830  55.543 0.0000000000
55895  -46.228  -25.997  56.171 0.0000000000
55894  -45.523  -26.256  56.530 0.0000000000
55882  -46.351  -25.738  57.291 0.0000000000
56848  -46.770  -25.435  57.955 0.0000000000
108889  -47.623  -24.988  57.808 0.0000000000
55883  -47.244  -25.423  56.984 0.0000000000
129568  -48.571  -22.448  46.742 0.0000000000
59697  -49.074  -21.973  46.972 0.0000000000
59699  -50.361  -21.229  47.756 0.0000000000
109568  -49.681  -21.546  48.241 0.0000000000
59680  -50.225  -21.070  48.785 0.0000000000
59665  -50.114  -20.962  49.953 0.0000000000
60572  -50.894  -20.702  49.336 0.0000000000
118018  -53.439  -20.631  47.627 0.0000000000
131624  -52.347  -20.007  50.562 0.0000000000
27492  -9.219  -56.040  71.077 0.0000000000
28344  -8.954  -56.201  70.583 0.0000000000
27499  -9.642  -56.813  71.040 0.0000000000
54038  -41.174  -27.369  46.584 0.0000000000
55042  -41.896  -26.949  46.914 0.0000000000
55063  -41.676  -26.784  46.029 0.0000000000
56020  -42.898  -25.779  45.857 0.0000000000
128732  -43.498  -25.487  46.107 0.0000000000
56978  -44.450  -24.403  45.601 0.0000000000
57894  -44.906  -24.007  45.114 0.0000000000
58817  -46.368  -22.865  44.542 0.0000000000
113401  -47.070  -23.021  44.940 0.0000000000
58818  -47.201  -22.518  44.446 0.0000000000
60616  -47.730  -21.219  43.731 0.0000000000
59733  -48.213  -21.786  44.034 0.0000000000
109674  -49.641  -21.991  44.666 0.0000000000
109259  -49.055  -21.621  44.070 0.0000000000
62522  -48.469  -19.179  43.750 0.0000000000
61595  -49.273  -19.662  43.733 0.0000000000
61596  -50.049  -20.304  43.848 0.0000000000
61597  -50.903  -19.948  43.814 0.0000000000
60620  -51.546  -20.579  44.123 0.0000000000
62506  -51.662  -18.707  44.237 0.0000000000
109884  -51.173  -17.861  44.435 0.0000000000
63419  -51.407  -16.731  44.887 0.0000000000
63408  -52.251  -16.816  45.257 0.0000000000
65260  -49.752  -15.963  43.591 0.0000000000
65278  -50.124  -16.093  43.182 0.0000000000
30059  -11.383  -53.219  67.563 0.0000000000
108775  -13.897  -47.934  68.838 0.0000000000
34105  -13.842  -48.466  68.065 0.0000000000
34099  -13.635  -48.574  69.054 0.0000000000
33292  -13.192  -49.642  71.404 0.0000000000
33296  -13.329  -49.272  69.429 0.0000000000
32496  -13.360  -50.757  68.477 0.0000000000
110416  -13.216  -51.132  70.300 0.0000000000
112279  -12.527  -49.755  72.962 0.0000000000
113680  -11.699  -52.083  71.941 0.0000000000
31641  -12.233  -51.222  71.877 0.0000000000
31666  -12.370  -52.388  70.614 0.0000000000
30825  -11.627  -53.060  70.711 0.0000000000
30028  -11.104  -53.619  71.629 0.0000000000
30033  -10.800  -53.723  71.065 0.0000000000
29213  -10.050  -54.100  70.780 0.0000000000
29207  -9.737  -54.729  71.233 0.0000000000
29208  -10.234  -54.483  71.504 0.0000000000
28323  -11.708  -55.085  72.114 0.0000000000
52869  -44.703  -28.102  64.534 0.0000000000
53806  -44.674  -27.287  64.054 0.0000000000
47362  -43.277  -34.114  62.991 0.0000000000
47351  -43.169  -34.252  63.930 0.0000000000
49220  -43.573  -32.327  61.951 0.0000000000
127571  -43.608  -32.645  62.567 0.0000000000
50077  -43.862  -31.863  62.744 0.0000000000
51043  -42.542  -30.657  58.542 0.0000000000
50117  -42.955  -31.506  59.543 0.0000000000
51036  -42.781  -30.679  59.310 0.0000000000
119955  -43.155  -29.207  60.336 0.0000000000
51973  -43.280  -29.953  60.577 0.0000000000
112874  -43.621  -29.997  61.354 0.0000000000
51961  -43.919  -30.075  62.162 0.0000000000
51966  -43.729  -29.158  61.873 0.0000000000
124149  -43.983  -26.809  62.326 0.0000000000
54854  -43.549  -26.376  60.699 0.0000000000
54868  -43.137  -26.563  60.129 0.0000000000
55867  -41.535  -26.309  58.033 0.0000000000
54879  -41.936  -26.447  58.390 0.0000000000
56833  -41.718  -25.967  57.835 0.0000000000
56847  -41.306  -26.102  56.989 0.0000000000
55906  -39.699  -26.077  55.692 0.0000000000
55930  -39.918  -26.155  55.233 0.0000000000
54925  -40.181  -26.670  54.625 0.0000000000
54949  -40.625  -27.233  53.982 0.0000000000
54948  -39.710  -26.952  53.908 0.0000000000
53928  -38.911  -28.077  52.555 0.0000000000
53951  -39.566  -28.606  51.880 0.0000000000
125268  -38.694  -28.503  50.568 0.0000000000
54980  -35.503  -27.586  51.234 0.0000000000
54999  -35.810  -27.682  50.932 0.0000000000
53967  -35.884  -27.994  50.157 0.0000000000
53968  -36.492  -28.123  50.597 0.0000000000
38924  -23.204  -43.487  66.702 0.0000000000
38911  -23.276  -43.584  67.582 0.0000000000
38898  -25.230  -43.364  68.735 0.0000000000
39765  -27.444  -42.803  68.463 0.0000000000
39764  -26.503  -42.837  68.067 0.0000000000
39753  -27.295  -43.213  69.391 0.0000000000
41543  -27.798  -41.486  60.543 0.0000000000
41559  -27.015  -40.939  60.315 0.0000000000
41542  -26.990  -41.240  61.289 0.0000000000
40686  -29.093  -42.297  62.331 0.0000000000
40685  -28.309  -42.024  62.680 0.0000000000
40672  -29.542  -42.408  63.516 0.0000000000
40737  -32.048  -42.140  59.192 0.0000000000
40736  -31.176  -42.133  59.404 0.0000000000
40735  -30.337  -42.002  59.388 0.0000000000
40719  -31.092  -42.441  60.230 0.0000000000
39874  -34.416  -43.496  60.848 0.0000000000
39873  -33.405  -43.253  61.297 0.0000000000
39872  -32.422  -42.898  61.269 0.0000000000
39871  -31.542  -42.710  61.601 0.0000000000
39870  -30.722  -42.617  61.827 0.0000000000
39855  -31.310  -42.747  62.429 0.0000000000
39823  -32.081  -42.842  64.183 0.0000000000
39822  -31.349  -42.860  64.517 0.0000000000
109740  -31.852  -42.992  64.986 0.0000000000
39809  -31.671  -42.985  65.761 0.0000000000
124889  -32.429  -43.195  65.506 0.0000000000
39798  -33.716  -43.872  65.684 0.0000000000
39797  -32.993  -43.579  65.984 0.0000000000
129753  -35.964  -43.984  65.092 0.0000000000
40689  -39.652  -41.278  62.568 0.0000000000
35049  -14.772  -47.912  64.022 0.0000000000
37999  -17.592  -44.616  63.338 0.0000000000
38008  -17.454  -44.513  62.442 0.0000000000
115510  -16.640  -45.337  63.024 0.0000000000
123358  -16.204  -45.858  63.092 0.0000000000
37048  -16.004  -46.287  63.653 0.0000000000
36055  -15.721  -46.328  65.354 0.0000000000
115379  -15.191  -47.071  65.883 0.0000000000
37953  -18.730  -44.598  68.241 0.0000000000
119911  -18.092  -44.696  69.003 0.0000000000
129501  -46.337  -24.379  62.833 0.0000000000
53990  -42.388  -27.896  49.377 0.0000000000
53976  -44.388  -27.584  50.520 0.0000000000
53975  -43.429  -27.869  50.495 0.0000000000
53956  -44.641  -27.734  51.361 0.0000000000
53957  -45.302  -27.660  51.706 0.0000000000
55984  -46.069  -26.383  48.879 0.0000000000
55016  -45.535  -26.815  49.562 0.0000000000
54984  -46.926  -27.099  51.633 0.0000000000
53935  -46.067  -27.542  52.108 0.0000000000
54956  -47.124  -26.790  53.658 0.0000000000
128159  -47.749  -26.833  52.982 0.0000000000
54958  -49.512  -26.445  53.394 0.0000000000
54933  -48.852  -26.427  53.934 0.0000000000
54934  -49.727  -26.320  54.115 0.0000000000
58759  -48.493  -22.693  48.402 0.0000000000
57848  -48.149  -23.113  48.629 0.0000000000
58737  -48.565  -22.763  49.185 0.0000000000
57807  -49.244  -22.588  51.178 0.0000000000
57791  -49.136  -24.027  51.276 0.0000000000
65231  -52.116  -15.813  45.003 0.0000000000
64259  -53.381  -16.120  45.347 0.0000000000
65232  -52.965  -15.795  45.010 0.0000000000
65265  -54.090  -15.721  44.193 0.0000000000
65248  -55.262  -15.513  44.990 0.0000000000
65266  -55.087  -15.718  44.567 0.0000000000
64308  -53.071  -17.007  41.628 0.0000000000
64311  -56.047  -16.589  41.938 0.0000000000
64301  -55.512  -16.779  42.683 0.0000000000
64302  -56.229  -16.445  42.748 0.0000000000
65267  -56.741  -15.843  43.473 0.0000000000
65250  -58.063  -14.747  44.742 0.0000000000
66185  -58.050  -14.735  42.886 0.0000000000
114025  -59.344  -13.437  43.662 0.0000000000
112528  -58.740  -13.452  42.306 0.0000000000
67124  -55.764  -13.928  38.199 0.0000000000
66216  -55.342  -14.348  38.692 0.0000000000
116113  -56.405  -14.354  40.020 0.0000000000
66209  -56.877  -13.843  39.941 0.0000000000
68001  -58.147  -12.615  40.149 0.0000000000
67110  -58.407  -12.912  40.913 0.0000000000
67993  -59.602  -12.035  41.543 0.0000000000
68882  -58.664  -10.414  37.655 0.0000000000
69692  -59.179  -9.877  38.332 0.0000000000
46442  -38.726  -35.669  58.239 0.0000000000
44480  -36.499  -37.527  57.444 0.0000000000
53930  -40.777  -28.421  52.793 0.0000000000
109981  -42.043  -28.405  51.041 0.0000000000
61586  -53.701  -19.637  44.864 0.0000000000
61578  -55.016  -19.738  45.865 0.0000000000
61579  -55.641  -19.367  46.309 0.0000000000
119141  -56.899  -18.500  47.116 0.0000000000
63392  -57.621  -17.581  47.335 0.0000000000
114189  -56.363  -16.780  46.395 0.0000000000
65221  -55.085  -15.885  45.703 0.0000000000
109197  -14.199  -49.057  65.326 0.0000000000
112877  -13.847  -49.264  66.748 0.0000000000
51071  -40.122  -30.526  54.766 0.0000000000
121806  -39.541  -28.664  55.220 0.0000000000
129460  -38.993  -28.449  54.778 0.0000000000
38894  -21.371  -44.141  69.059 0.0000000000
39792  -28.502  -42.574  66.903 0.0000000000
39780  -30.024  -43.120  67.283 0.0000000000
39769  -30.598  -43.537  67.926 0.0000000000
111561  -30.795  -43.234  67.074 0.0000000000
39004  -37.042  -43.414  61.157 0.0000000000
130744  -38.366  -44.069  63.460 0.0000000000
38907  -19.890  -44.365  67.015 0.0000000000
56968  -45.941  -24.431  46.534 0.0000000000
56957  -46.481  -24.601  47.111 0.0000000000
47422  -39.251  -34.332  57.625 0.0000000000
48336  -39.643  -33.639  57.202 0.0000000000
49261  -40.095  -32.972  56.723 0.0000000000
39836  -23.246  -42.606  63.660 0.0000000000
41523  -24.315  -41.217  61.914 0.0000000000
40683  -24.559  -41.465  62.681 0.0000000000
41511  -25.817  -41.224  63.496 0.0000000000
131805  -26.391  -41.375  63.461 0.0000000000
42490  -36.144  -39.290  58.722 0.0000000000
41561  -36.600  -40.858  60.212 0.0000000000
41544  -37.799  -40.600  61.284 0.0000000000
42443  -38.360  -39.889  61.645 0.0000000000
44434  -39.749  -37.588  60.522 0.0000000000
45397  -40.205  -37.505  60.883 0.0000000000
44408  -41.208  -37.547  62.888 0.0000000000
45385  -41.119  -37.354  61.956 0.0000000000
39851  -20.507  -43.460  62.444 0.0000000000
39834  -21.555  -43.377  63.379 0.0000000000
55868  -42.947  -25.901  58.740 0.0000000000
56835  -43.220  -25.878  59.237 0.0000000000
121817  -43.209  -25.917  58.459 0.0000000000
111852  -43.859  -25.966  58.116 0.0000000000
111939  -43.927  -26.359  57.470 0.0000000000
55911  -44.888  -26.656  56.102 0.0000000000
54914  -45.095  -26.732  55.234 0.0000000000
55896  -47.103  -25.699  55.873 0.0000000000
127518  -47.482  -25.810  55.021 0.0000000000
59715  -49.699  -22.079  45.406 0.0000000000
59706  -49.723  -21.839  46.349 0.0000000000
61548  -54.483  -19.646  50.226 0.0000000000
61547  -53.666  -19.827  49.789 0.0000000000
61533  -53.874  -19.679  50.952 0.0000000000
66164  -59.190  -14.225  45.137 0.0000000000
113257  -42.888  -24.644  44.955 0.0000000000
59744  -45.428  -21.422  43.432 0.0000000000
122293  -46.662  -22.141  43.959 0.0000000000
59745  -46.279  -21.368  43.513 0.0000000000
59746  -47.054  -21.139  43.581 0.0000000000
62521  -48.231  -18.263  43.817 0.0000000000
124368  -49.207  -18.464  43.891 0.0000000000
63417  -49.448  -17.350  44.129 0.0000000000
63418  -50.109  -16.928  44.420 0.0000000000
64272  -50.608  -16.351  44.562 0.0000000000
64271  -49.755  -16.490  44.227 0.0000000000
64285  -49.355  -16.119  43.810 0.0000000000
30845  -11.297  -52.990  66.787 0.0000000000
34092  -13.328  -48.108  70.638 0.0000000000
34091  -13.197  -48.507  71.573 0.0000000000
31628  -12.533  -50.630  72.731 0.0000000000
31635  -12.298  -51.563  72.630 0.0000000000
116025  -11.509  -52.870  71.612 0.0000000000
30822  -11.432  -52.882  72.002 0.0000000000
30029  -11.247  -53.510  71.909 0.0000000000
29197  -10.767  -54.035  71.671 0.0000000000
29198  -11.327  -53.952  72.119 0.0000000000
29199  -12.468  -54.460  72.385 0.0000000000
125746  -43.308  -33.586  61.411 0.0000000000
49219  -43.559  -32.850  61.299 0.0000000000
49231  -43.539  -32.049  61.215 0.0000000000
51983  -42.369  -29.719  58.275 0.0000000000
51976  -42.647  -29.176  59.052 0.0000000000
52898  -43.230  -28.414  60.534 0.0000000000
112769  -43.028  -27.792  60.054 0.0000000000
53838  -42.958  -27.101  59.894 0.0000000000
54867  -42.828  -27.011  59.664 0.0000000000
54889  -41.626  -26.843  58.176 0.0000000000
54898  -41.218  -26.945  57.486 0.0000000000
53888  -38.238  -26.924  54.635 0.0000000000
54908  -38.789  -26.723  55.160 0.0000000000
54923  -38.578  -26.701  54.452 0.0000000000
54947  -38.823  -26.824  53.818 0.0000000000
53949  -37.541  -28.050  51.620 0.0000000000
39774  -24.643  -43.130  67.212 0.0000000000
38884  -28.605  -43.493  69.713 0.0000000000
40754  -32.476  -41.866  58.476 0.0000000000
131690  -32.592  -42.194  59.051 0.0000000000
39857  -33.425  -43.535  62.248 0.0000000000
110014  -32.636  -42.931  63.661 0.0000000000
39812  -33.865  -43.754  65.073 0.0000000000
125660  -17.737  -44.740  64.992 0.0000000000
37991  -17.126  -44.933  64.839 0.0000000000
37033  -16.638  -45.430  64.667 0.0000000000
37032  -16.158  -46.040  64.535 0.0000000000
37013  -15.984  -45.615  65.980 0.0000000000
37004  -15.957  -45.725  66.904 0.0000000000
37942  -19.295  -44.685  70.206 0.0000000000
37941  -18.549  -44.703  69.875 0.0000000000
53991  -43.290  -27.508  49.051 0.0000000000
53992  -43.840  -27.501  49.690 0.0000000000
55015  -44.706  -27.166  49.553 0.0000000000
55976  -47.072  -26.226  50.029 0.0000000000
55003  -47.437  -26.536  50.851 0.0000000000
54985  -47.871  -26.714  51.641 0.0000000000
54971  -48.396  -26.648  52.421 0.0000000000
116521  -49.236  -26.508  52.813 0.0000000000
58738  -49.127  -22.096  49.626 0.0000000000
58718  -49.336  -22.006  50.578 0.0000000000
58692  -49.696  -22.438  52.153 0.0000000000
65262  -51.318  -15.886  43.959 0.0000000000
65245  -52.617  -15.708  44.507 0.0000000000
65263  -52.245  -15.823  43.975 0.0000000000
64287  -52.909  -16.765  43.365 0.0000000000
65280  -57.368  -15.464  42.854 0.0000000000
124208  -56.980  -14.858  41.160 0.0000000000
67134  -56.176  -13.352  37.634 0.0000000000
67125  -56.346  -13.541  38.534 0.0000000000
67118  -57.025  -13.384  39.599 0.0000000000
67126  -56.899  -13.082  39.009 0.0000000000
120308  -58.762  -11.905  40.637 0.0000000000
68862  -59.267  -10.918  40.389 0.0000000000
70499  -59.669  -9.412  37.831 0.0000000000
70500  -59.865  -9.227  37.394 0.0000000000
46415  -40.496  -36.409  59.587 0.0000000000
47400  -40.180  -35.428  58.683 0.0000000000
47410  -38.982  -35.050  57.940 0.0000000000
48335  -38.772  -33.847  57.110 0.0000000000
127798  -22.660  -42.276  61.716 0.0000000000
41538  -24.199  -40.832  61.140 0.0000000000
41539  -24.761  -40.660  60.939 0.0000000000
42441  -25.217  -40.620  60.902 0.0000000000
127224  -35.403  -38.563  57.312 0.0000000000
43489  -36.485  -38.196  57.987 0.0000000000
43476  -36.493  -38.715  58.481 0.0000000000
43462  -38.034  -38.393  59.793 0.0000000000
45412  -39.487  -37.427  59.839 0.0000000000
54910  -41.416  -26.656  55.233 0.0000000000
54911  -42.039  -26.624  55.785 0.0000000000
54927  -42.359  -26.966  54.882 0.0000000000
54952  -43.733  -27.284  53.895 0.0000000000
54953  -44.486  -27.332  53.704 0.0000000000
53917  -44.911  -27.525  53.053 0.0000000000
124370  -51.951  -21.380  44.908 0.0000000000
60595  -52.177  -21.069  46.662 0.0000000000
112412  -53.225  -20.875  46.676 0.0000000000
60590  -54.754  -20.336  46.953 0.0000000000
60576  -54.321  -20.213  47.856 0.0000000000
61562  -54.291  -19.801  49.070 0.0000000000
112274  -55.332  -19.560  50.419 0.0000000000
64241  -58.291  -16.771  47.371 0.0000000000
65224  -57.956  -15.462  46.330 0.0000000000
66150  -57.266  -15.211  45.925 0.0000000000
33316  -13.555  -49.644  65.052 0.0000000000
32534  -12.666  -50.785  65.138 0.0000000000
118951  -13.061  -50.915  66.058 0.0000000000
31691  -13.120  -51.684  67.425 0.0000000000
50124  -42.361  -31.534  58.100 0.0000000000
51042  -42.239  -30.613  57.785 0.0000000000
51062  -41.531  -30.260  56.545 0.0000000000
130398  -41.989  -29.919  57.592 0.0000000000
129496  -41.871  -29.017  57.679 0.0000000000
52936  -41.412  -28.136  57.373 0.0000000000
53874  -41.205  -27.363  57.260 0.0000000000
53882  -40.703  -27.637  56.645 0.0000000000
53881  -39.853  -27.420  56.169 0.0000000000
53889  -38.533  -27.233  54.974 0.0000000000
54945  -37.426  -27.025  53.258 0.0000000000
54966  -37.028  -27.172  52.564 0.0000000000
39776  -26.380  -42.591  67.292 0.0000000000
39766  -28.378  -42.802  68.455 0.0000000000
118638  -28.630  -42.718  67.778 0.0000000000
39755  -28.950  -43.054  69.127 0.0000000000
38900  -31.306  -43.782  68.354 0.0000000000
41586  -27.643  -40.513  58.063 0.0000000000
40734  -29.563  -41.948  59.541 0.0000000000
39906  -34.356  -42.551  59.855 0.0000000000
39003  -35.562  -43.783  61.190 0.0000000000
39002  -34.888  -43.861  61.200 0.0000000000
111323  -35.129  -43.897  63.999 0.0000000000
119092  -35.974  -43.966  64.356 0.0000000000
38952  -36.616  -44.288  64.702 0.0000000000
38939  -37.229  -44.558  65.063 0.0000000000
38964  -18.165  -44.280  62.774 0.0000000000
38946  -18.298  -44.377  63.713 0.0000000000
124976  -18.326  -44.489  64.650 0.0000000000
37973  -17.540  -44.663  66.328 0.0000000000
37963  -17.700  -44.699  67.154 0.0000000000
55027  -44.533  -26.511  48.182 0.0000000000
113041  -45.116  -26.262  47.944 0.0000000000
55996  -45.641  -25.915  48.227 0.0000000000
55985  -46.723  -25.918  49.262 0.0000000000
55978  -48.508  -25.432  50.733 0.0000000000
123576  -50.282  -16.955  41.674 0.0000000000
64307  -50.982  -17.065  41.043 0.0000000000
64318  -51.669  -16.867  40.418 0.0000000000
68026  -56.349  -12.912  36.722 0.0000000000
68022  -57.481  -12.160  37.497 0.0000000000
68876  -57.941  -11.858  38.061 0.0000000000
68881  -58.039  -11.416  37.303 0.0000000000
68891  -58.540  -10.560  36.795 0.0000000000
111808  -56.919  -11.879  35.292 0.0000000000
68903  -57.522  -11.426  35.435 0.0000000000
35014  -14.280  -47.938  67.352 0.0000000000
35991  -14.041  -47.220  69.137 0.0000000000
34981  -12.908  -46.922  71.815 0.0000000000
47350  -42.935  -34.972  63.261 0.0000000000
47361  -43.011  -34.651  62.336 0.0000000000
46405  -42.607  -35.183  61.731 0.0000000000
48299  -42.952  -34.363  61.510 0.0000000000
48308  -42.997  -33.365  60.065 0.0000000000
48318  -42.722  -33.102  59.212 0.0000000000
46431  -41.317  -35.128  59.588 0.0000000000
47402  -41.278  -34.400  59.041 0.0000000000
48317  -42.010  -33.701  58.922 0.0000000000
48327  -42.361  -32.976  58.589 0.0000000000
49263  -41.928  -32.063  57.496 0.0000000000
50145  -41.057  -31.508  55.956 0.0000000000
50153  -40.724  -31.044  55.209 0.0000000000
38923  -22.532  -43.644  66.476 0.0000000000
39803  -22.867  -43.198  65.161 0.0000000000
39788  -23.752  -43.142  66.185 0.0000000000
113759  -25.282  -42.632  66.218 0.0000000000
39806  -25.660  -42.191  65.741 0.0000000000
40633  -26.384  -41.989  65.927 0.0000000000
40655  -26.543  -41.650  64.572 0.0000000000
40646  -28.429  -42.253  65.251 0.0000000000
41603  -32.346  -40.657  57.380 0.0000000000
41591  -32.772  -41.145  57.969 0.0000000000
42502  -34.322  -39.377  57.419 0.0000000000
42488  -34.756  -39.933  57.994 0.0000000000
43431  -39.464  -38.647  61.869 0.0000000000
43404  -39.955  -39.103  63.553 0.0000000000
124282  -19.330  -43.775  62.276 0.0000000000
38967  -20.725  -43.807  63.243 0.0000000000
117497  -20.514  -44.035  64.056 0.0000000000
114997  -44.633  -25.563  62.398 0.0000000000
56825  -44.165  -25.660  60.065 0.0000000000
108659  -44.867  -25.457  60.075 0.0000000000
56808  -46.800  -24.741  60.555 0.0000000000
126918  -43.998  -26.580  56.988 0.0000000000
55880  -44.626  -26.132  57.747 0.0000000000
55872  -45.916  -25.786  58.035 0.0000000000
56837  -47.203  -24.963  58.775 0.0000000000
56849  -48.160  -24.879  57.019 0.0000000000
57884  -47.487  -23.287  46.527 0.0000000000
58778  -48.078  -22.880  47.071 0.0000000000
58779  -48.655  -22.428  47.645 0.0000000000
59651  -50.387  -20.890  51.000 0.0000000000
60540  -50.931  -20.711  51.706 0.0000000000
60587  -51.883  -20.830  47.811 0.0000000000
60573  -51.671  -20.545  48.855 0.0000000000
60558  -52.978  -20.067  49.381 0.0000000000
60557  -52.241  -20.165  49.697 0.0000000000
60556  -51.500  -20.403  49.768 0.0000000000
28357  -9.088  -55.621  70.127 0.0000000000
53009  -39.562  -28.662  48.946 0.0000000000
53988  -40.337  -28.524  49.349 0.0000000000
53016  -40.064  -28.346  48.337 0.0000000000
54000  -40.933  -28.046  48.502 0.0000000000
54016  -41.430  -27.778  47.878 0.0000000000
54017  -42.187  -27.387  47.669 0.0000000000
55043  -43.021  -26.421  47.034 0.0000000000
55064  -42.524  -26.418  46.417 0.0000000000
55044  -43.772  -26.387  47.130 0.0000000000
56008  -44.172  -25.631  46.617 0.0000000000
56967  -44.681  -24.808  46.351 0.0000000000
127022  -45.376  -24.771  46.587 0.0000000000
57895  -45.667  -23.625  45.014 0.0000000000
58793  -47.311  -23.182  45.633 0.0000000000
58804  -48.545  -22.560  45.214 0.0000000000
123475  -47.877  -22.287  44.375 0.0000000000
58805  -49.158  -22.470  44.979 0.0000000000
129362  -50.130  -21.922  45.051 0.0000000000
59734  -50.583  -21.655  44.706 0.0000000000
60627  -47.543  -20.229  43.640 0.0000000000
132039  -48.029  -19.621  43.715 0.0000000000
111747  -49.222  -20.668  43.806 0.0000000000
59735  -51.401  -21.299  44.558 0.0000000000
59736  -52.006  -20.963  44.530 0.0000000000
60621  -52.377  -20.212  44.274 0.0000000000
62505  -50.978  -18.896  44.029 0.0000000000
62507  -52.319  -19.164  44.315 0.0000000000
61599  -52.941  -19.643  44.454 0.0000000000
62508  -53.016  -18.778  44.667 0.0000000000
62495  -53.759  -18.458  45.191 0.0000000000
112798  -53.653  -17.392  45.628 0.0000000000
124296  -54.155  -17.066  46.001 0.0000000000
63409  -53.046  -16.742  45.513 0.0000000000
64257  -51.890  -16.164  45.162 0.0000000000
65243  -50.941  -15.973  44.351 0.0000000000
124917  -50.429  -16.696  42.574 0.0000000000
116871  -49.125  -16.658  40.645 0.0000000000
33306  -13.736  -49.422  67.518 0.0000000000
32497  -13.616  -50.172  68.077 0.0000000000
31680  -13.118  -51.594  68.475 0.0000000000
33279  -12.658  -49.336  72.822 0.0000000000
124847  -12.597  -49.593  72.661 0.0000000000
110602  -12.628  -50.107  72.190 0.0000000000
32485  -13.071  -50.709  71.274 0.0000000000
31667  -13.151  -51.973  69.798 0.0000000000
30838  -12.665  -52.290  68.892 0.0000000000
30837  -12.118  -52.808  68.759 0.0000000000
28345  -9.280  -55.440  70.953 0.0000000000
28331  -9.516  -55.429  71.262 0.0000000000
28333  -11.101  -55.539  71.720 0.0000000000
53795  -45.160  -27.472  64.640 0.0000000000
54820  -45.121  -26.660  64.152 0.0000000000
130157  -43.491  -33.760  64.367 0.0000000000
48292  -43.456  -33.307  62.784 0.0000000000
124198  -43.562  -31.357  61.200 0.0000000000
51030  -43.413  -30.744  60.891 0.0000000000
51013  -43.943  -30.926  62.449 0.0000000000
51939  -44.189  -29.504  63.642 0.0000000000
115684  -44.090  -28.726  63.373 0.0000000000
52890  -43.511  -28.234  61.371 0.0000000000
52884  -43.838  -28.029  62.567 0.0000000000
53805  -44.275  -27.151  63.257 0.0000000000
54831  -44.514  -26.431  62.947 0.0000000000
54842  -43.860  -26.160  61.302 0.0000000000
55837  -43.583  -26.263  60.656 0.0000000000
56805  -43.062  -26.007  59.890 0.0000000000
127160  -42.395  -26.755  58.920 0.0000000000
55858  -42.467  -26.275  58.997 0.0000000000
56822  -42.596  -25.938  58.856 0.0000000000
56834  -42.179  -25.942  58.019 0.0000000000
55878  -42.043  -25.974  57.491 0.0000000000
112153  -41.189  -27.117  57.261 0.0000000000
54897  -40.955  -26.973  56.807 0.0000000000
120758  -40.730  -26.311  56.631 0.0000000000
54909  -39.404  -26.387  55.767 0.0000000000
55890  -39.992  -26.085  56.154 0.0000000000
55891  -40.686  -26.130  56.340 0.0000000000
55908  -41.081  -26.084  55.952 0.0000000000
54926  -40.986  -26.884  54.640 0.0000000000
126503  -40.369  -28.606  52.094 0.0000000000
53987  -39.314  -28.630  49.825 0.0000000000
51103  -37.552  -30.341  52.993 0.0000000000
116694  -36.745  -28.783  52.915 0.0000000000
52974  -36.842  -28.056  53.135 0.0000000000
53910  -36.226  -27.725  52.630 0.0000000000
53926  -36.480  -27.333  52.431 0.0000000000
53970  -37.883  -28.455  50.820 0.0000000000
53984  -36.461  -28.346  49.510 0.0000000000
120568  -37.252  -28.417  50.178 0.0000000000
38910  -22.430  -43.778  67.805 0.0000000000
38896  -22.980  -43.745  68.513 0.0000000000
39761  -24.104  -43.392  67.779 0.0000000000
130318  -26.077  -42.787  67.655 0.0000000000
39752  -26.042  -43.180  68.793 0.0000000000
41541  -25.710  -40.725  61.297 0.0000000000
108703  -26.579  -41.145  62.161 0.0000000000
40671  -28.203  -41.987  63.519 0.0000000000
108691  -28.983  -42.159  63.905 0.0000000000
112147  -30.100  -41.127  57.555 0.0000000000
114094  -30.211  -41.593  58.147 0.0000000000
130483  -30.070  -42.213  59.942 0.0000000000
126584  -32.320  -42.791  60.364 0.0000000000
128773  -30.379  -42.384  60.460 0.0000000000
122910  -31.043  -42.740  63.109 0.0000000000
120304  -30.325  -42.586  63.507 0.0000000000
39821  -30.531  -42.750  64.462 0.0000000000
123715  -30.369  -42.863  65.233 0.0000000000
39783  -32.793  -43.636  66.762 0.0000000000
38927  -34.970  -44.532  65.839 0.0000000000
129892  -14.787  -47.612  65.838 0.0000000000
36074  -15.697  -46.673  64.387 0.0000000000
36013  -14.889  -46.559  67.652 0.0000000000
115552  -17.842  -44.756  70.017 0.0000000000
115522  -41.784  -28.361  50.189 0.0000000000
53954  -42.863  -28.163  51.181 0.0000000000
115966  -44.511  -27.779  52.221 0.0000000000
117208  -45.782  -27.374  52.964 0.0000000000
55000  -45.087  -27.128  50.220 0.0000000000
54955  -46.237  -26.984  53.663 0.0000000000
55934  -48.085  -25.932  54.494 0.0000000000
55935  -49.036  -26.007  54.713 0.0000000000
57847  -47.708  -23.681  48.369 0.0000000000
118194  -48.506  -23.323  49.754 0.0000000000
56932  -48.215  -24.132  49.728 0.0000000000
56924  -48.641  -24.527  50.582 0.0000000000
55970  -49.661  -25.155  52.120 0.0000000000
55960  -50.163  -25.642  52.694 0.0000000000
123267  -53.763  -16.522  45.801 0.0000000000
64260  -54.219  -15.963  45.532 0.0000000000
65246  -53.520  -15.657  44.576 0.0000000000
65234  -54.907  -15.677  45.260 0.0000000000
131015  -55.648  -15.682  45.574 0.0000000000
66161  -55.849  -15.517  45.341 0.0000000000
66162  -56.749  -15.296  45.564 0.0000000000
66172  -56.197  -15.260  44.964 0.0000000000
64309  -54.117  -16.973  41.714 0.0000000000
64300  -54.552  -17.014  42.612 0.0000000000
64289  -54.858  -16.454  43.613 0.0000000000
108575  -56.057  -15.643  44.520 0.0000000000
114283  -57.255  -15.095  45.364 0.0000000000
130525  -58.060  -14.837  45.421 0.0000000000
66173  -58.646  -14.383  45.053 0.0000000000
131918  -58.698  -14.191  44.612 0.0000000000
66179  -58.576  -14.183  43.927 0.0000000000
67088  -59.130  -13.787  44.476 0.0000000000
65304  -55.239  -15.055  40.000 0.0000000000
66199  -55.910  -14.846  40.143 0.0000000000
66192  -57.607  -14.323  41.359 0.0000000000
67101  -57.765  -13.710  40.899 0.0000000000
67102  -58.285  -13.578  41.582 0.0000000000
119159  -58.833  -10.416  38.860 0.0000000000
69687  -59.423  -10.039  39.146 0.0000000000
33285  -12.755  -49.211  72.632 0.0000000000
55849  -42.807  -26.322  59.599 0.0000000000
55850  -43.193  -26.212  60.101 0.0000000000
55859  -43.757  -25.802  59.531 0.0000000000
55932  -45.947  -26.374  54.945 0.0000000000
56806  -43.886  -25.837  60.647 0.0000000000
59664  -49.595  -21.589  50.031 0.0000000000
59709  -52.122  -21.390  45.550 0.0000000000
60598  -54.631  -20.392  46.160 0.0000000000
61532  -52.964  -19.884  50.486 0.0000000000
62503  -48.083  -17.404  43.754 0.0000000000
64249  -55.523  -16.345  46.146 0.0000000000
66208  -56.477  -13.844  39.335 0.0000000000
67089  -59.642  -13.397  44.051 0.0000000000
68008  -57.537  -12.775  39.538 0.0000000000
115135  -54.922  -13.441  36.395 0.0000000000
115644  -44.661  -26.412  56.963 0.0000000000
128142  -13.050  -47.503  71.440 0.0000000000
129297  -46.025  -25.902  56.782 0.0000000000
130486  -46.847  -21.671  43.667 0.0000000000
130595  -41.126  -27.818  56.936 0.0000000000
130897  -42.800  -26.024  59.461 0.0000000000
