#!ascii label  , from subject sub-v1s6x0051371_ses-1 vox2ras=TkReg
701
63896  -24.903  -17.876  -5.926 0.5555555820
63908  -25.392  -17.283  -6.446 0.6666666865
64861  -26.074  -16.197  -7.268 0.7777777910
64862  -26.803  -16.267  -7.482 0.7777777910
118603  -26.781  -15.051  -8.008 0.8888888955
65792  -28.697  -15.240  -7.341 0.8888888955
63895  -24.172  -17.466  -5.370 0.5555555820
63907  -24.620  -17.139  -5.893 0.5555555820
64842  -25.456  -16.366  -6.722 0.6666666865
64863  -27.658  -16.126  -7.457 0.8888888955
66698  -27.500  -14.903  -8.086 0.8888888955
66711  -27.747  -14.012  -8.335 1.0000000000
66700  -29.270  -14.519  -7.383 0.8888888955
67607  -29.442  -13.132  -7.957 1.0000000000
65760  -24.040  -15.799  -5.870 0.7777777910
66696  -25.502  -14.904  -7.384 1.0000000000
67604  -25.349  -13.701  -7.789 1.0000000000
115391  -26.148  -14.717  -7.939 1.0000000000
66710  -26.850  -13.437  -8.567 1.0000000000
67605  -26.034  -14.004  -8.273 1.0000000000
67618  -27.664  -13.209  -8.576 1.0000000000
67617  -25.942  -13.190  -8.404 1.0000000000
68518  -27.361  -12.621  -9.025 1.0000000000
111334  -28.142  -12.641  -8.684 1.0000000000
68519  -29.081  -12.355  -8.350 1.0000000000
68528  -27.844  -11.920  -9.286 1.0000000000
69351  -29.679  -11.811  -8.147 1.0000000000
69360  -28.246  -11.139  -9.384 1.0000000000
129015  -29.351  -10.858  -8.441 0.7777777910
67603  -24.609  -13.372  -7.122 0.8888888955
68517  -26.588  -12.527  -8.901 1.0000000000
68505  -25.286  -12.895  -7.777 1.0000000000
69359  -26.439  -11.733  -9.111 1.0000000000
69371  -27.681  -11.308  -9.510 1.0000000000
70166  -28.846  -10.610  -8.635 1.0000000000
70167  -29.786  -10.370  -8.615 0.8888888955
70168  -30.862  -9.911  -8.933 0.7777777910
69349  -24.635  -11.819  -7.375 0.5555555820
70153  -25.026  -10.225  -7.857 0.7777777910
119178  -24.821  -11.053  -7.534 0.8888888955
115573  -26.363  -10.832  -8.775 1.0000000000
69370  -27.020  -11.206  -9.359 1.0000000000
70174  -26.989  -10.560  -9.155 1.0000000000
70175  -27.619  -10.798  -9.417 1.0000000000
70953  -28.877  -9.682  -8.746 1.0000000000
71783  -29.310  -8.908  -8.819 1.0000000000
71785  -30.876  -8.261  -9.188 0.7777777910
122716  -31.424  -8.465  -8.902 0.6666666865
70932  -24.404  -9.801  -6.491 0.4444444478
70152  -24.554  -10.472  -7.135 0.7777777910
70941  -24.805  -9.586  -7.439 0.6666666865
70942  -25.214  -9.405  -8.146 0.7777777910
70950  -25.941  -9.224  -8.504 0.8888888955
70163  -26.560  -10.006  -8.626 0.8888888955
70164  -27.407  -10.125  -8.772 1.0000000000
70951  -26.897  -9.033  -8.632 1.0000000000
114430  -27.489  -8.509  -8.693 1.0000000000
117957  -28.357  -8.720  -8.693 1.0000000000
118904  -29.029  -8.125  -8.857 0.8888888955
72657  -30.718  -7.423  -9.136 0.7777777910
72658  -31.352  -7.569  -9.182 0.6666666865
71761  -24.157  -8.316  -6.508 0.6666666865
114304  -24.647  -8.902  -6.867 0.6666666865
71770  -24.939  -8.720  -7.809 0.7777777910
71779  -25.086  -7.932  -8.095 0.7777777910
71780  -25.440  -8.527  -8.322 0.8888888955
71781  -26.163  -8.195  -8.624 0.8888888955
71782  -26.882  -7.870  -8.794 1.0000000000
118742  -27.800  -7.752  -8.945 1.0000000000
72655  -28.733  -7.138  -9.056 0.8888888955
72656  -29.912  -7.711  -8.876 0.7777777910
114351  -27.648  -6.916  -9.146 0.8888888955
119179  -29.891  -6.860  -8.822 0.7777777910
111543  -31.783  -6.834  -9.253 0.6666666865
72636  -24.289  -7.559  -6.709 0.6666666865
71769  -24.707  -7.897  -7.374 0.7777777910
115625  -25.601  -7.540  -8.515 0.8888888955
116360  -26.216  -7.004  -8.949 1.0000000000
73526  -28.974  -6.394  -9.061 0.7777777910
120115  -29.828  -6.037  -8.871 0.7777777910
73527  -30.986  -6.662  -9.282 0.6666666865
73537  -31.771  -5.858  -9.572 0.5555555820
72643  -24.604  -6.904  -7.330 0.7777777910
117477  -23.982  -6.880  -6.434 0.6666666865
72644  -25.113  -6.987  -8.218 0.8888888955
73522  -25.844  -6.044  -9.445 1.0000000000
73523  -26.222  -6.226  -9.454 1.0000000000
74379  -27.169  -5.528  -9.263 0.8888888955
73525  -27.978  -6.333  -9.090 0.8888888955
74370  -30.251  -5.324  -8.939 0.7777777910
74381  -31.009  -5.671  -9.470 0.7777777910
74369  -29.127  -5.506  -8.344 0.7777777910
75243  -31.086  -4.877  -9.789 0.5555555820
74391  -32.112  -4.824  -10.054 0.5555555820
75232  -30.503  -4.571  -9.169 0.6666666865
74336  -22.895  -5.807  -5.238 0.4444444478
73504  -24.008  -6.032  -6.412 0.5555555820
74358  -25.052  -5.293  -7.665 0.7777777910
73511  -25.499  -5.997  -8.887 1.0000000000
73510  -25.071  -6.057  -8.032 0.8888888955
74368  -25.709  -5.334  -9.538 1.0000000000
74377  -25.876  -5.443  -9.778 0.8888888955
74378  -26.122  -5.054  -9.729 0.8888888955
75242  -27.775  -5.213  -8.589 0.8888888955
75231  -29.988  -4.904  -7.805 0.6666666865
126172  -31.069  -4.283  -10.193 0.5555555820
121496  -25.108  -3.972  -7.582 0.6666666865
122460  -24.797  -4.616  -7.242 0.6666666865
75227  -25.509  -4.027  -8.521 0.7777777910
116384  -25.805  -4.919  -9.682 0.8888888955
75239  -25.766  -4.483  -9.146 0.7777777910
75240  -25.955  -4.558  -9.333 0.7777777910
75228  -26.371  -4.254  -8.905 0.7777777910
75241  -26.681  -4.781  -9.186 0.8888888955
75229  -27.136  -4.533  -8.254 0.7777777910
75230  -28.509  -4.753  -7.765 0.6666666865
76942  -27.053  -3.023  -7.521 0.6666666865
76145  -29.121  -3.910  -7.548 0.6666666865
121217  -28.752  -2.131  -7.517 0.6666666865
121542  -29.733  -2.975  -7.636 0.5555555820
122045  -30.663  -3.129  -8.699 0.5555555820
76919  -24.519  -2.689  -6.577 0.3333333433
76140  -25.125  -3.252  -7.853 0.5555555820
76940  -25.167  -2.572  -8.078 0.5555555820
76141  -25.466  -3.346  -8.323 0.7777777910
76151  -25.731  -3.913  -8.675 0.7777777910
114714  -25.837  -2.198  -8.300 0.6666666865
76142  -25.970  -3.840  -8.786 0.6666666865
76941  -26.149  -2.909  -8.345 0.6666666865
77698  -27.543  -2.179  -7.514 0.6666666865
76944  -29.724  -2.076  -7.743 0.5555555820
77687  -24.817  -2.026  -6.829 0.4444444478
119361  -23.903  -1.749  -4.956 0.4444444478
76932  -24.803  -2.566  -7.226 0.4444444478
77688  -25.153  -1.262  -6.882 0.5555555820
77695  -25.001  -1.836  -7.552 0.5555555820
114663  -25.426  -1.968  -8.139 0.6666666865
117241  -26.446  -2.119  -7.915 0.6666666865
77699  -28.060  -1.334  -7.546 0.6666666865
77700  -29.217  -1.342  -7.671 0.6666666865
77701  -30.371  -1.633  -8.324 0.6666666865
77696  -25.449  -1.267  -7.553 0.6666666865
77697  -25.943  -1.392  -7.957 0.6666666865
65789  -26.277  -15.514  -7.618 0.8888888955
65775  -25.484  -15.613  -7.030 1.0000000000
66697  -26.833  -14.384  -8.282 1.0000000000
67619  -28.180  -13.328  -8.325 1.0000000000
70931  -23.865  -9.149  -6.159 0.5555555820
74345  -23.690  -5.500  -5.984 0.5555555820
74380  -28.455  -5.834  -8.869 0.8888888955
110993  -22.769  -5.040  -4.785 0.2222222239
132329  -25.884  -4.336  -9.020 0.7777777910
76152  -30.708  -3.810  -9.863 0.4444444478
78466  -25.880  -0.656  -7.367 0.6666666865
122015  -23.657  -7.844  -6.138 0.4444444478
77672  -24.178  -1.518  -4.720 0.2222222239
78471  -30.726  -0.943  -8.684 0.5555555820
63021  -25.184  -18.767  -5.872 0.5555555820
63038  -26.099  -18.776  -6.409 0.5555555820
64843  -26.329  -16.935  -6.978 0.5555555820
63910  -27.061  -17.559  -6.743 0.5555555820
64864  -28.312  -15.822  -7.265 0.7777777910
63020  -24.391  -18.304  -5.363 0.5555555820
64844  -27.361  -16.902  -7.243 0.6666666865
63019  -23.625  -17.869  -4.792 0.4444444478
64827  -23.904  -16.568  -5.448 0.5555555820
119914  -23.681  -15.235  -5.602 0.2222222239
120765  -24.042  -15.105  -6.202 0.6666666865
69362  -29.821  -11.126  -8.228 0.6666666865
70154  -30.710  -10.733  -8.246 0.7777777910
70155  -31.244  -10.261  -8.427 0.6666666865
130045  -24.360  -13.845  -6.764 0.5555555820
70955  -31.350  -9.769  -8.620 0.6666666865
68491  -24.110  -12.823  -6.661 0.4444444478
122408  -31.589  -9.189  -8.305 0.5555555820
122516  -32.082  -7.923  -7.564 0.5555555820
70133  -23.802  -10.839  -5.372 0.2222222239
72645  -31.843  -7.636  -8.535 0.5555555820
70922  -23.695  -10.034  -5.533 0.4444444478
131665  -22.708  -8.395  -4.774 0.3333333433
74382  -32.168  -6.001  -9.454 0.5555555820
73493  -23.421  -6.410  -5.813 0.4444444478
74383  -32.248  -5.137  -9.778 0.4444444478
74335  -22.396  -5.733  -4.634 0.3333333433
75251  -32.307  -4.260  -10.914 0.5555555820
76156  -31.608  -3.865  -10.699 0.4444444478
76903  -23.785  -2.153  -4.710 0.3333333433
76121  -24.358  -3.189  -6.339 0.3333333433
76131  -24.264  -3.838  -6.240 0.4444444478
76945  -31.069  -2.359  -9.564 0.4444444478
77705  -31.313  -1.937  -9.876 0.2222222239
110448  -24.362  -0.908  -5.215 0.3333333433
120622  -26.917  -1.354  -7.582 0.6666666865
78468  -27.490  -0.566  -7.469 0.6666666865
78469  -28.589  -0.535  -7.604 0.6666666865
78470  -29.696  -0.619  -7.944 0.6666666865
78461  -25.396  -0.643  -6.861 0.5555555820
120589  -25.585  -18.189  -6.373 0.6666666865
63909  -26.227  -17.853  -6.614 0.6666666865
65790  -27.166  -15.589  -7.792 0.8888888955
66699  -28.337  -14.677  -7.829 1.0000000000
65791  -27.958  -15.437  -7.709 0.8888888955
64841  -24.676  -16.480  -6.172 0.6666666865
65774  -24.742  -15.714  -6.461 0.8888888955
67606  -28.731  -13.772  -7.901 1.0000000000
114939  -29.604  -13.763  -7.584 1.0000000000
67620  -28.713  -13.060  -8.284 1.0000000000
66684  -24.778  -14.964  -6.764 0.8888888955
66695  -24.846  -14.212  -7.167 0.8888888955
127445  -25.545  -14.325  -7.748 1.0000000000
68506  -29.954  -12.478  -7.899 0.8888888955
108928  -28.411  -11.855  -8.759 1.0000000000
68527  -27.124  -11.896  -9.351 1.0000000000
69361  -29.018  -11.353  -8.461 1.0000000000
68504  -24.602  -12.534  -7.278 1.0000000000
68516  -25.863  -12.270  -8.403 1.0000000000
132374  -25.220  -12.222  -7.671 0.8888888955
69358  -25.996  -11.463  -8.466 1.0000000000
129974  -27.990  -10.951  -9.619 1.0000000000
70165  -28.114  -10.595  -9.153 1.0000000000
70954  -30.066  -9.475  -9.055 0.8888888955
128392  -31.249  -9.229  -8.950 0.6666666865
68478  -24.034  -12.224  -6.256 0.5555555820
111009  -24.218  -12.162  -6.955 0.5555555820
69340  -24.287  -11.453  -6.849 0.6666666865
119873  -25.659  -10.873  -8.010 0.8888888955
70162  -25.731  -10.084  -8.364 0.8888888955
69350  -25.443  -11.616  -7.807 0.8888888955
70952  -27.868  -9.406  -8.603 1.0000000000
71784  -30.073  -8.617  -9.060 0.8888888955
118666  -30.790  -9.069  -9.123 0.7777777910
131895  -31.136  -8.784  -9.124 0.7777777910
71771  -31.816  -8.472  -7.940 0.5555555820
70142  -24.326  -10.683  -6.072 0.3333333433
72654  -26.883  -7.026  -9.145 1.0000000000
71760  -23.552  -8.575  -5.931 0.4444444478
72653  -25.707  -6.660  -8.821 0.8888888955
73524  -26.984  -6.296  -9.307 0.8888888955
73505  -24.553  -6.074  -7.096 0.6666666865
73536  -26.352  -5.669  -9.570 1.0000000000
74390  -31.681  -5.027  -9.872 0.6666666865
75250  -31.804  -4.404  -10.559 0.5555555820
74367  -25.406  -5.298  -8.696 1.0000000000
123013  -25.657  -4.744  -9.160 0.7777777910
76157  -32.191  -3.993  -11.103 0.5555555820
120326  -24.567  -4.052  -6.828 0.5555555820
75217  -24.127  -4.610  -6.267 0.5555555820
76132  -24.614  -3.324  -6.870 0.4444444478
75226  -25.327  -4.650  -8.133 0.7777777910
74357  -24.408  -5.314  -6.773 0.7777777910
76143  -26.574  -3.780  -8.112 0.6666666865
76144  -27.726  -3.855  -7.441 0.6666666865
76943  -28.280  -3.003  -7.461 0.6666666865
76146  -30.298  -3.970  -8.053 0.5555555820
128356  -30.334  -2.425  -8.160 0.5555555820
76949  -25.654  -2.966  -8.367 0.7777777910
72626  -23.254  -7.354  -5.647 0.4444444478
126165  -23.347  -4.893  -5.451 0.3333333433
115574  -23.281  -9.186  -5.385 0.4444444478
71751  -23.092  -8.330  -5.350 0.4444444478
65776  -28.908  -15.742  -6.845 0.6666666865
123059  -24.530  -19.035  -5.373 0.5555555820
63009  -23.089  -18.214  -4.223 0.3333333433
64826  -23.413  -17.041  -4.789 0.4444444478
66683  -24.083  -14.283  -6.425 0.7777777910
69329  -24.115  -11.468  -5.747 0.3333333433
72625  -22.715  -7.764  -4.931 0.3333333433
122209  -22.759  -6.852  -5.182 0.3333333433
75207  -23.659  -4.349  -5.648 0.3333333433
79286  -29.096  0.263  -7.684 0.6666666865
79287  -30.111  0.140  -8.134 0.4444444478
63011  -28.736  -18.156  -5.165 0.4444444478
63881  -29.878  -18.005  -3.965 0.2222222239
62108  -25.762  -19.429  -5.835 0.4444444478
62091  -26.535  -19.290  -5.824 0.4444444478
63023  -27.577  -18.380  -5.961 0.4444444478
63024  -28.140  -18.504  -5.546 0.4444444478
63889  -29.132  -17.441  -5.516 0.4444444478
63891  -30.199  -17.284  -4.352 0.2222222239
124687  -27.576  -17.885  -6.344 0.4444444478
63911  -27.931  -17.353  -6.658 0.4444444478
64828  -28.763  -17.055  -6.233 0.4444444478
64820  -30.493  -16.542  -4.646 0.1111111119
64821  -31.075  -16.058  -4.176 0.1111111119
64829  -29.512  -16.707  -5.767 0.3333333433
65761  -29.777  -16.043  -5.906 0.3333333433
65749  -30.756  -15.753  -4.895 0.2222222239
64846  -29.183  -16.275  -6.357 0.4444444478
64845  -28.322  -16.490  -6.895 0.4444444478
66668  -30.610  -14.531  -5.744 0.2222222239
66656  -31.034  -14.912  -5.112 0.1111111119
67567  -31.454  -13.542  -4.844 0.1111111119
124775  -30.172  -14.913  -6.209 0.3333333433
66685  -29.849  -14.765  -6.788 0.4444444478
66701  -30.081  -14.061  -7.159 0.5555555820
67591  -30.625  -13.506  -6.746 0.6666666865
67592  -31.166  -12.968  -6.279 0.4444444478
67608  -30.262  -13.217  -7.509 0.6666666865
69330  -31.548  -11.537  -6.148 0.3333333433
68507  -30.550  -12.447  -7.505 0.6666666865
69341  -31.388  -11.369  -6.933 0.5555555820
69353  -30.986  -11.270  -7.551 0.5555555820
70134  -31.639  -10.608  -6.655 0.3333333433
69352  -30.402  -11.683  -7.802 0.5555555820
70943  -31.578  -9.942  -7.718 0.4444444478
115627  -31.835  -9.171  -7.333 0.5555555820
78467  -26.500  -0.628  -7.466 0.5555555820
79284  -27.021  0.137  -7.168 0.5555555820
79285  -28.054  0.205  -7.345 0.5555555820
80092  -28.541  1.035  -7.256 0.5555555820
62092  -27.522  -19.040  -5.466 0.4444444478
64830  -30.170  -16.280  -5.364 0.2222222239
65762  -30.318  -15.425  -5.662 0.2222222239
66686  -30.377  -14.273  -6.449 0.4444444478
67577  -30.848  -13.741  -5.967 0.3333333433
68492  -30.883  -12.728  -7.008 0.6666666865
70933  -31.819  -9.794  -6.780 0.3333333433
72637  -32.164  -7.270  -7.640 0.4444444478
79275  -26.514  0.934  -6.899 0.5555555820
68479  -31.363  -12.374  -5.753 0.2222222239
61175  -26.434  -20.440  -4.755 0.4444444478
62076  -27.972  -19.701  -4.864 0.4444444478
62078  -29.154  -19.197  -3.805 0.2222222239
63004  -29.673  -18.717  -3.534 0.2222222239
63005  -30.326  -18.259  -3.238 0.1111111119
62090  -25.057  -19.583  -5.473 0.4444444478
61194  -26.231  -19.804  -5.306 0.4444444478
64808  -30.860  -16.844  -3.970 0.1111111119
64809  -31.476  -16.419  -3.586 0.1111111119
65750  -31.303  -15.226  -4.344 0.1111111119
66644  -31.757  -14.773  -3.769 0.1111111119
67556  -31.664  -13.418  -4.149 0.1111111119
68468  -31.464  -12.677  -4.767 0.2222222239
109943  -31.610  -10.907  -5.633 0.1111111119
70926  -31.842  -10.003  -5.873 0.2222222239
71757  -31.996  -9.190  -6.385 0.3333333433
73512  -32.114  -6.820  -8.651 0.4444444478
73506  -32.260  -6.617  -7.662 0.3333333433
76950  -31.516  -3.169  -10.639 0.3333333433
79282  -25.663  -0.020  -6.813 0.5555555820
79283  -26.224  0.069  -7.080 0.5555555820
80091  -27.491  0.982  -6.928 0.5555555820
79274  -25.836  0.763  -6.829 0.5555555820
65793  -29.312  -15.174  -6.967 0.6666666865
70143  -31.296  -10.687  -7.599 0.5555555820
63039  -26.912  -18.190  -6.350 0.4444444478
65777  -29.669  -15.495  -6.398 0.3333333433
63012  -29.131  -18.596  -4.370 0.4444444478
62093  -28.378  -18.930  -4.997 0.4444444478
63022  -26.906  -18.768  -6.064 0.4444444478
62075  -26.982  -19.672  -4.978 0.4444444478
63897  -28.299  -17.857  -5.956 0.4444444478
63890  -29.475  -17.735  -4.734 0.4444444478
64819  -29.866  -17.019  -5.095 0.4444444478
66669  -31.196  -14.050  -5.288 0.1111111119
66657  -31.496  -14.285  -4.474 0.1111111119
67578  -31.292  -13.223  -5.484 0.3333333433
69321  -31.337  -11.720  -5.191 0.1111111119
68493  -31.305  -12.157  -6.556 0.4444444478
68508  -31.017  -11.970  -7.262 0.5555555820
71762  -32.099  -8.480  -6.952 0.4444444478
62077  -28.612  -19.416  -4.325 0.4444444478
80086  -25.863  1.818  -7.138 0.5555555820
61176  -27.476  -20.378  -4.529 0.4444444478
61193  -25.577  -20.153  -5.173 0.4444444478
61192  -24.859  -20.184  -5.142 0.4444444478
63882  -30.600  -17.573  -3.644 0.1111111119
65736  -31.628  -15.608  -3.700 0.1111111119
57470  -27.198  -24.457  -0.837 0.1111111119
124227  -25.146  -23.778  -3.007 0.3333333433
57491  -26.113  -23.918  -2.246 0.2222222239
58392  -26.669  -24.096  -1.564 0.2222222239
116408  -27.805  -23.992  -0.808 0.1111111119
58393  -27.397  -23.652  -1.453 0.1111111119
59345  -23.674  -22.460  -3.723 0.3333333433
58427  -23.842  -23.222  -3.545 0.3333333433
57506  -23.954  -24.040  -3.378 0.3333333433
58429  -25.561  -23.152  -3.362 0.3333333433
59334  -26.910  -22.883  -2.699 0.3333333433
58413  -26.812  -23.524  -2.187 0.2222222239
58394  -28.153  -23.440  -1.072 0.1111111119
58414  -27.274  -23.093  -2.058 0.2222222239
61159  -22.994  -20.246  -3.699 0.2222222239
60206  -23.609  -21.684  -3.970 0.2222222239
120453  -22.975  -22.049  -3.644 0.2222222239
59346  -24.411  -22.717  -3.758 0.3333333433
113164  -25.053  -22.792  -3.807 0.3333333433
59335  -27.508  -22.497  -2.330 0.1111111119
61172  -23.479  -20.111  -4.225 0.2222222239
60221  -23.570  -20.833  -4.178 0.3333333433
61173  -24.190  -20.378  -4.673 0.3333333433
60222  -24.391  -21.443  -4.456 0.3333333433
61174  -25.130  -20.906  -4.870 0.3333333433
60223  -25.218  -21.679  -4.485 0.3333333433
109760  -26.630  -21.874  -3.876 0.3333333433
60224  -26.001  -21.321  -4.478 0.3333333433
60209  -27.392  -21.520  -3.638 0.3333333433
129148  -27.596  -21.698  -3.173 0.3333333433
125530  -27.812  -21.878  -2.656 0.1111111119
60197  -28.034  -21.267  -3.123 0.2222222239
115873  -23.230  -18.936  -4.193 0.2222222239
62073  -23.666  -19.549  -4.463 0.2222222239
60225  -27.005  -21.119  -4.249 0.3333333433
61152  -28.813  -20.919  -2.613 0.1111111119
63003  -22.640  -18.631  -3.647 0.3333333433
61177  -28.269  -20.216  -4.229 0.3333333433
112854  -32.228  -7.707  -6.708 0.2222222239
75233  -32.444  -5.580  -9.099 0.3333333433
74371  -32.331  -6.112  -8.353 0.2222222239
58412  -25.658  -23.670  -2.747 0.3333333433
59318  -27.817  -22.883  -1.627 0.1111111119
60208  -25.680  -22.274  -4.008 0.3333333433
59348  -26.386  -22.635  -3.383 0.3333333433
62074  -24.350  -19.595  -5.008 0.3333333433
56550  -26.702  -25.227  -0.661 0.1111111119
56528  -27.591  -25.322  -0.338 0.1111111119
125813  -23.292  -23.675  -3.360 0.3333333433
58411  -24.584  -24.279  -3.046 0.3333333433
57490  -25.287  -24.354  -2.445 0.3333333433
57453  -28.480  -24.044  -0.527 0.1111111119
113149  -22.745  -21.128  -3.563 0.2222222239
59319  -28.667  -22.732  -1.277 0.1111111119
124638  -22.180  -20.212  -3.304 0.2222222239
59336  -28.124  -22.160  -1.866 0.1111111119
60199  -29.057  -21.258  -1.969 0.1111111119
62066  -23.002  -19.497  -3.782 0.2222222239
61161  -28.487  -20.541  -3.399 0.1111111119
62067  -28.846  -19.806  -3.599 0.1111111119
73500  -32.288  -6.792  -6.608 0.2222222239
75234  -32.508  -4.736  -9.204 0.2222222239
63888  -22.968  -17.376  -4.221 0.2222222239
63010  -23.832  -18.788  -4.771 0.3333333433
74362  -32.339  -6.006  -7.082 0.2222222239
56551  -27.910  -24.556  -0.528 0.1111111119
122801  -26.427  -24.625  -1.027 0.1111111119
58428  -24.679  -23.451  -3.427 0.3333333433
59344  -22.901  -22.856  -3.423 0.2222222239
58430  -26.247  -23.287  -2.789 0.3333333433
59349  -27.185  -22.157  -3.156 0.2222222239
60207  -24.212  -22.104  -4.052 0.3333333433
131051  -22.592  -19.787  -3.459 0.2222222239
59347  -24.838  -22.204  -4.186 0.3333333433
61160  -27.854  -20.923  -3.978 0.3333333433
60198  -28.460  -21.547  -2.309 0.1111111119
130076  -25.782  -20.718  -4.820 0.3333333433
56549  -25.879  -25.162  -1.013 0.1111111119
57469  -25.893  -24.516  -1.617 0.2222222239
57489  -23.980  -24.684  -3.090 0.3333333433
57488  -23.194  -24.441  -3.091 0.2222222239
56572  -24.443  -25.092  -2.528 0.3333333433
60196  -22.067  -21.922  -3.197 0.2222222239
59333  -22.039  -22.823  -2.996 0.2222222239
72632  -32.305  -7.394  -5.742 0.1111111119
72633  -32.361  -6.557  -5.555 0.1111111119
124118  -32.337  -6.057  -6.129 0.1111111119
74352  -32.403  -5.765  -5.382 0.1111111119
74363  -32.376  -5.250  -6.251 0.1111111119
75259  -32.505  -4.046  -11.051 0.2222222239
74372  -32.322  -5.202  -7.762 0.1111111119
76955  -32.236  -3.412  -11.118 0.1111111119
76162  -31.965  -3.594  -11.194 0.2222222239
116623  -31.699  -2.610  -10.746 0.1111111119
76960  -32.508  -3.804  -11.093 0.1111111119
76951  -32.331  -3.021  -10.805 0.1111111119
79273  -25.442  0.484  -6.609 0.4444444478
79294  -31.026  -0.246  -8.777 0.1111111119
78477  -31.446  -1.670  -10.078 0.1111111119
122984  -26.738  1.911  -7.025 0.4444444478
80827  -27.135  2.822  -7.071 0.4444444478
80087  -27.913  1.860  -6.905 0.4444444478
80830  -28.874  1.820  -7.249 0.4444444478
80093  -29.665  1.185  -7.647 0.4444444478
120793  -30.499  1.703  -7.951 0.2222222239
80094  -30.450  0.788  -8.151 0.2222222239
126596  -30.862  0.774  -8.523 0.2222222239
80100  -31.295  -0.116  -9.338 0.2222222239
82260  -31.138  4.147  -10.234 0.1111111119
81530  -31.216  3.325  -10.031 0.1111111119
80108  -31.393  -0.126  -10.181 0.1111111119
80085  -25.563  1.339  -6.769 0.4444444478
80078  -25.602  2.315  -7.082 0.4444444478
80826  -25.955  2.863  -7.288 0.4444444478
80828  -28.529  2.738  -6.997 0.4444444478
80831  -29.628  2.246  -7.381 0.4444444478
81522  -28.741  3.696  -6.892 0.3333333433
80832  -30.179  2.813  -7.746 0.3333333433
80834  -30.657  2.542  -8.583 0.1111111119
80838  -31.027  2.403  -9.617 0.1111111119
80099  -31.041  1.323  -9.120 0.2222222239
122528  -24.414  1.706  -5.118 0.2222222239
81520  -26.522  3.602  -7.010 0.3333333433
81521  -27.651  3.617  -6.946 0.3333333433
115444  -29.484  3.179  -7.236 0.4444444478
81524  -29.428  3.917  -7.170 0.2222222239
81529  -30.903  3.349  -9.158 0.1111111119
82253  -29.778  4.492  -7.367 0.1111111119
81525  -30.017  3.698  -7.567 0.1111111119
82254  -30.364  4.340  -7.999 0.1111111119
82256  -30.784  4.193  -8.833 0.1111111119
80819  -25.591  3.089  -6.619 0.3333333433
81519  -25.890  3.469  -6.844 0.3333333433
81511  -25.469  3.721  -5.511 0.3333333433
81512  -26.253  4.090  -6.173 0.3333333433
120815  -28.095  4.231  -6.697 0.2222222239
82970  -30.646  5.042  -8.588 0.1111111119
115967  -31.062  4.898  -9.612 0.1111111119
82984  -30.743  5.799  -10.072 0.1111111119
81502  -24.592  5.084  -3.536 0.1111111119
82232  -24.844  5.431  -4.031 0.1111111119
82238  -25.742  4.551  -4.971 0.2222222239
82239  -26.526  4.921  -5.675 0.2222222239
82248  -27.145  4.376  -6.537 0.3333333433
82240  -27.286  5.091  -5.945 0.3333333433
82249  -28.031  4.864  -6.311 0.1111111119
82964  -28.720  5.566  -6.400 0.1111111119
82965  -29.516  5.303  -7.121 0.1111111119
82969  -30.225  5.168  -7.754 0.1111111119
83687  -30.522  5.939  -8.335 0.1111111119
110960  -30.856  5.009  -10.538 0.1111111119
82266  -30.591  4.244  -10.990 0.1111111119
82229  -24.660  6.229  -3.029 0.1111111119
82953  -25.097  6.303  -3.680 0.1111111119
82954  -26.398  6.420  -3.968 0.1111111119
82956  -27.379  6.465  -5.013 0.1111111119
82957  -27.810  5.618  -5.733 0.2222222239
83663  -28.919  7.227  -5.553 0.1111111119
83674  -29.442  6.113  -6.873 0.1111111119
83675  -29.472  6.937  -6.537 0.1111111119
122590  -30.018  5.952  -7.540 0.1111111119
82942  -25.283  6.688  -2.378 0.1111111119
83644  -26.113  7.150  -2.521 0.1111111119
83656  -27.431  7.125  -3.835 0.1111111119
84436  -27.803  8.278  -3.889 0.1111111119
83645  -27.171  7.565  -2.695 0.1111111119
114700  -28.084  7.798  -2.504 0.1111111119
84430  -27.527  7.916  -3.290 0.1111111119
119148  -32.363  -7.058  -5.013 0.1111111119
124466  -32.346  -4.285  -7.798 0.1111111119
78478  -31.723  -2.251  -10.850 0.1111111119
80114  -30.779  1.104  -11.352 0.1111111119
122578  -31.157  4.006  -9.612 0.1111111119
109615  -26.818  5.742  -5.267 0.2222222239
83654  -26.468  7.391  -3.095 0.1111111119
118419  -28.133  7.154  -4.701 0.1111111119
84431  -27.911  8.520  -3.615 0.1111111119
84421  -27.853  8.323  -3.079 0.1111111119
74327  -32.699  -5.813  -3.833 0.1111111119
73488  -32.485  -6.362  -4.616 0.1111111119
75252  -32.411  -4.374  -10.498 0.2222222239
125537  -32.347  -3.751  -11.182 0.2222222239
131931  -25.281  -0.180  -6.560 0.4444444478
130430  -25.003  6.156  -2.303 0.1111111119
82943  -26.330  6.574  -1.796 0.1111111119
82944  -26.883  7.100  -1.943 0.1111111119
116240  -32.550  -7.182  -4.413 0.1111111119
72622  -32.174  -8.396  -5.861 0.1111111119
73475  -32.732  -6.830  -3.601 0.1111111119
74341  -32.565  -5.401  -4.628 0.1111111119
119355  -32.479  -5.050  -5.312 0.1111111119
75212  -32.517  -4.410  -5.707 0.1111111119
75222  -32.414  -4.372  -6.735 0.1111111119
76147  -32.456  -3.714  -8.539 0.1111111119
76952  -32.512  -3.050  -9.506 0.1111111119
77706  -32.020  -2.497  -10.968 0.1111111119
79300  -31.471  -1.690  -10.621 0.1111111119
79262  -24.037  0.599  -4.803 0.4444444478
79306  -31.396  -1.643  -11.404 0.1111111119
115547  -31.003  -0.329  -11.215 0.1111111119
80818  -25.211  3.342  -5.444 0.2222222239
81504  -24.550  4.232  -4.132 0.1111111119
126368  -30.333  3.561  -11.627 0.1111111119
129635  -30.139  4.383  -11.673 0.1111111119
81498  -25.696  3.426  -1.674 0.1111111119
82224  -25.654  6.128  -1.862 0.1111111119
128350  -30.156  5.028  -11.322 0.1111111119
82934  -26.864  6.122  -1.349 0.1111111119
119732  -27.442  6.377  -1.433 0.1111111119
84472  -29.889  7.562  -7.000 0.1111111119
84473  -30.158  7.261  -7.888 0.1111111119
83707  -30.491  6.548  -9.565 0.1111111119
84508  -29.906  7.054  -10.120 0.1111111119
83639  -28.078  6.811  -2.041 0.1111111119
83657  -28.478  7.968  -4.600 0.1111111119
122659  -29.545  8.577  -5.624 0.1111111119
126479  -31.859  -3.120  -10.941 0.2222222239
76158  -32.613  -3.989  -10.910 0.1111111119
76956  -32.478  -3.559  -10.775 0.1111111119
79295  -31.402  -1.279  -9.803 0.1111111119
80839  -30.843  2.354  -10.544 0.1111111119
81532  -30.738  3.342  -10.752 0.1111111119
79315  -31.281  -1.712  -12.248 0.1111111119
80107  -31.006  1.223  -10.291 0.2222222239
81527  -30.479  3.495  -8.258 0.1111111119
81510  -24.976  3.709  -4.665 0.1111111119
82250  -28.929  4.568  -6.817 0.1111111119
82977  -30.763  5.766  -9.193 0.1111111119
80798  -25.157  2.642  -2.135 0.1111111119
81505  -24.874  4.348  -4.345 0.1111111119
82233  -25.827  5.597  -4.659 0.1111111119
128597  -29.026  6.380  -6.194 0.1111111119
131059  -30.635  6.269  -8.920 0.1111111119
82950  -25.263  7.081  -3.096 0.1111111119
111270  -24.934  5.729  -2.526 0.1111111119
83662  -28.330  6.375  -5.651 0.1111111119
83686  -29.909  6.708  -7.310 0.1111111119
128090  -30.297  6.542  -7.938 0.1111111119
84463  -29.575  7.820  -6.042 0.1111111119
112641  -32.296  -7.888  -4.832 0.1111111119
76153  -32.467  -3.916  -9.988 0.1111111119
74342  -32.847  -4.971  -3.981 0.1111111119
113874  -32.558  -2.447  -9.605 0.1111111119
80122  -30.864  -0.315  -12.277 0.1111111119
80845  -30.511  2.315  -11.690 0.1111111119
80807  -24.592  2.158  -2.453 0.1111111119
83697  -30.448  6.845  -8.680 0.1111111119
84446  -29.026  8.320  -5.099 0.1111111119
56571  -23.572  -25.162  -2.690 0.2222222239
66682  -23.482  -13.823  -5.903 0.2222222239
68490  -23.512  -13.040  -6.001 0.2222222239
124258  -23.248  -16.294  -4.578 0.3333333433
67590  -23.953  -13.520  -6.445 0.4444444478
78460  -25.168  -0.630  -6.586 0.2222222239
79249  -23.721  0.394  -4.187 0.1111111119
123282  -23.795  0.844  -4.078 0.1111111119
76120  -23.465  -2.924  -4.851 0.2222222239
75206  -23.081  -4.593  -4.972 0.1111111119
66667  -23.605  -14.595  -5.737 0.2222222239
76119  -23.064  -3.262  -4.176 0.1111111119
77658  -23.988  -1.727  -4.339 0.1111111119
78443  -24.825  -0.620  -4.720 0.1111111119
79250  -24.869  0.376  -4.229 0.1111111119
115376  -23.472  -15.002  -4.972 0.2222222239
70909  -23.111  -9.832  -4.804 0.2222222239
70132  -23.358  -10.550  -4.838 0.1111111119
79272  -24.303  0.084  -5.278 0.3333333433
78421  -23.909  0.158  -4.574 0.1111111119
78442  -24.322  -0.387  -4.922 0.1111111119
78422  -24.306  0.266  -5.083 0.1111111119
77673  -25.033  -1.384  -4.904 0.1111111119
114161  -24.433  -0.947  -4.812 0.1111111119
56546  -23.780  -25.782  -2.215 0.1111111119
56548  -25.193  -25.143  -1.743 0.1111111119
56545  -22.386  -25.761  -2.286 0.1111111119
56570  -22.760  -25.075  -2.569 0.1111111119
57487  -22.213  -24.348  -2.691 0.1111111119
58410  -22.513  -23.625  -3.082 0.1111111119
64817  -22.598  -16.425  -3.614 0.1111111119
68467  -23.569  -13.072  -5.469 0.1111111119
67576  -23.511  -13.527  -5.450 0.1111111119
72617  -22.267  -7.287  -4.566 0.2222222239
73484  -22.419  -6.430  -4.753 0.2222222239
73469  -22.073  -6.466  -4.470 0.2222222239
73468  -21.620  -6.348  -3.748 0.2222222239
56569  -21.924  -25.072  -2.411 0.1111111119
118645  -23.846  -12.252  -5.582 0.1111111119
56544  -21.574  -25.740  -2.162 0.1111111119
127358  -23.115  -25.622  -2.336 0.1111111119
127878  -21.225  -25.096  -2.233 0.1111111119
57486  -21.348  -24.364  -2.336 0.1111111119
122607  -21.496  -23.378  -2.536 0.1111111119
59332  -21.357  -22.244  -2.472 0.1111111119
60205  -21.790  -20.892  -3.045 0.1111111119
63887  -22.574  -16.819  -3.748 0.1111111119
65734  -22.926  -15.974  -3.869 0.1111111119
67566  -23.561  -13.659  -5.017 0.1111111119
72603  -22.018  -7.212  -4.398 0.2222222239
75180  -21.871  -4.578  -3.028 0.2222222239
75182  -22.198  -3.779  -3.079 0.1111111119
55584  -22.986  -26.315  -1.917 0.1111111119
75195  -22.438  -5.196  -4.473 0.2222222239
65759  -23.513  -15.736  -5.114 0.1111111119
71740  -22.380  -8.282  -4.398 0.2222222239
131851  -22.944  -16.714  -4.208 0.1111111119
62065  -21.995  -19.304  -3.271 0.1111111119
56547  -24.526  -25.820  -1.790 0.1111111119
66655  -23.510  -14.187  -5.076 0.1111111119
64818  -22.790  -16.216  -3.905 0.1111111119
108504  -21.662  -6.984  -3.509 0.1111111119
57485  -20.712  -23.665  -1.933 0.1111111119
58409  -20.760  -22.624  -1.856 0.1111111119
63880  -22.332  -17.066  -3.425 0.1111111119
65748  -23.150  -15.610  -4.271 0.1111111119
75162  -21.406  -3.659  -1.319 0.1111111119
76091  -22.399  -3.191  -2.516 0.1111111119
76107  -23.659  -2.827  -3.929 0.1111111119
76904  -23.989  -2.017  -4.156 0.1111111119
74300  -21.721  -4.953  -3.040 0.2222222239
74310  -21.933  -5.280  -3.344 0.2222222239
74321  -21.784  -5.454  -3.566 0.2222222239
74322  -22.204  -5.734  -4.461 0.2222222239
75160  -21.807  -4.565  -2.765 0.2222222239
75161  -21.508  -4.400  -1.863 0.2222222239
75171  -21.821  -4.201  -1.615 0.1111111119
75172  -22.248  -3.685  -1.675 0.1111111119
75181  -21.954  -4.416  -3.243 0.1111111119
76071  -20.988  -3.991  -2.112 0.1111111119
76079  -21.171  -3.184  -1.880 0.1111111119
76080  -21.777  -3.186  -1.775 0.1111111119
76081  -22.599  -3.150  -1.982 0.1111111119
76089  -21.356  -3.580  -2.399 0.1111111119
76090  -21.561  -3.207  -2.277 0.1111111119
