#!ascii label  , from subject sub-v1s6x0051371_ses-1 vox2ras=TkReg
266
70952  -27.868  -9.406  -8.603 0.0000000000
67604  -25.349  -13.701  -7.789 0.0000000000
68507  -30.550  -12.447  -7.505 0.0000000000
64844  -27.361  -16.902  -7.243 0.0000000000
122984  -26.738  1.911  -7.025 0.0000000000
121217  -28.752  -2.131  -7.517 0.0000000000
74367  -25.406  -5.298  -8.696 0.0000000000
61194  -26.231  -19.804  -5.306 0.0000000000
118603  -26.781  -15.051  -8.008 0.0000000000
63908  -25.392  -17.283  -6.446 0.0000000000
78468  -27.490  -0.566  -7.469 0.0000000000
114714  -25.837  -2.198  -8.300 0.0000000000
70942  -25.214  -9.405  -8.146 0.0000000000
72636  -24.289  -7.559  -6.709 0.0000000000
116360  -26.216  -7.004  -8.949 0.0000000000
74379  -27.169  -5.528  -9.263 0.0000000000
72655  -28.733  -7.138  -9.056 0.0000000000
131895  -31.136  -8.784  -9.124 0.0000000000
69349  -24.635  -11.819  -7.375 0.0000000000
69370  -27.020  -11.206  -9.359 0.0000000000
129015  -29.351  -10.858  -8.441 0.0000000000
67619  -28.180  -13.328  -8.325 0.0000000000
66700  -29.270  -14.519  -7.383 0.0000000000
65761  -29.777  -16.043  -5.906 0.0000000000
121496  -25.108  -3.972  -7.582 0.0000000000
75228  -26.371  -4.254  -8.905 0.0000000000
76146  -30.298  -3.970  -8.053 0.0000000000
63020  -24.391  -18.304  -5.363 0.0000000000
63023  -27.577  -18.380  -5.961 0.0000000000
65774  -24.742  -15.714  -6.461 0.0000000000
64827  -23.904  -16.568  -5.448 0.0000000000
77696  -25.449  -1.267  -7.553 0.0000000000
77695  -25.001  -1.836  -7.552 0.0000000000
70163  -26.560  -10.006  -8.626 0.0000000000
71780  -25.440  -8.527  -8.322 0.0000000000
114430  -27.489  -8.509  -8.693 0.0000000000
114351  -27.648  -6.916  -9.146 0.0000000000
118904  -29.029  -8.125  -8.857 0.0000000000
71785  -30.876  -8.261  -9.188 0.0000000000
71783  -29.310  -8.908  -8.819 0.0000000000
68504  -24.602  -12.534  -7.278 0.0000000000
69350  -25.443  -11.616  -7.807 0.0000000000
68517  -26.588  -12.527  -8.901 0.0000000000
68518  -27.361  -12.621  -9.025 0.0000000000
66710  -26.850  -13.437  -8.567 0.0000000000
64863  -27.658  -16.126  -7.457 0.0000000000
65791  -27.958  -15.437  -7.709 0.0000000000
64864  -28.312  -15.822  -7.265 0.0000000000
65777  -29.669  -15.495  -6.398 0.0000000000
64846  -29.183  -16.275  -6.357 0.0000000000
80086  -25.863  1.818  -7.138 0.0000000000
80078  -25.602  2.315  -7.082 0.0000000000
80826  -25.955  2.863  -7.288 0.0000000000
81521  -27.651  3.617  -6.946 0.0000000000
80087  -27.913  1.860  -6.905 0.0000000000
77699  -28.060  -1.334  -7.546 0.0000000000
72643  -24.604  -6.904  -7.330 0.0000000000
73504  -24.008  -6.032  -6.412 0.0000000000
75226  -25.327  -4.650  -8.133 0.0000000000
75227  -25.509  -4.027  -8.521 0.0000000000
116384  -25.805  -4.919  -9.682 0.0000000000
120115  -29.828  -6.037  -8.871 0.0000000000
74369  -29.127  -5.506  -8.344 0.0000000000
75232  -30.503  -4.571  -9.169 0.0000000000
69351  -29.679  -11.811  -8.147 0.0000000000
70154  -30.710  -10.733  -8.246 0.0000000000
61192  -24.859  -20.184  -5.142 0.0000000000
62108  -25.762  -19.429  -5.835 0.0000000000
63038  -26.099  -18.776  -6.409 0.0000000000
62091  -26.535  -19.290  -5.824 0.0000000000
66695  -24.846  -14.212  -7.167 0.0000000000
115391  -26.148  -14.717  -7.939 0.0000000000
66696  -25.502  -14.904  -7.384 0.0000000000
64861  -26.074  -16.197  -7.268 0.0000000000
64843  -26.329  -16.935  -6.978 0.0000000000
79283  -26.224  0.069  -7.080 0.0000000000
79284  -27.021  0.137  -7.168 0.0000000000
78467  -26.500  -0.628  -7.466 0.0000000000
120622  -26.917  -1.354  -7.582 0.0000000000
117241  -26.446  -2.119  -7.915 0.0000000000
70932  -24.404  -9.801  -6.491 0.0000000000
71770  -24.939  -8.720  -7.809 0.0000000000
71779  -25.086  -7.932  -8.095 0.0000000000
73522  -25.844  -6.044  -9.445 0.0000000000
74377  -25.876  -5.443  -9.778 0.0000000000
73524  -26.984  -6.296  -9.307 0.0000000000
73526  -28.974  -6.394  -9.061 0.0000000000
73527  -30.986  -6.662  -9.282 0.0000000000
72657  -30.718  -7.423  -9.136 0.0000000000
61176  -27.476  -20.378  -4.529 0.0000000000
62076  -27.972  -19.701  -4.864 0.0000000000
119178  -24.821  -11.053  -7.534 0.0000000000
115573  -26.363  -10.832  -8.775 0.0000000000
70175  -27.619  -10.798  -9.417 0.0000000000
70953  -28.877  -9.682  -8.746 0.0000000000
69360  -28.246  -11.139  -9.384 0.0000000000
108928  -28.411  -11.855  -8.759 0.0000000000
67607  -29.442  -13.132  -7.957 0.0000000000
66711  -27.747  -14.012  -8.335 0.0000000000
67606  -28.731  -13.772  -7.901 0.0000000000
114939  -29.604  -13.763  -7.584 0.0000000000
66686  -30.377  -14.273  -6.449 0.0000000000
66668  -30.610  -14.531  -5.744 0.0000000000
80092  -28.541  1.035  -7.256 0.0000000000
76140  -25.125  -3.252  -7.853 0.0000000000
76941  -26.149  -2.909  -8.345 0.0000000000
76942  -27.053  -3.023  -7.521 0.0000000000
75241  -26.681  -4.781  -9.186 0.0000000000
76144  -27.726  -3.855  -7.441 0.0000000000
121542  -29.733  -2.975  -7.636 0.0000000000
70168  -30.862  -9.911  -8.933 0.0000000000
70955  -31.350  -9.769  -8.620 0.0000000000
63895  -24.172  -17.466  -5.370 0.0000000000
63896  -24.903  -17.876  -5.926 0.0000000000
63909  -26.227  -17.853  -6.614 0.0000000000
124687  -27.576  -17.885  -6.344 0.0000000000
62092  -27.522  -19.040  -5.466 0.0000000000
63024  -28.140  -18.504  -5.546 0.0000000000
64828  -28.763  -17.055  -6.233 0.0000000000
76932  -24.803  -2.566  -7.226 0.0000000000
70951  -26.897  -9.033  -8.632 0.0000000000
117957  -28.357  -8.720  -8.693 0.0000000000
67603  -24.609  -13.372  -7.122 0.0000000000
68505  -25.286  -12.895  -7.777 0.0000000000
67617  -25.942  -13.190  -8.404 0.0000000000
64845  -28.322  -16.490  -6.895 0.0000000000
65776  -28.908  -15.742  -6.845 0.0000000000
80827  -27.135  2.822  -7.071 0.0000000000
77700  -29.217  -1.342  -7.671 0.0000000000
76944  -29.724  -2.076  -7.743 0.0000000000
73510  -25.071  -6.057  -8.032 0.0000000000
73505  -24.553  -6.074  -7.096 0.0000000000
74358  -25.052  -5.293  -7.665 0.0000000000
123013  -25.657  -4.744  -9.160 0.0000000000
74381  -31.009  -5.671  -9.470 0.0000000000
74370  -30.251  -5.324  -8.939 0.0000000000
69352  -30.402  -11.683  -7.802 0.0000000000
68508  -31.017  -11.970  -7.262 0.0000000000
61175  -26.434  -20.440  -4.755 0.0000000000
61193  -25.577  -20.153  -5.173 0.0000000000
62090  -25.057  -19.583  -5.473 0.0000000000
66684  -24.778  -14.964  -6.764 0.0000000000
64842  -25.456  -16.366  -6.722 0.0000000000
79282  -25.663  -0.020  -6.813 0.0000000000
78466  -25.880  -0.656  -7.367 0.0000000000
77697  -25.943  -1.392  -7.957 0.0000000000
70941  -24.805  -9.586  -7.439 0.0000000000
71781  -26.163  -8.195  -8.624 0.0000000000
115625  -25.601  -7.540  -8.515 0.0000000000
72653  -25.707  -6.660  -8.821 0.0000000000
73523  -26.222  -6.226  -9.454 0.0000000000
72654  -26.883  -7.026  -9.145 0.0000000000
119179  -29.891  -6.860  -8.822 0.0000000000
122716  -31.424  -8.465  -8.902 0.0000000000
60225  -27.005  -21.119  -4.249 0.0000000000
61160  -27.854  -20.923  -3.978 0.0000000000
69340  -24.287  -11.453  -6.849 0.0000000000
70152  -24.554  -10.472  -7.135 0.0000000000
69358  -25.996  -11.463  -8.466 0.0000000000
119873  -25.659  -10.873  -8.010 0.0000000000
70174  -26.989  -10.560  -9.155 0.0000000000
129974  -27.990  -10.951  -9.619 0.0000000000
69371  -27.681  -11.308  -9.510 0.0000000000
111334  -28.142  -12.641  -8.684 0.0000000000
68528  -27.844  -11.920  -9.286 0.0000000000
68519  -29.081  -12.355  -8.350 0.0000000000
67620  -28.713  -13.060  -8.284 0.0000000000
66697  -26.833  -14.384  -8.282 0.0000000000
66698  -27.500  -14.903  -8.086 0.0000000000
65792  -28.697  -15.240  -7.341 0.0000000000
66699  -28.337  -14.677  -7.829 0.0000000000
66701  -30.081  -14.061  -7.159 0.0000000000
66685  -29.849  -14.765  -6.788 0.0000000000
124775  -30.172  -14.913  -6.209 0.0000000000
65762  -30.318  -15.425  -5.662 0.0000000000
79285  -28.054  0.205  -7.345 0.0000000000
71761  -24.157  -8.316  -6.508 0.0000000000
120326  -24.567  -4.052  -6.828 0.0000000000
76132  -24.614  -3.324  -6.870 0.0000000000
132329  -25.884  -4.336  -9.020 0.0000000000
76151  -25.731  -3.913  -8.675 0.0000000000
76142  -25.970  -3.840  -8.786 0.0000000000
76143  -26.574  -3.780  -8.112 0.0000000000
74378  -26.122  -5.054  -9.729 0.0000000000
75242  -27.775  -5.213  -8.589 0.0000000000
75231  -29.988  -4.904  -7.805 0.0000000000
75230  -28.509  -4.753  -7.765 0.0000000000
76145  -29.121  -3.910  -7.548 0.0000000000
122045  -30.663  -3.129  -8.699 0.0000000000
70166  -28.846  -10.610  -8.635 0.0000000000
70167  -29.786  -10.370  -8.615 0.0000000000
70155  -31.244  -10.261  -8.427 0.0000000000
63019  -23.625  -17.869  -4.792 0.0000000000
120589  -25.585  -18.189  -6.373 0.0000000000
63039  -26.912  -18.190  -6.350 0.0000000000
63910  -27.061  -17.559  -6.743 0.0000000000
63897  -28.299  -17.857  -5.956 0.0000000000
65760  -24.040  -15.799  -5.870 0.0000000000
64841  -24.676  -16.480  -6.172 0.0000000000
114663  -25.426  -1.968  -8.139 0.0000000000
70950  -25.941  -9.224  -8.504 0.0000000000
71782  -26.882  -7.870  -8.794 0.0000000000
118742  -27.800  -7.752  -8.945 0.0000000000
72656  -29.912  -7.711  -8.876 0.0000000000
71784  -30.073  -8.617  -9.060 0.0000000000
118666  -30.790  -9.069  -9.123 0.0000000000
68491  -24.110  -12.823  -6.661 0.0000000000
111009  -24.218  -12.162  -6.955 0.0000000000
132374  -25.220  -12.222  -7.671 0.0000000000
68516  -25.863  -12.270  -8.403 0.0000000000
69359  -26.439  -11.733  -9.111 0.0000000000
68527  -27.124  -11.896  -9.351 0.0000000000
67618  -27.664  -13.209  -8.576 0.0000000000
65790  -27.166  -15.589  -7.792 0.0000000000
65793  -29.312  -15.174  -6.967 0.0000000000
80085  -25.563  1.339  -6.769 0.0000000000
80830  -28.874  1.820  -7.249 0.0000000000
78469  -28.589  -0.535  -7.604 0.0000000000
74345  -23.690  -5.500  -5.984 0.0000000000
74357  -24.408  -5.314  -6.773 0.0000000000
122460  -24.797  -4.616  -7.242 0.0000000000
75239  -25.766  -4.483  -9.146 0.0000000000
75240  -25.955  -4.558  -9.333 0.0000000000
74380  -28.455  -5.834  -8.869 0.0000000000
69362  -29.821  -11.126  -8.228 0.0000000000
69353  -30.986  -11.270  -7.551 0.0000000000
123059  -24.530  -19.035  -5.373 0.0000000000
63021  -25.184  -18.767  -5.872 0.0000000000
63022  -26.906  -18.768  -6.064 0.0000000000
130045  -24.360  -13.845  -6.764 0.0000000000
67605  -26.034  -14.004  -8.273 0.0000000000
127445  -25.545  -14.325  -7.748 0.0000000000
65789  -26.277  -15.514  -7.618 0.0000000000
65775  -25.484  -15.613  -7.030 0.0000000000
64862  -26.803  -16.267  -7.482 0.0000000000
79273  -25.442  0.484  -6.609 0.0000000000
79274  -25.836  0.763  -6.829 0.0000000000
79275  -26.514  0.934  -6.899 0.0000000000
80091  -27.491  0.982  -6.928 0.0000000000
77698  -27.543  -2.179  -7.514 0.0000000000
71769  -24.707  -7.897  -7.374 0.0000000000
72644  -25.113  -6.987  -8.218 0.0000000000
73511  -25.499  -5.997  -8.887 0.0000000000
74368  -25.709  -5.334  -9.538 0.0000000000
73536  -26.352  -5.669  -9.570 0.0000000000
73525  -27.978  -6.333  -9.090 0.0000000000
68492  -30.883  -12.728  -7.008 0.0000000000
62075  -26.982  -19.672  -4.978 0.0000000000
70153  -25.026  -10.225  -7.857 0.0000000000
70162  -25.731  -10.084  -8.364 0.0000000000
70164  -27.407  -10.125  -8.772 0.0000000000
70165  -28.114  -10.595  -9.153 0.0000000000
69361  -29.018  -11.353  -8.461 0.0000000000
68506  -29.954  -12.478  -7.899 0.0000000000
67608  -30.262  -13.217  -7.509 0.0000000000
67591  -30.625  -13.506  -6.746 0.0000000000
79286  -29.096  0.263  -7.684 0.0000000000
76940  -25.167  -2.572  -8.078 0.0000000000
76141  -25.466  -3.346  -8.323 0.0000000000
76949  -25.654  -2.966  -8.367 0.0000000000
76943  -28.280  -3.003  -7.461 0.0000000000
75229  -27.136  -4.533  -8.254 0.0000000000
70954  -30.066  -9.475  -9.055 0.0000000000
128392  -31.249  -9.229  -8.950 0.0000000000
63907  -24.620  -17.139  -5.893 0.0000000000
63911  -27.931  -17.353  -6.658 0.0000000000
