#!ascii label  , from subject sub-v1s6x0051371_ses-1 vox2ras=TkReg
1266
9798  -31.336  -77.373  -18.243 0.5000000000
9797  -30.768  -77.723  -18.767 0.6000000238
10564  -35.574  -76.711  -11.495 0.3000000119
113178  -29.640  -78.772  -18.569 0.5000000000
127179  -34.907  -75.817  -14.016 0.4000000060
11556  -35.489  -75.645  -13.459 0.4000000060
11533  -36.599  -75.663  -12.387 0.4000000060
11514  -36.096  -76.128  -11.742 0.3000000119
11557  -36.411  -75.502  -13.134 0.4000000060
10687  -34.052  -77.100  -20.209 0.5000000000
115087  -33.313  -76.983  -19.491 0.5000000000
10674  -32.065  -76.984  -18.509 0.5000000000
9818  -33.175  -77.103  -21.623 0.6000000238
10686  -33.142  -77.183  -20.512 0.5000000000
9802  -31.607  -77.259  -19.326 0.6000000238
10559  -36.641  -77.013  -10.250 0.3000000119
9801  -30.824  -77.675  -19.778 0.5000000000
10596  -34.809  -76.313  -14.793 0.5000000000
110855  -33.793  -76.656  -14.442 0.5000000000
10560  -36.960  -76.639  -10.432 0.3000000119
9808  -31.631  -77.416  -20.594 0.6000000238
110661  -30.155  -78.173  -19.169 0.5000000000
11594  -36.639  -75.785  -14.926 0.5000000000
11593  -35.666  -75.758  -14.485 0.4000000060
117556  -37.131  -75.466  -12.910 0.4000000060
121921  -37.679  -75.899  -11.620 0.3000000119
11515  -36.927  -76.347  -11.273 0.3000000119
11578  -36.452  -75.517  -14.009 0.4000000060
11558  -37.943  -75.414  -13.068 0.4000000060
11579  -37.392  -75.612  -14.381 0.4000000060
11653  -36.326  -75.577  -21.279 0.6999999881
10711  -36.129  -76.206  -20.860 0.6999999881
10699  -35.862  -76.791  -20.498 0.6999999881
10657  -31.792  -77.105  -17.804 0.5000000000
129104  -35.616  -74.697  -21.773 0.6999999881
116044  -35.768  -75.324  -21.615 0.6999999881
10709  -34.657  -76.523  -21.463 0.8000000119
111042  -34.044  -77.136  -21.283 0.5000000000
10708  -33.636  -76.766  -21.780 0.6999999881
109366  -32.791  -77.035  -16.539 0.5000000000
11651  -35.039  -75.595  -21.758 0.6999999881
10659  -33.776  -77.038  -17.094 0.4000000060
124028  -34.916  -76.549  -15.758 0.5000000000
10556  -36.859  -76.497  -9.353 0.3000000119
10718  -32.948  -76.348  -22.147 0.6000000238
10635  -34.393  -76.826  -16.349 0.5000000000
10614  -35.797  -76.197  -15.599 0.5000000000
11489  -37.146  -75.875  -9.125 0.3000000119
10707  -32.784  -76.799  -22.101 0.5000000000
10615  -36.986  -76.224  -15.823 0.5000000000
10616  -38.056  -76.445  -16.025 0.4000000060
121804  -38.154  -75.510  -13.876 0.4000000060
11535  -38.524  -75.550  -12.331 0.4000000060
11516  -38.372  -75.777  -11.465 0.4000000060
11596  -38.589  -76.169  -15.380 0.3000000119
11580  -38.304  -75.795  -14.648 0.4000000060
15203  -37.858  -71.624  -20.867 0.5000000000
14275  -37.043  -72.289  -21.142 0.6000000238
131515  -38.363  -72.759  -20.983 0.6000000238
13459  -37.264  -74.074  -21.424 0.6000000238
11654  -37.150  -75.123  -21.266 0.6000000238
16138  -36.798  -70.399  -19.680 0.5000000000
15200  -37.429  -70.904  -20.171 0.5000000000
15202  -36.632  -71.570  -20.623 0.6000000238
13451  -37.306  -73.109  -21.421 0.6000000238
13458  -36.383  -73.876  -21.623 0.6999999881
10676  -33.966  -76.912  -18.962 0.6000000238
8822  -39.256  -78.290  -8.809 0.3000000119
15195  -35.077  -71.151  -18.445 0.6999999881
15198  -35.190  -71.272  -19.599 0.6000000238
14269  -35.371  -71.631  -20.397 0.6000000238
14274  -35.769  -72.238  -21.039 0.6000000238
14279  -36.188  -72.986  -21.509 0.6999999881
13457  -35.408  -73.776  -21.664 0.6999999881
10677  -34.926  -76.993  -18.923 0.6000000238
115820  -34.362  -76.950  -18.034 0.6000000238
114553  -32.892  -76.839  -17.512 0.5000000000
15190  -35.382  -70.411  -18.208 0.6999999881
14264  -34.502  -71.851  -19.010 0.6000000238
14277  -34.094  -72.970  -21.355 0.6999999881
12583  -33.321  -74.304  -21.690 0.6999999881
10660  -34.754  -77.155  -17.235 0.5000000000
9713  -36.762  -77.266  -9.404 0.3000000119
15189  -34.788  -70.839  -17.402 0.6999999881
14258  -34.342  -71.842  -17.724 0.6999999881
120859  -33.719  -72.390  -20.296 0.6000000238
14272  -33.427  -72.654  -21.011 0.6000000238
11650  -33.939  -75.915  -21.825 0.6999999881
115819  -35.261  -77.145  -18.064 0.5000000000
111598  -36.039  -77.027  -17.162 0.5000000000
14263  -33.721  -72.402  -18.625 0.6000000238
14266  -33.191  -72.607  -19.498 0.6000000238
117637  -32.645  -73.664  -21.519 0.6000000238
11649  -32.922  -75.347  -22.097 0.6000000238
11661  -32.106  -75.963  -22.546 0.6000000238
111597  -36.855  -76.922  -17.415 0.5000000000
11502  -37.455  -76.221  -9.976 0.3000000119
117684  -33.914  -72.100  -16.892 0.6999999881
14257  -33.508  -72.559  -17.559 0.6000000238
14267  -33.909  -72.239  -19.521 0.6000000238
14271  -32.833  -72.747  -20.417 0.6000000238
108602  -31.934  -73.035  -20.425 0.5000000000
13449  -31.472  -73.268  -21.002 0.5000000000
11660  -31.207  -75.768  -22.954 0.5000000000
10717  -32.243  -76.479  -22.451 0.5000000000
10638  -37.449  -76.668  -16.727 0.5000000000
10597  -40.328  -76.203  -15.235 0.3000000119
11582  -40.684  -76.037  -14.420 0.3000000119
11581  -39.758  -75.921  -14.637 0.3000000119
11536  -40.317  -75.665  -12.653 0.4000000060
121007  -39.493  -75.571  -12.721 0.4000000060
10618  -39.962  -76.251  -15.980 0.3000000119
11597  -39.446  -76.202  -15.376 0.3000000119
118371  -39.028  -75.654  -14.180 0.4000000060
16137  -37.947  -70.220  -18.796 0.5000000000
124883  -37.912  -70.723  -19.671 0.5000000000
14260  -38.074  -71.509  -18.897 0.5000000000
14265  -38.033  -71.696  -19.949 0.5000000000
17116  -37.330  -69.023  -17.344 0.5000000000
17118  -37.665  -69.564  -18.189 0.5000000000
16136  -37.424  -69.780  -18.836 0.5000000000
15201  -37.929  -71.312  -20.231 0.5000000000
14270  -38.166  -71.965  -20.807 0.5000000000
12576  -37.830  -74.442  -20.993 0.6000000238
11645  -37.710  -75.623  -20.762 0.6000000238
17117  -36.877  -69.220  -18.253 0.5000000000
10689  -36.392  -77.154  -19.937 0.8000000119
8823  -40.675  -78.277  -8.965 0.3000000119
130450  -36.050  -68.076  -17.513 0.6000000238
16131  -35.258  -69.838  -17.689 0.6000000238
16132  -36.030  -69.660  -18.489 0.6000000238
10702  -38.284  -76.170  -20.215 0.4000000060
16124  -34.500  -69.996  -17.113 0.6999999881
118676  -36.822  -77.170  -19.122 0.5000000000
10688  -35.482  -77.088  -19.871 0.6000000238
9701  -38.290  -77.419  -8.238 0.3000000119
10551  -37.449  -76.571  -8.412 0.3000000119
16123  -33.676  -70.077  -16.658 0.6999999881
10679  -38.370  -77.178  -18.636 0.4000000060
11476  -37.077  -76.060  -8.781 0.3000000119
15179  -34.219  -70.702  -16.707 0.6000000238
15188  -34.208  -71.406  -16.739 0.6999999881
115818  -37.331  -77.142  -18.370 0.4000000060
11503  -38.189  -75.850  -10.616 0.3000000119
15169  -33.125  -71.484  -15.795 0.6000000238
14251  -33.671  -71.802  -16.179 0.6999999881
13440  -32.741  -72.985  -18.442 0.6000000238
13445  -31.574  -73.157  -19.778 0.5000000000
13444  -31.142  -73.272  -20.402 0.5000000000
12581  -31.541  -74.146  -22.140 0.6000000238
10664  -38.990  -77.212  -18.029 0.4000000060
10663  -37.935  -77.125  -17.713 0.4000000060
123835  -41.747  -76.032  -15.663 0.3000000119
10599  -41.669  -76.152  -15.062 0.3000000119
118656  -42.019  -76.176  -14.222 0.3000000119
117678  -41.483  -76.172  -14.331 0.3000000119
11560  -39.949  -75.676  -13.634 0.4000000060
11504  -38.952  -75.529  -11.256 0.3000000119
13439  -31.957  -73.517  -17.767 0.6000000238
112617  -31.780  -73.378  -18.868 0.5000000000
12571  -30.953  -73.609  -19.441 0.5000000000
118458  -30.837  -74.148  -22.035 0.5000000000
12587  -30.300  -74.547  -22.433 0.6000000238
11659  -30.728  -75.430  -23.309 0.5000000000
111549  -39.587  -76.870  -17.422 0.3000000119
10640  -40.179  -76.544  -16.773 0.3000000119
12565  -31.159  -73.844  -18.249 0.5000000000
12570  -30.473  -73.732  -20.352 0.5000000000
12579  -29.676  -74.205  -21.697 0.5000000000
12574  -29.032  -74.181  -20.836 0.5000000000
117413  -37.111  -69.281  -16.542 0.5000000000
16125  -37.746  -69.736  -17.191 0.5000000000
13433  -37.243  -72.931  -18.242 0.5000000000
123800  -37.836  -72.488  -19.319 0.5000000000
13441  -37.745  -73.463  -19.008 0.5000000000
18030  -36.808  -68.189  -16.717 0.5000000000
16133  -38.004  -69.885  -17.518 0.5000000000
12566  -38.032  -74.083  -19.720 0.4000000060
17115  -36.548  -68.459  -17.406 0.5000000000
12573  -38.475  -74.914  -19.881 0.4000000060
8843  -41.364  -78.775  -9.511 0.3000000119
9704  -41.712  -78.030  -8.282 0.3000000119
18028  -35.414  -67.923  -17.317 0.6000000238
12577  -38.251  -75.135  -20.408 0.4000000060
17112  -34.379  -68.244  -17.032 0.6000000238
17113  -34.883  -68.973  -17.413 0.6000000238
9702  -39.660  -77.686  -8.191 0.3000000119
9684  -39.065  -76.974  -7.795 0.3000000119
17110  -34.135  -69.176  -17.034 0.6000000238
130336  -38.515  -76.942  -19.283 0.4000000060
16122  -32.914  -69.776  -16.541 0.6000000238
10681  -40.000  -76.320  -18.439 0.4000000060
118370  -39.710  -76.846  -18.146 0.4000000060
117632  -37.730  -75.526  -8.719 0.3000000119
16114  -33.131  -70.730  -16.037 0.6999999881
10665  -40.424  -76.513  -17.713 0.3000000119
10642  -41.247  -76.051  -16.832 0.3000000119
15191  -37.802  -70.409  -17.482 0.5000000000
15192  -38.119  -70.503  -18.224 0.5000000000
14259  -37.392  -71.717  -17.760 0.5000000000
13420  -37.157  -73.608  -17.124 0.4000000060
17100  -36.897  -68.546  -16.417 0.5000000000
12555  -37.589  -73.898  -18.072 0.4000000060
127521  -37.962  -74.210  -18.785 0.4000000060
17099  -36.852  -68.411  -15.948 0.6000000238
12567  -38.608  -74.850  -19.122 0.4000000060
11634  -39.159  -75.536  -19.225 0.4000000060
9685  -40.180  -77.088  -7.765 0.3000000119
9703  -41.037  -77.827  -8.337 0.3000000119
17109  -33.437  -68.757  -16.772 0.6000000238
10693  -39.402  -76.204  -19.176 0.4000000060
11635  -39.815  -75.845  -18.821 0.4000000060
11625  -40.830  -76.042  -17.975 0.4000000060
11626  -41.323  -75.645  -17.316 0.3000000119
14232  -32.459  -71.261  -15.621 0.6000000238
15180  -36.950  -70.424  -16.614 0.5000000000
14252  -36.534  -72.359  -16.725 0.5000000000
13419  -36.602  -73.142  -16.420 0.4000000060
13432  -36.698  -72.919  -17.268 0.4000000060
16115  -36.689  -69.397  -15.617 0.5000000000
117769  -36.389  -70.723  -15.470 0.5000000000
13421  -38.007  -74.068  -16.546 0.4000000060
18912  -36.566  -67.695  -16.116 0.6000000238
130462  -36.656  -67.969  -15.647 0.6000000238
16107  -36.189  -69.868  -14.628 0.6000000238
12537  -37.884  -74.201  -17.373 0.4000000060
18025  -35.693  -67.347  -16.837 0.6000000238
18903  -36.379  -67.591  -15.751 0.6000000238
115126  -39.336  -74.744  -17.759 0.4000000060
12557  -40.178  -75.035  -17.851 0.4000000060
18024  -34.833  -67.527  -16.778 0.6000000238
11624  -40.328  -75.743  -18.275 0.4000000060
120278  -40.789  -74.528  -17.402 0.4000000060
12558  -40.944  -75.375  -17.777 0.4000000060
12540  -41.438  -74.782  -17.243 0.4000000060
10540  -38.323  -76.409  -7.913 0.3000000119
10541  -39.406  -76.210  -7.485 0.3000000119
18023  -33.840  -67.854  -16.524 0.6000000238
12541  -41.874  -75.042  -16.815 0.4000000060
12410  -38.987  -74.129  -8.101 0.3000000119
11463  -38.522  -75.595  -7.762 0.3000000119
126568  -32.622  -68.831  -16.683 0.6000000238
16113  -32.384  -70.553  -16.115 0.6000000238
17108  -32.064  -68.408  -16.646 0.6999999881
18899  -32.799  -67.366  -15.851 0.6999999881
16121  -32.002  -69.512  -16.594 0.6000000238
130049  -32.161  -67.742  -16.475 0.6999999881
127507  -31.442  -66.899  -16.099 0.6999999881
17107  -31.282  -68.799  -16.682 0.6000000238
18889  -32.412  -67.504  -15.424 0.6999999881
130081  -32.153  -67.861  -14.697 0.6000000238
18022  -31.555  -67.559  -16.393 0.6999999881
18883  -31.400  -67.302  -15.253 0.6999999881
15170  -36.404  -71.667  -16.135 0.5000000000
114571  -36.321  -72.597  -15.811 0.5000000000
15162  -35.724  -71.389  -14.273 0.5000000000
14243  -36.008  -72.014  -15.199 0.5000000000
13389  -37.313  -73.419  -14.863 0.5000000000
124762  -37.247  -73.651  -15.912 0.4000000060
17085  -36.315  -67.909  -14.261 0.6000000238
17091  -36.279  -68.945  -13.854 0.6000000238
16106  -35.762  -70.256  -13.579 0.6000000238
12521  -39.145  -74.022  -16.301 0.4000000060
18902  -35.900  -67.336  -15.495 0.6000000238
121329  -35.888  -69.354  -13.073 0.6000000238
12538  -38.738  -74.365  -17.188 0.4000000060
18909  -34.352  -67.449  -16.180 0.6000000238
125360  -35.417  -67.348  -15.075 0.6000000238
18000  -35.912  -67.569  -13.852 0.6000000238
121772  -35.475  -68.204  -12.186 0.6000000238
112410  -35.713  -69.083  -12.273 0.6000000238
14236  -42.223  -72.750  -15.845 0.4000000060
18891  -34.589  -67.398  -15.237 0.6000000238
18008  -35.168  -67.468  -14.436 0.6000000238
17986  -35.359  -67.731  -12.778 0.6000000238
17967  -35.109  -67.713  -11.684 0.6000000238
17060  -35.429  -68.550  -11.255 0.6000000238
13423  -41.223  -74.014  -16.747 0.4000000060
123474  -42.223  -73.534  -16.353 0.4000000060
18908  -33.305  -67.529  -16.083 0.6000000238
18007  -34.322  -67.733  -14.571 0.5000000000
17999  -34.853  -67.503  -13.420 0.6000000238
17985  -35.023  -67.463  -12.439 0.6000000238
17949  -35.055  -67.761  -10.801 0.6000000238
17040  -35.177  -68.476  -10.204 0.6999999881
121116  -32.783  -67.939  -16.530 0.6999999881
18900  -33.907  -67.404  -15.729 0.6000000238
17998  -34.140  -68.138  -13.867 0.6000000238
17984  -34.383  -67.794  -12.599 0.6000000238
127116  -35.132  -68.591  -9.587 0.6000000238
17020  -36.073  -69.264  -8.755 0.6000000238
17965  -34.213  -67.984  -11.447 0.6000000238
17948  -34.782  -67.757  -10.783 0.6000000238
17039  -34.886  -68.263  -10.125 0.6000000238
16996  -35.522  -68.889  -8.500 0.6000000238
18006  -33.190  -68.015  -14.576 0.6000000238
17083  -33.308  -68.556  -13.540 0.6000000238
17059  -33.206  -68.968  -11.600 0.5000000000
17038  -34.036  -68.465  -10.553 0.6000000238
17018  -35.010  -68.653  -9.112 0.6000000238
17073  -33.377  -68.818  -12.643 0.5000000000
18906  -30.991  -66.806  -16.074 0.6999999881
17996  -31.505  -68.065  -14.085 0.6999999881
17081  -31.769  -69.253  -13.584 0.5000000000
17082  -32.398  -69.451  -13.317 0.6000000238
17072  -32.588  -69.605  -12.556 0.5000000000
124927  -33.055  -69.434  -10.891 0.5000000000
16092  -32.018  -70.307  -12.943 0.6000000238
17976  -22.762  -68.537  -12.907 0.6000000238
17991  -23.223  -68.495  -13.827 0.6000000238
125207  -36.228  -72.696  -15.059 0.5000000000
14233  -35.887  -72.468  -14.394 0.5000000000
13373  -37.092  -73.201  -13.906 0.5000000000
13390  -38.474  -73.403  -14.890 0.5000000000
13405  -38.281  -73.763  -15.692 0.4000000060
16102  -35.523  -70.326  -12.604 0.5000000000
15151  -35.342  -71.429  -13.103 0.5000000000
14196  -35.646  -72.393  -11.971 0.5000000000
108681  -39.081  -73.605  -15.468 0.4000000060
13392  -40.422  -72.867  -15.254 0.4000000060
122133  -35.176  -71.401  -12.132 0.5000000000
14184  -35.553  -72.071  -11.162 0.5000000000
13422  -40.308  -73.901  -16.623 0.4000000060
13407  -40.832  -73.341  -16.061 0.4000000060
13393  -41.325  -72.726  -15.567 0.4000000060
16081  -35.419  -69.762  -10.600 0.5000000000
15115  -35.569  -71.505  -10.436 0.5000000000
15132  -35.327  -71.255  -11.131 0.5000000000
16050  -35.447  -69.570  -9.730 0.6000000238
15096  -35.580  -70.851  -9.810 0.6000000238
16051  -35.868  -69.969  -9.318 0.6000000238
16023  -36.511  -70.166  -8.927 0.5000000000
123709  -36.106  -68.953  -8.291 0.4000000060
17926  -37.271  -69.074  -8.151 0.4000000060
16995  -34.978  -68.873  -8.216 0.6000000238
17925  -35.655  -68.774  -7.789 0.6000000238
17913  -36.145  -68.452  -7.252 0.5000000000
17914  -36.970  -68.459  -7.556 0.4000000060
120107  -38.074  -67.878  -7.663 0.4000000060
18821  -37.987  -67.214  -7.099 0.4000000060
18021  -30.641  -67.863  -16.419 0.6999999881
17017  -34.245  -68.839  -9.597 0.6000000238
125130  -35.417  -68.608  -7.045 0.5000000000
18820  -37.145  -67.298  -6.560 0.4000000060
17080  -31.197  -68.782  -13.534 0.6000000238
17037  -32.542  -70.376  -10.710 0.5000000000
16049  -33.404  -69.803  -9.189 0.5000000000
16981  -34.729  -68.927  -7.391 0.5000000000
17903  -35.659  -68.099  -6.443 0.5000000000
18826  -36.607  -67.942  -6.863 0.4000000060
19712  -37.606  -66.504  -6.396 0.4000000060
16101  -31.765  -70.005  -13.286 0.6000000238
16022  -33.266  -70.140  -8.399 0.5000000000
17958  -21.522  -68.479  -12.301 0.6999999881
120708  -22.319  -68.649  -12.029 0.6000000238
17946  -22.425  -68.411  -10.572 0.6999999881
17066  -23.361  -68.796  -11.829 0.6000000238
17938  -22.760  -68.463  -9.710 0.6000000238
17977  -23.774  -68.741  -12.963 0.6000000238
17051  -23.306  -69.263  -10.840 0.6000000238
17939  -23.338  -69.157  -9.266 0.6000000238
112367  -23.721  -68.569  -8.656 0.6000000238
18834  -24.304  -67.827  -8.303 0.6000000238
17992  -24.342  -68.525  -13.850 0.5000000000
17067  -24.311  -69.081  -12.174 0.6000000238
17052  -24.004  -69.492  -11.172 0.6000000238
16990  -23.999  -69.574  -9.223 0.6000000238
17922  -23.878  -69.201  -8.652 0.6000000238
13374  -38.081  -73.224  -14.088 0.5000000000
17993  -25.178  -67.729  -13.662 0.5000000000
17978  -24.685  -68.685  -13.086 0.5000000000
17015  -24.790  -69.644  -9.375 0.5000000000
16991  -24.693  -69.231  -8.730 0.5000000000
122442  -35.552  -72.248  -13.494 0.4000000060
14213  -36.867  -72.904  -13.052 0.5000000000
13375  -39.075  -72.918  -14.104 0.5000000000
13391  -39.524  -73.156  -14.946 0.4000000060
128103  -25.422  -68.206  -13.053 0.5000000000
17068  -25.190  -68.971  -12.412 0.5000000000
16043  -25.394  -69.877  -9.492 0.5000000000
16992  -25.487  -69.463  -8.392 0.5000000000
14197  -36.601  -72.688  -12.204 0.5000000000
14234  -40.026  -72.510  -14.436 0.4000000060
14218  -41.473  -71.858  -14.284 0.4000000060
130350  -42.740  -71.584  -14.177 0.4000000060
17054  -25.875  -69.302  -11.870 0.5000000000
17033  -25.655  -69.784  -11.035 0.6000000238
16064  -26.437  -70.041  -9.926 0.6000000238
126742  -41.873  -72.127  -15.167 0.4000000060
17979  -26.865  -67.511  -12.620 0.6000000238
17961  -26.786  -68.809  -12.025 0.6000000238
123970  -26.528  -69.504  -11.230 0.6999999881
14156  -36.388  -71.689  -9.730 0.4000000060
15097  -36.183  -71.007  -9.380 0.5000000000
18018  -27.836  -68.593  -16.393 0.6000000238
15075  -36.949  -70.846  -8.893 0.5000000000
113573  -38.039  -69.346  -8.500 0.4000000060
18015  -28.206  -67.703  -15.630 0.6000000238
16998  -37.528  -69.862  -8.550 0.4000000060
18904  -29.161  -67.644  -15.653 0.6000000238
18897  -29.508  -67.290  -15.047 0.6000000238
17916  -38.344  -68.219  -8.169 0.4000000060
17983  -29.971  -68.131  -13.143 0.6000000238
18888  -30.373  -67.202  -15.329 0.6999999881
16091  -31.323  -70.345  -12.981 0.6000000238
15130  -31.144  -71.001  -11.533 0.6000000238
15131  -31.820  -70.909  -11.245 0.5000000000
16068  -32.679  -70.473  -9.771 0.5000000000
18868  -21.786  -67.729  -11.042 0.6999999881
18858  -22.242  -67.653  -10.078 0.6999999881
19741  -22.799  -66.175  -9.237 0.6000000238
121809  -22.884  -67.356  -9.278 0.6000000238
19725  -23.742  -66.379  -8.832 0.6000000238
129189  -24.325  -66.994  -8.496 0.6000000238
18835  -25.076  -66.826  -8.040 0.6999999881
18825  -25.379  -67.601  -7.317 0.6000000238
17910  -24.794  -68.058  -7.716 0.6000000238
14198  -37.655  -72.694  -12.410 0.5000000000
14214  -37.979  -72.917  -13.279 0.5000000000
125446  -38.533  -72.920  -13.688 0.5000000000
14215  -38.878  -72.531  -13.378 0.5000000000
16976  -25.762  -69.237  -7.593 0.6000000238
17897  -25.729  -68.028  -6.717 0.5000000000
14200  -39.346  -72.092  -12.909 0.5000000000
14217  -40.500  -71.951  -13.968 0.5000000000
14202  -41.063  -71.807  -13.303 0.4000000060
16019  -27.213  -70.543  -8.453 0.6000000238
16017  -25.856  -70.086  -8.802 0.6000000238
17912  -26.125  -68.818  -6.778 0.5000000000
14185  -36.459  -72.491  -11.262 0.5000000000
18895  -27.532  -66.698  -14.962 0.6000000238
18885  -26.591  -66.148  -14.551 0.4000000060
123692  -27.189  -66.716  -13.094 0.6000000238
17055  -27.384  -69.222  -11.367 0.6000000238
127183  -27.082  -70.155  -9.792 0.6000000238
15993  -26.973  -70.299  -7.692 0.6000000238
14157  -37.027  -72.035  -9.821 0.4000000060
14172  -38.074  -72.400  -10.603 0.4000000060
19765  -27.344  -65.769  -14.055 0.5000000000
18873  -27.844  -66.795  -13.239 0.5000000000
17980  -27.763  -67.494  -12.595 0.6000000238
17962  -27.610  -68.361  -12.015 0.6999999881
17035  -27.956  -69.653  -10.820 0.6000000238
16065  -27.745  -70.191  -10.085 0.6000000238
16045  -27.515  -70.485  -9.283 0.6000000238
128730  -37.526  -71.194  -8.901 0.5000000000
19768  -27.901  -66.291  -14.459 0.6000000238
17981  -28.556  -67.596  -12.689 0.6000000238
17056  -28.190  -68.974  -11.512 0.6000000238
16066  -28.564  -70.210  -10.387 0.6000000238
16020  -28.142  -70.804  -8.616 0.6000000238
15994  -28.415  -70.868  -7.792 0.6000000238
125941  -37.621  -70.614  -8.686 0.4000000060
19766  -28.346  -66.387  -14.224 0.5000000000
18874  -28.767  -66.954  -13.440 0.6000000238
17057  -29.362  -69.212  -11.597 0.6000000238
16047  -29.148  -70.887  -9.942 0.6000000238
15092  -28.953  -71.168  -9.069 0.6000000238
18886  -28.723  -66.670  -14.652 0.6000000238
110759  -29.697  -67.192  -14.511 0.6000000238
17982  -29.341  -67.788  -12.839 0.6000000238
17058  -30.038  -70.026  -11.844 0.6000000238
16067  -29.461  -70.196  -10.830 0.6000000238
112747  -30.762  -70.531  -12.140 0.6000000238
17071  -30.622  -68.872  -13.107 0.6000000238
15114  -31.998  -71.106  -10.338 0.5000000000
16048  -32.671  -70.614  -8.910 0.5000000000
18867  -21.095  -67.378  -11.734 0.6999999881
126000  -21.799  -66.973  -10.486 0.6999999881
19759  -20.610  -66.292  -11.404 0.6999999881
129212  -21.423  -65.956  -11.289 0.6999999881
18857  -21.468  -66.714  -11.232 0.6999999881
20561  -22.366  -65.554  -9.808 0.6999999881
20562  -23.469  -65.240  -9.516 0.6000000238
20546  -24.524  -65.359  -8.938 0.6000000238
20548  -25.968  -64.722  -8.494 0.5000000000
19726  -24.631  -66.205  -8.532 0.6999999881
20532  -25.750  -65.719  -7.954 0.5000000000
19715  -25.719  -66.648  -7.429 0.5000000000
18814  -25.772  -67.327  -6.885 0.5000000000
125533  -39.112  -72.144  -12.203 0.4000000060
15141  -40.651  -71.764  -12.371 0.5000000000
15143  -42.683  -71.499  -12.557 0.4000000060
126311  -37.486  -72.549  -11.111 0.4000000060
125137  -39.810  -71.912  -12.280 0.4000000060
16957  -26.992  -69.294  -6.651 0.6000000238
15976  -27.857  -70.434  -7.195 0.6000000238
16958  -27.704  -69.819  -6.542 0.6000000238
15052  -29.223  -71.132  -7.763 0.6000000238
123830  -28.429  -70.195  -6.598 0.6000000238
15111  -29.854  -71.076  -10.313 0.6000000238
15072  -30.446  -71.527  -8.592 0.6000000238
15977  -29.218  -70.395  -6.648 0.6000000238
15112  -30.406  -70.976  -11.165 0.6000000238
15053  -30.087  -71.343  -7.797 0.5000000000
15094  -31.343  -71.437  -9.823 0.6000000238
111693  -30.718  -71.538  -9.362 0.5000000000
15074  -32.169  -71.187  -8.608 0.5000000000
19758  -19.930  -66.983  -11.479 0.6999999881
20575  -21.626  -65.248  -11.242 0.6999999881
20576  -22.182  -64.974  -10.757 0.6999999881
21411  -22.596  -64.042  -10.792 0.6000000238
21395  -22.748  -64.747  -10.139 0.6999999881
21397  -24.425  -64.275  -9.555 0.4000000060
19751  -19.203  -66.827  -10.876 0.6999999881
19752  -20.009  -66.073  -10.777 0.6999999881
20581  -20.986  -64.674  -11.352 0.6000000238
130312  -22.134  -63.689  -11.012 0.6000000238
20563  -25.325  -64.601  -8.948 0.5000000000
118433  -17.045  -68.019  -11.270 0.6999999881
19750  -18.360  -66.726  -10.513 0.6999999881
21379  -26.399  -63.815  -8.848 0.5000000000
18854  -16.029  -67.556  -11.534 0.6999999881
20533  -26.234  -65.078  -7.934 0.5000000000
18852  -14.309  -68.138  -11.980 0.6000000238
121066  -14.279  -67.169  -11.391 0.6000000238
120178  -13.796  -67.530  -10.743 0.6000000238
18831  -13.113  -67.169  -8.840 0.5000000000
19722  -13.143  -66.298  -8.454 0.5000000000
15133  -41.107  -71.570  -11.554 0.4000000060
15134  -42.010  -71.472  -11.591 0.4000000060
15978  -30.064  -70.501  -6.638 0.6000000238
21412  -23.269  -63.330  -10.722 0.5000000000
21396  -23.340  -64.113  -9.995 0.5000000000
20572  -19.047  -65.768  -10.320 0.6000000238
112944  -20.312  -64.261  -11.076 0.6000000238
21409  -20.831  -63.712  -11.192 0.6000000238
108674  -22.456  -63.014  -10.944 0.6000000238
22241  -24.747  -63.237  -10.063 0.5000000000
21398  -25.389  -63.746  -9.466 0.5000000000
21399  -26.053  -63.280  -9.415 0.5000000000
19749  -17.094  -67.275  -10.498 0.6999999881
19739  -17.804  -66.079  -10.076 0.6000000238
21393  -19.601  -63.848  -10.240 0.6000000238
21394  -20.204  -63.460  -10.730 0.6000000238
22222  -21.204  -62.142  -8.967 0.6000000238
22205  -26.963  -63.332  -8.551 0.5000000000
18844  -15.498  -66.809  -11.255 0.6999999881
21392  -18.440  -63.575  -9.495 0.6000000238
22236  -19.251  -63.168  -9.174 0.6000000238
22221  -20.512  -62.540  -8.548 0.6000000238
19737  -14.837  -66.241  -10.427 0.6000000238
20558  -17.103  -65.409  -9.385 0.6000000238
21391  -17.547  -64.137  -9.138 0.6000000238
22219  -18.593  -62.732  -8.263 0.6000000238
20544  -15.418  -64.898  -8.574 0.6000000238
21376  -17.026  -63.363  -8.356 0.6000000238
22218  -17.591  -62.784  -7.885 0.6000000238
19724  -14.686  -65.655  -9.483 0.5000000000
19723  -14.051  -66.259  -9.041 0.5000000000
20543  -14.621  -65.158  -8.710 0.5000000000
21375  -16.088  -63.736  -7.974 0.6000000238
22199  -17.346  -62.796  -7.185 0.6000000238
15120  -42.385  -71.110  -10.822 0.4000000060
18823  -12.553  -67.366  -8.341 0.5000000000
20542  -14.083  -65.346  -8.255 0.5000000000
21354  -15.893  -63.337  -7.150 0.6000000238
21355  -16.648  -62.953  -6.851 0.6000000238
19704  -12.666  -66.834  -7.223 0.5000000000
20510  -14.509  -65.301  -6.284 0.5000000000
20528  -14.570  -64.998  -7.309 0.4000000060
21335  -15.262  -63.880  -6.957 0.5000000000
21336  -16.907  -63.760  -6.463 0.6000000238
23217  -23.528  -61.906  -10.355 0.6000000238
23219  -24.972  -61.553  -10.204 0.5000000000
22242  -25.513  -62.766  -9.929 0.5000000000
23203  -22.559  -61.990  -10.203 0.6000000238
24123  -24.017  -61.339  -10.058 0.5000000000
22224  -26.579  -62.677  -9.206 0.5000000000
22223  -21.927  -62.334  -8.650 0.6999999881
23175  -22.904  -62.225  -8.517 0.6999999881
22202  -20.097  -62.612  -7.962 0.6000000238
114395  -21.055  -62.838  -8.283 0.6999999881
22201  -19.221  -62.760  -7.750 0.6000000238
128747  -20.644  -63.281  -7.710 0.6999999881
21356  -18.967  -63.443  -7.228 0.6000000238
21357  -20.698  -64.242  -7.377 0.6999999881
116937  -17.824  -63.368  -6.777 0.6000000238
21338  -19.855  -64.464  -7.084 0.6999999881
19687  -12.698  -66.311  -6.358 0.5000000000
19705  -13.624  -65.932  -6.261 0.5000000000
128323  -15.186  -64.383  -6.566 0.4000000060
20511  -16.287  -64.781  -6.373 0.6000000238
20513  -18.113  -64.918  -6.369 0.6000000238
122509  -14.022  -65.985  -5.461 0.5000000000
20490  -15.734  -65.626  -5.921 0.4000000060
20491  -16.864  -65.957  -5.693 0.5000000000
126414  -26.012  -61.110  -10.032 0.5000000000
24115  -25.328  -60.960  -9.979 0.5000000000
23192  -23.370  -61.549  -9.165 0.6000000238
23176  -23.875  -62.104  -8.356 0.5000000000
24088  -25.654  -61.267  -8.118 0.5000000000
119060  -22.588  -63.006  -7.978 0.6999999881
21359  -22.459  -64.026  -7.657 0.6999999881
20531  -22.230  -64.791  -7.445 0.6000000238
20515  -19.823  -65.393  -6.514 0.6999999881
20530  -21.490  -65.158  -7.334 0.6000000238
20512  -17.246  -65.137  -6.229 0.6000000238
20514  -19.102  -65.423  -6.231 0.6000000238
19672  -14.861  -66.184  -4.671 0.5000000000
19688  -16.141  -66.260  -5.138 0.4000000060
20492  -17.880  -65.992  -5.753 0.6000000238
20470  -16.061  -66.063  -2.889 0.4000000060
19673  -16.364  -66.599  -4.307 0.4000000060
19674  -17.170  -66.881  -4.045 0.5000000000
19689  -17.567  -66.529  -4.805 0.5000000000
22203  -23.375  -62.857  -7.786 0.6000000238
23163  -24.707  -61.819  -7.082 0.5000000000
21360  -23.191  -63.919  -7.478 0.6000000238
22204  -24.150  -62.521  -7.458 0.5000000000
124065  -23.012  -64.774  -7.388 0.6000000238
20517  -22.331  -65.276  -6.597 0.6000000238
21339  -23.655  -64.450  -7.025 0.5000000000
108804  -20.532  -65.825  -5.971 0.6999999881
20496  -21.927  -65.571  -5.356 0.5000000000
20493  -18.800  -66.049  -5.734 0.6000000238
19690  -18.466  -66.643  -4.807 0.5000000000
19661  -16.650  -66.521  -3.466 0.4000000060
19675  -17.996  -67.094  -3.850 0.5000000000
27407  -17.079  -57.508  -2.100 0.4000000060
27408  -17.921  -57.384  -2.611 0.3000000119
27422  -17.493  -57.909  -2.968 0.4000000060
22188  -24.601  -62.944  -6.632 0.5000000000
25779  -16.263  -59.185  -3.768 0.3000000119
26609  -16.902  -58.555  -3.595 0.4000000060
20518  -23.210  -64.968  -6.516 0.5000000000
125599  -24.662  -63.472  -5.882 0.5000000000
24920  -16.544  -60.611  -4.985 0.3000000119
25788  -16.859  -59.541  -4.521 0.4000000060
20497  -22.840  -65.193  -5.256 0.5000000000
109382  -16.179  -61.223  -5.042 0.3000000119
129442  -21.043  -66.185  -4.651 0.6000000238
19691  -19.438  -66.584  -4.824 0.6999999881
19677  -20.918  -66.447  -4.037 0.6000000238
19662  -17.544  -66.802  -3.238 0.5000000000
19676  -18.945  -66.933  -3.781 0.5000000000
19663  -18.383  -67.079  -2.996 0.4000000060
123002  -20.219  -66.594  -2.702 0.4000000060
110967  -18.489  -56.871  -1.765 0.3000000119
28234  -18.345  -56.950  -2.345 0.3000000119
28252  -19.033  -56.897  -3.115 0.3000000119
27424  -18.853  -57.381  -3.514 0.3000000119
27430  -18.546  -58.005  -3.912 0.4000000060
21326  -24.149  -64.079  -5.150 0.5000000000
112614  -17.174  -60.207  -4.989 0.4000000060
26618  -18.233  -58.768  -4.416 0.4000000060
122021  -23.466  -64.679  -4.887 0.5000000000
24059  -16.966  -60.835  -5.120 0.4000000060
25790  -17.945  -60.053  -4.835 0.4000000060
118346  -22.256  -65.647  -4.615 0.5000000000
21317  -23.194  -65.188  -4.190 0.5000000000
24045  -16.476  -61.547  -4.815 0.4000000060
20480  -22.133  -65.844  -3.827 0.5000000000
116774  -20.019  -66.681  -3.741 0.5000000000
19666  -21.491  -66.331  -3.360 0.5000000000
21299  -17.120  -64.662  -1.811 0.3000000119
21300  -18.058  -64.960  -1.738 0.4000000060
19652  -19.613  -66.240  -2.237 0.4000000060
19653  -21.019  -66.444  -2.610 0.4000000060
28198  -18.846  -57.285  -1.269 0.3000000119
28235  -19.001  -56.671  -2.462 0.3000000119
28265  -19.352  -57.066  -3.756 0.4000000060
27431  -19.062  -57.702  -4.100 0.4000000060
23142  -26.451  -62.085  -4.718 0.4000000060
26619  -19.241  -58.271  -4.676 0.4000000060
110721  -25.621  -62.921  -4.248 0.4000000060
25797  -18.487  -59.400  -4.819 0.4000000060
26625  -19.029  -59.100  -4.976 0.4000000060
22168  -24.389  -63.988  -4.048 0.4000000060
129301  -18.999  -59.489  -5.078 0.4000000060
20471  -22.740  -65.629  -3.343 0.5000000000
24060  -18.036  -60.866  -4.715 0.4000000060
23131  -17.780  -62.276  -3.270 0.3000000119
20461  -22.350  -65.814  -2.465 0.5000000000
21287  -19.222  -64.419  -1.969 0.3000000119
127321  -19.333  -56.661  -1.816 0.3000000119
28236  -19.773  -56.380  -2.631 0.3000000119
28253  -19.648  -56.558  -3.517 0.3000000119
28254  -20.131  -56.461  -3.891 0.4000000060
27433  -20.057  -57.303  -4.545 0.4000000060
27434  -21.199  -57.434  -4.936 0.3000000119
27438  -19.732  -58.076  -4.848 0.4000000060
24062  -27.325  -61.526  -4.614 0.4000000060
24050  -28.336  -61.352  -3.587 0.4000000060
116020  -20.077  -58.617  -5.266 0.4000000060
22169  -25.009  -63.566  -3.879 0.4000000060
21312  -23.966  -64.434  -3.201 0.4000000060
24933  -18.763  -60.111  -4.863 0.3000000119
21311  -23.413  -65.075  -3.267 0.4000000060
24047  -18.421  -61.662  -3.829 0.3000000119
24061  -19.075  -60.959  -4.059 0.3000000119
23114  -18.686  -62.338  -2.841 0.3000000119
20459  -20.520  -66.113  -2.172 0.4000000060
29102  -21.312  -56.108  -1.918 0.3000000119
29115  -20.521  -56.196  -3.306 0.4000000060
28255  -21.265  -56.328  -4.001 0.4000000060
28268  -21.778  -56.789  -4.976 0.4000000060
24910  -29.166  -60.918  -3.646 0.4000000060
23134  -27.497  -61.834  -3.551 0.4000000060
27440  -21.687  -57.982  -5.595 0.4000000060
109600  -26.166  -62.645  -3.590 0.4000000060
128469  -19.716  -59.029  -5.395 0.4000000060
22161  -24.665  -63.990  -3.143 0.4000000060
23132  -26.073  -62.952  -2.590 0.4000000060
24934  -19.428  -59.804  -4.926 0.3000000119
21302  -24.285  -64.439  -2.366 0.4000000060
24048  -20.075  -60.948  -3.553 0.3000000119
20462  -23.020  -65.424  -2.443 0.5000000000
24034  -19.381  -61.656  -3.196 0.3000000119
20447  -22.553  -65.439  -1.757 0.5000000000
129967  -20.015  -64.392  -2.007 0.3000000119
20446  -21.808  -65.501  -1.645 0.4000000060
20458  -18.909  -65.475  -1.910 0.4000000060
29117  -21.625  -55.459  -2.597 0.3000000119
28269  -22.728  -56.415  -6.060 0.3000000119
28272  -22.438  -57.285  -5.757 0.3000000119
24040  -28.365  -61.079  -2.662 0.4000000060
26627  -21.062  -58.597  -5.355 0.3000000119
23121  -27.258  -62.180  -2.584 0.4000000060
24039  -27.772  -61.645  -2.615 0.3000000119
25791  -21.024  -59.714  -4.954 0.3000000119
22152  -25.491  -63.518  -2.066 0.4000000060
23120  -26.737  -62.644  -2.129 0.4000000060
24907  -20.934  -60.875  -3.894 0.3000000119
24049  -21.033  -61.696  -3.531 0.3000000119
21292  -23.864  -64.692  -1.557 0.4000000060
23115  -19.558  -62.537  -2.580 0.3000000119
22149  -20.504  -63.808  -2.000 0.3000000119
22138  -21.064  -64.126  -1.668 0.3000000119
21278  -22.292  -64.229  -1.015 0.3000000119
27441  -22.703  -57.764  -5.854 0.3000000119
28274  -23.454  -56.967  -6.220 0.3000000119
25802  -22.304  -59.049  -5.437 0.3000000119
24025  -27.909  -61.349  -1.814 0.3000000119
23119  -26.021  -63.113  -1.674 0.4000000060
23103  -27.287  -62.055  -1.725 0.4000000060
24908  -21.508  -61.042  -3.659 0.3000000119
22140  -25.017  -63.956  -1.471 0.4000000060
23101  -25.829  -63.184  -0.844 0.4000000060
24035  -20.293  -61.963  -2.946 0.3000000119
23116  -20.384  -62.810  -2.282 0.3000000119
21291  -23.144  -64.870  -1.307 0.3000000119
22139  -21.600  -63.883  -1.266 0.3000000119
25768  -22.396  -59.969  -3.370 0.3000000119
24909  -21.944  -60.959  -3.232 0.3000000119
23089  -26.274  -62.635  -0.342 0.3000000119
24037  -21.519  -61.734  -3.115 0.3000000119
22131  -24.226  -63.920  -0.379 0.3000000119
23099  -21.760  -63.022  -1.432 0.3000000119
21279  -22.997  -64.423  -0.792 0.3000000119
25769  -22.854  -59.287  -3.097 0.3000000119
26599  -23.107  -58.552  -2.725 0.3000000119
24896  -22.386  -60.789  -2.498 0.3000000119
22121  -25.499  -63.034  -0.142 0.3000000119
24897  -22.777  -60.034  -2.340 0.3000000119
25756  -23.036  -59.314  -1.814 0.3000000119
20444  -19.974  -65.359  -1.950 0.4000000060
111892  -18.943  -63.348  -2.407 0.3000000119
22148  -19.751  -63.518  -2.167 0.3000000119
126829  -34.684  -77.046  -19.757 0.6000000238
10685  -32.540  -77.036  -19.387 0.5000000000
9803  -32.262  -77.188  -20.169 0.5000000000
10675  -32.935  -76.795  -18.512 0.5000000000
10613  -34.172  -76.725  -15.409 0.5000000000
11652  -35.529  -75.950  -21.329 0.6999999881
10700  -36.780  -76.753  -20.577 0.6999999881
12584  -34.476  -74.634  -21.748 0.6999999881
10634  -33.503  -76.829  -16.025 0.4000000060
129171  -33.690  -75.123  -21.783 0.6999999881
10636  -35.378  -76.836  -16.564 0.5000000000
131751  -38.132  -75.158  -8.975 0.3000000119
10637  -36.384  -76.613  -16.545 0.5000000000
10617  -39.197  -76.497  -16.277 0.3000000119
12572  -38.175  -73.891  -20.660 0.6000000238
13452  -38.049  -73.325  -21.245 0.6000000238
13447  -38.028  -72.890  -20.186 0.5000000000
15196  -35.916  -70.507  -19.105 0.6000000238
14278  -35.077  -72.922  -21.405 0.6999999881
8821  -37.889  -78.221  -8.851 0.3000000119
14268  -34.481  -71.893  -20.022 0.6000000238
14273  -34.521  -72.311  -20.857 0.6000000238
116902  -33.931  -73.715  -21.586 0.6999999881
10678  -35.851  -77.138  -18.991 0.5000000000
10661  -35.511  -77.142  -17.389 0.6000000238
126636  -33.583  -76.749  -18.011 0.5000000000
13455  -33.272  -73.301  -21.376 0.6000000238
12582  -32.389  -74.279  -22.022 0.6999999881
13454  -31.903  -73.606  -21.569 0.5000000000
12422  -38.594  -74.929  -9.342 0.3000000119
14250  -33.324  -72.535  -16.607 0.6000000238
13453  -31.065  -73.620  -21.519 0.5000000000
11561  -41.003  -75.981  -13.538 0.3000000119
10690  -37.308  -77.089  -20.005 0.5000000000
12438  -39.335  -74.699  -9.935 0.3000000119
12575  -29.981  -73.981  -20.954 0.5000000000
12556  -38.446  -74.559  -18.099 0.4000000060
122316  -40.648  -76.586  -7.409 0.3000000119
18009  -36.148  -67.499  -14.645 0.6000000238
18890  -33.528  -67.527  -15.374 0.6000000238
17997  -32.378  -68.542  -13.924 0.6000000238
17084  -35.832  -68.353  -13.193 0.6000000238
15140  -35.329  -72.114  -12.553 0.5000000000
13406  -39.893  -73.475  -15.757 0.4000000060
16093  -35.423  -70.112  -11.607 0.5000000000
17966  -34.876  -67.575  -11.454 0.6000000238
16997  -36.761  -69.493  -8.434 0.4000000060
18905  -30.136  -67.099  -15.958 0.6000000238
18882  -30.539  -67.444  -14.462 0.6999999881
14171  -37.141  -72.400  -10.489 0.4000000060
16994  -34.175  -69.262  -8.580 0.4000000060
18020  -29.643  -68.195  -16.385 0.6000000238
17947  -22.959  -69.107  -10.225 0.6000000238
114922  -24.711  -69.830  -10.551 0.6000000238
14201  -40.142  -71.900  -13.106 0.5000000000
17069  -26.021  -68.353  -12.554 0.5000000000
16993  -26.160  -69.909  -8.000 0.6000000238
18878  -26.146  -65.893  -13.744 0.4000000060
17070  -29.998  -68.718  -12.224 0.5000000000
119310  -37.749  -72.217  -9.997 0.5000000000
17036  -28.761  -69.485  -11.107 0.6000000238
17011  -14.941  -69.746  -10.975 0.6000000238
19714  -12.855  -66.327  -7.972 0.5000000000
22239  -21.684  -62.476  -10.098 0.5000000000
131375  -18.992  -63.616  -10.005 0.6000000238
22237  -20.032  -63.107  -9.377 0.6000000238
23190  -21.870  -61.907  -9.361 0.6000000238
20557  -15.766  -65.531  -9.305 0.6000000238
23193  -24.407  -61.242  -9.186 0.5000000000
20529  -20.669  -65.335  -6.939 0.6000000238
123642  -15.664  -66.354  -4.640 0.5000000000
19692  -20.426  -66.302  -4.903 0.6000000238
26598  -16.495  -57.978  -2.547 0.3000000119
22187  -23.863  -63.456  -7.143 0.5000000000
20456  -17.456  -65.691  -2.053 0.3000000119
23141  -25.734  -62.484  -5.338 0.4000000060
123223  -24.963  -63.358  -4.926 0.4000000060
20457  -18.206  -65.851  -2.038 0.4000000060
22147  -18.311  -64.040  -1.807 0.3000000119
118886  -21.969  -65.886  -2.006 0.5000000000
23143  -26.827  -62.158  -3.896 0.4000000060
28220  -20.387  -56.502  -1.855 0.3000000119
24921  -19.549  -60.507  -4.472 0.3000000119
124767  -24.527  -64.325  -1.710 0.4000000060
21289  -21.557  -64.786  -1.410 0.3000000119
24922  -20.369  -60.274  -4.509 0.3000000119
21290  -22.410  -64.941  -1.252 0.4000000060
29943  -22.038  -54.748  -3.245 0.3000000119
24924  -21.986  -60.268  -3.959 0.3000000119
21281  -24.447  -64.287  -1.020 0.4000000060
9800  -27.064  -76.883  -19.161 0.5000000000
112796  -27.839  -76.450  -19.222 0.5000000000
10684  -28.414  -76.098  -19.747 0.5000000000
11643  -28.823  -75.186  -20.214 0.4000000060
118476  -26.856  -77.154  -18.005 0.5000000000
115309  -27.502  -76.787  -17.602 0.5000000000
10673  -28.370  -76.207  -18.771 0.5000000000
11638  -28.905  -75.611  -19.227 0.5000000000
11639  -29.384  -74.999  -19.668 0.5000000000
12569  -29.832  -74.400  -20.200 0.4000000060
9787  -27.065  -77.233  -16.985 0.4000000060
11632  -28.835  -75.733  -18.202 0.5000000000
12563  -29.861  -74.595  -19.144 0.4000000060
10632  -28.246  -76.176  -16.602 0.5000000000
11622  -28.749  -75.737  -17.209 0.5000000000
10656  -28.188  -76.321  -17.683 0.5000000000
11609  -28.709  -75.700  -16.378 0.5000000000
11623  -29.343  -75.240  -17.634 0.5000000000
11610  -29.256  -75.288  -16.627 0.5000000000
12553  -30.595  -74.315  -17.614 0.5000000000
115355  -28.462  -76.028  -15.698 0.5000000000
114235  -29.825  -74.865  -15.827 0.5000000000
12534  -30.007  -74.778  -16.947 0.5000000000
120186  -27.936  -74.603  -13.529 0.5000000000
11591  -28.795  -75.804  -14.750 0.5000000000
11577  -29.168  -75.327  -14.232 0.5000000000
11592  -29.506  -75.226  -14.884 0.5000000000
12503  -29.666  -74.706  -14.167 0.5000000000
12518  -30.086  -74.733  -14.923 0.5000000000
12535  -30.746  -74.304  -16.578 0.5000000000
12554  -31.313  -73.922  -17.169 0.5000000000
12487  -28.587  -74.273  -13.552 0.5000000000
13370  -28.660  -73.422  -13.655 0.5000000000
14241  -29.121  -72.283  -14.801 0.5000000000
12489  -29.793  -73.732  -13.815 0.5000000000
14229  -29.780  -72.382  -14.226 0.5000000000
124429  -29.825  -71.690  -14.889 0.5000000000
12505  -30.986  -73.749  -14.695 0.5000000000
14230  -30.746  -72.431  -14.373 0.5000000000
12520  -31.532  -73.576  -15.141 0.5000000000
13388  -31.360  -73.100  -14.573 0.5000000000
12519  -30.745  -74.295  -15.443 0.5000000000
13430  -32.022  -73.532  -16.732 0.5000000000
13431  -32.744  -73.131  -17.223 0.5000000000
16130  -28.627  -70.504  -17.379 0.5000000000
129810  -29.384  -70.210  -17.005 0.6000000238
15168  -30.322  -71.388  -15.831 0.5000000000
15159  -30.528  -71.565  -14.699 0.5000000000
15177  -30.766  -70.758  -16.430 0.5000000000
15161  -31.759  -71.015  -15.472 0.5000000000
16112  -31.573  -70.504  -16.281 0.5000000000
13403  -32.381  -72.726  -15.646 0.5000000000
14242  -32.327  -72.078  -15.405 0.5000000000
13417  -31.983  -73.294  -15.820 0.5000000000
17104  -28.202  -69.126  -17.094 0.5000000000
18019  -28.668  -68.423  -16.347 0.5000000000
130345  -30.252  -70.259  -16.750 0.6000000238
17087  -20.810  -69.963  -14.702 0.5000000000
17079  -21.301  -69.096  -14.321 0.6000000238
17086  -20.263  -70.857  -14.207 0.5000000000
17078  -20.555  -69.601  -13.977 0.5000000000
17975  -21.783  -68.670  -12.990 0.6000000238
121934  -21.043  -68.598  -12.986 0.6000000238
17077  -20.183  -70.332  -13.264 0.5000000000
17988  -20.570  -69.153  -13.110 0.6000000238
17973  -20.063  -68.690  -12.668 0.5000000000
131739  -21.404  -68.085  -11.804 0.6000000238
17974  -20.719  -68.060  -12.363 0.6000000238
17972  -19.320  -69.158  -12.423 0.5000000000
18870  -20.174  -67.988  -12.490 0.6000000238
18866  -20.446  -67.345  -11.808 0.6000000238
17957  -18.749  -68.882  -12.064 0.5000000000
130504  -19.144  -68.283  -11.960 0.5000000000
17955  -16.303  -68.766  -11.542 0.5000000000
17047  -15.472  -69.029  -11.921 0.6000000238
16988  -15.913  -69.510  -9.712 0.6000000238
130700  -16.743  -69.759  -9.705 0.5000000000
122152  -16.942  -68.548  -11.409 0.6000000238
18864  -18.113  -68.434  -11.541 0.5000000000
17025  -14.838  -69.372  -12.026 0.5000000000
17919  -13.763  -68.312  -10.147 0.6000000238
17937  -14.584  -69.258  -10.312 0.6000000238
18832  -13.591  -67.391  -9.702 0.6000000238
127001  -39.988  -74.611  -10.492 0.3000000119
12440  -41.677  -74.250  -10.856 0.3000000119
11518  -40.843  -75.547  -12.059 0.3000000119
13328  -43.721  -73.342  -9.973 0.3000000119
11537  -41.305  -75.791  -12.831 0.3000000119
11517  -39.861  -75.458  -11.790 0.3000000119
122351  -39.285  -75.559  -12.051 0.3000000119
12564  -30.465  -74.217  -18.684 0.4000000060
124802  -31.859  -71.585  -15.141 0.5000000000
18001  -22.784  -68.618  -14.476 0.5000000000
11633  -29.358  -75.139  -18.649 0.4000000060
12552  -29.932  -74.728  -18.103 0.5000000000
115133  -29.061  -75.442  -15.711 0.5000000000
10578  -28.250  -75.102  -13.577 0.5000000000
11554  -28.983  -74.949  -13.733 0.5000000000
13369  -27.929  -73.904  -13.649 0.5000000000
14228  -28.872  -72.719  -13.898 0.5000000000
14211  -30.030  -72.973  -13.934 0.5000000000
12457  -40.354  -74.990  -11.274 0.3000000119
11519  -41.887  -75.603  -12.206 0.3000000119
12458  -41.279  -74.960  -11.457 0.3000000119
12441  -42.748  -74.113  -11.074 0.3000000119
23090  -26.985  -62.047  -0.650 0.3000000119
8824  -41.534  -78.404  -8.873 0.3000000119
8841  -39.065  -78.843  -9.568 0.3000000119
9686  -41.515  -77.335  -7.731 0.3000000119
9699  -36.827  -76.653  -8.848 0.3000000119
9788  -30.617  -78.017  -17.756 0.5000000000
9824  -32.089  -76.648  -22.475 0.5000000000
10565  -36.345  -76.746  -11.064 0.3000000119
10598  -41.139  -76.217  -15.167 0.3000000119
10612  -28.183  -76.485  -14.920 0.5000000000
10619  -40.712  -76.343  -15.992 0.3000000119
10620  -41.375  -76.274  -15.986 0.3000000119
10631  -27.853  -76.603  -15.843 0.5000000000
10639  -38.542  -76.834  -17.031 0.3000000119
10641  -40.863  -76.311  -16.820 0.3000000119
10655  -27.668  -76.714  -16.792 0.5000000000
10658  -32.041  -77.183  -17.051 0.5000000000
10662  -36.219  -77.156  -18.043 0.5000000000
10666  -40.996  -76.138  -17.411 0.3000000119
10672  -27.629  -76.601  -18.403 0.5000000000
10680  -39.195  -76.870  -18.814 0.4000000060
10691  -38.113  -76.822  -19.889 0.5000000000
10692  -38.774  -76.553  -19.556 0.4000000060
10698  -34.921  -76.945  -20.709 0.6999999881
10701  -37.596  -76.542  -20.516 0.6999999881
10710  -35.397  -76.487  -20.986 0.6999999881
10716  -31.475  -76.309  -22.871 0.5000000000
11477  -37.775  -75.881  -8.282 0.3000000119
11490  -37.948  -75.543  -9.552 0.3000000119
11534  -37.495  -75.602  -12.353 0.4000000060
11559  -38.893  -75.516  -13.305 0.4000000060
11595  -37.656  -75.953  -15.202 0.4000000060
11640  -38.776  -75.796  -19.760 0.4000000060
11644  -37.021  -76.092  -21.019 0.6000000238
12409  -38.462  -74.861  -8.506 0.3000000119
12437  -38.758  -75.308  -10.283 0.3000000119
12456  -39.519  -75.097  -10.888 0.3000000119
12488  -29.261  -74.295  -13.662 0.5000000000
12504  -30.378  -74.166  -14.473 0.5000000000
12536  -31.421  -73.864  -16.121 0.5000000000
12539  -39.783  -74.346  -17.257 0.4000000060
12568  -39.538  -75.290  -18.516 0.4000000060
12580  -30.350  -73.893  -21.505 0.5000000000
12585  -36.416  -74.777  -21.573 0.6999999881
12588  -31.111  -74.864  -22.604 0.6000000238
12589  -31.918  -75.049  -22.502 0.6000000238
13371  -29.129  -73.722  -13.572 0.5000000000
13372  -36.450  -73.060  -14.562 0.5000000000
13386  -28.259  -73.199  -13.929 0.5000000000
13387  -30.557  -73.338  -14.243 0.5000000000
13402  -31.979  -72.906  -15.043 0.5000000000
13404  -36.586  -73.162  -15.456 0.5000000000
13408  -41.703  -73.363  -16.279 0.4000000060
13418  -32.593  -72.976  -16.294 0.6000000238
13424  -41.888  -74.129  -16.774 0.4000000060
13446  -32.317  -72.937  -19.600 0.5000000000
13448  -30.664  -73.453  -20.984 0.5000000000
13450  -32.462  -73.108  -21.065 0.5000000000
13456  -34.587  -73.573  -21.582 0.6999999881
14158  -38.543  -72.081  -9.905 0.4000000060
14170  -36.173  -72.081  -10.356 0.5000000000
14186  -37.333  -72.593  -11.715 0.5000000000
14189  -40.251  -71.772  -11.517 0.4000000060
14199  -38.584  -72.443  -12.640 0.4000000060
14210  -29.351  -73.080  -13.713 0.5000000000
14212  -35.891  -72.623  -12.839 0.4000000060
14216  -39.659  -72.243  -13.658 0.5000000000
14231  -31.596  -72.261  -14.786 0.5000000000
14235  -40.929  -72.287  -14.766 0.4000000060
14276  -38.096  -72.411  -21.195 0.6000000238
15070  -28.849  -71.137  -8.337 0.6000000238
15071  -29.557  -71.351  -8.482 0.6000000238
15073  -31.426  -71.484  -8.767 0.5000000000
15093  -30.547  -71.417  -10.182 0.6000000238
15095  -32.098  -71.176  -9.380 0.5000000000
15098  -36.977  -71.462  -9.308 0.5000000000
15113  -31.229  -71.393  -10.809 0.6000000238
15116  -35.856  -71.515  -9.908 0.5000000000
15142  -41.613  -71.703  -12.464 0.5000000000
15157  -20.274  -71.812  -14.508 0.5000000000
15160  -31.111  -70.984  -15.314 0.5000000000
15178  -33.717  -71.004  -16.198 0.6000000238
15197  -38.183  -70.903  -19.368 0.5000000000
15199  -36.182  -71.005  -19.956 0.5000000000
15995  -29.655  -70.931  -7.168 0.6000000238
16018  -26.525  -70.302  -8.369 0.6000000238
16042  -24.945  -69.921  -9.887 0.5000000000
16044  -26.624  -70.323  -9.136 0.6000000238
16046  -28.339  -70.664  -9.571 0.6000000238
16063  -25.610  -69.958  -10.146 0.5000000000
16069  -33.325  -69.479  -10.074 0.5000000000
16079  -31.547  -70.536  -12.109 0.6000000238
16080  -32.360  -70.111  -11.774 0.6000000238
16090  -30.641  -69.901  -12.774 0.6000000238
16100  -31.232  -69.683  -13.322 0.6000000238
16105  -20.233  -71.239  -15.077 0.5000000000
16120  -31.042  -69.897  -16.708 0.6000000238
16126  -37.545  -69.323  -17.057 0.5000000000
16134  -37.952  -69.770  -17.751 0.5000000000
16135  -36.817  -69.860  -19.097 0.5000000000
16139  -37.489  -70.266  -19.469 0.5000000000
16977  -26.536  -69.584  -7.304 0.6000000238
16978  -27.227  -69.893  -7.091 0.6000000238
17010  -14.591  -69.526  -11.712 0.5000000000
17016  -25.240  -69.616  -8.993 0.5000000000
17019  -35.498  -68.924  -9.091 0.6000000238
17026  -15.323  -69.497  -11.474 0.5000000000
17027  -16.461  -69.293  -11.012 0.6000000238
17031  -23.698  -69.653  -10.124 0.6000000238
17032  -24.365  -69.831  -9.814 0.5000000000
17034  -27.068  -69.791  -10.527 0.6999999881
17048  -16.253  -68.991  -11.441 0.5000000000
17053  -24.940  -69.536  -11.570 0.6000000238
17065  -19.856  -69.611  -12.732 0.5000000000
17092  -36.520  -68.501  -15.030 0.6000000238
17105  -29.126  -69.215  -16.794 0.6000000238
17106  -30.208  -69.276  -16.680 0.6000000238
17111  -28.626  -69.817  -17.233 0.5000000000
17114  -35.877  -68.743  -17.900 0.6000000238
17911  -25.432  -68.464  -7.309 0.5000000000
17915  -37.801  -68.512  -7.961 0.4000000060
17923  -24.409  -68.583  -8.382 0.6000000238
17924  -25.101  -68.810  -8.042 0.6000000238
17936  -13.842  -68.748  -11.350 0.6000000238
17945  -14.399  -68.930  -11.954 0.5000000000
17954  -14.933  -68.607  -12.120 0.6999999881
17959  -21.965  -68.478  -11.425 0.6999999881
17960  -22.703  -68.798  -11.108 0.6000000238
17963  -28.397  -68.244  -12.054 0.6000000238
17964  -29.150  -68.358  -12.094 0.5000000000
17971  -18.779  -69.363  -12.069 0.5000000000
17989  -21.144  -68.757  -13.697 0.5000000000
17990  -22.114  -68.571  -13.941 0.6000000238
17994  -29.700  -67.278  -13.718 0.6000000238
17995  -30.623  -67.965  -13.620 0.6000000238
18010  -36.406  -67.726  -15.239 0.6000000238
18014  -27.425  -67.897  -15.600 0.6000000238
18016  -36.685  -67.868  -15.968 0.6000000238
18026  -36.763  -68.013  -16.296 0.5000000000
18027  -36.987  -68.671  -16.645 0.5000000000
18029  -36.336  -67.631  -17.023 0.5000000000
18819  -36.266  -67.417  -6.152 0.5000000000
18827  -37.434  -67.862  -7.298 0.4000000060
18833  -23.669  -67.622  -8.729 0.6000000238
18845  -23.216  -68.312  -9.080 0.6000000238
18853  -15.095  -67.651  -11.882 0.6999999881
18855  -18.220  -67.582  -11.023 0.6999999881
18856  -19.181  -67.733  -11.390 0.5000000000
18863  -15.908  -68.288  -11.889 0.6999999881
18865  -19.790  -67.740  -12.057 0.5000000000
18869  -19.573  -68.418  -12.334 0.5000000000
18871  -25.933  -67.095  -13.283 0.4000000060
18872  -26.628  -66.393  -13.309 0.6000000238
18875  -35.425  -67.516  -13.554 0.6000000238
18877  -25.565  -66.544  -13.963 0.4000000060
18879  -26.983  -65.807  -13.593 0.5000000000
18880  -27.982  -66.351  -13.854 0.5000000000
18881  -29.064  -66.557  -14.011 0.5000000000
18887  -29.399  -67.136  -14.684 0.6000000238
18892  -35.897  -67.327  -14.561 0.6000000238
18893  -36.169  -67.473  -15.122 0.6000000238
18896  -28.537  -66.847  -15.071 0.6000000238
18898  -30.443  -67.084  -15.747 0.6999999881
18901  -34.949  -67.414  -15.641 0.6000000238
18907  -32.237  -67.234  -16.129 0.6999999881
18910  -35.378  -67.366  -16.250 0.6000000238
18911  -36.236  -67.434  -16.286 0.6000000238
19649  -17.011  -66.259  -2.662 0.4000000060
19650  -17.896  -66.475  -2.526 0.5000000000
19651  -18.717  -66.411  -2.361 0.4000000060
19654  -21.714  -66.143  -2.541 0.5000000000
19655  -22.119  -66.045  -3.071 0.5000000000
19660  -15.607  -66.354  -3.810 0.5000000000
19664  -19.318  -66.818  -2.856 0.4000000060
19665  -20.762  -66.640  -3.249 0.5000000000
19678  -21.568  -65.986  -4.425 0.6000000238
19706  -26.128  -66.703  -6.749 0.5000000000
19736  -14.027  -66.521  -10.386 0.6000000238
19738  -16.429  -66.514  -9.790 0.6999999881
19740  -22.161  -66.618  -9.743 0.6999999881
19753  -21.792  -65.971  -10.577 0.6999999881
19760  -21.085  -65.615  -11.414 0.6999999881
19764  -26.470  -65.631  -14.128 0.4000000060
19767  -27.079  -65.867  -14.414 0.4000000060
20445  -20.979  -65.456  -1.861 0.4000000060
20448  -23.230  -65.120  -1.803 0.5000000000
20460  -21.330  -65.983  -2.074 0.4000000060
20481  -22.663  -65.523  -4.242 0.5000000000
20494  -19.706  -66.050  -5.765 0.6000000238
20495  -21.170  -65.936  -5.257 0.6000000238
20509  -13.617  -65.879  -7.147 0.5000000000
20516  -21.349  -65.524  -6.233 0.6000000238
20527  -13.557  -65.706  -7.932 0.5000000000
20545  -16.540  -64.502  -8.729 0.6000000238
20547  -25.278  -65.553  -8.476 0.6999999881
20559  -18.171  -64.906  -9.888 0.6000000238
20560  -19.019  -64.484  -10.154 0.6000000238
20573  -19.859  -65.080  -10.462 0.6000000238
20574  -20.560  -65.276  -11.191 0.6000000238
21280  -23.735  -64.440  -0.834 0.3000000119
21286  -17.758  -64.330  -1.720 0.3000000119
21288  -20.666  -64.757  -1.759 0.3000000119
21301  -23.631  -64.896  -2.399 0.4000000060
21325  -23.569  -64.518  -5.841 0.5000000000
21337  -18.959  -64.528  -6.719 0.6999999881
21340  -24.149  -63.847  -6.360 0.5000000000
21353  -15.182  -64.471  -7.830 0.5000000000
21358  -21.553  -64.009  -7.672 0.6000000238
21377  -17.802  -63.045  -8.733 0.6000000238
21378  -25.917  -64.083  -9.045 0.5000000000
21410  -21.770  -64.243  -11.166 0.6000000238
22132  -25.055  -63.693  -0.673 0.4000000060
22141  -25.491  -63.546  -1.299 0.4000000060
22150  -21.126  -63.192  -1.958 0.3000000119
22151  -24.931  -63.997  -2.302 0.4000000060
22162  -25.423  -63.403  -3.111 0.4000000060
22177  -25.233  -62.854  -6.028 0.5000000000
22198  -16.697  -62.942  -7.494 0.6000000238
22200  -18.229  -62.841  -7.426 0.6000000238
22220  -19.664  -62.556  -8.240 0.6000000238
22238  -20.877  -63.012  -9.914 0.6000000238
22240  -23.962  -63.519  -10.191 0.5000000000
22243  -26.131  -62.085  -9.870 0.5000000000
22258  -21.579  -63.258  -11.008 0.6000000238
22259  -23.999  -62.649  -10.556 0.6000000238
22260  -24.885  -62.295  -10.300 0.5000000000
23102  -26.504  -62.590  -1.233 0.3000000119
23133  -26.758  -62.421  -3.038 0.4000000060
23140  -15.907  -61.705  -4.585 0.3000000119
23177  -24.798  -61.867  -8.245 0.5000000000
23191  -22.531  -61.738  -9.247 0.6000000238
23194  -26.467  -61.147  -9.455 0.5000000000
23204  -23.263  -61.536  -9.791 0.6000000238
23205  -25.527  -61.716  -10.147 0.5000000000
23218  -24.340  -61.783  -10.323 0.6000000238
24036  -21.062  -62.307  -2.765 0.3000000119
24046  -17.394  -61.573  -4.430 0.4000000060
24113  -23.927  -61.325  -9.639 0.6000000238
24114  -24.651  -61.142  -9.768 0.5000000000
24116  -25.888  -60.582  -9.582 0.5000000000
24124  -24.668  -61.261  -10.079 0.5000000000
24923  -21.332  -60.231  -4.202 0.3000000119
25789  -17.716  -59.512  -4.707 0.4000000060
25798  -18.872  -59.506  -4.940 0.4000000060
25799  -19.264  -59.245  -5.217 0.4000000060
25800  -20.563  -59.145  -5.326 0.4000000060
25801  -21.569  -59.202  -5.344 0.3000000119
26610  -17.917  -58.349  -3.662 0.4000000060
26617  -17.542  -58.922  -4.184 0.4000000060
26626  -19.450  -58.870  -5.191 0.4000000060
26628  -22.046  -58.548  -5.676 0.3000000119
26629  -22.608  -58.516  -5.582 0.3000000119
27423  -18.271  -57.686  -3.267 0.3000000119
27432  -19.490  -57.431  -4.314 0.4000000060
27439  -20.523  -57.990  -5.161 0.4000000060
27442  -23.193  -57.387  -6.129 0.3000000119
28218  -17.549  -57.159  -1.789 0.3000000119
28219  -17.929  -57.063  -1.535 0.3000000119
28251  -18.528  -57.215  -2.992 0.3000000119
28266  -19.775  -56.786  -4.039 0.4000000060
28267  -20.528  -56.791  -4.263 0.4000000060
28273  -23.075  -56.992  -6.367 0.3000000119
29142  -22.086  -56.031  -4.696 0.4000000060
108715  -34.318  -69.263  -7.907 0.5000000000
109434  -37.623  -76.231  -10.914 0.3000000119
109939  -27.692  -70.652  -7.891 0.6000000238
110072  -17.356  -69.126  -11.218 0.5000000000
110906  -42.276  -74.950  -11.589 0.3000000119
110926  -32.317  -76.862  -17.878 0.5000000000
111972  -28.826  -68.821  -11.639 0.6000000238
111999  -29.866  -71.375  -9.424 0.6000000238
112057  -27.449  -61.498  -1.135 0.4000000060
113506  -19.884  -63.311  -7.508 0.6999999881
114091  -36.943  -75.891  -11.841 0.4000000060
114120  -33.013  -72.249  -15.837 0.6999999881
115313  -31.246  -71.446  -14.732 0.5000000000
116691  -21.047  -66.513  -11.546 0.6000000238
117102  -36.185  -72.857  -13.713 0.5000000000
117113  -25.363  -60.827  -9.500 0.5000000000
117209  -31.092  -66.969  -16.109 0.6999999881
117855  -28.792  -70.699  -7.172 0.6000000238
118985  -31.785  -66.916  -15.962 0.6999999881
119123  -21.879  -63.177  -8.022 0.6999999881
119128  -15.898  -63.504  -6.732 0.6000000238
119447  -20.019  -59.499  -5.147 0.3000000119
119557  -20.547  -68.439  -12.711 0.6000000238
119787  -23.161  -62.592  -10.669 0.6000000238
120697  -25.956  -70.115  -9.471 0.5000000000
121493  -23.737  -64.549  -4.102 0.4000000060
121517  -37.239  -75.460  -13.574 0.4000000060
121628  -30.333  -74.139  -19.617 0.4000000060
121652  -36.839  -71.362  -16.990 0.5000000000
121993  -15.034  -66.044  -5.411 0.5000000000
122384  -35.407  -70.736  -10.256 0.5000000000
122558  -37.818  -77.108  -19.286 0.4000000060
122880  -36.516  -68.830  -7.907 0.4000000060
123478  -25.184  -60.942  -8.918 0.5000000000
124196  -39.009  -75.976  -14.841 0.3000000119
125174  -26.266  -69.847  -10.573 0.6000000238
126405  -35.260  -71.984  -11.808 0.5000000000
127880  -18.784  -58.437  -4.516 0.4000000060
128331  -16.851  -66.481  -4.780 0.4000000060
129302  -36.780  -69.939  -16.067 0.5000000000
130035  -18.614  -64.720  -1.800 0.4000000060
130540  -30.336  -74.553  -16.201 0.5000000000
130949  -37.072  -70.255  -8.664 0.4000000060
131133  -37.812  -73.572  -15.314 0.5000000000
131188  -29.432  -60.486  -3.102 0.4000000060
131356  -29.310  -74.722  -20.242 0.4000000060
131508  -18.631  -58.913  -4.773 0.4000000060
131681  -36.587  -67.715  -16.383 0.5000000000
132067  -19.312  -56.623  -3.013 0.3000000119
