#!ascii label  , from subject sub-v1s6x0051371_ses-1 vox2ras=TkReg
2053
118989  52.336  -17.108  43.198 0.0000000000
39553  42.516  -42.207  54.656 0.0000000000
131358  31.786  -47.207  57.813 0.0000000000
36440  24.052  -45.501  61.657 0.0000000000
36438  35.707  -45.114  61.407 0.0000000000
34451  35.069  -47.751  51.499 0.0000000000
60557  49.485  -20.873  44.713 0.0000000000
114713  58.302  -13.649  42.060 0.0000000000
55667  51.693  -25.727  52.375 0.0000000000
49166  42.390  -32.727  49.725 0.0000000000
42186  33.467  -39.706  45.420 0.0000000000
31168  30.874  -50.249  64.381 0.0000000000
34345  27.630  -47.058  59.620 0.0000000000
131749  27.056  -48.195  66.553 0.0000000000
31201  36.169  -51.169  61.244 0.0000000000
57630  54.952  -22.672  52.905 0.0000000000
38424  45.014  -42.990  59.526 0.0000000000
42038  49.170  -40.225  56.726 0.0000000000
46157  48.120  -34.610  53.865 0.0000000000
44017  42.456  -37.622  52.768 0.0000000000
45176  37.748  -36.325  47.997 0.0000000000
41354  37.308  -39.929  50.841 0.0000000000
32354  30.142  -49.524  49.674 0.0000000000
36581  30.346  -45.882  46.803 0.0000000000
66990  54.008  -13.745  42.158 0.0000000000
64342  55.852  -16.250  37.944 0.0000000000
35499  30.413  -46.378  51.824 0.0000000000
36517  26.797  -45.511  53.944 0.0000000000
38462  38.405  -43.145  58.505 0.0000000000
38498  37.234  -44.028  53.981 0.0000000000
33277  39.426  -48.991  56.525 0.0000000000
32298  34.561  -49.677  53.784 0.0000000000
59625  53.255  -21.648  43.891 0.0000000000
34198  23.532  -46.620  69.409 0.0000000000
35328  19.633  -46.762  64.877 0.0000000000
66930  55.920  -13.694  47.531 0.0000000000
63351  57.540  -18.228  46.893 0.0000000000
61466  54.699  -19.682  48.593 0.0000000000
57670  49.760  -23.088  49.021 0.0000000000
54777  46.325  -26.293  48.170 0.0000000000
51111  51.738  -30.223  55.910 0.0000000000
51991  47.697  -30.390  50.651 0.0000000000
52049  41.975  -29.374  45.939 0.0000000000
50276  37.083  -31.036  44.872 0.0000000000
37526  35.164  -43.794  48.223 0.0000000000
33160  29.791  -48.425  66.154 0.0000000000
32174  28.819  -49.511  65.105 0.0000000000
34236  28.229  -48.124  67.812 0.0000000000
34280  31.137  -48.168  64.209 0.0000000000
38475  44.266  -43.464  57.362 0.0000000000
124577  45.410  -41.506  55.865 0.0000000000
42928  45.242  -38.689  55.501 0.0000000000
41321  42.603  -40.527  53.467 0.0000000000
42111  40.656  -39.419  51.344 0.0000000000
40488  40.638  -41.260  52.643 0.0000000000
33382  26.852  -49.287  49.467 0.0000000000
33401  27.076  -47.849  48.034 0.0000000000
65227  52.925  -14.932  42.831 0.0000000000
65251  52.480  -15.294  40.409 0.0000000000
64317  50.502  -16.682  41.041 0.0000000000
128925  31.382  -45.782  55.039 0.0000000000
36530  28.728  -45.552  52.409 0.0000000000
36486  29.144  -45.186  56.074 0.0000000000
119220  26.243  -46.375  61.093 0.0000000000
35419  25.447  -45.998  58.091 0.0000000000
122744  23.556  -45.983  58.386 0.0000000000
35406  21.962  -45.948  59.797 0.0000000000
132738  40.613  -44.454  61.960 0.0000000000
37434  36.896  -44.595  60.235 0.0000000000
37472  36.167  -44.520  56.749 0.0000000000
35414  35.172  -46.148  58.273 0.0000000000
32242  33.713  -49.516  58.838 0.0000000000
32250  35.482  -49.967  57.239 0.0000000000
33280  33.954  -47.962  56.447 0.0000000000
33333  33.139  -47.804  52.881 0.0000000000
131863  52.095  -21.784  44.803 0.0000000000
58684  51.552  -22.901  42.761 0.0000000000
57728  50.797  -23.414  43.340 0.0000000000
34261  17.681  -47.674  65.840 0.0000000000
113850  57.161  -19.511  47.305 0.0000000000
60483  56.930  -20.006  50.102 0.0000000000
56644  53.383  -24.404  53.109 0.0000000000
58592  52.646  -22.634  50.755 0.0000000000
56685  50.658  -24.540  50.630 0.0000000000
56733  48.257  -24.480  48.968 0.0000000000
133486  49.204  -25.870  50.538 0.0000000000
47172  44.706  -33.851  51.815 0.0000000000
49133  47.570  -32.342  51.886 0.0000000000
49163  45.278  -32.133  49.813 0.0000000000
51170  45.304  -30.445  48.261 0.0000000000
50233  41.973  -31.240  47.807 0.0000000000
51194  39.636  -30.563  46.233 0.0000000000
49189  39.719  -32.215  47.916 0.0000000000
46260  35.403  -35.402  45.907 0.0000000000
128624  36.995  -46.887  51.953 0.0000000000
38520  35.905  -44.161  50.542 0.0000000000
36544  34.770  -45.498  50.381 0.0000000000
38566  29.461  -43.451  46.258 0.0000000000
127385  61.584  -14.838  39.817 0.0000000000
65248  59.671  -15.858  40.343 0.0000000000
33243  31.279  -48.722  60.518 0.0000000000
34355  29.859  -47.030  59.107 0.0000000000
33229  29.292  -48.730  61.527 0.0000000000
34292  27.540  -47.798  63.269 0.0000000000
35338  25.669  -46.554  64.733 0.0000000000
36404  33.551  -45.410  62.996 0.0000000000
34326  34.404  -47.588  60.628 0.0000000000
34302  32.572  -47.734  62.526 0.0000000000
31193  33.689  -50.874  62.956 0.0000000000
60453  56.847  -21.044  52.498 0.0000000000
129797  53.775  -25.634  54.760 0.0000000000
45058  48.352  -36.809  55.270 0.0000000000
45093  44.815  -36.048  53.985 0.0000000000
46213  41.755  -35.450  51.161 0.0000000000
47193  39.479  -34.967  49.033 0.0000000000
45151  39.697  -37.105  49.882 0.0000000000
134841  37.643  -38.278  49.126 0.0000000000
42148  35.291  -39.434  48.648 0.0000000000
32350  32.862  -49.607  50.111 0.0000000000
35534  32.037  -46.781  49.215 0.0000000000
34476  30.869  -47.915  47.878 0.0000000000
117808  56.328  -13.059  42.107 0.0000000000
66167  57.339  -15.175  39.841 0.0000000000
65261  54.670  -15.011  39.442 0.0000000000
35447  27.075  -45.732  57.269 0.0000000000
127022  42.519  -43.972  59.794 0.0000000000
39519  41.617  -42.399  57.213 0.0000000000
117466  39.538  -42.388  54.481 0.0000000000
38487  38.269  -42.874  56.156 0.0000000000
36493  37.689  -46.415  55.021 0.0000000000
32310  38.033  -49.134  53.125 0.0000000000
31209  38.497  -50.639  59.294 0.0000000000
30298  37.405  -51.206  54.497 0.0000000000
114309  34.690  -50.623  51.974 0.0000000000
31297  31.996  -50.152  51.505 0.0000000000
32324  29.697  -49.652  50.771 0.0000000000
62453  52.749  -18.981  43.161 0.0000000000
124667  49.913  -18.883  41.390 0.0000000000
135248  50.880  -20.315  41.999 0.0000000000
34239  25.486  -47.261  68.302 0.0000000000
118394  23.311  -46.400  66.142 0.0000000000
34257  21.505  -46.681  67.084 0.0000000000
114612  21.748  -45.882  64.003 0.0000000000
126782  56.893  -12.797  44.578 0.0000000000
66953  54.829  -13.832  45.206 0.0000000000
65192  53.736  -15.585  45.362 0.0000000000
63366  54.529  -17.553  45.110 0.0000000000
61516  55.472  -19.546  45.364 0.0000000000
60524  54.169  -20.912  46.242 0.0000000000
60526  51.458  -20.352  46.538 0.0000000000
59542  55.032  -21.042  51.255 0.0000000000
60488  52.194  -20.508  48.874 0.0000000000
59583  49.122  -20.881  46.771 0.0000000000
58625  47.873  -22.734  47.391 0.0000000000
56768  45.580  -24.633  46.257 0.0000000000
52837  51.720  -28.198  53.943 0.0000000000
48097  49.887  -32.804  55.250 0.0000000000
51138  49.735  -30.527  53.477 0.0000000000
52851  49.250  -28.562  52.010 0.0000000000
52868  46.805  -28.341  49.493 0.0000000000
52905  44.640  -28.462  46.704 0.0000000000
48184  37.598  -33.694  46.913 0.0000000000
39567  37.180  -42.337  52.857 0.0000000000
40510  35.398  -41.715  49.956 0.0000000000
40548  34.925  -41.798  46.478 0.0000000000
37518  32.012  -44.053  49.253 0.0000000000
39611  31.642  -41.760  47.657 0.0000000000
34235  28.681  -47.702  67.396 0.0000000000
36347  28.706  -46.004  67.576 0.0000000000
39536  43.413  -42.939  56.001 0.0000000000
118729  45.020  -43.017  56.458 0.0000000000
40466  43.747  -42.134  55.246 0.0000000000
41311  43.776  -40.783  54.604 0.0000000000
40471  42.719  -41.868  54.193 0.0000000000
41323  41.477  -40.876  52.653 0.0000000000
40478  41.476  -41.603  53.502 0.0000000000
64307  52.097  -16.390  42.822 0.0000000000
65238  51.548  -15.746  41.511 0.0000000000
64308  51.259  -16.786  42.314 0.0000000000
35443  31.456  -46.167  56.445 0.0000000000
134822  30.297  -45.431  55.498 0.0000000000
35444  30.562  -45.943  56.652 0.0000000000
35377  24.846  -45.733  61.489 0.0000000000
35404  24.656  -45.686  59.593 0.0000000000
36469  23.697  -45.573  60.167 0.0000000000
114669  22.431  -45.962  59.150 0.0000000000
36459  22.989  -45.427  60.733 0.0000000000
118857  36.160  -45.371  63.198 0.0000000000
123030  37.495  -44.992  62.514 0.0000000000
36436  38.194  -45.000  61.958 0.0000000000
36455  36.510  -44.904  60.970 0.0000000000
37453  35.660  -44.756  59.132 0.0000000000
36468  34.360  -45.398  59.618 0.0000000000
33267  32.566  -48.383  58.632 0.0000000000
33273  33.758  -48.507  57.427 0.0000000000
34373  32.800  -47.037  56.730 0.0000000000
35456  32.665  -46.509  55.254 0.0000000000
59594  51.142  -20.978  45.033 0.0000000000
58654  51.889  -22.583  43.940 0.0000000000
58656  49.901  -21.520  44.271 0.0000000000
125932  57.690  -18.658  50.576 0.0000000000
61450  58.073  -19.140  49.441 0.0000000000
60465  57.589  -20.001  51.023 0.0000000000
55666  52.378  -25.457  52.740 0.0000000000
56660  52.241  -24.194  52.139 0.0000000000
56662  51.144  -24.884  51.281 0.0000000000
55696  49.952  -24.858  50.470 0.0000000000
54726  50.118  -26.197  51.356 0.0000000000
115378  43.423  -33.253  50.720 0.0000000000
48152  45.173  -32.741  50.714 0.0000000000
115382  44.073  -32.419  49.817 0.0000000000
49176  43.408  -31.769  48.744 0.0000000000
49177  42.592  -32.173  48.877 0.0000000000
113559  41.086  -31.601  47.949 0.0000000000
48172  40.804  -32.913  49.014 0.0000000000
34437  36.689  -47.209  51.690 0.0000000000
36543  35.851  -45.882  50.900 0.0000000000
119741  35.325  -46.550  51.133 0.0000000000
66142  60.285  -14.573  41.370 0.0000000000
66143  59.131  -14.213  41.784 0.0000000000
32197  31.337  -50.174  62.674 0.0000000000
33228  30.111  -48.735  61.372 0.0000000000
32199  29.689  -49.500  62.847 0.0000000000
33178  27.794  -49.220  66.176 0.0000000000
115861  28.138  -48.634  64.153 0.0000000000
33193  27.138  -47.943  64.904 0.0000000000
34293  26.865  -47.447  63.772 0.0000000000
112499  26.427  -47.205  64.764 0.0000000000
36405  32.627  -45.731  63.258 0.0000000000
35364  32.262  -46.843  62.199 0.0000000000
128035  31.452  -46.951  63.159 0.0000000000
32171  31.635  -49.738  64.673 0.0000000000
32185  32.981  -50.008  64.186 0.0000000000
31180  32.029  -50.541  63.414 0.0000000000
32212  32.406  -50.167  61.749 0.0000000000
40451  48.751  -41.419  57.080 0.0000000000
42017  49.634  -39.797  57.672 0.0000000000
42026  50.127  -39.021  56.886 0.0000000000
43970  50.204  -37.404  56.211 0.0000000000
42926  48.257  -38.718  56.125 0.0000000000
44003  43.525  -37.902  54.034 0.0000000000
43991  44.750  -37.318  54.695 0.0000000000
45095  43.538  -37.131  53.600 0.0000000000
46181  43.703  -35.652  52.793 0.0000000000
45111  42.399  -36.725  52.231 0.0000000000
45149  41.119  -36.361  50.974 0.0000000000
45138  41.167  -37.094  51.428 0.0000000000
41352  39.136  -39.657  51.001 0.0000000000
43007  38.631  -38.833  50.037 0.0000000000
42134  37.675  -39.102  49.804 0.0000000000
42147  36.531  -38.802  48.881 0.0000000000
41363  36.109  -39.809  49.953 0.0000000000
32353  31.135  -49.754  49.704 0.0000000000
33379  31.358  -48.623  49.088 0.0000000000
33390  30.914  -48.467  48.672 0.0000000000
66989  54.701  -13.389  42.347 0.0000000000
67011  54.999  -13.664  40.956 0.0000000000
66146  54.235  -13.973  41.027 0.0000000000
64334  52.939  -16.040  38.845 0.0000000000
34441  28.810  -47.592  51.218 0.0000000000
131843  28.142  -47.401  51.537 0.0000000000
34344  28.434  -47.383  59.725 0.0000000000
35431  28.264  -46.076  57.844 0.0000000000
35417  27.468  -46.613  58.821 0.0000000000
35434  24.015  -46.084  57.025 0.0000000000
36490  25.029  -45.796  55.904 0.0000000000
37450  39.643  -44.098  60.046 0.0000000000
37429  41.870  -44.315  60.386 0.0000000000
38438  40.929  -43.629  59.313 0.0000000000
38459  41.873  -42.782  58.193 0.0000000000
39503  39.894  -42.545  58.041 0.0000000000
39541  38.929  -42.521  56.693 0.0000000000
135257  38.428  -42.788  57.888 0.0000000000
35425  37.121  -46.873  56.625 0.0000000000
36483  37.267  -45.456  55.844 0.0000000000
34378  38.593  -47.666  55.263 0.0000000000
34412  38.371  -47.910  53.663 0.0000000000
126983  39.288  -49.427  54.546 0.0000000000
33225  35.930  -49.269  62.068 0.0000000000
33254  36.235  -48.444  60.238 0.0000000000
31199  37.467  -50.698  60.454 0.0000000000
32281  35.588  -49.686  55.139 0.0000000000
31252  37.050  -50.853  56.348 0.0000000000
31278  35.664  -50.684  53.901 0.0000000000
30306  36.126  -50.883  53.351 0.0000000000
31287  34.783  -50.608  52.818 0.0000000000
112392  33.859  -50.696  52.058 0.0000000000
32313  33.418  -49.890  52.659 0.0000000000
35498  31.774  -46.914  52.390 0.0000000000
134363  31.784  -48.574  52.243 0.0000000000
114020  29.751  -47.993  51.284 0.0000000000
61526  53.364  -19.950  43.545 0.0000000000
125508  51.885  -20.096  42.583 0.0000000000
60578  52.459  -20.822  42.965 0.0000000000
58695  50.734  -22.829  41.719 0.0000000000
126634  24.267  -46.615  68.762 0.0000000000
34255  24.816  -46.683  66.743 0.0000000000
35303  23.158  -46.349  67.324 0.0000000000
134846  19.314  -47.085  66.756 0.0000000000
34272  20.236  -46.765  66.092 0.0000000000
35326  21.612  -46.253  65.605 0.0000000000
120551  20.974  -46.138  63.955 0.0000000000
35368  21.081  -46.057  62.195 0.0000000000
35358  19.602  -46.688  62.948 0.0000000000
67781  57.329  -12.383  43.918 0.0000000000
66951  56.461  -13.110  46.087 0.0000000000
66941  55.740  -13.591  46.587 0.0000000000
130570  54.245  -14.647  45.536 0.0000000000
66093  54.548  -14.864  46.488 0.0000000000
64252  55.745  -17.041  47.780 0.0000000000
133023  54.709  -16.818  46.311 0.0000000000
63353  55.638  -17.739  46.015 0.0000000000
62431  55.519  -18.777  45.387 0.0000000000
62420  56.617  -18.756  46.206 0.0000000000
129951  55.238  -19.847  47.774 0.0000000000
60505  55.709  -20.291  46.669 0.0000000000
60507  54.249  -20.390  47.058 0.0000000000
60525  53.408  -20.876  46.091 0.0000000000
61482  53.260  -19.825  47.810 0.0000000000
59521  56.180  -21.933  52.647 0.0000000000
60467  56.705  -21.120  51.497 0.0000000000
59534  54.779  -21.669  51.760 0.0000000000
57659  51.230  -23.087  50.079 0.0000000000
58600  52.370  -22.242  50.195 0.0000000000
58610  51.149  -22.058  49.205 0.0000000000
60498  50.911  -20.551  48.049 0.0000000000
58623  49.283  -22.023  47.987 0.0000000000
58636  48.190  -22.026  47.142 0.0000000000
58624  48.574  -22.454  47.743 0.0000000000
55718  47.155  -25.420  48.715 0.0000000000
56756  46.748  -24.482  47.470 0.0000000000
55756  45.879  -25.145  46.945 0.0000000000
119739  45.161  -26.214  46.522 0.0000000000
51958  52.043  -29.154  55.294 0.0000000000
46139  49.198  -35.164  54.849 0.0000000000
48087  50.709  -33.536  55.857 0.0000000000
48099  48.850  -34.054  54.054 0.0000000000
50192  47.417  -31.787  51.302 0.0000000000
50184  48.548  -31.201  52.526 0.0000000000
51984  48.543  -30.065  51.933 0.0000000000
122955  49.369  -29.084  52.350 0.0000000000
51990  48.386  -29.698  51.466 0.0000000000
52859  47.923  -28.625  50.626 0.0000000000
51998  47.466  -29.397  50.278 0.0000000000
132443  43.257  -30.065  46.688 0.0000000000
52022  44.641  -29.613  47.300 0.0000000000
52034  43.340  -29.469  46.373 0.0000000000
52917  43.561  -28.335  45.663 0.0000000000
52919  42.083  -28.778  45.377 0.0000000000
52062  41.276  -29.206  45.288 0.0000000000
51205  37.885  -30.719  45.229 0.0000000000
52065  37.648  -29.628  43.862 0.0000000000
46231  38.776  -35.616  48.664 0.0000000000
48174  38.653  -33.845  48.146 0.0000000000
46250  37.226  -35.208  46.884 0.0000000000
47249  35.261  -34.228  44.736 0.0000000000
38497  37.889  -43.107  54.220 0.0000000000
112001  38.745  -42.459  53.785 0.0000000000
130725  36.793  -43.238  53.053 0.0000000000
37515  35.736  -44.077  49.171 0.0000000000
121545  35.844  -43.279  50.156 0.0000000000
38549  35.705  -43.080  47.883 0.0000000000
40533  35.377  -42.071  47.123 0.0000000000
38565  35.133  -43.142  46.740 0.0000000000
35559  30.929  -46.671  47.733 0.0000000000
36554  31.836  -45.866  48.973 0.0000000000
37527  31.003  -44.965  48.116 0.0000000000
39612  30.141  -42.505  47.425 0.0000000000
40566  32.549  -40.841  46.120 0.0000000000
65259  56.566  -15.476  39.067 0.0000000000
65267  57.700  -15.911  39.078 0.0000000000
62482  49.463  -18.381  40.211 0.0000000000
32158  30.441  -49.544  65.451 0.0000000000
31169  29.966  -49.886  64.378 0.0000000000
32147  29.157  -49.388  66.330 0.0000000000
32148  28.499  -49.369  66.470 0.0000000000
33149  27.529  -48.587  67.353 0.0000000000
34268  30.278  -47.770  65.530 0.0000000000
37444  45.106  -43.528  58.800 0.0000000000
39483  46.404  -42.614  58.514 0.0000000000
38472  46.541  -43.236  57.753 0.0000000000
40453  47.179  -42.310  56.759 0.0000000000
124685  47.287  -41.432  56.588 0.0000000000
42053  47.404  -39.239  56.229 0.0000000000
41297  45.220  -40.636  55.598 0.0000000000
42071  43.378  -39.467  54.301 0.0000000000
42973  42.143  -38.949  52.720 0.0000000000
42995  40.986  -38.645  51.563 0.0000000000
124823  41.589  -40.135  52.440 0.0000000000
41342  40.575  -40.141  51.638 0.0000000000
41343  38.824  -40.236  51.500 0.0000000000
33380  29.187  -49.338  49.601 0.0000000000
33392  28.870  -48.497  49.049 0.0000000000
134378  27.204  -48.720  49.218 0.0000000000
66133  53.421  -14.201  42.429 0.0000000000
66159  52.904  -14.716  41.028 0.0000000000
65237  52.196  -15.239  41.302 0.0000000000
115313  51.390  -16.113  40.251 0.0000000000
36512  31.335  -45.659  53.136 0.0000000000
36529  29.743  -45.650  52.243 0.0000000000
36504  30.573  -45.315  53.889 0.0000000000
115491  29.103  -45.062  54.588 0.0000000000
36499  27.784  -44.898  54.995 0.0000000000
34330  26.833  -46.743  60.485 0.0000000000
35402  26.945  -46.661  59.216 0.0000000000
117216  25.730  -46.006  59.547 0.0000000000
35420  24.402  -45.921  57.997 0.0000000000
35437  21.733  -46.917  57.889 0.0000000000
127081  38.698  -44.448  60.793 0.0000000000
38441  38.082  -43.838  59.254 0.0000000000
38463  37.482  -43.532  58.440 0.0000000000
131722  35.939  -44.356  57.986 0.0000000000
35427  35.504  -45.906  57.408 0.0000000000
34363  36.802  -47.263  57.400 0.0000000000
32233  34.350  -50.310  59.499 0.0000000000
115273  36.309  -51.275  59.416 0.0000000000
32241  34.447  -49.849  58.519 0.0000000000
33279  34.581  -48.632  56.612 0.0000000000
33311  34.367  -48.263  54.689 0.0000000000
33332  33.463  -48.664  53.222 0.0000000000
34413  33.485  -47.538  53.793 0.0000000000
133989  32.591  -46.517  53.044 0.0000000000
59606  53.007  -22.056  44.313 0.0000000000
59626  52.737  -22.110  43.708 0.0000000000
58653  52.390  -22.405  43.865 0.0000000000
58672  51.842  -22.730  43.425 0.0000000000
135211  18.246  -47.368  67.225 0.0000000000
126363  18.845  -47.067  64.963 0.0000000000
34294  18.911  -47.149  63.262 0.0000000000
123640  18.227  -47.484  64.509 0.0000000000
63335  58.204  -17.932  47.996 0.0000000000
129166  57.701  -19.093  46.971 0.0000000000
61478  58.014  -18.920  47.628 0.0000000000
133613  57.080  -19.565  48.669 0.0000000000
61453  55.256  -19.786  49.331 0.0000000000
57631  54.580  -23.437  53.223 0.0000000000
58583  53.643  -22.652  51.837 0.0000000000
57642  53.220  -23.264  52.202 0.0000000000
57650  51.577  -23.607  50.635 0.0000000000
57660  50.445  -23.301  49.644 0.0000000000
57671  49.235  -23.602  48.982 0.0000000000
56708  49.435  -24.520  49.895 0.0000000000
55706  48.646  -24.997  49.660 0.0000000000
54756  47.403  -25.911  49.296 0.0000000000
47153  46.803  -33.981  52.529 0.0000000000
48113  48.127  -33.402  53.023 0.0000000000
115383  46.327  -33.163  51.598 0.0000000000
49144  46.409  -32.534  51.101 0.0000000000
50200  46.594  -31.622  50.130 0.0000000000
51162  46.426  -30.820  49.523 0.0000000000
50221  45.066  -31.172  48.700 0.0000000000
50231  43.840  -30.969  47.749 0.0000000000
114014  41.682  -30.484  46.749 0.0000000000
51203  41.194  -30.096  46.296 0.0000000000
50243  40.312  -30.793  46.801 0.0000000000
50244  39.510  -31.188  46.812 0.0000000000
49198  37.932  -31.868  46.401 0.0000000000
117173  36.906  -36.865  47.448 0.0000000000
46251  36.771  -35.648  46.695 0.0000000000
45201  34.781  -36.187  46.341 0.0000000000
46262  33.472  -36.031  45.306 0.0000000000
46277  32.535  -35.886  43.807 0.0000000000
113591  36.803  -45.518  52.763 0.0000000000
37490  36.496  -44.875  52.548 0.0000000000
36537  36.289  -45.735  51.346 0.0000000000
36550  35.726  -45.106  50.456 0.0000000000
37517  35.202  -44.213  48.967 0.0000000000
37540  30.161  -45.126  46.620 0.0000000000
37558  28.958  -44.811  45.266 0.0000000000
67009  61.198  -14.140  40.830 0.0000000000
66153  61.303  -15.405  40.629 0.0000000000
64330  60.903  -16.756  39.188 0.0000000000
33268  31.804  -48.049  58.960 0.0000000000
34367  30.447  -46.886  58.362 0.0000000000
34342  30.165  -47.605  59.623 0.0000000000
33259  28.815  -47.998  60.412 0.0000000000
33246  28.382  -48.140  60.957 0.0000000000
32200  29.009  -49.334  63.104 0.0000000000
33231  28.145  -48.059  61.675 0.0000000000
34316  27.425  -47.442  61.723 0.0000000000
34305  26.830  -46.984  62.102 0.0000000000
35366  25.514  -46.184  62.458 0.0000000000
35353  24.943  -45.831  63.223 0.0000000000
36419  34.240  -45.253  62.329 0.0000000000
35401  33.848  -45.928  60.107 0.0000000000
35374  33.230  -46.723  61.234 0.0000000000
34314  33.380  -47.657  61.847 0.0000000000
33212  34.836  -49.558  62.974 0.0000000000
34290  32.207  -48.333  63.371 0.0000000000
33201  33.597  -49.729  63.784 0.0000000000
31192  35.132  -50.947  62.501 0.0000000000
32223  33.399  -50.231  60.674 0.0000000000
32235  32.797  -49.404  59.972 0.0000000000
60558  48.720  -21.045  44.584 0.0000000000
59627  48.625  -21.742  43.549 0.0000000000
59628  47.618  -21.666  43.282 0.0000000000
60452  57.217  -20.158  52.044 0.0000000000
57610  55.474  -23.464  54.072 0.0000000000
56624  54.593  -24.453  54.028 0.0000000000
56625  53.883  -24.821  53.721 0.0000000000
54708  52.769  -25.928  53.417 0.0000000000
134823  49.815  -36.516  55.663 0.0000000000
113333  48.053  -35.567  54.568 0.0000000000
43973  46.949  -37.742  55.614 0.0000000000
45077  46.988  -36.264  54.796 0.0000000000
46159  46.714  -35.274  53.717 0.0000000000
46179  45.226  -34.738  52.836 0.0000000000
47173  43.673  -34.454  51.932 0.0000000000
48155  41.630  -34.224  50.381 0.0000000000
48165  40.614  -33.722  49.406 0.0000000000
47185  41.085  -34.891  50.299 0.0000000000
46222  39.832  -35.667  49.499 0.0000000000
45166  38.730  -36.383  48.818 0.0000000000
44050  40.308  -37.943  50.581 0.0000000000
44057  39.201  -37.841  49.677 0.0000000000
44068  38.035  -37.548  48.653 0.0000000000
44070  37.178  -37.953  48.087 0.0000000000
43044  35.086  -38.385  48.060 0.0000000000
114948  34.383  -39.177  47.493 0.0000000000
33368  33.210  -49.052  50.277 0.0000000000
35519  33.441  -47.179  50.641 0.0000000000
34461  32.131  -48.300  49.431 0.0000000000
34489  31.195  -47.564  47.934 0.0000000000
123331  30.546  -47.169  47.542 0.0000000000
34478  28.691  -47.647  48.382 0.0000000000
35562  29.229  -46.659  46.835 0.0000000000
67000  57.291  -13.411  41.908 0.0000000000
123525  57.543  -14.654  40.611 0.0000000000
67010  56.014  -13.700  40.967 0.0000000000
124730  55.554  -14.481  39.711 0.0000000000
118906  54.995  -16.000  38.135 0.0000000000
65262  53.791  -15.352  39.511 0.0000000000
116247  54.219  -15.873  38.456 0.0000000000
35430  29.157  -46.131  57.670 0.0000000000
35446  28.540  -45.613  56.910 0.0000000000
126591  27.251  -45.152  55.650 0.0000000000
35448  26.220  -45.794  57.145 0.0000000000
36489  25.846  -45.561  56.112 0.0000000000
37427  44.064  -43.834  59.894 0.0000000000
114845  43.762  -43.318  58.205 0.0000000000
38476  43.415  -42.999  57.224 0.0000000000
39546  41.632  -42.340  55.430 0.0000000000
39547  40.879  -42.195  54.796 0.0000000000
113364  40.553  -42.282  55.654 0.0000000000
127179  39.345  -42.705  55.855 0.0000000000
38491  38.031  -43.836  55.337 0.0000000000
38478  36.768  -43.745  56.713 0.0000000000
37475  37.552  -44.423  55.567 0.0000000000
35464  37.581  -45.980  54.202 0.0000000000
35479  37.616  -46.514  53.243 0.0000000000
119783  37.709  -47.947  52.539 0.0000000000
33341  36.969  -48.833  52.484 0.0000000000
34339  35.396  -47.612  59.459 0.0000000000
33265  37.234  -48.525  58.920 0.0000000000
33263  38.745  -49.516  57.883 0.0000000000
31220  36.810  -51.366  58.697 0.0000000000
30281  38.090  -51.548  56.711 0.0000000000
31267  39.038  -50.771  55.466 0.0000000000
113256  38.328  -50.646  53.987 0.0000000000
31292  37.008  -50.318  52.954 0.0000000000
32320  35.462  -49.637  51.751 0.0000000000
31319  33.332  -50.152  51.254 0.0000000000
31320  32.670  -50.121  51.109 0.0000000000
31322  31.079  -50.255  50.584 0.0000000000
33343  32.055  -49.237  52.282 0.0000000000
32322  31.325  -49.966  51.379 0.0000000000
31309  30.504  -50.129  50.800 0.0000000000
32341  28.855  -49.585  50.260 0.0000000000
124604  53.035  -18.230  43.558 0.0000000000
63401  51.520  -17.696  42.512 0.0000000000
62468  51.937  -18.594  42.584 0.0000000000
59636  51.767  -22.000  42.733 0.0000000000
59644  50.250  -21.823  41.169 0.0000000000
115207  50.010  -23.004  43.551 0.0000000000
36336  27.417  -46.109  67.939 0.0000000000
35294  27.318  -47.018  68.573 0.0000000000
33136  26.969  -48.144  68.095 0.0000000000
34217  25.866  -47.326  68.750 0.0000000000
121323  26.378  -47.495  66.535 0.0000000000
34271  25.552  -46.818  66.326 0.0000000000
35339  24.812  -46.101  64.731 0.0000000000
35354  23.517  -45.673  63.949 0.0000000000
34220  22.674  -46.726  68.654 0.0000000000
35304  22.384  -46.529  67.191 0.0000000000
35341  22.312  -45.924  64.913 0.0000000000
36407  23.086  -45.441  63.196 0.0000000000
36424  21.778  -45.720  61.809 0.0000000000
67798  57.987  -12.437  42.681 0.0000000000
67789  57.236  -12.578  42.966 0.0000000000
66973  56.598  -12.818  43.626 0.0000000000
134437  55.368  -13.276  43.781 0.0000000000
67768  57.101  -12.674  45.561 0.0000000000
66965  56.294  -13.138  45.171 0.0000000000
66124  54.217  -13.963  43.737 0.0000000000
66113  53.632  -14.704  44.152 0.0000000000
65204  53.378  -15.519  44.517 0.0000000000
64281  52.820  -16.232  44.165 0.0000000000
65184  54.451  -15.783  46.630 0.0000000000
64271  54.099  -16.711  45.443 0.0000000000
63375  53.247  -17.051  44.343 0.0000000000
62442  54.286  -18.557  44.434 0.0000000000
131780  54.396  -19.349  44.418 0.0000000000
60555  54.211  -20.944  44.687 0.0000000000
61492  56.197  -19.935  46.416 0.0000000000
61504  55.143  -20.341  45.525 0.0000000000
59591  54.098  -21.427  45.190 0.0000000000
60542  53.208  -21.430  45.405 0.0000000000
60543  52.097  -21.065  45.443 0.0000000000
60544  50.266  -20.508  45.690 0.0000000000
60466  57.138  -20.849  51.617 0.0000000000
127137  56.502  -20.687  50.726 0.0000000000
60485  54.807  -20.160  50.028 0.0000000000
59543  53.988  -21.515  50.995 0.0000000000
59552  53.465  -20.946  50.178 0.0000000000
60487  53.167  -20.174  49.358 0.0000000000
60497  51.785  -20.095  48.207 0.0000000000
60510  50.648  -20.356  47.274 0.0000000000
60528  49.624  -20.531  46.244 0.0000000000
119484  48.401  -20.983  45.545 0.0000000000
58645  47.144  -21.914  45.776 0.0000000000
57684  47.572  -23.536  47.646 0.0000000000
57695  46.521  -23.406  46.570 0.0000000000
54682  52.930  -26.892  54.852 0.0000000000
134440  51.779  -26.679  53.081 0.0000000000
50162  51.193  -30.998  55.297 0.0000000000
49123  48.978  -32.615  53.427 0.0000000000
50173  49.966  -31.260  53.814 0.0000000000
51125  51.053  -30.406  54.663 0.0000000000
51973  50.349  -29.257  53.449 0.0000000000
119194  50.389  -28.082  52.796 0.0000000000
53778  50.351  -26.895  51.884 0.0000000000
53792  48.903  -27.040  50.979 0.0000000000
54745  47.629  -26.963  50.021 0.0000000000
122004  46.482  -26.917  48.615 0.0000000000
52011  46.279  -29.517  48.789 0.0000000000
53819  45.738  -28.267  47.989 0.0000000000
53839  45.614  -27.427  47.582 0.0000000000
53860  44.503  -27.638  46.236 0.0000000000
52063  39.607  -29.525  44.517 0.0000000000
52094  39.084  -29.289  42.616 0.0000000000
49180  39.320  -33.036  48.278 0.0000000000
49192  38.028  -33.114  47.202 0.0000000000
49208  37.326  -32.260  45.885 0.0000000000
47233  36.344  -34.389  45.739 0.0000000000
48196  36.642  -33.539  45.671 0.0000000000
39558  40.248  -41.896  53.797 0.0000000000
40490  38.850  -41.439  52.712 0.0000000000
40501  37.329  -41.018  51.956 0.0000000000
39568  36.187  -42.932  52.313 0.0000000000
40502  36.286  -41.384  51.559 0.0000000000
114870  36.291  -40.594  50.988 0.0000000000
41364  35.401  -40.512  49.364 0.0000000000
41383  34.377  -40.976  47.261 0.0000000000
42171  33.915  -40.390  46.856 0.0000000000
35532  33.825  -45.990  50.587 0.0000000000
36552  33.263  -44.924  49.890 0.0000000000
38526  33.938  -43.515  48.776 0.0000000000
38553  30.418  -43.296  47.741 0.0000000000
39599  31.706  -42.484  48.275 0.0000000000
39609  33.759  -42.575  47.413 0.0000000000
40549  33.434  -41.277  46.441 0.0000000000
129844  33.018  -40.698  45.971 0.0000000000
65249  58.498  -15.220  40.528 0.0000000000
64332  58.936  -16.542  39.096 0.0000000000
64339  59.703  -17.055  38.395 0.0000000000
63413  50.130  -17.470  41.245 0.0000000000
39544  43.036  -42.534  55.313 0.0000000000
123206  43.724  -42.671  55.723 0.0000000000
39552  43.092  -42.115  54.749 0.0000000000
40472  41.980  -41.984  54.075 0.0000000000
64297  52.522  -16.667  43.555 0.0000000000
121972  51.924  -17.141  42.795 0.0000000000
34374  31.897  -46.724  57.123 0.0000000000
34366  31.108  -46.837  57.740 0.0000000000
129216  24.321  -45.584  61.195 0.0000000000
36458  23.795  -45.512  60.985 0.0000000000
36441  23.212  -45.374  61.558 0.0000000000
121760  35.962  -45.377  62.394 0.0000000000
36417  36.788  -45.179  62.920 0.0000000000
36437  36.657  -45.126  62.007 0.0000000000
36456  35.250  -44.774  60.383 0.0000000000
117410  34.444  -44.920  59.989 0.0000000000
34353  32.142  -47.728  58.206 0.0000000000
33274  32.903  -48.067  57.859 0.0000000000
34365  32.478  -47.377  57.492 0.0000000000
60556  50.151  -20.709  45.052 0.0000000000
59608  50.530  -21.300  44.571 0.0000000000
130050  57.658  -19.287  50.917 0.0000000000
61426  56.932  -19.184  52.081 0.0000000000
55681  51.821  -24.898  52.107 0.0000000000
55682  51.293  -25.448  51.842 0.0000000000
55683  50.717  -25.668  51.476 0.0000000000
54724  51.110  -26.030  52.066 0.0000000000
48163  42.670  -33.188  50.327 0.0000000000
134170  44.037  -32.664  50.388 0.0000000000
48162  43.316  -32.692  50.123 0.0000000000
49165  43.335  -32.297  49.410 0.0000000000
49178  41.688  -32.532  48.993 0.0000000000
48164  41.429  -33.221  49.549 0.0000000000
34438  36.179  -47.681  51.554 0.0000000000
34450  35.811  -47.070  51.264 0.0000000000
113349  34.305  -47.256  51.239 0.0000000000
66999  58.857  -13.375  42.166 0.0000000000
66144  58.062  -14.040  41.729 0.0000000000
31181  31.128  -50.359  63.530 0.0000000000
32198  30.484  -49.784  62.756 0.0000000000
32186  30.298  -49.911  63.593 0.0000000000
33179  27.308  -48.545  65.919 0.0000000000
33192  27.807  -48.769  65.093 0.0000000000
34269  26.705  -47.760  65.724 0.0000000000
36389  33.527  -45.052  64.624 0.0000000000
121419  31.859  -46.593  62.740 0.0000000000
35350  31.921  -46.147  63.652 0.0000000000
112358  31.515  -50.176  64.565 0.0000000000
31167  31.761  -50.409  64.083 0.0000000000
41275  48.935  -41.069  56.861 0.0000000000
40435  49.173  -41.030  57.191 0.0000000000
41274  49.423  -40.448  57.016 0.0000000000
42027  49.755  -39.804  57.120 0.0000000000
42037  49.720  -39.650  56.826 0.0000000000
42915  49.910  -38.742  56.516 0.0000000000
42916  49.155  -39.212  56.458 0.0000000000
44004  42.924  -37.787  53.419 0.0000000000
45096  42.913  -36.920  53.044 0.0000000000
45112  41.770  -37.133  51.830 0.0000000000
44018  41.944  -37.655  52.265 0.0000000000
41353  38.295  -39.784  50.871 0.0000000000
42123  38.577  -39.308  50.415 0.0000000000
42124  37.922  -39.447  50.264 0.0000000000
41362  37.145  -39.528  50.132 0.0000000000
32365  31.106  -49.082  49.320 0.0000000000
32366  30.671  -49.052  49.260 0.0000000000
67003  54.447  -13.621  41.633 0.0000000000
35509  29.495  -46.809  51.473 0.0000000000
34357  28.134  -46.845  59.048 0.0000000000
35450  24.221  -46.166  55.932 0.0000000000
38440  39.009  -43.699  59.339 0.0000000000
37449  40.564  -44.024  60.016 0.0000000000
38439  39.983  -43.639  59.396 0.0000000000
38460  40.360  -43.129  58.692 0.0000000000
38461  39.418  -43.126  58.674 0.0000000000
39504  38.994  -42.626  58.018 0.0000000000
34361  38.334  -48.115  56.660 0.0000000000
134338  37.901  -47.186  56.005 0.0000000000
119632  38.992  -48.084  55.652 0.0000000000
34377  39.185  -48.211  54.997 0.0000000000
33292  39.446  -48.791  55.706 0.0000000000
31190  36.355  -50.567  61.754 0.0000000000
32221  37.091  -50.292  61.248 0.0000000000
31200  36.923  -50.895  61.170 0.0000000000
31269  35.862  -50.359  54.598 0.0000000000
32297  35.195  -50.119  54.127 0.0000000000
111942  35.179  -50.558  53.429 0.0000000000
31279  34.772  -50.300  53.384 0.0000000000
32307  34.230  -50.017  53.056 0.0000000000
36528  31.313  -46.284  52.321 0.0000000000
35508  31.195  -47.255  51.834 0.0000000000
115824  30.347  -47.323  51.543 0.0000000000
60568  53.097  -20.813  43.414 0.0000000000
128890  52.832  -21.465  43.398 0.0000000000
35286  23.995  -46.279  70.239 0.0000000000
34240  23.894  -46.518  67.935 0.0000000000
34219  23.439  -46.599  68.529 0.0000000000
34273  19.291  -46.897  65.848 0.0000000000
34259  19.876  -46.930  66.617 0.0000000000
135062  19.946  -46.745  65.553 0.0000000000
35327  20.581  -46.485  65.373 0.0000000000
35343  20.370  -46.393  64.379 0.0000000000
35357  20.311  -46.343  63.474 0.0000000000
35344  19.555  -46.682  63.829 0.0000000000
68617  58.074  -11.367  45.704 0.0000000000
130395  57.897  -11.159  46.511 0.0000000000
66929  56.729  -12.909  48.138 0.0000000000
66940  56.617  -13.089  47.037 0.0000000000
66092  55.174  -14.326  47.046 0.0000000000
63343  56.963  -17.713  47.072 0.0000000000
64261  55.833  -17.322  46.738 0.0000000000
63352  56.716  -18.144  46.431 0.0000000000
63364  56.049  -18.473  45.886 0.0000000000
60506  55.145  -20.329  47.134 0.0000000000
61481  54.339  -19.825  47.842 0.0000000000
58570  55.780  -22.447  53.091 0.0000000000
58581  55.504  -21.932  52.431 0.0000000000
58602  50.989  -22.651  49.527 0.0000000000
58611  50.475  -22.389  48.936 0.0000000000
59563  50.126  -21.469  48.203 0.0000000000
58612  49.738  -22.407  48.520 0.0000000000
58613  49.043  -22.932  48.476 0.0000000000
55719  46.650  -25.683  48.285 0.0000000000
55737  46.820  -24.999  48.022 0.0000000000
55738  46.207  -25.629  47.636 0.0000000000
55739  45.641  -25.954  46.991 0.0000000000
51952  51.807  -29.745  55.509 0.0000000000
47119  48.678  -34.569  54.267 0.0000000000
47118  49.250  -34.441  54.688 0.0000000000
114725  48.400  -34.054  53.582 0.0000000000
51150  47.863  -31.080  51.246 0.0000000000
124120  48.175  -30.372  51.368 0.0000000000
131918  48.160  -30.037  51.065 0.0000000000
51997  48.066  -29.504  50.894 0.0000000000
51161  47.034  -30.168  49.854 0.0000000000
52048  42.708  -29.141  45.933 0.0000000000
51215  37.332  -30.260  44.383 0.0000000000
51216  36.659  -30.625  43.997 0.0000000000
118390  38.316  -36.164  48.419 0.0000000000
46239  38.203  -35.513  48.178 0.0000000000
46240  37.683  -35.434  47.544 0.0000000000
135245  37.244  -43.385  53.563 0.0000000000
38506  36.765  -44.072  53.155 0.0000000000
38535  35.845  -43.514  48.796 0.0000000000
38550  35.278  -43.415  47.522 0.0000000000
126773  35.468  -43.007  47.020 0.0000000000
38551  35.010  -43.522  47.342 0.0000000000
36580  30.710  -45.826  47.569 0.0000000000
36566  31.242  -45.844  48.272 0.0000000000
37528  30.555  -45.028  47.349 0.0000000000
119137  56.589  -16.467  37.691 0.0000000000
32159  29.832  -49.655  65.640 0.0000000000
33161  29.235  -48.847  66.636 0.0000000000
33147  28.646  -48.495  67.204 0.0000000000
33148  28.056  -48.791  67.414 0.0000000000
33163  27.943  -49.251  66.833 0.0000000000
34251  29.818  -47.519  66.188 0.0000000000
33176  30.470  -48.931  65.656 0.0000000000
38456  45.258  -43.583  58.207 0.0000000000
38455  45.847  -43.348  58.290 0.0000000000
38473  45.836  -43.522  57.663 0.0000000000
39534  45.421  -42.363  56.213 0.0000000000
133423  46.372  -42.570  56.609 0.0000000000
40464  46.293  -41.870  56.409 0.0000000000
41296  46.204  -40.729  56.309 0.0000000000
41312  43.190  -40.759  54.077 0.0000000000
134051  43.435  -40.140  54.344 0.0000000000
42081  42.986  -39.887  53.825 0.0000000000
42954  42.986  -38.816  53.803 0.0000000000
126002  42.577  -39.504  53.144 0.0000000000
42095  42.064  -39.596  52.743 0.0000000000
124022  42.218  -40.114  52.927 0.0000000000
40487  41.211  -41.272  52.826 0.0000000000
41332  41.046  -40.722  52.195 0.0000000000
41333  40.261  -40.694  52.153 0.0000000000
130321  39.740  -40.170  51.572 0.0000000000
40499  39.351  -40.722  52.148 0.0000000000
33381  27.978  -49.114  49.525 0.0000000000
66134  52.561  -14.620  41.989 0.0000000000
126521  52.020  -15.388  41.946 0.0000000000
64327  51.002  -16.037  40.912 0.0000000000
64328  50.789  -16.645  40.172 0.0000000000
134867  50.940  -16.857  39.522 0.0000000000
36495  31.452  -45.630  54.201 0.0000000000
36513  30.282  -45.354  53.072 0.0000000000
36485  30.049  -45.446  56.044 0.0000000000
36497  29.672  -45.203  55.257 0.0000000000
36498  28.685  -44.984  55.188 0.0000000000
35403  26.486  -46.514  59.695 0.0000000000
35386  26.075  -46.264  60.297 0.0000000000
123461  24.240  -45.824  58.783 0.0000000000
129874  23.594  -46.110  57.730 0.0000000000
126707  23.176  -46.420  57.263 0.0000000000
35435  22.914  -46.241  57.974 0.0000000000
124008  21.781  -46.213  59.117 0.0000000000
35422  22.067  -46.248  58.351 0.0000000000
35423  21.305  -46.776  58.765 0.0000000000
36398  39.454  -44.677  63.137 0.0000000000
36454  37.522  -44.776  61.138 0.0000000000
127100  38.277  -44.600  61.240 0.0000000000
37433  37.865  -44.382  60.391 0.0000000000
37451  38.672  -44.268  59.983 0.0000000000
134803  37.942  -44.153  59.742 0.0000000000
37452  37.176  -44.182  59.336 0.0000000000
36477  35.176  -45.365  58.825 0.0000000000
36481  35.382  -45.326  57.719 0.0000000000
35413  35.857  -46.750  57.759 0.0000000000
33293  34.597  -48.309  55.584 0.0000000000
34392  33.920  -47.708  54.519 0.0000000000
34379  33.957  -47.573  55.435 0.0000000000
35466  32.144  -46.061  54.675 0.0000000000
35465  32.986  -46.577  54.204 0.0000000000
131210  32.339  -46.116  53.593 0.0000000000
119766  52.394  -22.257  44.332 0.0000000000
58673  51.391  -22.917  43.508 0.0000000000
57727  51.241  -23.434  43.033 0.0000000000
34260  18.484  -47.251  66.463 0.0000000000
34274  18.315  -47.311  65.416 0.0000000000
34275  17.549  -47.785  64.881 0.0000000000
129422  58.293  -18.562  48.165 0.0000000000
62393  58.335  -18.589  48.857 0.0000000000
60473  57.540  -19.677  50.190 0.0000000000
61451  57.533  -19.494  49.210 0.0000000000
61452  56.476  -19.734  49.145 0.0000000000
57632  53.709  -23.691  52.876 0.0000000000
56659  52.905  -23.964  52.474 0.0000000000
56661  51.784  -24.092  51.401 0.0000000000
56684  51.241  -24.234  50.801 0.0000000000
57651  50.874  -23.809  50.338 0.0000000000
56707  50.157  -24.123  50.103 0.0000000000
127256  49.265  -25.231  50.307 0.0000000000
55698  48.669  -25.738  50.190 0.0000000000
55707  48.067  -25.743  49.711 0.0000000000
47154  45.392  -34.084  52.271 0.0000000000
48128  46.186  -33.718  52.131 0.0000000000
47171  45.579  -33.471  51.656 0.0000000000
132288  44.816  -32.535  50.196 0.0000000000
48151  45.717  -32.459  50.427 0.0000000000
135389  46.310  -32.161  50.466 0.0000000000
50201  45.980  -31.995  49.928 0.0000000000
50209  46.065  -31.433  49.596 0.0000000000
50211  44.783  -31.698  49.283 0.0000000000
50223  42.694  -31.517  48.287 0.0000000000
114048  43.433  -31.319  48.161 0.0000000000
50232  42.893  -30.945  47.602 0.0000000000
51182  42.088  -30.787  47.241 0.0000000000
51183  41.184  -30.939  47.267 0.0000000000
130952  40.417  -31.994  48.098 0.0000000000
50234  40.188  -31.472  47.487 0.0000000000
50235  39.228  -31.819  47.348 0.0000000000
50245  38.715  -31.536  46.693 0.0000000000
45178  36.126  -37.005  47.333 0.0000000000
45187  35.524  -36.620  46.809 0.0000000000
46276  33.090  -35.616  44.473 0.0000000000
134297  32.949  -36.216  44.858 0.0000000000
111549  37.011  -46.383  52.088 0.0000000000
37498  36.683  -45.775  51.909 0.0000000000
134375  36.698  -45.920  51.848 0.0000000000
35531  35.304  -45.882  50.724 0.0000000000
36551  35.515  -45.177  50.309 0.0000000000
128361  35.527  -44.511  49.644 0.0000000000
37505  35.139  -44.789  49.725 0.0000000000
66155  59.684  -15.076  41.105 0.0000000000
134737  60.746  -15.174  41.112 0.0000000000
66154  60.676  -15.752  40.649 0.0000000000
65247  60.711  -16.364  39.966 0.0000000000
65257  59.824  -16.455  39.611 0.0000000000
33256  31.502  -48.417  59.733 0.0000000000
34341  31.017  -47.771  59.347 0.0000000000
33257  30.581  -48.217  60.101 0.0000000000
33245  29.350  -48.454  60.854 0.0000000000
114649  28.840  -48.482  61.018 0.0000000000
32187  29.083  -49.517  64.206 0.0000000000
131131  29.582  -49.622  63.599 0.0000000000
33205  28.075  -48.301  63.349 0.0000000000
33217  27.848  -47.910  62.516 0.0000000000
34304  27.131  -47.413  62.684 0.0000000000
34283  26.038  -46.769  63.889 0.0000000000
35351  26.352  -46.783  62.866 0.0000000000
35352  25.651  -46.331  63.294 0.0000000000
112222  25.233  -46.275  63.958 0.0000000000
36403  34.095  -45.242  63.940 0.0000000000
114066  34.914  -45.264  64.105 0.0000000000
118856  34.645  -45.274  63.355 0.0000000000
131336  35.289  -45.302  62.826 0.0000000000
112617  33.573  -45.944  60.977 0.0000000000
119259  33.393  -45.626  61.885 0.0000000000
34315  32.720  -47.043  61.778 0.0000000000
33227  34.272  -48.636  62.564 0.0000000000
34301  33.547  -48.450  62.834 0.0000000000
34291  31.458  -47.808  63.557 0.0000000000
33203  32.055  -48.776  64.167 0.0000000000
31165  33.562  -50.412  63.579 0.0000000000
31178  34.437  -50.726  63.042 0.0000000000
112066  34.371  -51.003  62.339 0.0000000000
31203  34.093  -50.940  61.441 0.0000000000
31204  33.344  -50.680  61.797 0.0000000000
32225  31.827  -49.377  61.055 0.0000000000
32224  32.600  -49.818  60.851 0.0000000000
33242  32.055  -49.016  60.241 0.0000000000
33255  32.290  -48.687  59.428 0.0000000000
59610  48.222  -21.355  44.046 0.0000000000
57618  54.990  -23.850  53.755 0.0000000000
57611  55.046  -24.038  54.320 0.0000000000
55640  54.166  -25.145  55.067 0.0000000000
55650  54.111  -25.003  54.410 0.0000000000
55651  53.541  -25.632  53.986 0.0000000000
39501  47.139  -42.550  58.212 0.0000000000
43971  49.658  -37.375  55.787 0.0000000000
45057  49.147  -36.668  55.374 0.0000000000
46126  49.190  -35.877  55.136 0.0000000000
45075  48.553  -36.029  54.958 0.0000000000
42927  46.415  -38.707  55.969 0.0000000000
43974  45.947  -37.796  55.517 0.0000000000
45078  45.265  -36.511  54.497 0.0000000000
43990  45.598  -37.087  55.044 0.0000000000
112682  46.117  -36.332  54.718 0.0000000000
46142  46.609  -35.794  54.316 0.0000000000
45092  45.783  -35.718  54.033 0.0000000000
47136  45.952  -35.016  53.294 0.0000000000
46160  45.050  -35.371  53.440 0.0000000000
46202  43.132  -35.435  52.212 0.0000000000
47156  43.879  -35.070  52.411 0.0000000000
47174  42.677  -34.956  51.617 0.0000000000
47184  42.995  -34.004  51.371 0.0000000000
128826  41.731  -34.734  50.707 0.0000000000
132249  41.398  -35.197  50.651 0.0000000000
45150  40.436  -36.501  50.322 0.0000000000
46221  40.506  -35.644  49.976 0.0000000000
45156  39.997  -36.301  49.784 0.0000000000
45157  39.298  -36.536  49.382 0.0000000000
42996  40.491  -38.646  50.912 0.0000000000
43017  38.613  -38.311  49.609 0.0000000000
43006  39.257  -38.445  50.056 0.0000000000
43029  38.030  -38.076  49.177 0.0000000000
44058  38.553  -37.724  49.261 0.0000000000
43030  37.593  -37.935  48.663 0.0000000000
44069  37.556  -37.619  48.257 0.0000000000
43032  35.780  -38.613  48.422 0.0000000000
42158  34.704  -39.287  48.080 0.0000000000
124555  33.347  -49.506  50.567 0.0000000000
33377  32.564  -49.027  49.754 0.0000000000
34475  31.268  -48.196  48.463 0.0000000000
34490  30.284  -47.423  47.615 0.0000000000
33393  27.705  -48.183  48.821 0.0000000000
34477  29.556  -47.944  48.523 0.0000000000
34492  28.536  -47.097  47.548 0.0000000000
35563  28.116  -46.578  46.904 0.0000000000
67001  56.436  -13.464  41.565 0.0000000000
66157  54.655  -14.314  40.274 0.0000000000
66156  55.544  -14.019  40.384 0.0000000000
65260  55.600  -15.152  39.123 0.0000000000
65269  54.900  -15.539  38.774 0.0000000000
65250  53.259  -14.966  40.122 0.0000000000
65263  52.914  -15.617  39.537 0.0000000000
64343  53.375  -16.289  38.232 0.0000000000
35500  28.204  -46.040  51.957 0.0000000000
35429  30.224  -46.351  57.552 0.0000000000
35415  29.565  -46.590  58.381 0.0000000000
129978  27.786  -45.744  57.389 0.0000000000
127119  27.583  -45.393  56.602 0.0000000000
35418  26.180  -46.156  58.846 0.0000000000
35432  26.200  -46.044  58.001 0.0000000000
119434  25.646  -45.988  57.492 0.0000000000
36502  24.700  -45.801  55.040 0.0000000000
36501  25.478  -45.459  55.151 0.0000000000
36413  40.536  -44.437  62.423 0.0000000000
36434  41.157  -44.361  61.677 0.0000000000
121865  42.581  -44.367  60.614 0.0000000000
37447  42.945  -44.218  60.157 0.0000000000
37446  43.717  -43.971  59.781 0.0000000000
37462  43.933  -43.621  58.883 0.0000000000
38436  43.143  -43.551  59.072 0.0000000000
38477  42.524  -42.617  57.558 0.0000000000
39518  42.643  -42.554  56.690 0.0000000000
39538  41.951  -42.390  56.220 0.0000000000
39539  41.001  -42.270  56.382 0.0000000000
38490  38.517  -43.086  55.491 0.0000000000
37464  36.287  -44.103  57.404 0.0000000000
38464  37.005  -43.462  57.516 0.0000000000
130097  37.544  -46.255  55.675 0.0000000000
36494  37.484  -45.511  55.438 0.0000000000
132830  37.586  -45.540  54.940 0.0000000000
35463  38.002  -46.808  54.043 0.0000000000
33331  38.334  -48.509  53.369 0.0000000000
34426  38.107  -47.896  52.874 0.0000000000
33339  38.016  -48.370  52.836 0.0000000000
129390  37.313  -48.120  52.416 0.0000000000
35384  33.926  -46.684  60.155 0.0000000000
35400  34.193  -46.179  59.523 0.0000000000
34340  34.554  -47.133  59.766 0.0000000000
32231  37.995  -50.212  59.813 0.0000000000
33253  37.162  -48.865  60.023 0.0000000000
33252  37.838  -49.369  59.581 0.0000000000
33264  37.942  -49.066  58.447 0.0000000000
32238  38.752  -50.363  58.473 0.0000000000
31234  35.856  -50.748  58.207 0.0000000000
133170  35.996  -50.510  57.415 0.0000000000
30292  37.245  -51.082  55.198 0.0000000000
30282  37.654  -51.253  56.246 0.0000000000
123791  37.996  -51.370  55.883 0.0000000000
30280  38.530  -51.382  56.367 0.0000000000
128707  38.564  -51.210  55.693 0.0000000000
31277  38.741  -50.738  54.658 0.0000000000
30297  37.986  -51.143  54.315 0.0000000000
30310  35.866  -50.733  52.814 0.0000000000
31286  36.606  -50.758  53.181 0.0000000000
31293  36.124  -50.558  52.642 0.0000000000
31304  35.581  -50.284  52.111 0.0000000000
32321  34.753  -50.172  51.634 0.0000000000
31305  33.930  -50.460  51.670 0.0000000000
31296  32.975  -50.581  51.986 0.0000000000
31306  33.141  -50.509  51.779 0.0000000000
31307  32.432  -50.259  51.598 0.0000000000
31321  31.827  -50.121  50.959 0.0000000000
33342  32.836  -48.998  52.665 0.0000000000
34428  32.396  -48.225  52.543 0.0000000000
132824  30.826  -49.463  51.415 0.0000000000
33352  31.429  -49.199  51.813 0.0000000000
32323  30.590  -49.958  51.133 0.0000000000
32340  29.910  -49.858  50.378 0.0000000000
123802  51.428  -19.303  42.314 0.0000000000
58671  52.161  -22.400  43.375 0.0000000000
59652  50.114  -21.944  40.278 0.0000000000
129453  49.140  -22.339  43.392 0.0000000000
37339  27.866  -44.952  67.899 0.0000000000
35282  26.783  -46.495  68.672 0.0000000000
35295  26.708  -47.132  68.882 0.0000000000
34215  27.136  -47.689  68.476 0.0000000000
34238  26.262  -47.686  68.172 0.0000000000
34254  25.797  -47.255  67.426 0.0000000000
35311  24.031  -46.521  66.086 0.0000000000
35323  24.796  -46.507  66.034 0.0000000000
113326  24.363  -46.190  65.422 0.0000000000
35340  23.939  -45.845  64.713 0.0000000000
34243  21.015  -46.919  67.933 0.0000000000
115528  21.064  -47.133  68.922 0.0000000000
34221  21.801  -46.905  68.758 0.0000000000
34242  22.026  -46.716  67.894 0.0000000000
35313  21.984  -46.438  66.430 0.0000000000
35355  22.651  -45.701  63.990 0.0000000000
35367  22.164  -45.618  63.216 0.0000000000
36423  22.566  -45.453  62.307 0.0000000000
115107  21.752  -45.709  62.551 0.0000000000
35378  21.105  -46.092  61.335 0.0000000000
34307  19.271  -47.369  62.463 0.0000000000
68641  58.319  -11.848  42.895 0.0000000000
67788  57.799  -12.130  43.359 0.0000000000
131505  55.783  -13.132  43.371 0.0000000000
66974  55.937  -13.163  44.244 0.0000000000
67755  57.588  -11.632  47.098 0.0000000000
67756  57.179  -12.539  46.528 0.0000000000
66952  55.574  -13.504  45.687 0.0000000000
66966  55.506  -13.427  44.915 0.0000000000
66967  54.943  -13.501  44.267 0.0000000000
66112  54.242  -14.238  44.627 0.0000000000
66099  53.709  -14.871  44.894 0.0000000000
64280  53.504  -16.336  44.757 0.0000000000
66083  54.826  -15.360  47.505 0.0000000000
64253  54.967  -16.441  47.250 0.0000000000
134603  54.805  -17.422  45.671 0.0000000000
119207  53.916  -17.055  44.800 0.0000000000
63374  54.097  -17.720  44.574 0.0000000000
63388  53.537  -17.971  44.052 0.0000000000
62441  54.911  -19.100  44.928 0.0000000000
61518  54.095  -20.069  44.164 0.0000000000
61517  54.751  -20.060  44.888 0.0000000000
61479  56.978  -19.465  46.746 0.0000000000
129167  56.455  -19.920  46.848 0.0000000000
60523  54.924  -20.678  46.441 0.0000000000
60539  55.430  -20.432  46.090 0.0000000000
60540  54.578  -20.941  45.740 0.0000000000
60554  54.560  -20.851  45.244 0.0000000000
60541  53.935  -21.369  45.519 0.0000000000
59592  53.521  -21.705  44.960 0.0000000000
114209  52.453  -20.324  46.975 0.0000000000
119143  52.546  -20.706  46.035 0.0000000000
125598  51.057  -20.609  45.844 0.0000000000
116294  56.692  -20.125  52.962 0.0000000000
59541  56.044  -21.108  51.121 0.0000000000
60475  55.432  -20.621  50.644 0.0000000000
60476  54.386  -20.696  50.555 0.0000000000
58591  53.371  -22.328  51.139 0.0000000000
135395  54.068  -22.179  51.511 0.0000000000
59553  52.497  -21.308  49.709 0.0000000000
60496  52.668  -19.895  48.431 0.0000000000
59570  50.206  -20.774  47.602 0.0000000000
60511  49.894  -20.623  46.992 0.0000000000
60529  48.924  -20.688  45.913 0.0000000000
58637  47.590  -22.125  46.557 0.0000000000
58646  46.646  -22.265  45.222 0.0000000000
58638  46.787  -22.535  46.215 0.0000000000
57672  48.621  -23.762  48.700 0.0000000000
56734  47.871  -23.979  48.368 0.0000000000
56767  46.281  -24.324  46.869 0.0000000000
57685  46.932  -23.855  47.240 0.0000000000
57696  45.828  -23.738  46.163 0.0000000000
52829  52.306  -28.317  55.002 0.0000000000
53747  52.477  -27.371  54.300 0.0000000000
54695  52.352  -26.656  53.536 0.0000000000
53748  51.781  -27.268  53.480 0.0000000000
49099  51.037  -32.569  55.904 0.0000000000
50154  51.473  -31.627  55.939 0.0000000000
50155  50.584  -31.789  55.355 0.0000000000
48125  47.552  -33.267  52.482 0.0000000000
49124  48.445  -32.724  53.015 0.0000000000
51145  49.110  -30.461  52.877 0.0000000000
50174  49.195  -31.211  53.283 0.0000000000
51137  50.481  -30.559  53.966 0.0000000000
124297  50.231  -30.001  53.605 0.0000000000
51960  50.857  -29.841  54.050 0.0000000000
52845  49.795  -28.556  52.519 0.0000000000
53767  49.890  -27.759  52.103 0.0000000000
53766  50.647  -27.354  52.522 0.0000000000
53779  49.605  -26.986  51.483 0.0000000000
123464  49.050  -27.791  51.537 0.0000000000
52867  47.271  -28.481  50.044 0.0000000000
53793  47.752  -27.750  50.319 0.0000000000
53804  47.157  -27.662  49.734 0.0000000000
54746  47.102  -26.808  49.321 0.0000000000
53805  46.594  -27.743  48.995 0.0000000000
51169  46.055  -30.317  48.754 0.0000000000
52012  45.715  -29.700  48.252 0.0000000000
52892  44.952  -29.076  47.276 0.0000000000
52891  45.495  -29.042  47.781 0.0000000000
52904  45.265  -28.335  47.332 0.0000000000
53859  45.060  -27.593  46.841 0.0000000000
52931  43.108  -28.202  44.956 0.0000000000
111550  40.449  -30.260  46.210 0.0000000000
52050  40.748  -29.730  45.724 0.0000000000
129852  39.811  -29.923  45.491 0.0000000000
52082  37.184  -29.485  43.110 0.0000000000
52081  38.236  -29.417  43.237 0.0000000000
47201  39.936  -34.135  49.195 0.0000000000
48173  40.032  -33.380  48.862 0.0000000000
118360  39.360  -34.004  48.659 0.0000000000
48183  38.088  -33.801  47.516 0.0000000000
118190  37.642  -32.819  46.563 0.0000000000
49199  37.116  -32.978  45.975 0.0000000000
46252  36.201  -35.572  46.329 0.0000000000
47222  36.687  -34.935  46.305 0.0000000000
47223  36.093  -35.019  45.907 0.0000000000
48219  35.565  -33.344  44.512 0.0000000000
48207  35.955  -33.876  45.180 0.0000000000
112228  40.221  -42.123  54.314 0.0000000000
39554  39.551  -42.287  54.001 0.0000000000
118008  38.037  -41.907  53.107 0.0000000000
39566  38.768  -41.981  53.348 0.0000000000
40491  37.721  -41.523  52.579 0.0000000000
40500  38.354  -40.829  52.087 0.0000000000
37491  36.130  -44.879  51.512 0.0000000000
38507  36.218  -43.978  52.441 0.0000000000
38516  35.975  -43.858  51.595 0.0000000000
39581  35.613  -42.465  50.035 0.0000000000
39580  35.660  -42.358  50.969 0.0000000000
40509  35.658  -41.500  50.728 0.0000000000
41355  35.614  -40.708  50.241 0.0000000000
40518  35.345  -41.515  49.238 0.0000000000
40547  35.194  -42.179  46.485 0.0000000000
41373  34.755  -41.177  47.706 0.0000000000
41382  34.962  -41.700  46.693 0.0000000000
41396  34.310  -41.196  46.750 0.0000000000
41406  33.869  -40.866  46.464 0.0000000000
34452  32.552  -47.670  49.995 0.0000000000
35533  32.706  -46.659  50.141 0.0000000000
37508  32.260  -44.941  49.495 0.0000000000
37507  33.103  -44.100  49.409 0.0000000000
38538  32.846  -43.422  48.825 0.0000000000
37541  29.804  -44.314  46.471 0.0000000000
37529  30.288  -44.220  47.168 0.0000000000
38554  29.874  -43.388  47.029 0.0000000000
40534  30.747  -41.789  47.329 0.0000000000
39600  30.840  -42.402  48.000 0.0000000000
39598  32.704  -42.753  48.279 0.0000000000
39610  32.638  -42.017  47.684 0.0000000000
39624  33.431  -41.827  46.942 0.0000000000
40550  32.588  -41.395  46.968 0.0000000000
41409  32.196  -40.500  45.433 0.0000000000
41407  33.347  -40.463  46.007 0.0000000000
64340  58.211  -16.592  38.407 0.0000000000
62478  50.283  -18.271  41.679 0.0000000000
63402  50.711  -17.550  42.050 0.0000000000
62479  49.645  -18.260  41.066 0.0000000000
34252  29.256  -47.809  66.786 0.0000000000
35301  29.117  -46.664  67.226 0.0000000000
35302  28.392  -47.153  67.751 0.0000000000
38485  43.865  -43.238  56.587 0.0000000000
38484  44.653  -43.396  56.829 0.0000000000
39535  44.135  -43.008  56.262 0.0000000000
39543  44.420  -42.529  55.896 0.0000000000
40465  44.623  -41.908  55.569 0.0000000000
128560  44.744  -41.267  55.408 0.0000000000
40469  44.085  -41.426  55.074 0.0000000000
40470  43.368  -41.553  54.524 0.0000000000
40476  42.867  -41.288  53.928 0.0000000000
41322  41.948  -40.728  53.013 0.0000000000
40477  42.192  -41.359  53.596 0.0000000000
40479  40.827  -41.640  53.318 0.0000000000
65219  52.620  -15.855  43.264 0.0000000000
65228  52.289  -15.451  42.473 0.0000000000
65229  51.606  -15.948  42.186 0.0000000000
64316  51.035  -16.321  41.649 0.0000000000
35457  31.843  -46.054  55.601 0.0000000000
35387  25.545  -45.878  60.895 0.0000000000
134618  25.392  -45.801  60.182 0.0000000000
35388  24.634  -45.603  60.641 0.0000000000
35405  23.447  -45.805  59.222 0.0000000000
35421  22.845  -46.060  58.607 0.0000000000
36470  22.755  -45.619  59.916 0.0000000000
35389  22.209  -45.675  60.555 0.0000000000
36416  38.221  -44.847  62.839 0.0000000000
122179  37.329  -44.962  61.738 0.0000000000
129940  36.344  -44.459  59.507 0.0000000000
36466  35.884  -44.587  59.942 0.0000000000
36467  34.957  -44.875  59.580 0.0000000000
116101  34.726  -45.918  59.075 0.0000000000
32243  33.010  -49.082  59.121 0.0000000000
33266  33.305  -48.757  58.327 0.0000000000
34364  33.236  -47.688  57.083 0.0000000000
34372  33.419  -47.430  56.329 0.0000000000
34380  33.153  -46.956  55.826 0.0000000000
35442  32.356  -46.478  56.220 0.0000000000
59607  51.594  -22.013  44.457 0.0000000000
58655  50.885  -22.261  44.068 0.0000000000
130815  50.666  -22.780  43.694 0.0000000000
33165  17.031  -48.062  66.149 0.0000000000
62386  58.079  -18.663  49.694 0.0000000000
61442  57.800  -19.262  50.248 0.0000000000
56645  52.626  -24.698  52.628 0.0000000000
127327  50.451  -25.210  50.932 0.0000000000
55697  49.820  -25.614  50.804 0.0000000000
54733  49.413  -26.342  50.937 0.0000000000
48141  43.996  -33.492  51.410 0.0000000000
48140  44.961  -33.193  51.223 0.0000000000
48153  44.421  -32.852  50.826 0.0000000000
49164  44.625  -32.180  49.670 0.0000000000
50224  41.840  -31.872  48.408 0.0000000000
50225  40.999  -32.244  48.496 0.0000000000
49179  40.198  -32.604  48.473 0.0000000000
35517  36.402  -46.447  51.400 0.0000000000
66998  59.857  -13.870  41.634 0.0000000000
32226  31.017  -49.051  61.271 0.0000000000
33244  30.588  -48.556  60.784 0.0000000000
32214  30.678  -49.535  61.963 0.0000000000
32215  29.810  -49.302  62.064 0.0000000000
33215  29.165  -48.992  62.255 0.0000000000
32161  28.294  -49.375  65.598 0.0000000000
33191  28.441  -49.184  64.637 0.0000000000
34282  27.614  -48.097  64.099 0.0000000000
116382  33.304  -45.278  63.776 0.0000000000
36420  32.693  -46.060  62.421 0.0000000000
34303  31.722  -47.327  62.749 0.0000000000
33189  31.582  -49.083  64.628 0.0000000000
33188  32.320  -49.527  64.378 0.0000000000
31151  32.222  -50.074  64.357 0.0000000000
31166  32.688  -50.501  64.026 0.0000000000
31179  32.934  -50.718  63.336 0.0000000000
135040  32.936  -50.705  62.533 0.0000000000
31194  32.193  -50.505  62.606 0.0000000000
32213  31.572  -49.794  61.857 0.0000000000
39515  48.239  -41.864  57.178 0.0000000000
41255  49.195  -40.971  57.604 0.0000000000
41237  49.399  -40.512  57.800 0.0000000000
42899  50.417  -38.217  57.102 0.0000000000
115389  50.433  -37.692  56.752 0.0000000000
42914  50.240  -38.212  56.585 0.0000000000
42925  49.198  -38.152  56.038 0.0000000000
43972  48.082  -37.739  55.636 0.0000000000
42941  44.517  -38.187  55.023 0.0000000000
42940  45.165  -37.780  55.239 0.0000000000
43992  44.121  -37.849  54.490 0.0000000000
44002  44.125  -37.251  54.128 0.0000000000
45094  44.163  -36.553  53.770 0.0000000000
46161  44.270  -35.826  53.375 0.0000000000
46162  43.586  -36.351  53.227 0.0000000000
132362  42.738  -36.035  52.201 0.0000000000
45137  42.431  -35.852  51.797 0.0000000000
118104  41.782  -36.423  51.564 0.0000000000
45139  40.590  -37.167  50.841 0.0000000000
42112  39.984  -39.616  51.099 0.0000000000
42121  40.172  -39.107  50.774 0.0000000000
42122  39.402  -39.096  50.503 0.0000000000
43018  38.038  -38.655  49.568 0.0000000000
117848  37.221  -38.255  48.720 0.0000000000
42146  37.389  -38.679  49.304 0.0000000000
42135  36.858  -39.203  49.572 0.0000000000
42136  35.793  -39.587  49.290 0.0000000000
32351  32.220  -49.573  49.776 0.0000000000
33378  31.914  -48.872  49.392 0.0000000000
32352  31.588  -49.351  49.529 0.0000000000
33400  30.355  -48.008  48.114 0.0000000000
67002  55.445  -13.287  41.698 0.0000000000
115248  52.275  -16.156  39.134 0.0000000000
36515  28.479  -45.297  53.325 0.0000000000
34356  28.985  -46.893  59.141 0.0000000000
35416  28.669  -46.459  58.452 0.0000000000
132400  27.973  -46.435  58.467 0.0000000000
116832  27.447  -46.119  58.050 0.0000000000
35433  24.936  -46.035  57.338 0.0000000000
35449  25.392  -45.900  56.764 0.0000000000
111807  24.702  -46.021  56.582 0.0000000000
35459  24.151  -46.288  55.083 0.0000000000
37431  40.216  -44.313  60.712 0.0000000000
36450  41.377  -44.429  60.980 0.0000000000
37430  41.086  -44.295  60.603 0.0000000000
37448  41.527  -44.017  59.917 0.0000000000
38437  42.014  -43.455  59.083 0.0000000000
120466  41.204  -43.158  58.672 0.0000000000
39502  40.893  -42.675  58.035 0.0000000000
39520  40.426  -42.311  57.264 0.0000000000
39521  39.439  -42.376  57.329 0.0000000000
39522  38.580  -42.565  57.407 0.0000000000
39523  38.102  -42.617  56.866 0.0000000000
35441  36.681  -45.908  56.364 0.0000000000
36484  36.449  -45.044  56.299 0.0000000000
35440  37.498  -46.617  56.044 0.0000000000
35455  37.915  -47.048  55.598 0.0000000000
118632  38.286  -47.420  54.001 0.0000000000
34391  38.633  -47.811  54.476 0.0000000000
33310  38.927  -48.537  54.211 0.0000000000
32306  38.629  -49.272  53.809 0.0000000000
33241  35.189  -48.450  61.373 0.0000000000
34325  35.312  -47.997  60.437 0.0000000000
33240  36.120  -48.845  61.227 0.0000000000
33239  36.909  -49.346  60.945 0.0000000000
31210  38.034  -50.823  59.774 0.0000000000
32263  35.751  -49.641  56.116 0.0000000000
31253  36.241  -50.337  56.678 0.0000000000
31268  36.383  -50.345  55.473 0.0000000000
129430  36.340  -50.824  54.440 0.0000000000
30299  36.703  -51.125  54.124 0.0000000000
30300  36.039  -50.918  53.763 0.0000000000
30307  35.507  -50.754  53.265 0.0000000000
31295  34.616  -50.621  52.290 0.0000000000
31288  33.985  -50.579  52.305 0.0000000000
35497  32.506  -47.133  52.691 0.0000000000
34429  31.816  -47.744  52.318 0.0000000000
34440  30.740  -48.367  51.541 0.0000000000
33353  30.083  -49.182  51.233 0.0000000000
33354  29.123  -48.717  50.965 0.0000000000
132236  52.160  -19.356  42.677 0.0000000000
61527  52.612  -19.967  43.055 0.0000000000
60579  51.764  -21.017  42.589 0.0000000000
58685  50.827  -23.560  42.225 0.0000000000
34197  24.569  -46.521  69.376 0.0000000000
133138  24.802  -46.791  68.341 0.0000000000
122444  24.834  -46.732  67.672 0.0000000000
34256  23.861  -46.364  66.927 0.0000000000
34223  19.352  -47.264  68.265 0.0000000000
34258  20.602  -46.816  66.907 0.0000000000
35314  21.086  -46.606  66.244 0.0000000000
35342  21.255  -46.137  64.720 0.0000000000
35356  21.189  -45.985  63.152 0.0000000000
115933  20.335  -46.356  62.603 0.0000000000
121715  57.797  -11.945  44.154 0.0000000000
68627  58.105  -11.473  44.738 0.0000000000
67780  57.656  -12.170  44.969 0.0000000000
66942  54.892  -14.031  46.122 0.0000000000
130372  54.200  -15.360  45.993 0.0000000000
63365  55.299  -18.074  45.461 0.0000000000
63373  54.805  -18.309  44.990 0.0000000000
62430  56.130  -19.120  45.752 0.0000000000
61480  56.038  -19.915  47.362 0.0000000000
60508  53.397  -20.472  46.980 0.0000000000
59520  56.514  -21.605  52.561 0.0000000000
59532  56.851  -21.371  51.992 0.0000000000
123364  56.389  -21.512  52.151 0.0000000000
59533  55.809  -21.382  51.754 0.0000000000
57649  51.959  -22.890  50.398 0.0000000000
58601  51.691  -22.275  49.736 0.0000000000
59554  51.656  -21.376  49.116 0.0000000000
122724  51.477  -20.696  48.564 0.0000000000
59562  50.952  -21.385  48.671 0.0000000000
59571  49.536  -21.195  47.495 0.0000000000
59572  48.811  -21.637  47.294 0.0000000000
117156  47.526  -24.718  48.543 0.0000000000
56755  47.265  -24.281  47.854 0.0000000000
120664  46.381  -24.912  47.401 0.0000000000
55757  45.303  -25.492  46.371 0.0000000000
52830  51.782  -28.880  54.605 0.0000000000
47106  49.853  -35.019  55.378 0.0000000000
47105  50.496  -34.459  55.902 0.0000000000
47117  49.901  -34.016  55.251 0.0000000000
48098  49.305  -33.600  54.481 0.0000000000
116595  48.171  -32.092  52.474 0.0000000000
50191  47.909  -31.525  51.896 0.0000000000
51146  48.685  -30.437  52.307 0.0000000000
51974  49.648  -29.816  53.170 0.0000000000
51983  49.142  -29.761  52.450 0.0000000000
51989  48.860  -29.338  51.958 0.0000000000
52852  48.527  -28.754  51.391 0.0000000000
52004  46.796  -29.221  49.553 0.0000000000
51180  44.138  -30.496  47.475 0.0000000000
52021  45.140  -29.695  47.738 0.0000000000
131930  44.033  -29.867  46.931 0.0000000000
52033  44.464  -29.219  46.889 0.0000000000
52906  43.956  -28.948  46.377 0.0000000000
52916  44.157  -28.250  46.110 0.0000000000
52047  43.314  -28.904  45.973 0.0000000000
52918  42.900  -28.618  45.431 0.0000000000
52932  42.426  -28.324  44.727 0.0000000000
52079  40.239  -29.045  43.939 0.0000000000
51204  38.844  -30.438  45.587 0.0000000000
51214  39.044  -29.859  44.916 0.0000000000
128712  38.250  -30.060  44.699 0.0000000000
47202  38.743  -34.742  48.461 0.0000000000
47211  38.154  -34.672  47.840 0.0000000000
47212  37.618  -34.524  47.225 0.0000000000
47235  34.925  -34.982  45.100 0.0000000000
47234  35.681  -34.664  45.407 0.0000000000
47250  34.420  -34.480  44.457 0.0000000000
39555  38.866  -42.658  54.386 0.0000000000
39560  37.836  -42.634  53.437 0.0000000000
37504  35.841  -44.512  49.943 0.0000000000
38525  35.953  -43.860  49.546 0.0000000000
39587  35.862  -43.165  49.304 0.0000000000
39588  35.628  -42.434  49.164 0.0000000000
39596  35.603  -42.368  48.157 0.0000000000
39607  35.561  -42.667  47.261 0.0000000000
39621  35.356  -42.649  46.657 0.0000000000
39622  34.963  -42.484  46.400 0.0000000000
35549  31.511  -46.798  48.400 0.0000000000
37519  31.595  -44.946  48.805 0.0000000000
38540  31.320  -44.079  48.609 0.0000000000
39636  29.282  -42.559  45.948 0.0000000000
39625  29.609  -42.520  46.790 0.0000000000
40552  30.591  -41.316  46.616 0.0000000000
40551  31.609  -41.236  46.821 0.0000000000
61547  49.544  -19.191  40.702 0.0000000000
126689  49.363  -19.189  39.724 0.0000000000
32172  30.944  -49.995  65.048 0.0000000000
31152  30.311  -49.915  65.045 0.0000000000
32173  29.512  -49.708  65.108 0.0000000000
32160  28.894  -49.559  65.863 0.0000000000
33162  28.578  -49.162  66.899 0.0000000000
32149  28.233  -49.423  66.262 0.0000000000
33164  27.435  -48.845  66.781 0.0000000000
34281  30.736  -47.341  64.735 0.0000000000
33190  30.787  -48.513  64.922 0.0000000000
32157  30.996  -49.389  65.076 0.0000000000
38434  45.382  -43.179  58.882 0.0000000000
38433  45.972  -42.982  58.533 0.0000000000
38454  46.553  -42.990  58.184 0.0000000000
38453  47.134  -42.800  57.804 0.0000000000
38483  45.539  -43.425  57.029 0.0000000000
39533  46.870  -42.921  56.898 0.0000000000
39532  47.586  -42.446  57.055 0.0000000000
40452  48.173  -41.770  56.888 0.0000000000
41276  48.205  -41.132  56.693 0.0000000000
114739  48.534  -40.581  56.655 0.0000000000
42039  48.355  -39.722  56.462 0.0000000000
42054  46.591  -39.728  56.253 0.0000000000
42055  45.696  -39.698  55.893 0.0000000000
42056  44.791  -39.736  55.394 0.0000000000
41298  44.414  -40.650  55.142 0.0000000000
124062  44.412  -39.006  55.138 0.0000000000
42942  43.808  -38.707  54.534 0.0000000000
126982  42.134  -38.244  52.636 0.0000000000
42110  41.265  -39.417  51.907 0.0000000000
41341  41.057  -40.093  51.758 0.0000000000
33394  26.642  -48.572  48.723 0.0000000000
66147  53.552  -14.118  41.594 0.0000000000
65252  51.732  -15.669  40.723 0.0000000000
65264  52.000  -15.790  39.879 0.0000000000
64335  51.476  -16.458  39.498 0.0000000000
133319  29.657  -46.152  51.735 0.0000000000
128880  30.678  -45.748  52.461 0.0000000000
36514  29.346  -45.276  53.098 0.0000000000
36496  30.578  -45.453  54.872 0.0000000000
36505  29.804  -45.189  54.374 0.0000000000
117034  29.115  -45.111  53.880 0.0000000000
36506  28.293  -44.990  54.241 0.0000000000
132692  27.483  -45.146  54.298 0.0000000000
34346  27.076  -46.892  59.846 0.0000000000
120432  25.153  -45.866  58.782 0.0000000000
35451  23.361  -46.486  56.396 0.0000000000
34368  22.108  -47.311  57.191 0.0000000000
36415  39.109  -44.793  62.603 0.0000000000
36453  39.102  -44.675  61.541 0.0000000000
36452  39.894  -44.508  61.287 0.0000000000
37432  39.397  -44.403  60.739 0.0000000000
37463  36.671  -43.995  58.264 0.0000000000
120862  36.180  -44.395  58.771 0.0000000000
37473  35.679  -44.737  57.399 0.0000000000
36480  35.726  -45.331  56.839 0.0000000000
35426  36.063  -46.321  56.887 0.0000000000
34362  37.571  -47.801  56.999 0.0000000000
33272  38.188  -48.603  57.469 0.0000000000
31212  35.193  -51.119  60.431 0.0000000000
31211  36.013  -51.295  60.216 0.0000000000
31221  35.260  -50.734  59.175 0.0000000000
32240  35.093  -50.090  58.129 0.0000000000
32252  33.951  -49.154  58.123 0.0000000000
32251  34.622  -49.298  57.544 0.0000000000
32264  35.119  -49.257  56.664 0.0000000000
32282  35.160  -49.003  55.777 0.0000000000
116008  34.870  -49.097  54.727 0.0000000000
130196  34.323  -48.972  54.124 0.0000000000
32299  33.981  -49.314  53.443 0.0000000000
33312  33.916  -48.416  53.975 0.0000000000
34393  33.479  -47.040  54.833 0.0000000000
35480  33.018  -46.845  53.256 0.0000000000
127061  18.973  -47.236  67.363 0.0000000000
117316  18.349  -47.639  63.682 0.0000000000
33194  17.756  -48.017  64.174 0.0000000000
63342  57.883  -17.932  47.441 0.0000000000
62412  57.888  -18.516  47.164 0.0000000000
61463  58.157  -19.037  48.549 0.0000000000
61464  57.519  -19.348  48.213 0.0000000000
61465  56.652  -19.560  48.160 0.0000000000
117606  55.714  -19.683  48.409 0.0000000000
57641  54.066  -22.994  52.571 0.0000000000
58584  52.879  -22.935  51.459 0.0000000000
57643  52.444  -23.556  51.818 0.0000000000
118569  52.254  -23.344  51.001 0.0000000000
57661  49.668  -23.819  49.489 0.0000000000
56732  48.992  -24.210  49.277 0.0000000000
55717  47.816  -25.179  49.202 0.0000000000
54757  46.808  -26.146  48.782 0.0000000000
51110  51.723  -30.210  56.209 0.0000000000
47135  46.809  -34.629  53.107 0.0000000000
47134  47.592  -34.076  53.029 0.0000000000
48126  47.172  -33.555  52.355 0.0000000000
48138  47.103  -32.993  51.765 0.0000000000
48139  45.712  -32.872  51.113 0.0000000000
49143  47.062  -32.340  51.355 0.0000000000
49154  46.814  -31.971  50.863 0.0000000000
50199  47.282  -31.347  50.689 0.0000000000
51154  47.073  -30.944  50.103 0.0000000000
51163  45.778  -30.993  48.982 0.0000000000
50222  44.190  -31.376  48.547 0.0000000000
51171  44.582  -30.831  47.992 0.0000000000
51192  43.486  -30.481  47.186 0.0000000000
51181  42.599  -30.426  46.824 0.0000000000
52036  41.910  -29.977  46.371 0.0000000000
116575  41.402  -29.653  45.964 0.0000000000
51193  40.973  -30.505  46.666 0.0000000000
129900  38.975  -30.930  46.320 0.0000000000
50260  38.296  -31.138  46.020 0.0000000000
50261  37.555  -31.463  45.638 0.0000000000
45177  37.376  -36.806  47.731 0.0000000000
46241  37.208  -36.129  47.241 0.0000000000
45186  36.410  -36.311  46.826 0.0000000000
129485  35.705  -36.039  46.419 0.0000000000
46261  34.403  -35.597  45.648 0.0000000000
46275  33.975  -35.202  44.882 0.0000000000
37482  36.921  -44.850  53.391 0.0000000000
37501  35.906  -44.955  50.842 0.0000000000
36542  36.067  -45.756  51.080 0.0000000000
37516  35.443  -44.080  48.875 0.0000000000
38537  34.841  -43.820  48.338 0.0000000000
36597  29.947  -45.958  46.254 0.0000000000
122619  29.683  -45.200  46.086 0.0000000000
37557  29.345  -44.406  45.707 0.0000000000
120306  28.806  -44.160  45.097 0.0000000000
38578  29.009  -43.430  45.527 0.0000000000
113927  61.499  -14.784  40.406 0.0000000000
66997  60.703  -14.223  41.274 0.0000000000
66141  61.134  -14.756  41.077 0.0000000000
121224  61.343  -16.080  40.053 0.0000000000
64326  61.254  -16.474  39.427 0.0000000000
128682  55.980  -16.578  37.243 0.0000000000
34354  31.276  -47.381  58.478 0.0000000000
130776  30.587  -47.238  59.036 0.0000000000
116001  30.018  -48.346  60.681 0.0000000000
33258  29.656  -48.037  60.243 0.0000000000
34343  29.283  -47.523  59.726 0.0000000000
34328  28.085  -47.598  60.340 0.0000000000
33204  28.529  -48.997  63.625 0.0000000000
33216  28.520  -48.590  62.558 0.0000000000
33230  28.725  -48.516  61.624 0.0000000000
33247  27.809  -47.638  60.959 0.0000000000
34329  27.471  -47.210  60.333 0.0000000000
114420  27.332  -47.131  60.957 0.0000000000
34317  26.883  -46.805  61.367 0.0000000000
35365  26.239  -46.559  61.921 0.0000000000
35376  25.591  -46.145  61.654 0.0000000000
135046  25.115  -46.012  61.984 0.0000000000
36421  24.589  -45.682  62.345 0.0000000000
36402  35.757  -45.160  63.732 0.0000000000
36418  35.000  -45.249  61.831 0.0000000000
116103  34.747  -45.184  60.848 0.0000000000
36439  34.087  -45.454  61.307 0.0000000000
35385  33.615  -46.441  60.638 0.0000000000
35375  32.974  -46.344  61.752 0.0000000000
34327  33.688  -47.197  60.907 0.0000000000
34313  34.312  -48.045  61.593 0.0000000000
33226  35.132  -48.923  62.315 0.0000000000
31191  35.677  -50.488  62.345 0.0000000000
33202  32.874  -49.277  64.071 0.0000000000
33214  33.261  -48.841  63.494 0.0000000000
33213  34.087  -49.260  63.339 0.0000000000
31177  35.061  -50.359  62.904 0.0000000000
113395  35.747  -50.992  62.006 0.0000000000
31202  35.059  -51.134  61.612 0.0000000000
31213  34.230  -50.678  60.529 0.0000000000
32234  33.545  -49.848  59.729 0.0000000000
59609  49.067  -21.371  44.161 0.0000000000
58675  48.306  -22.146  42.990 0.0000000000
59510  56.487  -21.529  53.417 0.0000000000
58569  56.288  -22.123  53.211 0.0000000000
58559  55.990  -22.753  53.817 0.0000000000
57617  55.329  -23.108  53.503 0.0000000000
56643  54.248  -24.144  53.476 0.0000000000
55665  53.073  -25.151  53.288 0.0000000000
130492  52.110  -26.159  52.909 0.0000000000
46124  50.100  -35.825  55.805 0.0000000000
46125  49.626  -35.713  55.369 0.0000000000
46140  48.541  -35.213  54.554 0.0000000000
121836  47.919  -35.095  54.191 0.0000000000
123701  47.406  -38.398  55.926 0.0000000000
43989  46.493  -36.994  55.226 0.0000000000
43988  47.440  -36.946  55.254 0.0000000000
45076  47.810  -36.161  54.874 0.0000000000
46141  47.380  -35.535  54.299 0.0000000000
46158  47.467  -34.873  53.651 0.0000000000
113646  46.083  -34.355  52.697 0.0000000000
46180  44.432  -35.204  52.845 0.0000000000
47155  44.536  -34.560  52.363 0.0000000000
48154  42.362  -33.928  50.699 0.0000000000
115871  41.896  -33.493  50.186 0.0000000000
47191  41.194  -34.074  49.882 0.0000000000
47192  40.405  -34.742  49.612 0.0000000000
46214  41.046  -35.668  50.541 0.0000000000
46230  39.204  -35.839  49.095 0.0000000000
45167  38.203  -36.839  48.450 0.0000000000
44040  41.321  -37.808  51.807 0.0000000000
44041  40.738  -37.879  51.232 0.0000000000
120234  40.148  -37.328  50.338 0.0000000000
43005  39.949  -38.544  50.437 0.0000000000
44051  39.776  -37.886  50.144 0.0000000000
116581  39.075  -37.289  49.424 0.0000000000
45158  38.635  -37.102  48.968 0.0000000000
45168  37.688  -37.135  48.144 0.0000000000
44079  37.278  -37.363  47.863 0.0000000000
44080  36.683  -37.508  47.712 0.0000000000
43031  36.739  -38.309  48.362 0.0000000000
43043  36.300  -38.049  48.045 0.0000000000
44081  35.699  -37.666  47.727 0.0000000000
43045  34.414  -38.346  47.382 0.0000000000
132131  34.098  -48.832  51.043 0.0000000000
133873  34.201  -47.985  51.258 0.0000000000
123382  33.635  -48.155  50.770 0.0000000000
34460  32.842  -48.328  50.137 0.0000000000
127778  32.178  -47.519  49.433 0.0000000000
34462  31.572  -48.356  49.031 0.0000000000
34474  31.671  -47.730  48.783 0.0000000000
35560  30.372  -46.508  47.165 0.0000000000
33391  30.039  -48.687  49.030 0.0000000000
34491  29.591  -47.350  47.637 0.0000000000
35561  29.941  -46.794  47.025 0.0000000000
35576  30.047  -46.424  46.537 0.0000000000
66145  57.158  -14.053  41.210 0.0000000000
113167  56.498  -14.335  40.257 0.0000000000
66168  56.297  -14.814  39.513 0.0000000000
65268  55.770  -15.739  38.546 0.0000000000
66158  53.737  -14.451  40.666 0.0000000000
66169  54.011  -14.822  39.975 0.0000000000
64333  53.586  -15.788  38.935 0.0000000000
65270  54.248  -15.553  39.044 0.0000000000
35510  28.573  -46.712  51.563 0.0000000000
35511  27.913  -46.850  51.927 0.0000000000
35445  29.610  -45.799  56.810 0.0000000000
36487  28.163  -45.094  55.912 0.0000000000
36507  26.937  -45.143  54.757 0.0000000000
114510  26.838  -46.305  58.472 0.0000000000
126649  26.760  -45.967  57.833 0.0000000000
36488  26.709  -45.440  56.351 0.0000000000
36500  26.354  -45.254  55.389 0.0000000000
36508  26.063  -45.382  54.505 0.0000000000
36518  25.854  -45.774  53.899 0.0000000000
36449  41.991  -44.426  60.800 0.0000000000
38425  44.342  -43.318  60.059 0.0000000000
38435  44.716  -43.436  59.377 0.0000000000
37445  44.413  -43.662  59.265 0.0000000000
37461  44.722  -43.587  58.702 0.0000000000
38457  44.583  -43.534  58.173 0.0000000000
38458  42.847  -43.070  58.283 0.0000000000
38486  43.291  -42.947  56.328 0.0000000000
39537  42.639  -42.724  55.780 0.0000000000
39545  42.343  -42.403  55.135 0.0000000000
112219  41.781  -42.242  54.618 0.0000000000
39548  39.926  -42.295  55.123 0.0000000000
39540  39.949  -42.310  56.475 0.0000000000
135206  39.972  -42.389  55.805 0.0000000000
39549  39.159  -42.617  55.063 0.0000000000
38493  38.405  -43.198  54.976 0.0000000000
38494  37.800  -44.009  54.790 0.0000000000
128025  37.839  -42.910  57.609 0.0000000000
38488  37.474  -43.049  56.691 0.0000000000
133397  37.741  -43.172  56.096 0.0000000000
37476  36.982  -44.381  56.149 0.0000000000
121844  37.392  -43.634  56.098 0.0000000000
120521  38.002  -43.513  55.597 0.0000000000
37478  37.669  -44.729  55.183 0.0000000000
37480  37.385  -44.963  54.334 0.0000000000
36511  37.165  -45.679  53.436 0.0000000000
35496  37.459  -46.844  52.449 0.0000000000
35495  38.056  -47.262  53.141 0.0000000000
34427  37.606  -47.422  52.483 0.0000000000
33348  37.209  -47.560  52.219 0.0000000000
33349  36.700  -48.131  51.993 0.0000000000
33350  35.713  -48.647  51.647 0.0000000000
35399  34.870  -46.680  59.059 0.0000000000
34338  36.328  -48.070  59.208 0.0000000000
34352  35.559  -47.225  58.570 0.0000000000
34351  36.494  -47.689  58.251 0.0000000000
32248  39.443  -49.576  57.073 0.0000000000
112773  36.961  -51.241  60.451 0.0000000000
124070  37.171  -51.419  59.621 0.0000000000
30251  37.701  -51.466  59.148 0.0000000000
31233  36.645  -51.003  57.512 0.0000000000
115719  37.482  -51.423  57.091 0.0000000000
31219  38.771  -51.037  58.765 0.0000000000
31232  39.226  -50.984  57.325 0.0000000000
31231  39.556  -50.378  56.795 0.0000000000
32262  39.607  -49.623  56.248 0.0000000000
31266  39.363  -50.230  54.989 0.0000000000
113417  38.812  -50.086  54.230 0.0000000000
31284  38.254  -50.026  53.547 0.0000000000
30305  37.077  -51.120  53.794 0.0000000000
32311  37.355  -49.441  52.798 0.0000000000
32312  36.565  -49.844  52.491 0.0000000000
32319  36.217  -49.277  52.043 0.0000000000
133729  34.905  -48.615  51.527 0.0000000000
33351  34.798  -49.294  51.491 0.0000000000
32338  33.087  -49.849  50.626 0.0000000000
32339  32.415  -49.955  50.367 0.0000000000
31329  31.622  -50.088  50.053 0.0000000000
31330  30.991  -50.165  50.064 0.0000000000
32314  32.425  -50.042  52.171 0.0000000000
32315  31.832  -49.886  51.828 0.0000000000
31308  31.188  -50.175  51.075 0.0000000000
31323  30.530  -50.119  50.329 0.0000000000
123988  30.123  -49.889  50.089 0.0000000000
116452  29.446  -49.770  49.983 0.0000000000
32355  28.495  -49.580  49.910 0.0000000000
32356  27.480  -49.565  49.888 0.0000000000
63400  52.398  -17.868  43.000 0.0000000000
62469  51.037  -18.406  42.215 0.0000000000
61538  50.605  -19.140  41.815 0.0000000000
59635  52.343  -21.683  43.122 0.0000000000
60588  51.199  -21.326  42.227 0.0000000000
59643  50.983  -22.088  42.098 0.0000000000
60589  50.606  -21.264  41.702 0.0000000000
58674  49.738  -22.078  43.810 0.0000000000
123880  50.047  -24.028  43.421 0.0000000000
36335  28.351  -45.471  67.750 0.0000000000
35293  27.917  -46.600  67.886 0.0000000000
34214  27.781  -47.562  68.226 0.0000000000
34237  27.593  -48.301  67.986 0.0000000000
34253  26.929  -48.053  67.373 0.0000000000
34195  26.084  -47.065  69.083 0.0000000000
34216  26.521  -47.560  68.615 0.0000000000
34270  26.071  -46.929  65.611 0.0000000000
35322  25.232  -46.437  65.494 0.0000000000
111582  24.387  -45.876  63.958 0.0000000000
36406  24.036  -45.508  63.200 0.0000000000
34241  22.897  -46.569  67.902 0.0000000000
35312  22.867  -46.332  66.638 0.0000000000
35325  22.552  -46.254  65.850 0.0000000000
35324  23.373  -46.077  65.422 0.0000000000
117468  23.158  -45.752  64.626 0.0000000000
36422  23.589  -45.376  62.392 0.0000000000
36442  22.417  -45.520  61.341 0.0000000000
36443  21.762  -45.757  61.096 0.0000000000
35390  21.394  -46.147  60.481 0.0000000000
131981  19.798  -46.760  62.265 0.0000000000
133518  58.339  -12.824  42.404 0.0000000000
66986  57.852  -13.008  42.390 0.0000000000
66987  56.996  -12.928  42.400 0.0000000000
113464  56.402  -12.949  42.817 0.0000000000
66988  55.554  -13.134  42.582 0.0000000000
66975  54.911  -13.365  43.272 0.0000000000
67767  57.631  -11.970  46.056 0.0000000000
66132  54.131  -13.804  42.850 0.0000000000
66125  53.561  -14.456  43.282 0.0000000000
65218  53.094  -15.311  43.737 0.0000000000
132088  52.723  -16.840  44.027 0.0000000000
66082  55.397  -14.564  47.979 0.0000000000
122215  54.104  -16.055  46.009 0.0000000000
63389  52.781  -17.400  43.726 0.0000000000
62452  53.711  -19.005  43.812 0.0000000000
60567  53.695  -20.912  43.994 0.0000000000
62419  57.313  -18.783  46.627 0.0000000000
61491  56.583  -19.330  46.255 0.0000000000
61503  55.909  -19.836  45.839 0.0000000000
59605  53.602  -21.537  44.601 0.0000000000
59593  52.833  -21.815  44.774 0.0000000000
60474  57.196  -20.468  50.887 0.0000000000
60484  55.923  -20.144  50.041 0.0000000000
61454  54.200  -19.914  49.347 0.0000000000
58582  54.487  -22.346  52.187 0.0000000000
59544  53.053  -21.862  50.471 0.0000000000
60486  53.971  -20.364  49.880 0.0000000000
61467  53.655  -19.693  48.622 0.0000000000
61468  52.292  -19.844  47.853 0.0000000000
60509  51.473  -20.095  47.583 0.0000000000
60527  50.417  -20.427  46.481 0.0000000000
60545  49.498  -20.581  45.449 0.0000000000
60546  48.835  -20.721  45.133 0.0000000000
59595  48.111  -21.141  44.795 0.0000000000
59584  48.373  -21.339  46.417 0.0000000000
59585  47.781  -21.443  45.679 0.0000000000
57683  48.255  -23.239  48.071 0.0000000000
57694  47.235  -23.061  46.938 0.0000000000
57705  46.080  -22.903  45.878 0.0000000000
135313  53.453  -26.001  54.471 0.0000000000
54694  53.070  -26.450  54.169 0.0000000000
54709  51.490  -26.387  52.576 0.0000000000
50153  51.648  -30.941  56.179 0.0000000000
125675  51.571  -30.815  55.790 0.0000000000
48112  48.809  -33.378  53.589 0.0000000000
49113  49.419  -32.757  54.058 0.0000000000
50175  48.767  -31.986  53.066 0.0000000000
115052  49.406  -31.988  53.630 0.0000000000
50164  49.834  -31.883  54.522 0.0000000000
50163  50.460  -31.065  54.663 0.0000000000
51124  51.514  -30.302  55.352 0.0000000000
51959  51.517  -29.643  54.775 0.0000000000
51972  51.228  -29.071  54.003 0.0000000000
51982  49.707  -29.152  52.832 0.0000000000
52838  50.806  -28.485  53.406 0.0000000000
53749  51.071  -27.712  53.195 0.0000000000
53765  51.269  -27.004  52.861 0.0000000000
54710  50.909  -26.656  52.296 0.0000000000
54725  50.654  -26.297  51.798 0.0000000000
54734  48.777  -26.397  50.532 0.0000000000
53780  48.424  -27.841  50.852 0.0000000000
54735  48.271  -27.051  50.469 0.0000000000
54744  48.154  -26.350  50.151 0.0000000000
114800  47.662  -26.342  49.724 0.0000000000
119902  46.512  -30.028  49.277 0.0000000000
52876  46.452  -28.674  48.925 0.0000000000
52877  45.969  -28.934  48.360 0.0000000000
121770  46.162  -28.246  48.513 0.0000000000
53818  46.080  -27.586  48.312 0.0000000000
53838  46.034  -26.933  48.075 0.0000000000
54778  45.833  -26.487  47.583 0.0000000000
54799  45.387  -26.766  46.953 0.0000000000
54800  44.826  -26.852  46.384 0.0000000000
53873  43.961  -27.669  45.657 0.0000000000
124725  40.431  -29.403  44.918 0.0000000000
52064  38.650  -29.528  44.186 0.0000000000
52080  39.323  -29.337  43.601 0.0000000000
48182  38.582  -33.079  47.683 0.0000000000
49190  39.041  -32.475  47.697 0.0000000000
49191  38.419  -32.347  47.132 0.0000000000
50262  36.862  -31.820  45.261 0.0000000000
124539  36.850  -34.191  46.084 0.0000000000
49209  36.733  -32.638  45.471 0.0000000000
39557  41.084  -41.988  54.051 0.0000000000
40480  40.128  -41.639  53.166 0.0000000000
39559  39.503  -41.952  53.574 0.0000000000
130295  39.463  -41.666  53.094 0.0000000000
40489  39.849  -41.271  52.622 0.0000000000
41344  37.925  -40.395  51.390 0.0000000000
126257  35.841  -43.161  51.223 0.0000000000
125138  36.058  -42.318  51.720 0.0000000000
39576  36.710  -41.864  52.276 0.0000000000
40508  36.994  -40.558  51.446 0.0000000000
119861  36.459  -40.052  50.475 0.0000000000
123502  35.083  -40.406  48.625 0.0000000000
40526  35.167  -41.377  48.417 0.0000000000
41374  34.540  -40.269  47.973 0.0000000000
113562  34.154  -40.192  47.263 0.0000000000
42172  33.530  -39.800  46.271 0.0000000000
35518  34.597  -46.279  50.911 0.0000000000
36553  32.445  -45.820  49.776 0.0000000000
133971  33.250  -45.668  50.233 0.0000000000
128866  34.191  -45.126  50.109 0.0000000000
37506  34.386  -44.246  49.401 0.0000000000
119653  30.724  -44.111  47.967 0.0000000000
128003  31.015  -43.211  48.410 0.0000000000
38539  31.854  -43.297  48.727 0.0000000000
39597  33.559  -43.057  48.236 0.0000000000
38552  34.427  -43.280  47.721 0.0000000000
39608  34.757  -43.029  46.718 0.0000000000
39623  34.301  -42.122  46.494 0.0000000000
39635  34.585  -41.850  46.439 0.0000000000
40565  33.966  -41.112  46.418 0.0000000000
42185  33.445  -40.300  45.993 0.0000000000
112686  58.363  -14.544  41.213 0.0000000000
65258  58.603  -15.863  39.767 0.0000000000
64331  60.097  -16.773  38.920 0.0000000000
64338  61.076  -17.135  38.468 0.0000000000
64349  56.862  -16.895  37.168 0.0000000000
64309  50.636  -16.913  41.724 0.0000000000
63421  50.050  -17.180  40.380 0.0000000000
63414  49.675  -17.744  40.558 0.0000000000
63422  49.657  -17.740  39.773 0.0000000000
30239  38.310  -51.184  59.361 0.0000000000
30240  37.676  -51.218  59.882 0.0000000000
30249  38.705  -51.213  57.919 0.0000000000
30250  38.309  -51.359  58.600 0.0000000000
30263  38.740  -51.408  57.069 0.0000000000
30264  38.133  -51.513  57.587 0.0000000000
30265  37.475  -51.454  58.129 0.0000000000
30290  38.529  -51.154  55.003 0.0000000000
30291  37.951  -51.330  55.063 0.0000000000
30311  35.336  -50.697  52.750 0.0000000000
31250  39.520  -50.322  55.893 0.0000000000
31251  39.156  -50.994  56.410 0.0000000000
31285  37.609  -50.714  53.505 0.0000000000
31294  35.312  -50.605  52.430 0.0000000000
31331  30.619  -49.911  49.896 0.0000000000
32196  34.343  -50.112  63.387 0.0000000000
32210  36.129  -50.018  62.224 0.0000000000
32211  35.571  -49.794  62.601 0.0000000000
32222  36.563  -49.755  61.730 0.0000000000
32232  37.493  -49.821  60.440 0.0000000000
32239  38.456  -49.851  59.056 0.0000000000
32249  39.164  -50.269  57.595 0.0000000000
32280  39.620  -49.567  55.356 0.0000000000
32337  33.879  -49.790  51.159 0.0000000000
33177  29.883  -49.220  66.046 0.0000000000
33271  39.011  -48.785  57.058 0.0000000000
33278  38.999  -48.353  56.292 0.0000000000
33340  37.632  -48.569  52.690 0.0000000000
34284  18.853  -47.083  64.157 0.0000000000
34350  37.399  -48.154  57.919 0.0000000000
34370  38.416  -47.650  55.987 0.0000000000
34371  37.821  -47.382  56.342 0.0000000000
34439  31.416  -48.240  51.950 0.0000000000
34479  27.893  -47.524  48.104 0.0000000000
35428  31.057  -46.382  57.130 0.0000000000
35458  30.897  -45.681  55.765 0.0000000000
35507  36.542  -46.273  51.534 0.0000000000
36433  41.744  -44.352  61.508 0.0000000000
36451  40.643  -44.433  61.360 0.0000000000
36457  34.052  -45.429  60.365 0.0000000000
36527  37.120  -46.227  52.542 0.0000000000
36538  28.999  -45.984  51.664 0.0000000000
36598  29.522  -45.899  45.938 0.0000000000
37465  35.507  -44.786  58.225 0.0000000000
38474  45.071  -43.575  57.526 0.0000000000
38482  46.386  -43.287  57.198 0.0000000000
38536  35.498  -43.685  48.419 0.0000000000
39467  45.060  -42.331  59.634 0.0000000000
39499  48.153  -41.841  57.581 0.0000000000
39516  47.649  -42.399  57.431 0.0000000000
39517  47.081  -42.937  57.313 0.0000000000
39595  35.812  -42.937  48.617 0.0000000000
40436  48.807  -41.396  57.368 0.0000000000
40564  34.420  -41.369  46.606 0.0000000000
41254  49.454  -40.493  57.383 0.0000000000
42018  49.274  -40.057  58.207 0.0000000000
42040  47.522  -40.380  56.482 0.0000000000
42070  44.009  -39.794  54.769 0.0000000000
42096  41.707  -39.323  52.436 0.0000000000
42133  38.154  -39.079  50.009 0.0000000000
42924  49.983  -38.015  56.172 0.0000000000
42955  42.540  -38.508  53.057 0.0000000000
42974  41.599  -38.568  52.242 0.0000000000
45079  44.618  -36.723  54.240 0.0000000000
45110  43.058  -36.169  52.623 0.0000000000
46212  42.282  -34.619  51.099 0.0000000000
47221  37.224  -34.382  46.567 0.0000000000
48127  46.769  -33.477  52.032 0.0000000000
48195  37.203  -33.622  46.266 0.0000000000
49132  47.867  -32.768  52.523 0.0000000000
50210  45.492  -31.554  49.421 0.0000000000
50212  44.089  -31.982  49.227 0.0000000000
51149  48.245  -30.771  51.881 0.0000000000
51179  44.644  -30.180  47.615 0.0000000000
52035  42.635  -29.759  46.366 0.0000000000
52095  38.265  -29.456  42.389 0.0000000000
52844  50.163  -28.671  53.020 0.0000000000
55641  53.360  -26.304  55.002 0.0000000000
61435  57.414  -19.513  51.496 0.0000000000
62403  58.200  -18.298  47.719 0.0000000000
112208  38.155  -47.242  54.766 0.0000000000
116665  39.475  -48.865  54.904 0.0000000000
117463  32.057  -46.335  52.813 0.0000000000
121948  38.859  -50.736  58.004 0.0000000000
128572  29.818  -45.210  53.679 0.0000000000
128677  37.713  -49.983  53.131 0.0000000000
129178  37.728  -29.479  42.806 0.0000000000
130655  45.981  -43.020  56.702 0.0000000000
131761  48.927  -37.365  55.565 0.0000000000
131837  52.778  -20.061  47.495 0.0000000000
132022  30.775  -49.509  49.575 0.0000000000
132660  30.413  -49.821  65.330 0.0000000000
132942  50.273  -25.647  51.137 0.0000000000
133711  47.506  -32.839  52.137 0.0000000000
133894  41.646  -41.195  53.090 0.0000000000
134625  43.332  -43.936  59.642 0.0000000000
