#!ascii label  , from subject sub-v1s6x0051367_ses-1 vox2ras=TkReg
1006
128293  -10.590  -34.409  78.950 0.0000000000
57525  -33.371  -24.856  64.782 0.0000000000
59684  -33.478  -22.164  59.812 0.0000000000
51664  -27.703  -28.327  68.920 0.0000000000
66016  -39.480  -15.459  47.898 0.0000000000
62414  -36.022  -18.159  52.454 0.0000000000
57464  -36.059  -22.682  69.420 0.0000000000
54617  -30.168  -26.564  68.699 0.0000000000
67752  -45.645  -13.422  50.715 0.0000000000
72383  -46.598  -8.603  49.082 0.0000000000
73311  -48.917  -7.156  45.931 0.0000000000
64162  -36.472  -17.280  60.287 0.0000000000
126680  -32.066  -19.578  56.282 0.0000000000
132548  -38.618  -16.968  56.859 0.0000000000
62397  -40.811  -18.420  53.716 0.0000000000
54583  -20.363  -26.912  70.445 0.0000000000
46226  -8.678  -35.489  81.077 0.0000000000
57554  -36.259  -24.376  61.499 0.0000000000
62326  -36.465  -19.651  64.214 0.0000000000
53610  -23.263  -27.682  66.951 0.0000000000
51721  -26.356  -30.202  63.790 0.0000000000
71578  -47.163  -9.334  40.856 0.0000000000
74208  -50.924  -6.263  43.025 0.0000000000
63406  -37.411  -18.316  49.977 0.0000000000
64262  -43.970  -16.350  51.823 0.0000000000
49012  -13.115  -33.344  75.383 0.0000000000
41167  -6.630  -41.162  80.327 0.0000000000
70651  -45.876  -10.558  50.360 0.0000000000
63251  -37.168  -16.971  58.645 0.0000000000
52530  -18.714  -28.936  69.993 0.0000000000
47224  -9.412  -35.113  80.535 0.0000000000
55592  -34.441  -26.288  61.448 0.0000000000
56554  -35.022  -25.446  63.303 0.0000000000
52559  -25.257  -27.685  67.625 0.0000000000
124414  -24.509  -28.769  65.372 0.0000000000
129637  -27.520  -28.832  67.197 0.0000000000
57498  -31.494  -24.258  66.774 0.0000000000
54651  -28.691  -26.985  65.517 0.0000000000
56535  -30.032  -24.842  64.832 0.0000000000
52520  -26.593  -27.693  71.323 0.0000000000
53566  -24.251  -26.540  69.899 0.0000000000
70688  -43.283  -10.658  44.231 0.0000000000
71566  -46.124  -9.738  41.981 0.0000000000
121395  -50.129  -6.878  44.935 0.0000000000
62392  -33.592  -18.514  54.618 0.0000000000
113755  -36.620  -18.544  51.251 0.0000000000
63392  -42.405  -17.811  52.600 0.0000000000
51596  -16.614  -29.948  73.398 0.0000000000
51580  -15.226  -30.609  74.941 0.0000000000
51550  -14.269  -30.506  77.096 0.0000000000
49045  -14.014  -33.215  73.610 0.0000000000
42141  -8.520  -40.244  79.525 0.0000000000
57487  -34.639  -24.033  67.271 0.0000000000
56527  -36.088  -23.847  65.486 0.0000000000
57491  -37.317  -22.944  67.724 0.0000000000
51639  -30.347  -28.645  71.037 0.0000000000
51681  -28.877  -28.758  68.117 0.0000000000
54600  -31.502  -25.977  70.503 0.0000000000
56497  -32.966  -23.814  69.058 0.0000000000
133148  -42.332  -14.220  49.319 0.0000000000
67767  -43.478  -12.444  48.615 0.0000000000
70662  -44.112  -10.221  47.431 0.0000000000
72399  -45.942  -8.422  45.743 0.0000000000
72411  -46.847  -8.296  44.834 0.0000000000
72395  -47.898  -7.311  47.673 0.0000000000
125853  -34.506  -19.019  61.280 0.0000000000
61492  -32.325  -20.518  58.419 0.0000000000
63248  -34.590  -17.884  58.457 0.0000000000
124991  -35.503  -17.454  56.806 0.0000000000
63315  -36.989  -17.425  54.817 0.0000000000
62394  -38.410  -17.846  53.315 0.0000000000
63318  -40.144  -17.706  54.641 0.0000000000
54558  -19.205  -27.000  72.339 0.0000000000
52519  -17.808  -29.219  71.568 0.0000000000
74223  -50.544  -6.208  38.503 0.0000000000
46223  -5.817  -36.102  81.713 0.0000000000
55617  -35.372  -26.126  59.878 0.0000000000
58663  -35.136  -23.100  60.881 0.0000000000
114933  -37.208  -23.228  63.870 0.0000000000
59652  -36.532  -22.081  63.179 0.0000000000
61478  -35.332  -20.443  62.328 0.0000000000
63216  -36.038  -18.251  62.809 0.0000000000
119235  -28.147  -29.073  66.543 0.0000000000
54574  -23.240  -26.400  71.339 0.0000000000
53579  -21.629  -27.265  68.685 0.0000000000
72420  -48.110  -8.187  43.681 0.0000000000
73329  -48.497  -7.587  41.628 0.0000000000
125503  -49.257  -6.951  40.323 0.0000000000
130510  -51.722  -5.056  41.544 0.0000000000
46282  -11.014  -36.476  76.521 0.0000000000
45178  -9.564  -37.008  78.294 0.0000000000
64269  -38.469  -16.892  49.759 0.0000000000
63377  -39.516  -18.294  52.456 0.0000000000
64247  -40.445  -17.576  51.649 0.0000000000
65985  -41.711  -15.902  50.874 0.0000000000
66838  -45.084  -14.923  51.190 0.0000000000
48986  -12.041  -33.403  77.214 0.0000000000
44113  -8.550  -37.710  79.655 0.0000000000
43106  -7.706  -38.762  80.104 0.0000000000
44098  -5.907  -38.669  81.108 0.0000000000
48148  -10.294  -34.461  79.697 0.0000000000
56552  -32.881  -25.189  63.210 0.0000000000
56568  -33.583  -25.642  62.558 0.0000000000
56538  -34.662  -25.055  64.187 0.0000000000
52561  -27.031  -28.176  68.516 0.0000000000
52576  -26.910  -28.476  67.530 0.0000000000
51678  -27.632  -28.621  68.018 0.0000000000
112195  -32.632  -24.249  65.778 0.0000000000
56522  -30.267  -24.684  65.597 0.0000000000
57523  -31.499  -24.417  64.599 0.0000000000
56550  -30.672  -24.799  63.398 0.0000000000
116831  -28.416  -28.561  71.480 0.0000000000
52522  -27.655  -28.451  72.231 0.0000000000
52533  -27.189  -28.022  70.723 0.0000000000
52532  -26.415  -27.749  70.268 0.0000000000
71565  -45.542  -9.930  42.496 0.0000000000
58679  -33.753  -23.214  59.566 0.0000000000
59698  -32.992  -22.704  59.045 0.0000000000
62413  -34.244  -18.615  53.159 0.0000000000
62437  -34.039  -19.392  52.482 0.0000000000
62439  -36.458  -18.363  51.848 0.0000000000
50761  -16.038  -31.174  72.796 0.0000000000
51595  -16.068  -30.374  73.834 0.0000000000
118609  -15.272  -31.338  73.831 0.0000000000
50748  -14.861  -31.358  74.537 0.0000000000
49046  -14.477  -32.919  73.148 0.0000000000
113154  -35.538  -23.484  68.220 0.0000000000
57489  -36.021  -23.639  67.537 0.0000000000
57477  -36.982  -22.914  68.311 0.0000000000
128484  -31.615  -27.653  71.966 0.0000000000
53569  -31.437  -27.278  71.248 0.0000000000
128861  -32.315  -25.898  71.856 0.0000000000
57454  -35.626  -22.584  70.537 0.0000000000
114902  -34.153  -23.120  70.372 0.0000000000
112485  -34.629  -23.044  69.229 0.0000000000
112190  -33.523  -23.598  68.035 0.0000000000
66847  -43.614  -14.088  49.807 0.0000000000
67766  -43.539  -13.261  49.259 0.0000000000
68721  -44.606  -12.604  49.753 0.0000000000
71520  -46.113  -9.442  49.806 0.0000000000
70657  -44.703  -10.476  49.182 0.0000000000
71527  -45.859  -9.108  48.670 0.0000000000
71530  -44.619  -9.419  46.898 0.0000000000
72393  -46.375  -8.279  47.123 0.0000000000
72401  -47.010  -8.018  46.274 0.0000000000
72390  -47.165  -7.904  48.376 0.0000000000
63222  -35.035  -18.126  60.678 0.0000000000
63221  -34.412  -18.516  60.303 0.0000000000
63232  -35.746  -17.633  60.083 0.0000000000
63252  -37.598  -17.067  57.827 0.0000000000
114841  -36.136  -17.332  58.044 0.0000000000
112286  -37.229  -17.213  56.499 0.0000000000
63291  -36.221  -17.307  55.732 0.0000000000
63293  -37.916  -17.186  55.864 0.0000000000
63317  -38.720  -17.414  55.135 0.0000000000
63295  -39.587  -17.408  55.523 0.0000000000
55505  -21.901  -25.848  71.697 0.0000000000
55487  -20.786  -25.852  72.958 0.0000000000
54571  -20.100  -26.636  71.190 0.0000000000
53562  -18.369  -28.842  70.857 0.0000000000
75092  -50.785  -5.561  38.989 0.0000000000
75095  -51.438  -5.034  38.317 0.0000000000
46217  -8.032  -35.333  81.769 0.0000000000
117825  -36.016  -26.161  61.768 0.0000000000
55607  -35.499  -26.243  60.554 0.0000000000
56592  -35.925  -24.978  60.805 0.0000000000
57571  -35.505  -24.306  60.472 0.0000000000
57561  -35.929  -24.048  60.954 0.0000000000
132174  -37.482  -23.047  66.245 0.0000000000
56542  -36.715  -23.590  64.718 0.0000000000
58604  -38.064  -22.638  65.018 0.0000000000
62327  -37.074  -20.144  64.890 0.0000000000
60619  -37.586  -21.469  64.533 0.0000000000
61474  -36.263  -20.475  63.583 0.0000000000
61479  -35.863  -20.802  62.812 0.0000000000
62331  -36.083  -19.792  63.503 0.0000000000
62334  -35.265  -19.582  62.414 0.0000000000
125954  -36.354  -18.225  63.466 0.0000000000
51705  -25.607  -29.842  64.400 0.0000000000
52578  -29.934  -27.829  68.369 0.0000000000
120737  -28.808  -28.738  67.477 0.0000000000
52594  -29.567  -27.813  67.655 0.0000000000
53644  -28.587  -28.374  64.380 0.0000000000
53543  -24.714  -26.877  72.099 0.0000000000
53595  -23.351  -27.298  67.955 0.0000000000
53565  -23.242  -26.519  69.595 0.0000000000
121015  -22.556  -27.679  67.349 0.0000000000
112599  -21.734  -28.120  67.248 0.0000000000
72413  -47.842  -7.844  44.827 0.0000000000
114998  -47.774  -8.192  44.178 0.0000000000
73319  -48.395  -7.732  44.716 0.0000000000
74207  -50.218  -6.921  43.411 0.0000000000
73327  -49.479  -7.332  42.979 0.0000000000
117078  -49.848  -7.086  41.836 0.0000000000
132643  -49.197  -7.219  41.325 0.0000000000
132598  -50.011  -6.617  41.298 0.0000000000
74215  -50.185  -6.319  40.790 0.0000000000
74210  -51.051  -6.118  42.192 0.0000000000
61497  -32.046  -20.293  57.452 0.0000000000
117166  -31.698  -21.997  57.205 0.0000000000
63413  -38.044  -18.308  48.570 0.0000000000
64268  -38.079  -17.442  49.921 0.0000000000
126102  -39.519  -18.280  53.198 0.0000000000
130764  -39.357  -18.297  52.964 0.0000000000
62419  -40.478  -18.499  53.233 0.0000000000
132684  -43.095  -17.420  52.438 0.0000000000
63391  -41.856  -17.723  52.284 0.0000000000
64261  -42.035  -17.172  51.845 0.0000000000
65100  -41.046  -16.337  50.962 0.0000000000
135038  -42.825  -16.320  51.465 0.0000000000
65987  -43.532  -15.557  50.947 0.0000000000
65103  -44.049  -15.785  51.366 0.0000000000
49888  -13.718  -31.978  75.855 0.0000000000
49887  -13.194  -32.337  76.431 0.0000000000
49879  -12.243  -32.693  77.623 0.0000000000
48998  -12.355  -33.553  76.477 0.0000000000
47278  -11.755  -35.119  75.916 0.0000000000
47287  -12.701  -34.963  74.772 0.0000000000
43125  -9.315  -38.519  78.332 0.0000000000
44124  -9.270  -37.610  78.539 0.0000000000
43134  -9.187  -39.470  78.629 0.0000000000
42139  -7.375  -40.664  80.133 0.0000000000
132636  -7.938  -39.040  79.978 0.0000000000
43116  -7.529  -39.622  80.082 0.0000000000
44099  -5.880  -38.545  80.984 0.0000000000
43104  -5.954  -39.905  80.690 0.0000000000
56476  -33.523  -24.343  72.276 0.0000000000
69713  -46.800  -12.019  51.234 0.0000000000
68723  -45.553  -11.596  50.333 0.0000000000
70647  -46.620  -10.959  51.049 0.0000000000
64177  -37.184  -16.811  59.575 0.0000000000
53578  -19.923  -27.959  69.428 0.0000000000
53564  -19.765  -27.682  70.067 0.0000000000
48121  -9.749  -33.569  81.778 0.0000000000
47223  -9.012  -35.212  80.919 0.0000000000
56580  -33.365  -26.106  61.638 0.0000000000
128066  -35.153  -26.079  62.084 0.0000000000
56570  -36.140  -25.441  62.560 0.0000000000
63210  -36.990  -18.103  64.724 0.0000000000
53611  -24.223  -27.549  67.288 0.0000000000
52590  -23.809  -28.441  65.759 0.0000000000
52574  -24.795  -28.090  66.447 0.0000000000
52592  -26.736  -28.824  66.455 0.0000000000
116495  -27.044  -29.312  65.890 0.0000000000
55536  -30.385  -25.359  68.040 0.0000000000
54638  -29.463  -26.232  67.289 0.0000000000
55544  -30.060  -25.439  67.129 0.0000000000
55550  -29.473  -25.415  65.525 0.0000000000
130644  -29.501  -25.662  62.188 0.0000000000
53545  -25.967  -27.557  72.552 0.0000000000
131472  -25.017  -27.210  71.357 0.0000000000
53568  -25.783  -27.405  70.839 0.0000000000
53582  -24.799  -27.119  69.364 0.0000000000
69750  -42.301  -11.393  45.205 0.0000000000
71572  -46.587  -10.044  41.106 0.0000000000
74196  -50.451  -6.634  46.325 0.0000000000
119603  -49.725  -7.054  45.584 0.0000000000
62376  -33.211  -18.625  55.387 0.0000000000
62475  -36.389  -19.842  50.074 0.0000000000
62455  -37.288  -18.142  51.307 0.0000000000
62422  -42.881  -18.747  54.034 0.0000000000
62444  -41.529  -18.478  53.224 0.0000000000
63364  -42.842  -18.377  53.427 0.0000000000
53528  -17.322  -28.651  73.774 0.0000000000
52483  -16.836  -29.010  74.235 0.0000000000
52468  -15.919  -29.140  76.591 0.0000000000
51569  -15.082  -30.366  75.753 0.0000000000
50741  -14.308  -31.752  75.215 0.0000000000
49013  -13.487  -33.002  75.084 0.0000000000
48203  -13.180  -34.464  74.315 0.0000000000
48214  -13.573  -34.504  73.508 0.0000000000
57515  -34.260  -24.834  65.749 0.0000000000
56524  -34.770  -24.872  65.105 0.0000000000
56514  -35.406  -24.294  66.047 0.0000000000
56516  -36.608  -23.467  66.497 0.0000000000
51638  -28.917  -28.498  70.434 0.0000000000
51665  -27.958  -28.552  68.479 0.0000000000
111645  -29.344  -28.513  69.599 0.0000000000
53597  -30.746  -27.105  69.763 0.0000000000
124993  -31.117  -26.011  69.810 0.0000000000
56483  -32.622  -24.364  71.100 0.0000000000
56490  -32.585  -24.379  70.082 0.0000000000
55529  -31.054  -25.275  69.356 0.0000000000
57474  -32.324  -23.953  68.272 0.0000000000
57486  -32.767  -23.753  67.336 0.0000000000
50773  -29.501  -28.897  71.782 0.0000000000
66007  -40.096  -14.883  48.804 0.0000000000
131226  -40.036  -14.727  47.744 0.0000000000
66854  -40.925  -13.663  48.263 0.0000000000
67774  -41.022  -12.995  47.728 0.0000000000
68737  -42.494  -12.105  47.308 0.0000000000
69716  -44.821  -11.609  49.587 0.0000000000
69730  -44.017  -10.885  48.067 0.0000000000
69741  -43.208  -10.984  46.521 0.0000000000
70671  -43.521  -10.351  46.028 0.0000000000
127532  -44.615  -9.211  45.938 0.0000000000
71554  -45.528  -8.955  44.251 0.0000000000
134673  -46.012  -8.975  43.627 0.0000000000
72407  -46.615  -8.279  45.585 0.0000000000
72402  -47.714  -7.680  45.743 0.0000000000
73310  -48.313  -7.287  46.231 0.0000000000
73299  -48.494  -7.017  48.434 0.0000000000
73305  -49.580  -6.939  47.357 0.0000000000
61488  -33.893  -20.575  61.034 0.0000000000
60644  -33.082  -21.217  60.049 0.0000000000
126510  -33.433  -19.633  60.173 0.0000000000
62342  -33.228  -19.057  58.536 0.0000000000
62351  -33.215  -18.854  57.633 0.0000000000
63250  -36.295  -17.277  58.702 0.0000000000
63270  -35.388  -17.532  57.882 0.0000000000
63289  -33.620  -18.246  56.257 0.0000000000
63313  -34.222  -17.898  55.289 0.0000000000
63341  -35.231  -17.623  54.500 0.0000000000
130293  -36.047  -17.622  53.929 0.0000000000
62415  -37.093  -17.886  52.504 0.0000000000
63343  -37.771  -17.595  53.980 0.0000000000
63344  -38.732  -17.720  54.084 0.0000000000
63346  -40.467  -18.178  54.097 0.0000000000
63320  -41.799  -18.105  55.201 0.0000000000
62377  -41.896  -18.395  54.536 0.0000000000
54546  -19.161  -26.724  73.316 0.0000000000
53553  -18.747  -27.904  71.151 0.0000000000
53542  -18.621  -27.711  71.972 0.0000000000
53541  -18.023  -28.274  72.453 0.0000000000
52508  -17.386  -29.609  72.273 0.0000000000
57570  -34.477  -24.067  59.627 0.0000000000
59686  -34.671  -22.827  60.602 0.0000000000
56540  -35.497  -24.475  64.702 0.0000000000
134390  -36.052  -24.175  63.902 0.0000000000
57545  -36.668  -23.639  63.298 0.0000000000
59635  -37.106  -22.481  63.530 0.0000000000
58632  -36.538  -23.072  62.298 0.0000000000
129492  -35.500  -22.359  61.661 0.0000000000
60639  -35.230  -21.720  61.706 0.0000000000
60646  -34.316  -21.100  61.226 0.0000000000
61477  -34.714  -19.890  61.979 0.0000000000
63218  -35.172  -18.390  61.529 0.0000000000
64153  -36.568  -17.377  61.250 0.0000000000
64146  -37.174  -17.215  63.501 0.0000000000
64149  -37.717  -17.102  62.312 0.0000000000
51679  -27.921  -28.858  67.763 0.0000000000
51694  -27.997  -29.177  66.511 0.0000000000
51708  -27.949  -29.453  65.515 0.0000000000
53634  -28.742  -27.663  65.982 0.0000000000
51724  -28.255  -29.402  64.683 0.0000000000
55496  -22.867  -25.841  72.407 0.0000000000
113506  -22.161  -26.242  71.031 0.0000000000
54586  -23.683  -26.507  70.550 0.0000000000
54585  -22.639  -26.395  70.330 0.0000000000
54597  -21.208  -27.006  69.324 0.0000000000
53593  -21.134  -27.961  67.925 0.0000000000
71560  -46.591  -8.688  43.535 0.0000000000
71567  -46.619  -8.863  42.697 0.0000000000
72433  -47.262  -8.509  41.794 0.0000000000
73320  -48.879  -7.798  44.262 0.0000000000
72427  -48.284  -8.074  43.218 0.0000000000
72434  -47.798  -7.949  41.772 0.0000000000
72442  -47.919  -7.718  40.928 0.0000000000
131178  -48.696  -7.967  39.147 0.0000000000
72448  -49.135  -7.591  38.945 0.0000000000
74219  -50.207  -6.342  39.196 0.0000000000
117860  -50.497  -6.023  39.947 0.0000000000
47267  -10.664  -35.172  77.816 0.0000000000
47254  -10.176  -35.727  78.271 0.0000000000
46269  -10.455  -36.437  77.283 0.0000000000
59697  -32.348  -22.156  58.289 0.0000000000
132790  -38.535  -16.728  48.879 0.0000000000
62440  -37.535  -18.001  51.989 0.0000000000
62456  -38.130  -17.970  51.823 0.0000000000
127378  -38.455  -17.949  51.609 0.0000000000
63379  -40.703  -18.416  52.697 0.0000000000
64246  -39.715  -17.933  51.842 0.0000000000
112014  -38.902  -17.834  51.461 0.0000000000
65099  -39.260  -16.742  50.500 0.0000000000
65110  -40.033  -16.079  50.225 0.0000000000
65996  -40.275  -15.382  49.650 0.0000000000
65997  -41.847  -15.334  50.328 0.0000000000
65999  -43.616  -14.848  50.440 0.0000000000
67758  -45.114  -14.089  50.603 0.0000000000
48970  -11.307  -33.015  79.139 0.0000000000
49871  -11.906  -32.441  78.504 0.0000000000
48164  -11.530  -33.936  77.502 0.0000000000
115040  -11.522  -34.862  76.634 0.0000000000
46283  -11.537  -36.034  75.847 0.0000000000
115670  -9.652  -35.695  79.276 0.0000000000
46238  -9.048  -36.571  79.630 0.0000000000
45160  -8.720  -36.842  79.961 0.0000000000
43124  -8.691  -39.432  79.223 0.0000000000
44112  -8.182  -38.423  79.894 0.0000000000
45148  -8.167  -36.578  80.793 0.0000000000
45147  -7.319  -36.990  80.457 0.0000000000
45157  -5.876  -37.769  80.838 0.0000000000
41165  -6.054  -41.189  80.353 0.0000000000
42131  -5.934  -40.011  80.687 0.0000000000
48149  -10.746  -33.759  79.437 0.0000000000
56536  -33.175  -24.950  64.058 0.0000000000
56537  -33.884  -24.969  64.311 0.0000000000
52546  -27.046  -28.092  69.594 0.0000000000
112727  -32.879  -24.560  65.150 0.0000000000
57513  -32.021  -24.259  65.284 0.0000000000
57524  -32.588  -24.618  64.596 0.0000000000
57535  -32.220  -24.874  63.873 0.0000000000
51649  -27.742  -28.319  70.022 0.0000000000
51636  -27.877  -28.310  71.077 0.0000000000
70697  -45.347  -9.415  43.189 0.0000000000
112764  -34.930  -18.582  52.413 0.0000000000
62438  -35.509  -18.816  51.810 0.0000000000
49937  -15.395  -32.214  72.475 0.0000000000
50755  -15.739  -30.953  73.473 0.0000000000
50754  -15.367  -31.600  73.119 0.0000000000
49924  -14.815  -32.290  73.097 0.0000000000
57476  -36.286  -23.109  68.375 0.0000000000
54575  -32.312  -27.093  72.401 0.0000000000
54587  -32.035  -26.574  71.793 0.0000000000
54588  -32.575  -26.319  72.394 0.0000000000
57463  -35.110  -22.617  69.976 0.0000000000
57475  -35.664  -22.947  68.979 0.0000000000
52524  -31.992  -27.711  72.487 0.0000000000
122564  -44.963  -13.219  50.329 0.0000000000
122584  -44.327  -13.510  49.961 0.0000000000
71532  -45.974  -8.692  47.744 0.0000000000
72389  -46.509  -8.388  48.049 0.0000000000
63223  -35.739  -17.758  60.972 0.0000000000
127208  -38.491  -16.912  57.402 0.0000000000
63272  -37.917  -17.090  56.897 0.0000000000
63294  -38.693  -17.188  56.174 0.0000000000
54572  -21.084  -26.280  71.017 0.0000000000
55494  -20.705  -25.962  71.905 0.0000000000
75941  -51.452  -4.722  39.156 0.0000000000
75942  -52.188  -3.869  39.396 0.0000000000
47215  -8.890  -34.639  81.582 0.0000000000
127778  -8.510  -35.166  81.567 0.0000000000
46225  -8.269  -35.819  81.202 0.0000000000
56582  -36.296  -25.265  61.464 0.0000000000
56581  -36.059  -25.968  61.158 0.0000000000
57517  -37.741  -23.020  65.255 0.0000000000
58595  -38.188  -22.546  65.675 0.0000000000
62320  -36.901  -19.248  64.850 0.0000000000
61470  -36.686  -20.371  64.333 0.0000000000
132549  -36.267  -20.075  63.924 0.0000000000
62325  -36.169  -19.021  63.506 0.0000000000
63214  -36.541  -18.671  64.123 0.0000000000
53609  -22.370  -28.208  66.649 0.0000000000
53624  -23.057  -28.219  66.082 0.0000000000
53612  -29.840  -27.180  68.176 0.0000000000
70721  -47.548  -9.866  40.173 0.0000000000
73316  -48.298  -7.493  45.399 0.0000000000
74209  -50.359  -6.747  42.473 0.0000000000
74212  -50.487  -6.379  41.549 0.0000000000
62350  -32.503  -19.343  57.077 0.0000000000
119879  -31.615  -20.416  56.494 0.0000000000
133300  -37.171  -18.526  50.234 0.0000000000
124672  -37.069  -18.967  49.608 0.0000000000
63407  -37.706  -17.972  49.478 0.0000000000
63400  -38.025  -17.799  50.648 0.0000000000
62396  -40.111  -18.365  53.455 0.0000000000
64250  -43.502  -16.937  52.146 0.0000000000
64249  -42.681  -17.279  52.191 0.0000000000
123093  -42.980  -16.672  51.811 0.0000000000
65101  -42.081  -16.487  51.406 0.0000000000
65102  -43.410  -16.129  51.455 0.0000000000
49899  -13.344  -32.693  75.638 0.0000000000
48999  -12.807  -33.030  76.035 0.0000000000
48181  -12.597  -33.768  75.751 0.0000000000
48194  -12.942  -34.102  75.084 0.0000000000
42132  -6.635  -40.221  80.341 0.0000000000
114579  -38.273  -16.458  59.843 0.0000000000
52543  -19.695  -28.762  68.879 0.0000000000
48135  -10.005  -34.413  80.428 0.0000000000
48127  -9.748  -34.053  81.138 0.0000000000
47216  -9.295  -34.377  81.328 0.0000000000
56579  -32.333  -25.908  61.466 0.0000000000
115462  -34.541  -25.719  62.717 0.0000000000
111707  -35.436  -25.842  62.726 0.0000000000
56569  -36.021  -26.039  62.365 0.0000000000
56555  -35.724  -25.541  63.030 0.0000000000
52606  -26.129  -29.267  65.366 0.0000000000
56503  -31.043  -24.826  67.356 0.0000000000
56534  -29.418  -25.456  64.447 0.0000000000
55566  -28.960  -26.086  63.955 0.0000000000
124075  -29.960  -24.955  63.889 0.0000000000
127479  -30.781  -25.020  62.624 0.0000000000
52521  -27.300  -28.208  71.777 0.0000000000
52511  -27.201  -28.161  72.552 0.0000000000
52510  -26.654  -27.842  72.230 0.0000000000
53555  -25.884  -27.541  71.763 0.0000000000
52544  -25.518  -27.441  68.725 0.0000000000
52531  -25.672  -27.356  69.793 0.0000000000
53596  -24.509  -27.362  68.358 0.0000000000
119459  -42.800  -10.826  44.867 0.0000000000
61524  -32.767  -19.322  54.493 0.0000000000
62467  -36.095  -19.475  50.646 0.0000000000
62468  -36.806  -18.810  50.447 0.0000000000
62423  -43.422  -18.525  54.353 0.0000000000
64239  -44.473  -16.901  52.455 0.0000000000
52495  -16.958  -29.323  73.574 0.0000000000
51581  -15.798  -30.206  74.590 0.0000000000
117422  -16.052  -29.694  74.984 0.0000000000
51570  -15.596  -30.016  75.340 0.0000000000
51561  -15.491  -29.744  76.154 0.0000000000
50747  -14.331  -32.147  74.494 0.0000000000
49900  -13.842  -32.462  75.136 0.0000000000
49028  -13.751  -32.894  74.407 0.0000000000
49044  -13.512  -33.693  73.983 0.0000000000
57501  -34.529  -24.436  66.444 0.0000000000
56513  -34.890  -24.758  65.971 0.0000000000
57502  -35.198  -24.332  66.605 0.0000000000
57490  -36.653  -23.259  67.659 0.0000000000
56506  -36.303  -23.620  66.946 0.0000000000
57503  -36.871  -23.306  67.138 0.0000000000
50792  -29.199  -28.600  70.619 0.0000000000
51652  -29.013  -28.486  69.668 0.0000000000
51653  -29.889  -28.564  70.305 0.0000000000
53584  -31.499  -26.673  71.069 0.0000000000
53583  -31.178  -27.031  70.558 0.0000000000
54599  -31.135  -26.605  70.193 0.0000000000
57446  -34.294  -23.525  72.097 0.0000000000
56484  -32.964  -24.552  71.744 0.0000000000
111788  -33.609  -23.579  69.715 0.0000000000
57462  -33.353  -23.861  70.558 0.0000000000
55521  -31.739  -25.315  69.953 0.0000000000
56496  -32.060  -24.616  69.190 0.0000000000
129279  -33.800  -23.989  67.090 0.0000000000
57500  -33.405  -24.194  66.339 0.0000000000
112531  -30.721  -28.581  71.703 0.0000000000
50783  -29.528  -28.846  71.184 0.0000000000
50772  -29.162  -28.712  71.198 0.0000000000
66845  -41.942  -14.645  49.589 0.0000000000
66008  -40.967  -14.359  48.983 0.0000000000
66855  -41.769  -13.964  48.938 0.0000000000
116893  -42.900  -13.070  48.621 0.0000000000
67765  -41.953  -13.204  48.288 0.0000000000
68729  -42.630  -12.567  47.932 0.0000000000
131703  -41.620  -12.485  47.362 0.0000000000
68738  -43.172  -11.912  47.765 0.0000000000
69717  -45.222  -10.823  49.826 0.0000000000
70656  -44.382  -10.307  48.347 0.0000000000
69729  -43.546  -11.087  47.439 0.0000000000
70661  -43.672  -10.481  46.840 0.0000000000
71536  -45.356  -8.767  46.391 0.0000000000
71546  -44.636  -9.256  44.834 0.0000000000
71547  -45.366  -8.753  45.355 0.0000000000
71555  -46.132  -8.444  44.988 0.0000000000
72394  -47.079  -7.820  47.321 0.0000000000
73302  -47.729  -7.501  46.660 0.0000000000
73303  -48.415  -7.278  46.949 0.0000000000
61481  -33.880  -19.529  60.753 0.0000000000
61487  -33.436  -20.394  60.514 0.0000000000
63230  -34.459  -18.139  59.371 0.0000000000
62339  -33.886  -18.907  59.834 0.0000000000
62343  -33.830  -18.499  58.976 0.0000000000
62352  -33.896  -18.311  58.077 0.0000000000
63233  -36.420  -17.231  59.403 0.0000000000
128141  -36.065  -17.389  57.380 0.0000000000
63269  -34.628  -17.746  57.523 0.0000000000
63290  -34.515  -17.739  56.494 0.0000000000
123224  -36.104  -17.352  54.740 0.0000000000
63342  -36.866  -17.569  53.947 0.0000000000
129274  -39.393  -17.647  54.574 0.0000000000
63345  -39.638  -18.073  53.852 0.0000000000
131930  -41.248  -17.879  55.659 0.0000000000
62400  -43.127  -18.479  54.778 0.0000000000
55486  -19.938  -26.367  72.618 0.0000000000
130159  -20.081  -26.272  73.441 0.0000000000
53577  -19.365  -28.426  69.698 0.0000000000
53563  -19.051  -28.181  70.401 0.0000000000
121328  -17.901  -29.588  70.980 0.0000000000
53552  -18.200  -28.478  71.684 0.0000000000
52509  -17.714  -28.889  72.153 0.0000000000
53540  -17.460  -28.938  72.909 0.0000000000
130463  -35.060  -26.513  60.000 0.0000000000
56598  -34.945  -25.942  59.290 0.0000000000
58662  -34.958  -23.672  60.373 0.0000000000
126641  -35.123  -24.477  59.935 0.0000000000
58661  -34.415  -23.271  60.074 0.0000000000
56525  -35.238  -24.561  65.296 0.0000000000
56539  -35.174  -24.829  64.432 0.0000000000
128897  -35.902  -24.082  64.936 0.0000000000
115000  -37.074  -23.426  64.370 0.0000000000
56558  -36.407  -23.755  64.239 0.0000000000
57536  -36.728  -23.597  63.916 0.0000000000
56557  -36.307  -23.980  63.659 0.0000000000
60631  -37.081  -21.784  63.792 0.0000000000
58633  -36.865  -22.804  62.943 0.0000000000
59651  -36.254  -22.418  62.501 0.0000000000
58648  -35.979  -22.718  61.888 0.0000000000
60634  -35.507  -21.244  62.198 0.0000000000
61483  -34.857  -20.849  61.767 0.0000000000
60638  -34.752  -21.583  61.362 0.0000000000
61482  -34.217  -20.097  61.477 0.0000000000
62329  -35.379  -18.696  62.301 0.0000000000
63219  -35.814  -17.903  61.908 0.0000000000
64148  -36.734  -17.492  62.265 0.0000000000
64973  -37.900  -16.817  64.504 0.0000000000
64142  -37.240  -17.226  64.277 0.0000000000
64982  -37.850  -16.828  63.826 0.0000000000
116597  -28.745  -28.567  68.717 0.0000000000
51666  -28.491  -28.709  68.174 0.0000000000
112612  -28.601  -28.759  68.033 0.0000000000
51695  -28.597  -28.771  66.903 0.0000000000
135084  -28.151  -28.999  67.012 0.0000000000
124139  -28.961  -26.780  66.539 0.0000000000
111775  -23.361  -26.140  72.056 0.0000000000
54573  -22.747  -25.999  71.695 0.0000000000
131229  -24.445  -26.787  70.741 0.0000000000
53554  -24.185  -26.725  71.390 0.0000000000
53580  -22.736  -26.882  68.714 0.0000000000
54598  -22.133  -26.654  69.428 0.0000000000
71559  -46.401  -8.593  44.247 0.0000000000
72418  -47.104  -8.353  44.173 0.0000000000
72419  -47.368  -8.378  43.464 0.0000000000
123409  -47.845  -8.269  43.178 0.0000000000
72426  -47.248  -8.491  42.620 0.0000000000
73321  -49.534  -7.309  44.661 0.0000000000
73326  -49.088  -7.531  42.275 0.0000000000
72428  -48.757  -7.759  43.125 0.0000000000
73325  -48.383  -7.844  42.541 0.0000000000
73334  -48.577  -7.398  40.601 0.0000000000
73340  -48.830  -7.427  39.647 0.0000000000
73341  -49.556  -6.971  39.265 0.0000000000
74216  -50.765  -5.815  40.750 0.0000000000
75090  -51.353  -5.145  40.782 0.0000000000
74220  -51.087  -5.341  39.933 0.0000000000
115009  -10.962  -35.573  77.096 0.0000000000
60653  -32.584  -20.785  59.328 0.0000000000
123313  -32.790  -21.770  59.266 0.0000000000
60652  -32.324  -21.335  58.722 0.0000000000
64275  -38.142  -17.413  48.919 0.0000000000
62393  -37.521  -17.722  53.215 0.0000000000
62416  -38.113  -17.873  52.687 0.0000000000
116163  -39.403  -18.305  52.684 0.0000000000
62441  -38.712  -18.088  52.471 0.0000000000
62457  -38.955  -18.182  52.247 0.0000000000
63380  -42.209  -18.282  53.081 0.0000000000
62443  -40.895  -18.566  53.042 0.0000000000
114160  -41.525  -18.285  52.761 0.0000000000
64248  -41.237  -17.677  51.926 0.0000000000
63390  -40.563  -18.092  52.203 0.0000000000
64258  -39.541  -17.440  51.268 0.0000000000
63401  -38.654  -17.362  50.673 0.0000000000
65111  -40.985  -15.648  50.338 0.0000000000
111962  -40.992  -14.996  49.643 0.0000000000
65988  -44.333  -15.295  51.001 0.0000000000
66000  -44.416  -14.512  50.520 0.0000000000
48977  -11.567  -33.351  78.079 0.0000000000
47268  -11.271  -34.647  77.339 0.0000000000
48174  -11.800  -34.087  76.883 0.0000000000
46300  -12.181  -35.660  75.217 0.0000000000
122702  -11.846  -36.554  75.337 0.0000000000
46268  -9.999  -36.400  77.970 0.0000000000
121966  -9.966  -35.567  78.823 0.0000000000
46256  -9.645  -36.244  78.721 0.0000000000
44123  -8.842  -37.857  79.053 0.0000000000
45171  -9.158  -36.962  79.010 0.0000000000
45166  -8.820  -37.178  79.462 0.0000000000
42149  -8.937  -41.155  79.206 0.0000000000
120611  -9.083  -40.285  78.929 0.0000000000
134113  -8.061  -38.076  80.155 0.0000000000
44101  -8.357  -37.537  80.071 0.0000000000
45158  -8.114  -37.407  80.420 0.0000000000
44100  -7.220  -38.067  80.249 0.0000000000
44087  -6.484  -37.649  80.696 0.0000000000
41172  -5.931  -41.250  80.253 0.0000000000
120022  -5.987  -40.628  80.547 0.0000000000
47230  -9.787  -35.118  79.831 0.0000000000
56567  -32.555  -25.523  62.277 0.0000000000
56553  -33.984  -25.265  63.485 0.0000000000
52560  -26.233  -27.845  68.085 0.0000000000
57499  -32.229  -23.958  66.636 0.0000000000
56512  -30.772  -24.651  66.392 0.0000000000
111925  -31.668  -24.187  66.067 0.0000000000
57512  -31.056  -24.271  65.521 0.0000000000
57522  -30.606  -24.446  65.016 0.0000000000
57533  -30.633  -24.650  64.274 0.0000000000
57534  -31.381  -24.738  63.802 0.0000000000
51625  -28.912  -28.725  71.786 0.0000000000
51624  -27.904  -28.554  71.801 0.0000000000
52545  -26.381  -27.632  69.120 0.0000000000
70689  -43.870  -9.840  44.392 0.0000000000
113692  -46.017  -9.252  42.882 0.0000000000
122652  -33.766  -24.054  59.132 0.0000000000
63340  -34.374  -18.203  54.120 0.0000000000
111821  -33.517  -18.917  53.815 0.0000000000
62454  -35.832  -19.120  51.260 0.0000000000
51609  -16.345  -30.574  73.111 0.0000000000
50749  -15.485  -30.800  74.192 0.0000000000
49913  -14.808  -31.876  73.803 0.0000000000
49912  -14.341  -32.530  73.776 0.0000000000
49060  -14.355  -33.701  72.806 0.0000000000
57488  -35.388  -23.950  67.402 0.0000000000
57478  -37.503  -22.629  68.354 0.0000000000
51640  -31.039  -28.203  71.584 0.0000000000
51655  -30.805  -27.991  70.826 0.0000000000
53570  -31.792  -27.204  71.834 0.0000000000
115073  -31.821  -25.887  71.282 0.0000000000
57453  -34.709  -23.037  71.072 0.0000000000
123075  -33.845  -23.451  68.890 0.0000000000
112521  -34.674  -23.706  68.193 0.0000000000
132708  -31.692  -27.904  72.352 0.0000000000
66856  -42.719  -13.756  49.130 0.0000000000
67757  -44.040  -12.761  49.326 0.0000000000
70650  -45.350  -9.943  49.500 0.0000000000
71526  -44.919  -9.660  48.645 0.0000000000
130309  -44.697  -9.602  47.777 0.0000000000
130461  -45.400  -9.114  47.865 0.0000000000
71537  -45.755  -8.693  47.108 0.0000000000
72400  -46.189  -8.380  46.373 0.0000000000
63231  -35.057  -17.796  59.770 0.0000000000
112084  -36.803  -17.122  58.146 0.0000000000
63271  -36.881  -17.242  57.386 0.0000000000
114840  -36.477  -17.332  56.607 0.0000000000
63292  -37.086  -17.238  55.713 0.0000000000
63316  -37.875  -17.439  54.881 0.0000000000
55488  -21.678  -25.733  73.577 0.0000000000
54559  -19.827  -26.556  71.865 0.0000000000
51623  -17.539  -29.953  71.505 0.0000000000
74226  -50.615  -6.553  37.749 0.0000000000
74224  -51.040  -5.832  38.051 0.0000000000
75099  -51.556  -5.404  37.474 0.0000000000
47214  -6.931  -35.268  81.653 0.0000000000
55593  -35.394  -26.246  61.281 0.0000000000
55606  -34.825  -26.463  60.641 0.0000000000
56591  -35.755  -25.806  60.449 0.0000000000
56599  -35.474  -25.263  59.983 0.0000000000
58647  -35.522  -23.560  60.906 0.0000000000
124303  -36.411  -23.616  65.901 0.0000000000
56528  -36.722  -23.539  65.347 0.0000000000
57526  -37.257  -23.368  64.944 0.0000000000
58603  -37.553  -23.076  64.616 0.0000000000
61471  -37.391  -20.797  64.798 0.0000000000
61475  -36.893  -20.979  64.159 0.0000000000
60630  -36.392  -21.247  63.376 0.0000000000
60635  -36.005  -21.620  62.677 0.0000000000
61473  -35.746  -20.087  62.936 0.0000000000
62330  -35.761  -19.255  62.924 0.0000000000
52605  -25.085  -29.271  64.893 0.0000000000
51683  -29.707  -28.162  68.154 0.0000000000
52577  -29.417  -28.326  67.857 0.0000000000
51696  -29.008  -28.646  67.526 0.0000000000
52593  -29.151  -28.205  67.013 0.0000000000
53645  -28.584  -27.738  65.161 0.0000000000
54561  -23.943  -26.524  72.085 0.0000000000
53581  -23.815  -26.923  68.986 0.0000000000
53594  -22.150  -27.463  67.955 0.0000000000
52573  -21.585  -28.869  66.599 0.0000000000
72412  -47.396  -8.138  44.662 0.0000000000
72414  -48.307  -8.030  44.217 0.0000000000
73324  -49.532  -7.457  43.868 0.0000000000
73335  -49.663  -6.693  40.990 0.0000000000
74214  -49.892  -6.535  40.091 0.0000000000
75087  -51.159  -5.708  41.477 0.0000000000
134368  -51.538  -5.574  42.036 0.0000000000
45202  -11.457  -36.976  75.806 0.0000000000
45201  -10.982  -37.511  76.231 0.0000000000
60660  -32.015  -21.243  57.880 0.0000000000
60669  -31.638  -21.108  57.137 0.0000000000
63412  -37.457  -18.699  49.013 0.0000000000
62395  -39.089  -18.038  53.389 0.0000000000
62417  -38.927  -18.107  52.939 0.0000000000
62418  -39.872  -18.424  53.173 0.0000000000
126656  -39.802  -18.412  52.791 0.0000000000
64260  -41.200  -17.062  51.489 0.0000000000
65986  -42.620  -15.837  51.021 0.0000000000
120219  -44.629  -15.574  51.460 0.0000000000
50735  -13.909  -31.305  76.496 0.0000000000
132046  -13.534  -31.810  76.433 0.0000000000
50727  -13.430  -31.594  77.032 0.0000000000
49880  -12.846  -32.173  77.250 0.0000000000
48987  -12.627  -32.884  76.840 0.0000000000
48180  -12.081  -34.296  76.191 0.0000000000
48193  -12.396  -34.611  75.482 0.0000000000
44131  -9.605  -37.779  77.844 0.0000000000
131818  -8.817  -38.722  78.910 0.0000000000
42140  -8.189  -41.149  79.878 0.0000000000
123170  -8.011  -40.201  79.929 0.0000000000
43105  -6.719  -39.175  80.446 0.0000000000
125719  -5.881  -39.107  80.927 0.0000000000
55507  -33.605  -25.146  72.761 0.0000000000
68718  -46.171  -12.571  50.798 0.0000000000
68722  -45.254  -12.494  50.316 0.0000000000
130668  -46.212  -11.567  50.760 0.0000000000
71521  -46.845  -8.863  50.152 0.0000000000
72384  -47.268  -7.995  49.477 0.0000000000
64163  -37.337  -16.798  60.536 0.0000000000
121311  -37.945  -16.697  58.990 0.0000000000
64195  -38.341  -16.828  58.163 0.0000000000
63273  -39.297  -17.061  56.695 0.0000000000
54596  -20.488  -27.272  69.697 0.0000000000
129301  -34.174  -26.035  62.120 0.0000000000
111939  -36.265  -25.847  61.903 0.0000000000
56583  -36.390  -24.944  62.088 0.0000000000
53625  -23.869  -27.893  66.467 0.0000000000
52591  -25.562  -28.707  65.889 0.0000000000
52575  -25.967  -28.265  66.988 0.0000000000
51706  -26.580  -29.668  64.891 0.0000000000
121662  -30.114  -25.942  68.462 0.0000000000
54616  -29.702  -26.463  68.022 0.0000000000
129978  -29.792  -25.852  67.847 0.0000000000
55551  -29.369  -25.849  66.485 0.0000000000
55543  -29.965  -25.197  66.264 0.0000000000
54637  -28.870  -26.189  65.862 0.0000000000
54650  -28.900  -26.292  64.903 0.0000000000
56565  -29.998  -25.005  62.903 0.0000000000
125612  -25.355  -27.281  72.121 0.0000000000
53567  -25.048  -26.898  70.337 0.0000000000
68762  -41.822  -11.956  45.148 0.0000000000
73312  -49.687  -7.056  46.551 0.0000000000
73317  -48.898  -7.466  45.085 0.0000000000
75081  -51.569  -5.727  43.537 0.0000000000
62361  -32.782  -18.911  56.229 0.0000000000
61511  -31.637  -20.047  55.516 0.0000000000
62375  -32.382  -19.386  55.439 0.0000000000
63388  -37.553  -18.089  50.903 0.0000000000
62398  -41.555  -18.558  53.994 0.0000000000
62420  -41.180  -18.512  53.459 0.0000000000
62421  -42.057  -18.585  53.669 0.0000000000
63381  -42.978  -17.848  52.829 0.0000000000
63393  -43.736  -17.292  52.498 0.0000000000
64251  -44.223  -16.650  52.170 0.0000000000
65092  -44.616  -16.134  52.008 0.0000000000
52494  -16.392  -29.662  74.231 0.0000000000
52476  -16.490  -29.012  75.057 0.0000000000
50736  -14.507  -30.757  76.183 0.0000000000
50742  -14.679  -31.016  75.387 0.0000000000
122474  -14.240  -31.390  75.833 0.0000000000
49027  -13.353  -33.576  74.758 0.0000000000
41173  -7.350  -41.610  80.301 0.0000000000
57514  -33.491  -24.672  65.425 0.0000000000
56523  -34.098  -24.949  64.962 0.0000000000
56505  -35.702  -24.029  66.766 0.0000000000
56515  -35.925  -23.889  66.176 0.0000000000
56517  -36.958  -23.311  66.047 0.0000000000
51650  -28.222  -28.404  69.362 0.0000000000
51651  -28.637  -28.466  69.256 0.0000000000
51667  -29.003  -28.613  69.015 0.0000000000
51654  -30.339  -28.293  70.428 0.0000000000
52547  -30.310  -28.056  69.815 0.0000000000
51669  -29.680  -28.364  68.839 0.0000000000
52579  -30.332  -27.493  69.076 0.0000000000
54609  -30.663  -26.590  69.448 0.0000000000
131348  -30.567  -25.972  69.148 0.0000000000
55506  -32.929  -25.360  72.239 0.0000000000
55514  -32.346  -25.165  71.528 0.0000000000
123117  -33.632  -23.738  71.372 0.0000000000
55522  -31.856  -25.061  70.828 0.0000000000
56504  -31.226  -24.728  68.429 0.0000000000
57485  -31.796  -24.116  67.494 0.0000000000
114647  -28.816  -28.575  71.130 0.0000000000
51637  -28.459  -28.416  70.438 0.0000000000
116616  -40.430  -14.328  48.317 0.0000000000
67773  -40.677  -13.358  47.525 0.0000000000
68730  -44.126  -11.993  49.095 0.0000000000
69723  -44.227  -11.117  48.807 0.0000000000
69722  -43.743  -11.554  48.333 0.0000000000
69728  -42.899  -11.599  46.961 0.0000000000
69740  -42.505  -11.412  46.114 0.0000000000
69751  -42.935  -10.862  45.605 0.0000000000
70681  -43.292  -10.262  45.038 0.0000000000
70672  -44.044  -9.853  46.480 0.0000000000
70682  -43.923  -9.687  45.455 0.0000000000
71553  -44.611  -9.570  43.715 0.0000000000
72408  -47.243  -8.050  45.299 0.0000000000
72391  -47.821  -7.366  48.833 0.0000000000
73304  -48.842  -6.971  47.629 0.0000000000
115177  -49.046  -7.254  46.777 0.0000000000
74187  -50.324  -6.661  47.178 0.0000000000
60645  -33.847  -21.454  60.563 0.0000000000
61486  -32.937  -20.142  59.903 0.0000000000
62338  -33.286  -19.311  59.454 0.0000000000
61493  -32.625  -19.826  59.074 0.0000000000
62341  -32.644  -19.649  58.024 0.0000000000
62362  -33.192  -18.686  56.886 0.0000000000
117308  -35.799  -17.495  59.310 0.0000000000
63249  -35.373  -17.570  58.765 0.0000000000
62363  -33.813  -18.116  57.188 0.0000000000
63314  -35.319  -17.526  55.614 0.0000000000
63362  -35.336  -17.933  53.332 0.0000000000
63363  -36.525  -17.730  53.170 0.0000000000
112953  -40.135  -17.394  56.240 0.0000000000
116250  -40.529  -17.626  55.507 0.0000000000
63296  -42.000  -17.768  56.302 0.0000000000
63319  -40.954  -17.813  54.808 0.0000000000
63347  -41.243  -18.252  54.348 0.0000000000
62399  -42.351  -18.594  54.299 0.0000000000
54582  -19.533  -27.397  70.767 0.0000000000
54570  -19.319  -27.196  71.526 0.0000000000
54557  -18.500  -27.504  72.821 0.0000000000
53529  -17.825  -28.105  73.256 0.0000000000
129986  -17.081  -29.618  72.965 0.0000000000
51622  -17.086  -30.337  72.002 0.0000000000
51610  -16.869  -30.152  72.695 0.0000000000
75944  -52.002  -4.199  38.471 0.0000000000
75096  -52.002  -4.629  37.674 0.0000000000
59685  -34.117  -22.493  60.244 0.0000000000
115318  -35.294  -25.170  63.706 0.0000000000
112773  -35.862  -24.270  64.282 0.0000000000
56556  -35.961  -24.792  63.414 0.0000000000
56571  -36.372  -24.444  62.906 0.0000000000
57555  -36.456  -23.820  62.371 0.0000000000
132106  -37.525  -22.889  64.232 0.0000000000
59616  -37.534  -22.299  64.168 0.0000000000
58623  -37.298  -22.908  63.594 0.0000000000
57546  -36.936  -23.197  63.002 0.0000000000
57562  -36.086  -23.460  61.561 0.0000000000
115496  -35.568  -22.921  61.334 0.0000000000
59671  -35.681  -22.019  62.139 0.0000000000
59670  -35.014  -22.351  61.208 0.0000000000
118089  -34.452  -21.968  60.863 0.0000000000
62333  -34.896  -19.067  61.940 0.0000000000
63209  -36.681  -17.737  63.905 0.0000000000
64145  -36.650  -17.667  63.143 0.0000000000
64150  -37.795  -16.955  63.063 0.0000000000
128235  -37.180  -17.278  62.842 0.0000000000
64154  -37.513  -17.049  61.509 0.0000000000
114149  -27.885  -29.017  66.959 0.0000000000
51680  -28.276  -28.914  67.366 0.0000000000
51693  -27.603  -29.195  66.334 0.0000000000
51707  -27.459  -29.515  65.512 0.0000000000
122876  -27.547  -29.860  64.552 0.0000000000
53627  -29.458  -27.076  67.433 0.0000000000
53626  -29.134  -27.730  66.870 0.0000000000
52608  -28.773  -28.342  66.332 0.0000000000
52624  -28.546  -28.367  65.408 0.0000000000
52607  -28.354  -28.955  65.749 0.0000000000
132346  -28.057  -29.368  65.399 0.0000000000
55489  -22.646  -25.867  73.263 0.0000000000
54584  -21.416  -26.557  70.140 0.0000000000
115535  -20.554  -27.814  68.826 0.0000000000
71573  -46.730  -9.133  41.793 0.0000000000
72421  -48.573  -8.009  43.720 0.0000000000
73323  -49.004  -7.760  43.625 0.0000000000
116405  -47.810  -8.177  42.622 0.0000000000
72441  -47.534  -8.384  40.835 0.0000000000
71583  -47.651  -9.114  40.010 0.0000000000
127516  -48.064  -8.084  39.848 0.0000000000
72447  -48.551  -8.548  38.985 0.0000000000
73347  -49.588  -7.522  38.371 0.0000000000
75938  -51.684  -4.592  40.058 0.0000000000
48163  -11.026  -34.330  78.131 0.0000000000
47240  -10.403  -35.044  78.534 0.0000000000
47266  -10.429  -35.861  77.678 0.0000000000
45188  -9.970  -37.085  77.565 0.0000000000
45189  -10.465  -37.220  76.887 0.0000000000
125149  -10.071  -37.782  77.227 0.0000000000
61502  -31.438  -20.871  55.643 0.0000000000
65116  -38.919  -16.210  48.333 0.0000000000
62442  -40.255  -18.498  52.920 0.0000000000
63378  -40.063  -18.352  52.578 0.0000000000
133338  -41.179  -18.095  52.365 0.0000000000
63389  -39.113  -18.104  51.898 0.0000000000
64259  -40.256  -16.878  51.067 0.0000000000
65109  -39.006  -16.272  49.485 0.0000000000
66006  -39.486  -15.590  49.093 0.0000000000
65998  -42.754  -15.110  50.350 0.0000000000
66846  -42.848  -14.483  49.702 0.0000000000
65104  -44.940  -15.763  51.865 0.0000000000
121385  -11.077  -33.788  78.741 0.0000000000
49863  -11.693  -32.126  79.424 0.0000000000
132259  -11.366  -35.605  76.430 0.0000000000
47239  -10.121  -35.072  79.208 0.0000000000
46244  -9.352  -36.295  79.305 0.0000000000
46232  -9.377  -35.845  79.802 0.0000000000
125055  -9.070  -36.049  80.172 0.0000000000
46231  -8.797  -36.029  80.533 0.0000000000
46230  -8.504  -36.151  80.800 0.0000000000
128657  -8.498  -38.552  79.455 0.0000000000
43117  -8.192  -39.334  79.772 0.0000000000
45159  -8.463  -36.766  80.400 0.0000000000
46224  -7.264  -35.943  80.897 0.0000000000
45146  -6.472  -36.780  80.861 0.0000000000
45145  -5.981  -36.723  81.675 0.0000000000
40210  -6.666  -42.072  80.528 0.0000000000
41166  -6.287  -41.555  80.341 0.0000000000
124544  -6.137  -40.775  80.410 0.0000000000
43103  -5.889  -39.363  80.951 0.0000000000
50775  -30.353  -28.910  71.775 0.0000000000
50784  -29.918  -28.935  71.081 0.0000000000
50793  -29.451  -28.588  70.380 0.0000000000
51628  -31.747  -28.143  72.667 0.0000000000
51668  -29.186  -28.576  68.799 0.0000000000
51682  -29.131  -28.630  68.113 0.0000000000
52523  -31.404  -28.095  72.157 0.0000000000
52534  -31.285  -27.777  71.415 0.0000000000
52548  -30.938  -27.501  70.501 0.0000000000
52562  -30.104  -28.030  68.934 0.0000000000
52563  -30.520  -27.611  69.644 0.0000000000
53613  -30.257  -27.122  68.909 0.0000000000
56526  -35.631  -24.193  65.480 0.0000000000
56541  -36.264  -23.814  64.837 0.0000000000
57516  -37.344  -23.217  65.601 0.0000000000
58572  -37.930  -22.254  68.777 0.0000000000
58611  -37.872  -22.534  64.620 0.0000000000
71531  -45.152  -9.060  47.203 0.0000000000
75939  -52.184  -3.942  40.250 0.0000000000
112411  -28.347  -28.898  67.373 0.0000000000
112473  -29.831  -28.399  69.593 0.0000000000
113314  -35.516  -24.878  63.831 0.0000000000
124216  -31.092  -28.449  72.160 0.0000000000
129228  -27.028  -29.822  64.661 0.0000000000
130062  -44.496  -15.934  51.764 0.0000000000
131917  -9.067  -35.626  80.536 0.0000000000
132122  -28.466  -28.904  67.008 0.0000000000
132592  -31.948  -19.828  56.874 0.0000000000
133618  -27.430  -29.042  66.562 0.0000000000
133623  -30.692  -28.333  71.126 0.0000000000
134253  -30.561  -25.430  68.780 0.0000000000
