#!ascii label  , from subject sub-v1s6x0051367_ses-1 vox2ras=TkReg
838
87863  37.370  7.803  39.798 0.0000000000
86510  49.125  6.119  36.063 0.0000000000
86543  45.552  5.104  32.756 0.0000000000
84346  52.088  3.062  24.458 0.0000000000
84277  41.864  2.805  37.602 0.0000000000
89150  43.559  9.824  36.292 0.0000000000
85817  53.320  5.833  29.786 0.0000000000
128586  39.335  5.021  24.228 0.0000000000
89749  45.137  11.285  38.347 0.0000000000
87186  44.264  6.852  39.285 0.0000000000
83472  47.011  1.183  35.163 0.0000000000
85827  40.147  4.349  30.272 0.0000000000
112831  44.160  4.157  25.053 0.0000000000
89162  51.067  9.834  34.881 0.0000000000
86599  49.199  5.367  27.663 0.0000000000
86601  38.516  5.569  27.172 0.0000000000
89122  40.730  9.454  40.040 0.0000000000
135671  40.299  7.329  39.704 0.0000000000
131792  44.870  1.825  37.356 0.0000000000
86523  42.110  5.738  34.446 0.0000000000
130048  40.034  5.928  32.610 0.0000000000
85807  42.907  4.153  31.894 0.0000000000
85858  42.601  3.828  28.059 0.0000000000
85839  45.144  4.035  29.317 0.0000000000
87852  48.368  8.433  39.561 0.0000000000
89765  48.820  11.090  37.938 0.0000000000
87877  51.200  8.368  36.333 0.0000000000
85880  53.800  4.718  26.005 0.0000000000
87285  52.933  6.492  28.794 0.0000000000
86623  51.545  5.219  24.895 0.0000000000
86636  49.236  5.274  23.090 0.0000000000
128309  49.531  2.838  25.655 0.0000000000
82654  47.257  0.214  28.018 0.0000000000
113517  36.503  5.883  39.519 0.0000000000
86505  39.919  5.145  38.702 0.0000000000
87220  44.931  6.807  35.386 0.0000000000
85055  49.050  3.909  32.835 0.0000000000
86526  51.025  6.233  33.118 0.0000000000
85077  50.836  3.266  29.699 0.0000000000
84333  53.241  2.533  26.530 0.0000000000
126005  41.841  13.620  36.087 0.0000000000
89768  41.552  10.973  37.768 0.0000000000
88502  45.173  9.127  40.235 0.0000000000
86497  47.167  5.884  38.453 0.0000000000
85759  42.497  4.790  38.196 0.0000000000
85768  45.939  4.088  37.965 0.0000000000
85049  47.758  3.996  35.916 0.0000000000
83479  47.727  1.050  32.664 0.0000000000
86494  33.894  5.739  39.531 0.0000000000
87261  39.017  6.881  31.270 0.0000000000
86579  38.153  6.161  29.847 0.0000000000
85860  40.399  4.538  27.697 0.0000000000
117871  41.621  4.929  23.701 0.0000000000
85133  42.956  4.407  22.449 0.0000000000
90387  45.485  12.319  36.521 0.0000000000
88541  46.520  9.188  36.398 0.0000000000
87910  48.135  7.127  33.909 0.0000000000
128063  52.762  8.083  32.742 0.0000000000
87258  49.899  6.893  31.266 0.0000000000
86565  47.839  5.321  30.582 0.0000000000
116391  46.857  4.598  26.341 0.0000000000
85926  46.240  4.234  22.410 0.0000000000
86602  37.750  5.770  26.566 0.0000000000
87294  37.908  6.157  27.629 0.0000000000
88508  39.441  9.158  40.172 0.0000000000
116834  38.912  7.387  39.796 0.0000000000
86531  44.274  5.302  33.680 0.0000000000
85788  42.859  4.759  33.295 0.0000000000
85795  44.089  4.541  32.410 0.0000000000
85823  44.098  3.959  30.794 0.0000000000
85805  45.259  4.430  31.442 0.0000000000
87876  49.039  7.409  38.155 0.0000000000
88536  50.417  8.891  38.153 0.0000000000
87888  50.544  7.539  35.907 0.0000000000
85912  53.162  4.158  24.453 0.0000000000
86622  52.560  5.061  25.493 0.0000000000
85107  52.183  4.438  24.789 0.0000000000
85120  50.843  4.530  24.525 0.0000000000
113462  50.422  3.266  25.312 0.0000000000
83529  48.868  1.310  26.494 0.0000000000
82680  49.870  0.541  25.638 0.0000000000
85025  37.827  4.063  39.231 0.0000000000
87894  42.533  7.533  35.811 0.0000000000
87881  44.075  8.128  36.408 0.0000000000
84298  49.140  2.433  31.271 0.0000000000
85062  49.639  3.210  31.285 0.0000000000
84311  50.047  2.322  29.837 0.0000000000
83528  52.241  1.036  26.471 0.0000000000
82678  53.669  0.268  24.338 0.0000000000
83542  54.647  1.879  23.801 0.0000000000
87843  42.300  8.194  40.149 0.0000000000
89107  43.303  9.240  40.173 0.0000000000
88521  44.093  8.229  40.165 0.0000000000
87855  45.542  7.756  39.834 0.0000000000
87202  45.813  6.285  38.946 0.0000000000
85032  41.088  3.990  37.985 0.0000000000
85760  41.278  4.734  38.304 0.0000000000
85042  42.330  3.496  37.655 0.0000000000
83465  46.258  1.515  36.559 0.0000000000
84273  45.493  2.509  37.431 0.0000000000
84280  46.848  2.728  36.742 0.0000000000
85037  47.063  3.916  37.303 0.0000000000
84284  47.222  2.697  35.958 0.0000000000
84290  47.923  2.688  33.686 0.0000000000
83475  47.511  1.225  33.482 0.0000000000
80790  47.737  -1.275  31.530 0.0000000000
112903  39.841  5.044  31.834 0.0000000000
87260  39.408  6.362  31.773 0.0000000000
85811  39.432  5.215  31.280 0.0000000000
87271  38.495  6.499  30.636 0.0000000000
85845  39.581  4.638  29.588 0.0000000000
85861  39.843  4.595  28.476 0.0000000000
85844  40.428  4.302  29.369 0.0000000000
85094  44.205  3.703  27.073 0.0000000000
85871  42.322  4.283  26.021 0.0000000000
112614  43.175  4.283  25.187 0.0000000000
85919  41.918  5.021  22.770 0.0000000000
85918  43.565  4.710  22.835 0.0000000000
90359  44.177  12.178  37.365 0.0000000000
91046  44.333  13.235  36.128 0.0000000000
90370  45.841  12.318  36.936 0.0000000000
89144  50.275  10.573  36.758 0.0000000000
89146  47.992  10.456  36.949 0.0000000000
88550  48.853  9.111  35.591 0.0000000000
87889  47.356  7.963  35.410 0.0000000000
87900  48.680  7.872  34.315 0.0000000000
86550  51.979  5.796  31.738 0.0000000000
87249  52.243  6.930  32.751 0.0000000000
86549  53.022  6.604  31.273 0.0000000000
86585  50.908  6.000  27.981 0.0000000000
87268  51.250  6.959  30.331 0.0000000000
87279  50.237  6.461  29.759 0.0000000000
87259  48.874  6.383  31.476 0.0000000000
86576  48.613  5.514  29.370 0.0000000000
85853  47.353  4.620  28.114 0.0000000000
85852  48.236  5.071  27.697 0.0000000000
119056  48.222  4.298  22.640 0.0000000000
85925  47.701  4.551  22.557 0.0000000000
84374  46.347  3.352  22.625 0.0000000000
84365  44.922  2.442  23.115 0.0000000000
124997  41.986  11.622  35.136 0.0000000000
86614  38.228  5.316  26.107 0.0000000000
86627  38.817  5.225  25.421 0.0000000000
89754  39.213  10.223  38.351 0.0000000000
89123  39.853  9.490  39.989 0.0000000000
88507  40.827  8.837  40.373 0.0000000000
87859  41.885  7.464  39.699 0.0000000000
84275  43.587  2.614  37.543 0.0000000000
86534  41.267  5.436  33.415 0.0000000000
85798  41.311  4.526  32.227 0.0000000000
113086  41.488  4.071  30.737 0.0000000000
113085  41.892  3.913  29.912 0.0000000000
85842  42.934  3.830  29.758 0.0000000000
85857  44.079  3.666  28.659 0.0000000000
85884  45.034  3.846  26.845 0.0000000000
114397  47.665  9.895  40.016 0.0000000000
114874  47.638  10.938  38.703 0.0000000000
89114  49.337  10.086  39.421 0.0000000000
89140  51.219  10.177  37.699 0.0000000000
89152  52.118  9.913  35.421 0.0000000000
85851  53.671  5.278  28.072 0.0000000000
86573  53.453  6.154  29.242 0.0000000000
86595  53.572  5.743  27.359 0.0000000000
130431  51.670  5.880  27.244 0.0000000000
86610  50.483  5.496  25.787 0.0000000000
86611  49.449  5.502  25.696 0.0000000000
86635  49.812  5.359  23.600 0.0000000000
85121  49.700  4.683  23.337 0.0000000000
84350  47.933  2.816  25.164 0.0000000000
82668  48.539  0.564  26.876 0.0000000000
87193  37.081  6.702  39.577 0.0000000000
123752  38.679  6.290  39.541 0.0000000000
86490  38.072  5.549  39.465 0.0000000000
85762  39.660  4.305  38.500 0.0000000000
84267  40.052  2.855  37.945 0.0000000000
87224  41.309  7.176  34.865 0.0000000000
87233  43.401  6.085  35.072 0.0000000000
86520  44.810  5.770  34.219 0.0000000000
85781  49.097  4.981  33.939 0.0000000000
86518  49.660  5.749  34.337 0.0000000000
85793  49.789  4.473  32.429 0.0000000000
85802  51.134  4.854  31.372 0.0000000000
85066  51.616  4.263  29.959 0.0000000000
84320  50.921  2.200  28.592 0.0000000000
84319  51.733  2.725  28.139 0.0000000000
85084  53.270  4.275  27.901 0.0000000000
85100  53.963  3.440  26.236 0.0000000000
85117  54.422  2.785  23.786 0.0000000000
83557  52.193  1.106  23.570 0.0000000000
82679  50.628  0.432  24.850 0.0000000000
90372  42.355  11.984  37.291 0.0000000000
121549  43.893  10.905  38.393 0.0000000000
89133  41.285  9.742  39.273 0.0000000000
89735  43.130  10.164  39.035 0.0000000000
89117  45.794  9.744  39.804 0.0000000000
88518  46.910  9.053  40.164 0.0000000000
87872  47.934  7.490  39.257 0.0000000000
86507  48.233  5.837  37.417 0.0000000000
87191  39.687  6.719  39.527 0.0000000000
87206  41.916  6.108  38.736 0.0000000000
87205  42.878  6.028  38.671 0.0000000000
85040  44.066  3.290  37.644 0.0000000000
85757  44.126  4.716  38.093 0.0000000000
86500  44.517  5.433  38.460 0.0000000000
85755  46.125  4.841  38.272 0.0000000000
85766  47.304  4.661  37.563 0.0000000000
85778  48.309  4.530  35.351 0.0000000000
85056  48.172  3.548  34.035 0.0000000000
84294  48.461  2.363  32.368 0.0000000000
83483  48.425  1.087  31.379 0.0000000000
82611  47.625  0.288  32.305 0.0000000000
82614  47.945  0.256  31.567 0.0000000000
129393  36.056  6.665  39.494 0.0000000000
86492  35.643  5.855  39.476 0.0000000000
117381  33.951  4.047  39.471 0.0000000000
87932  39.919  7.617  31.354 0.0000000000
88594  38.825  8.472  30.298 0.0000000000
86590  38.483  5.525  28.264 0.0000000000
85874  39.743  4.847  27.257 0.0000000000
85888  39.657  5.155  25.940 0.0000000000
113083  41.698  4.041  28.272 0.0000000000
85872  41.296  4.538  26.216 0.0000000000
85904  40.848  5.027  23.918 0.0000000000
120581  44.489  10.761  36.205 0.0000000000
90385  46.775  11.707  37.108 0.0000000000
89148  46.052  10.532  36.535 0.0000000000
120713  45.292  9.472  36.530 0.0000000000
87879  46.058  8.337  36.204 0.0000000000
87219  45.892  7.031  35.141 0.0000000000
87243  46.647  6.237  33.715 0.0000000000
87227  51.390  7.230  34.188 0.0000000000
87897  52.559  8.451  34.056 0.0000000000
88567  52.025  9.095  33.435 0.0000000000
87930  53.014  7.391  30.779 0.0000000000
87914  51.914  8.296  32.194 0.0000000000
87908  50.110  8.206  33.106 0.0000000000
87916  49.340  7.389  32.758 0.0000000000
87252  47.871  6.198  32.707 0.0000000000
86553  46.783  4.977  31.776 0.0000000000
85838  46.430  4.475  29.490 0.0000000000
85854  46.390  4.320  28.505 0.0000000000
85883  45.972  4.198  26.571 0.0000000000
86612  48.037  5.304  24.880 0.0000000000
85899  46.695  4.968  24.008 0.0000000000
85916  45.194  4.527  23.445 0.0000000000
130735  44.531  4.306  21.989 0.0000000000
82639  46.481  0.181  28.317 0.0000000000
115887  37.341  6.884  27.542 0.0000000000
87288  37.652  6.740  28.331 0.0000000000
88525  37.623  8.809  40.060 0.0000000000
87862  38.261  8.117  39.951 0.0000000000
86544  44.643  4.942  32.968 0.0000000000
85794  44.950  4.666  32.191 0.0000000000
86554  45.898  4.739  32.029 0.0000000000
87215  48.882  6.328  36.930 0.0000000000
87209  49.354  7.098  37.317 0.0000000000
87214  49.642  6.884  36.443 0.0000000000
85119  52.791  3.705  24.262 0.0000000000
84347  51.558  3.632  24.838 0.0000000000
83544  51.066  2.495  25.160 0.0000000000
83545  50.327  1.437  25.474 0.0000000000
89157  42.460  9.564  35.971 0.0000000000
87882  43.153  8.170  36.274 0.0000000000
88545  43.003  8.929  36.340 0.0000000000
83482  48.953  1.782  30.896 0.0000000000
84302  49.530  2.417  30.648 0.0000000000
83487  49.381  1.661  30.161 0.0000000000
82665  52.949  0.802  25.507 0.0000000000
82684  54.069  0.152  23.235 0.0000000000
85922  39.676  4.897  23.996 0.0000000000
87858  42.792  7.495  39.701 0.0000000000
87842  43.220  8.195  40.176 0.0000000000
87857  43.713  7.531  39.730 0.0000000000
87185  45.202  6.926  39.400 0.0000000000
85043  41.625  3.537  37.739 0.0000000000
83469  46.696  1.344  35.825 0.0000000000
84282  46.274  2.194  36.964 0.0000000000
84285  46.799  2.050  36.247 0.0000000000
83468  47.196  1.956  35.331 0.0000000000
124043  47.526  2.309  34.449 0.0000000000
83471  47.301  1.410  34.420 0.0000000000
85810  40.064  4.571  31.201 0.0000000000
85828  39.480  4.831  30.498 0.0000000000
128432  44.202  3.845  26.084 0.0000000000
85885  43.380  3.836  26.576 0.0000000000
85902  43.555  4.621  23.868 0.0000000000
134135  44.626  11.662  37.825 0.0000000000
90371  45.186  12.311  37.291 0.0000000000
90358  46.008  11.894  37.696 0.0000000000
89154  50.633  10.193  35.761 0.0000000000
89155  49.536  9.941  36.144 0.0000000000
88549  49.933  9.472  35.232 0.0000000000
88559  49.263  8.662  34.740 0.0000000000
85801  52.251  5.556  30.993 0.0000000000
86562  53.144  6.178  30.514 0.0000000000
86586  49.774  5.708  28.320 0.0000000000
86574  50.523  6.239  28.924 0.0000000000
86575  49.477  5.893  29.159 0.0000000000
86563  49.184  6.086  30.052 0.0000000000
86587  48.853  5.406  28.517 0.0000000000
84362  47.383  2.967  23.974 0.0000000000
84373  47.296  3.495  22.880 0.0000000000
84363  46.611  2.792  23.594 0.0000000000
84352  45.952  2.294  24.517 0.0000000000
86613  39.027  5.214  26.657 0.0000000000
130959  38.815  9.815  39.080 0.0000000000
89124  38.872  9.455  39.804 0.0000000000
88523  39.969  8.638  40.278 0.0000000000
88522  40.526  8.051  40.082 0.0000000000
87844  41.383  8.172  40.124 0.0000000000
87860  41.021  7.415  39.687 0.0000000000
86524  41.438  5.954  34.119 0.0000000000
87245  40.838  6.224  33.657 0.0000000000
118025  41.850  5.433  33.896 0.0000000000
85796  43.246  4.462  32.560 0.0000000000
85797  42.266  4.485  32.569 0.0000000000
85808  42.011  4.135  31.555 0.0000000000
128582  42.813  3.953  31.237 0.0000000000
85825  42.396  3.907  30.654 0.0000000000
85824  43.267  3.874  30.645 0.0000000000
116520  44.783  4.005  30.146 0.0000000000
85840  44.390  3.837  29.364 0.0000000000
85856  44.766  3.836  28.772 0.0000000000
85869  44.722  3.682  27.931 0.0000000000
85855  45.443  4.001  28.562 0.0000000000
88517  47.979  9.229  40.028 0.0000000000
89115  48.543  9.982  39.801 0.0000000000
88516  48.831  9.349  39.684 0.0000000000
87874  50.771  8.576  37.269 0.0000000000
88535  51.178  9.519  37.632 0.0000000000
88539  51.602  9.246  36.749 0.0000000000
89139  51.525  10.253  36.948 0.0000000000
88548  52.156  8.958  35.850 0.0000000000
85865  53.741  5.174  26.799 0.0000000000
85850  53.692  5.566  27.419 0.0000000000
86607  53.633  5.268  26.700 0.0000000000
86608  52.988  5.462  26.481 0.0000000000
86609  51.770  5.500  26.044 0.0000000000
86597  50.708  5.660  26.928 0.0000000000
119489  51.028  5.462  24.856 0.0000000000
86624  50.174  5.459  24.582 0.0000000000
86634  50.577  5.375  24.273 0.0000000000
85108  49.691  3.701  24.809 0.0000000000
85109  48.784  3.375  24.652 0.0000000000
84349  48.844  2.847  25.603 0.0000000000
82667  49.256  0.603  26.324 0.0000000000
86491  37.310  5.730  39.522 0.0000000000
87192  37.847  6.251  39.557 0.0000000000
85763  38.732  3.997  38.754 0.0000000000
85034  39.491  3.432  38.336 0.0000000000
87893  43.502  7.382  35.973 0.0000000000
87222  42.936  6.722  35.528 0.0000000000
87221  43.935  6.690  35.533 0.0000000000
87232  44.378  6.182  34.908 0.0000000000
87231  45.331  6.382  34.662 0.0000000000
85786  48.713  4.165  33.578 0.0000000000
85785  49.466  4.711  33.182 0.0000000000
84301  50.221  3.113  30.499 0.0000000000
85803  50.117  4.208  31.693 0.0000000000
85061  50.506  3.949  30.989 0.0000000000
85819  51.424  4.587  30.675 0.0000000000
85067  50.844  3.819  30.367 0.0000000000
83505  50.590  1.386  28.402 0.0000000000
83515  50.894  0.968  27.660 0.0000000000
83513  52.298  1.789  26.891 0.0000000000
84325  52.351  2.536  27.366 0.0000000000
85085  52.226  3.595  28.444 0.0000000000
84318  52.689  3.339  27.690 0.0000000000
85093  53.658  3.944  27.070 0.0000000000
83555  54.540  1.460  23.234 0.0000000000
84345  54.469  2.693  24.239 0.0000000000
84360  54.214  2.269  23.348 0.0000000000
83556  53.225  1.760  23.197 0.0000000000
90373  41.220  11.955  37.201 0.0000000000
90360  43.145  11.423  37.730 0.0000000000
89767  42.320  10.971  37.917 0.0000000000
89134  40.403  9.673  39.234 0.0000000000
89753  40.068  10.140  38.335 0.0000000000
89106  44.232  9.206  40.151 0.0000000000
89120  43.091  9.684  39.653 0.0000000000
89119  43.949  9.668  39.741 0.0000000000
89734  43.704  10.112  39.244 0.0000000000
89118  44.857  9.708  39.785 0.0000000000
88501  46.097  9.249  40.092 0.0000000000
88519  45.856  8.617  40.138 0.0000000000
87201  46.716  6.423  38.984 0.0000000000
87183  47.074  7.260  39.402 0.0000000000
87200  47.522  6.661  38.853 0.0000000000
87211  47.874  6.220  38.160 0.0000000000
86489  39.397  5.738  39.208 0.0000000000
86488  40.227  5.948  38.990 0.0000000000
135106  41.894  4.917  38.312 0.0000000000
86503  41.522  5.424  38.537 0.0000000000
131580  42.263  5.428  38.475 0.0000000000
86502  42.889  5.282  38.380 0.0000000000
115182  43.985  1.866  37.486 0.0000000000
84274  44.499  2.541  37.540 0.0000000000
85039  45.775  3.357  37.674 0.0000000000
85769  44.553  3.978  37.807 0.0000000000
129788  45.303  3.858  37.824 0.0000000000
85756  45.168  4.624  38.145 0.0000000000
86499  45.488  5.494  38.545 0.0000000000
117872  47.289  3.438  36.530 0.0000000000
85776  47.566  4.294  36.779 0.0000000000
85775  48.172  4.755  36.267 0.0000000000
85052  47.867  3.665  34.965 0.0000000000
84295  47.881  1.952  32.987 0.0000000000
84299  48.645  2.013  31.644 0.0000000000
83478  48.197  1.540  32.189 0.0000000000
81701  47.402  -0.406  32.712 0.0000000000
81703  47.995  -0.518  31.124 0.0000000000
81711  48.448  -0.585  30.414 0.0000000000
87865  35.559  7.451  39.635 0.0000000000
87194  34.263  6.564  39.444 0.0000000000
122206  35.144  6.599  39.513 0.0000000000
86493  34.771  5.779  39.472 0.0000000000
114042  35.310  5.087  39.483 0.0000000000
85750  34.438  4.852  39.481 0.0000000000
88585  39.939  8.271  30.715 0.0000000000
88593  39.738  9.009  30.057 0.0000000000
88586  38.818  7.635  30.746 0.0000000000
131521  38.456  5.612  29.170 0.0000000000
87287  37.979  6.152  28.804 0.0000000000
86600  39.092  5.015  27.813 0.0000000000
85873  40.457  4.755  26.623 0.0000000000
130676  42.276  3.806  29.015 0.0000000000
85886  41.410  4.855  24.843 0.0000000000
85920  41.496  4.811  23.270 0.0000000000
85930  42.235  4.716  22.475 0.0000000000
91680  42.240  13.669  35.956 0.0000000000
90388  44.823  12.730  35.992 0.0000000000
90393  44.106  13.201  35.805 0.0000000000
90389  44.163  12.494  35.652 0.0000000000
89783  44.430  11.809  35.802 0.0000000000
89782  45.199  11.848  36.142 0.0000000000
89746  48.220  11.098  38.313 0.0000000000
90357  47.364  11.548  37.950 0.0000000000
89766  47.891  11.328  37.648 0.0000000000
88540  47.464  9.478  36.425 0.0000000000
89147  46.925  10.334  36.649 0.0000000000
123893  46.098  9.660  36.476 0.0000000000
127000  45.276  10.632  36.399 0.0000000000
87880  45.093  8.341  36.400 0.0000000000
87901  47.728  7.538  34.629 0.0000000000
87902  46.801  7.280  34.875 0.0000000000
87229  47.215  6.841  34.189 0.0000000000
87230  46.274  6.617  34.417 0.0000000000
87242  47.558  6.485  33.459 0.0000000000
86517  50.642  6.393  33.878 0.0000000000
87228  50.280  6.561  34.679 0.0000000000
87239  52.669  7.715  33.037 0.0000000000
87226  52.423  7.814  33.756 0.0000000000
87906  52.641  8.249  33.325 0.0000000000
88566  52.440  8.745  33.698 0.0000000000
88571  52.473  8.496  32.912 0.0000000000
87276  53.229  6.476  29.506 0.0000000000
87266  53.167  6.970  30.314 0.0000000000
87277  52.691  6.755  29.551 0.0000000000
87257  51.076  7.357  30.986 0.0000000000
87921  50.838  7.670  31.661 0.0000000000
87907  51.440  8.618  32.853 0.0000000000
87915  50.506  7.914  32.397 0.0000000000
87250  49.596  7.191  31.965 0.0000000000
86551  48.226  5.739  31.250 0.0000000000
86540  48.106  5.953  31.930 0.0000000000
86552  47.559  5.378  31.459 0.0000000000
86541  47.333  5.550  32.268 0.0000000000
86566  47.005  4.859  30.916 0.0000000000
85820  47.139  4.795  30.014 0.0000000000
122184  46.647  4.362  27.409 0.0000000000
86625  49.143  5.498  24.350 0.0000000000
125827  48.499  5.353  25.798 0.0000000000
86626  48.399  5.336  23.573 0.0000000000
85915  46.733  4.718  22.793 0.0000000000
130092  46.014  4.697  23.433 0.0000000000
85927  45.701  4.455  22.658 0.0000000000
85928  44.727  4.508  22.591 0.0000000000
85138  45.083  4.341  22.224 0.0000000000
83560  44.470  2.050  23.911 0.0000000000
83517  47.028  1.317  27.317 0.0000000000
82655  46.709  0.780  27.779 0.0000000000
87295  37.321  6.329  26.875 0.0000000000
89125  37.890  9.428  39.855 0.0000000000
88524  38.538  9.028  40.124 0.0000000000
114404  39.129  8.414  40.073 0.0000000000
87861  39.733  7.764  39.927 0.0000000000
86532  43.363  5.188  33.845 0.0000000000
86533  42.514  5.255  33.926 0.0000000000
85787  43.748  4.794  33.158 0.0000000000
123767  43.614  4.254  31.970 0.0000000000
116521  43.506  4.024  31.365 0.0000000000
85806  44.327  4.268  31.587 0.0000000000
123765  44.791  4.150  30.934 0.0000000000
85822  45.493  4.288  30.666 0.0000000000
87871  48.725  7.825  38.944 0.0000000000
87870  49.519  8.285  38.536 0.0000000000
87875  49.858  7.947  37.713 0.0000000000
87878  50.205  7.694  36.837 0.0000000000
85106  53.757  3.879  24.523 0.0000000000
86621  53.301  4.953  25.981 0.0000000000
85896  52.386  4.676  24.881 0.0000000000
85897  51.230  5.148  24.561 0.0000000000
84334  48.986  2.174  26.245 0.0000000000
84348  49.891  2.284  25.735 0.0000000000
83546  49.516  1.436  26.114 0.0000000000
114502  36.813  5.244  39.515 0.0000000000
85748  37.450  4.856  39.466 0.0000000000
113632  37.048  4.045  39.437 0.0000000000
87895  41.604  7.909  35.432 0.0000000000
87883  42.342  8.449  36.003 0.0000000000
87892  44.518  7.415  36.013 0.0000000000
84293  48.966  2.797  31.862 0.0000000000
115420  49.367  3.604  32.114 0.0000000000
83514  51.575  1.196  27.153 0.0000000000
82666  52.148  0.409  26.160 0.0000000000
83527  53.333  1.739  25.807 0.0000000000
83526  54.310  2.123  24.737 0.0000000000
83543  54.026  1.319  24.576 0.0000000000
133729  54.453  0.806  23.191 0.0000000000
89769  40.607  10.901  37.654 0.0000000000
88506  41.783  8.808  40.353 0.0000000000
89108  42.257  9.277  40.099 0.0000000000
88505  42.739  8.805  40.340 0.0000000000
88504  43.662  8.780  40.311 0.0000000000
88503  44.422  8.765  40.295 0.0000000000
88520  44.945  8.376  40.176 0.0000000000
87184  46.151  7.078  39.427 0.0000000000
85761  40.489  4.526  38.376 0.0000000000
86504  40.728  5.312  38.582 0.0000000000
85772  41.922  4.253  37.959 0.0000000000
85771  42.796  4.153  37.804 0.0000000000
83456  45.639  1.714  37.104 0.0000000000
84281  46.323  2.907  37.351 0.0000000000
85038  46.437  3.653  37.579 0.0000000000
85046  46.839  3.301  37.165 0.0000000000
85050  47.497  3.328  35.681 0.0000000000
85053  47.753  3.017  34.425 0.0000000000
113669  47.600  1.925  33.787 0.0000000000
80791  47.447  -1.183  32.307 0.0000000000
125639  48.455  -1.879  30.532 0.0000000000
86545  40.165  5.367  32.371 0.0000000000
86546  39.566  5.711  31.997 0.0000000000
86555  38.951  5.967  31.240 0.0000000000
134430  38.521  7.023  30.706 0.0000000000
86567  39.026  5.410  30.695 0.0000000000
86568  38.614  5.846  30.493 0.0000000000
86578  38.835  5.295  29.907 0.0000000000
86589  39.047  5.063  28.885 0.0000000000
85843  40.807  4.291  28.450 0.0000000000
85870  43.587  3.650  27.771 0.0000000000
125283  42.774  3.833  27.146 0.0000000000
128241  42.176  4.696  24.689 0.0000000000
85903  42.461  4.834  23.747 0.0000000000
126248  42.747  4.775  22.806 0.0000000000
85929  43.440  4.506  22.375 0.0000000000
91033  43.018  13.132  36.596 0.0000000000
91047  43.553  13.564  36.095 0.0000000000
91032  43.954  13.125  36.615 0.0000000000
91030  45.067  12.670  36.487 0.0000000000
89777  49.468  10.816  37.534 0.0000000000
89778  48.435  11.000  37.400 0.0000000000
89145  49.068  10.544  36.934 0.0000000000
89156  48.464  9.676  36.402 0.0000000000
88552  46.956  8.550  36.032 0.0000000000
88551  47.875  8.807  35.871 0.0000000000
88560  48.262  8.304  35.087 0.0000000000
86538  51.531  6.000  32.446 0.0000000000
86537  52.679  6.728  32.071 0.0000000000
87256  53.062  7.268  31.694 0.0000000000
87286  51.789  6.478  28.798 0.0000000000
87278  51.462  6.691  29.593 0.0000000000
87269  50.068  6.701  30.543 0.0000000000
87270  49.291  6.360  30.833 0.0000000000
126125  48.425  5.566  30.075 0.0000000000
86577  47.867  5.163  29.645 0.0000000000
86588  48.008  5.078  28.751 0.0000000000
85867  47.477  4.736  27.097 0.0000000000
130151  48.696  4.813  22.570 0.0000000000
86637  48.611  5.039  22.698 0.0000000000
114618  47.022  4.005  22.300 0.0000000000
85132  45.905  3.854  22.259 0.0000000000
84375  45.454  3.187  22.477 0.0000000000
84364  45.735  2.598  23.353 0.0000000000
83559  45.112  2.036  24.152 0.0000000000
89784  43.120  10.518  35.913 0.0000000000
85906  38.760  5.037  24.622 0.0000000000
132686  39.457  5.219  24.707 0.0000000000
89135  39.526  9.695  39.161 0.0000000000
89110  40.253  9.209  40.262 0.0000000000
134472  40.724  9.212  40.270 0.0000000000
87187  43.318  6.792  39.221 0.0000000000
84276  42.708  2.700  37.591 0.0000000000
115434  43.099  1.960  37.544 0.0000000000
133561  45.146  1.265  37.159 0.0000000000
123756  45.687  1.056  36.792 0.0000000000
82593  46.231  0.810  36.217 0.0000000000
82607  47.049  0.714  34.726 0.0000000000
86535  40.530  5.752  33.015 0.0000000000
85789  42.022  4.922  33.410 0.0000000000
85790  41.524  4.823  32.900 0.0000000000
113239  40.841  5.078  32.687 0.0000000000
85799  40.451  4.733  32.013 0.0000000000
85809  40.973  4.326  31.434 0.0000000000
131321  40.709  4.261  30.759 0.0000000000
85826  40.986  4.129  30.053 0.0000000000
113084  43.209  3.736  28.771 0.0000000000
113515  43.857  3.894  30.003 0.0000000000
85841  43.698  3.758  29.305 0.0000000000
89733  46.388  10.473  39.360 0.0000000000
89748  46.123  11.217  38.597 0.0000000000
89732  47.297  10.457  39.466 0.0000000000
89731  48.259  10.557  39.310 0.0000000000
89745  49.044  10.838  38.687 0.0000000000
88531  49.946  9.221  38.846 0.0000000000
89132  50.100  10.104  39.007 0.0000000000
89764  49.742  10.834  38.194 0.0000000000
89776  51.124  10.579  36.877 0.0000000000
89143  51.130  10.449  36.217 0.0000000000
89153  51.526  10.173  35.500 0.0000000000
85835  53.445  5.583  28.936 0.0000000000
87284  53.364  6.246  28.804 0.0000000000
87293  53.251  6.183  28.092 0.0000000000
86596  52.760  5.974  27.200 0.0000000000
86584  52.276  6.260  28.015 0.0000000000
86598  49.999  5.607  27.575 0.0000000000
123692  49.725  5.470  26.796 0.0000000000
85913  49.921  5.250  23.632 0.0000000000
85130  49.375  5.082  22.858 0.0000000000
85122  49.110  4.051  23.264 0.0000000000
85110  48.155  3.480  23.633 0.0000000000
84336  47.204  2.350  26.081 0.0000000000
83516  47.780  1.104  27.249 0.0000000000
83530  48.246  1.553  26.677 0.0000000000
82653  47.889  0.264  27.494 0.0000000000
113516  38.026  7.082  39.677 0.0000000000
131933  38.721  5.454  39.321 0.0000000000
85747  38.327  4.806  39.255 0.0000000000
85746  39.124  4.923  38.956 0.0000000000
85033  40.281  3.701  38.110 0.0000000000
127565  40.959  3.026  37.745 0.0000000000
87236  41.102  6.685  34.279 0.0000000000
87235  41.702  6.405  34.730 0.0000000000
87223  42.003  6.898  35.362 0.0000000000
87234  42.476  6.186  35.014 0.0000000000
86522  42.936  5.624  34.513 0.0000000000
86521  43.862  5.646  34.411 0.0000000000
86530  45.193  5.440  33.487 0.0000000000
86519  48.845  5.188  34.788 0.0000000000
86514  49.373  5.938  35.184 0.0000000000
86527  49.985  5.547  33.537 0.0000000000
86539  50.335  5.354  32.770 0.0000000000
85792  50.726  5.116  32.065 0.0000000000
85818  52.480  5.250  30.260 0.0000000000
83496  49.764  1.531  29.548 0.0000000000
83495  50.297  1.798  29.119 0.0000000000
84310  50.633  2.497  29.241 0.0000000000
83504  51.410  1.821  27.754 0.0000000000
84309  51.289  3.002  28.896 0.0000000000
85076  51.857  3.892  29.214 0.0000000000
85075  52.897  4.583  28.699 0.0000000000
85866  53.799  4.876  27.235 0.0000000000
85092  54.012  4.339  26.217 0.0000000000
84332  54.106  2.735  25.438 0.0000000000
85099  54.163  3.477  25.188 0.0000000000
85105  54.183  3.383  24.367 0.0000000000
85118  53.799  3.323  23.978 0.0000000000
84361  53.150  2.819  23.698 0.0000000000
122618  52.143  2.161  24.030 0.0000000000
83558  51.243  1.340  24.597 0.0000000000
82685  51.464  0.351  23.945 0.0000000000
81763  50.952  -0.454  24.133 0.0000000000
117572  41.873  13.065  36.553 0.0000000000
116823  43.367  12.438  37.155 0.0000000000
89752  40.964  10.198  38.420 0.0000000000
89751  41.850  10.312  38.506 0.0000000000
89121  42.263  9.829  39.299 0.0000000000
89750  42.753  10.538  38.471 0.0000000000
129376  44.498  10.318  39.167 0.0000000000
122818  45.464  10.446  39.235 0.0000000000
89116  46.715  9.801  39.931 0.0000000000
87854  46.502  7.984  39.860 0.0000000000
87853  47.466  8.224  39.768 0.0000000000
87199  48.275  6.989  38.564 0.0000000000
87210  48.586  6.621  37.759 0.0000000000
87190  40.627  6.670  39.350 0.0000000000
87207  41.067  6.057  38.822 0.0000000000
87189  41.475  6.724  39.256 0.0000000000
87188  42.377  6.749  39.230 0.0000000000
87204  43.895  6.151  38.738 0.0000000000
85041  43.175  3.395  37.638 0.0000000000
85770  43.655  4.065  37.785 0.0000000000
120485  44.954  3.237  37.655 0.0000000000
85758  43.257  4.738  38.105 0.0000000000
86501  43.587  5.399  38.414 0.0000000000
87203  44.861  6.198  38.853 0.0000000000
86498  46.391  5.648  38.565 0.0000000000
85767  46.647  4.353  37.857 0.0000000000
86508  47.563  5.444  37.829 0.0000000000
86512  47.923  5.053  37.105 0.0000000000
86511  48.491  5.555  36.590 0.0000000000
86515  48.683  5.344  35.704 0.0000000000
85782  48.462  4.350  34.420 0.0000000000
130163  48.477  3.351  33.270 0.0000000000
85058  48.739  3.129  32.554 0.0000000000
83488  48.833  0.975  30.430 0.0000000000
82606  47.245  0.556  33.998 0.0000000000
81704  47.613  -0.471  31.894 0.0000000000
83484  47.952  0.851  32.012 0.0000000000
82613  48.379  0.228  30.795 0.0000000000
88526  36.767  8.492  39.941 0.0000000000
87864  36.460  7.564  39.668 0.0000000000
113488  36.116  5.187  39.450 0.0000000000
125302  35.367  3.700  39.450 0.0000000000
122918  38.697  9.051  29.880 0.0000000000
122564  38.207  7.881  30.109 0.0000000000
88595  38.079  8.502  29.721 0.0000000000
132697  41.345  4.041  29.207 0.0000000000
85859  41.128  4.363  27.442 0.0000000000
113082  41.971  4.084  27.219 0.0000000000
85887  40.411  5.157  25.038 0.0000000000
85905  39.972  5.133  24.066 0.0000000000
85921  40.657  4.833  23.800 0.0000000000
85931  41.872  4.873  22.602 0.0000000000
91679  43.143  13.651  35.926 0.0000000000
90395  42.791  12.063  35.293 0.0000000000
89787  43.501  11.622  35.608 0.0000000000
130810  43.836  10.866  35.946 0.0000000000
128358  46.672  11.675  38.013 0.0000000000
90369  46.591  11.861  37.351 0.0000000000
90386  46.216  12.005  36.873 0.0000000000
89779  47.408  11.278  37.142 0.0000000000
89780  46.599  11.431  36.801 0.0000000000
89781  45.877  11.617  36.546 0.0000000000
88543  44.515  8.851  36.521 0.0000000000
87891  45.511  7.537  35.882 0.0000000000
87890  46.454  7.725  35.649 0.0000000000
87244  45.731  5.983  33.970 0.0000000000
86529  46.121  5.602  33.279 0.0000000000
87218  49.913  6.748  35.527 0.0000000000
87217  50.929  7.400  35.004 0.0000000000
87887  51.664  8.178  35.404 0.0000000000
87240  51.784  7.092  33.433 0.0000000000
87898  52.077  7.977  34.526 0.0000000000
87886  52.418  8.694  34.879 0.0000000000
88547  52.376  9.360  35.252 0.0000000000
89160  52.291  9.526  34.773 0.0000000000
88557  51.544  9.447  34.120 0.0000000000
86548  53.249  6.805  30.642 0.0000000000
87255  53.150  7.299  31.090 0.0000000000
87247  52.934  7.642  31.693 0.0000000000
87931  52.298  7.482  30.832 0.0000000000
87920  52.334  7.863  31.541 0.0000000000
87913  52.726  8.060  32.253 0.0000000000
88568  50.927  8.931  33.537 0.0000000000
87899  49.693  8.381  33.917 0.0000000000
87909  49.042  7.594  33.536 0.0000000000
87241  48.482  6.804  33.180 0.0000000000
87251  48.694  6.628  32.360 0.0000000000
86528  47.039  5.814  33.042 0.0000000000
86542  46.480  5.273  32.540 0.0000000000
85804  46.152  4.568  31.229 0.0000000000
85821  46.328  4.524  30.359 0.0000000000
123764  45.664  4.256  29.856 0.0000000000
85837  47.220  4.682  29.090 0.0000000000
134997  45.814  4.250  29.142 0.0000000000
85868  45.738  3.979  27.653 0.0000000000
113081  45.159  4.170  25.586 0.0000000000
85881  48.824  5.317  26.788 0.0000000000
132156  48.122  5.066  26.731 0.0000000000
85882  47.678  4.951  26.059 0.0000000000
85898  47.559  5.253  24.116 0.0000000000
112618  47.153  4.958  25.187 0.0000000000
112931  46.243  4.563  25.416 0.0000000000
85900  45.666  4.580  24.432 0.0000000000
85901  44.676  4.416  24.302 0.0000000000
85917  44.263  4.630  23.212 0.0000000000
128362  44.019  4.659  22.511 0.0000000000
84384  43.878  4.315  22.045 0.0000000000
84376  44.602  3.235  22.333 0.0000000000
84377  43.797  3.705  22.172 0.0000000000
130761  49.573  -0.095  25.848 0.0000000000
81768  53.626  -0.496  23.647 0.0000000000
82677  54.414  1.009  23.529 0.0000000000
84289  48.287  2.706  32.961 0.0000000000
84359  54.601  2.245  23.579 0.0000000000
84382  45.043  3.814  22.010 0.0000000000
84383  44.358  3.909  21.881 0.0000000000
85131  49.095  4.780  22.678 0.0000000000
85836  52.678  4.898  29.503 0.0000000000
85894  53.982  4.061  25.156 0.0000000000
85895  53.383  4.507  25.090 0.0000000000
85914  47.646  5.077  23.086 0.0000000000
85924  49.170  5.038  22.665 0.0000000000
85934  44.260  4.510  22.180 0.0000000000
86509  46.916  5.071  38.194 0.0000000000
86561  53.302  6.469  30.027 0.0000000000
86564  48.632  5.884  30.719 0.0000000000
86583  53.568  5.911  28.264 0.0000000000
86640  49.449  5.184  23.020 0.0000000000
87248  52.865  7.603  32.296 0.0000000000
87267  52.504  7.129  30.227 0.0000000000
87856  44.616  7.604  39.780 0.0000000000
88515  49.505  9.508  39.325 0.0000000000
88530  50.699  9.835  38.375 0.0000000000
88532  49.185  8.710  39.257 0.0000000000
88534  51.632  9.889  37.081 0.0000000000
88538  52.082  9.786  36.235 0.0000000000
88542  45.773  8.961  36.447 0.0000000000
88544  43.747  8.877  36.492 0.0000000000
88556  52.502  9.043  34.435 0.0000000000
88558  50.387  9.128  34.368 0.0000000000
89109  41.278  9.199  40.252 0.0000000000
89131  50.539  10.499  38.253 0.0000000000
89136  38.122  9.848  39.360 0.0000000000
89149  44.460  9.671  36.458 0.0000000000
89161  51.953  9.858  34.735 0.0000000000
89167  52.234  9.365  34.150 0.0000000000
89730  49.035  10.455  39.294 0.0000000000
89744  49.756  10.606  38.909 0.0000000000
89747  46.940  11.092  38.684 0.0000000000
89763  51.065  10.552  37.520 0.0000000000
89786  51.699  10.300  36.189 0.0000000000
89788  42.347  10.848  35.519 0.0000000000
90368  47.171  11.581  37.395 0.0000000000
91031  44.640  12.842  36.650 0.0000000000
91048  42.657  13.602  36.168 0.0000000000
91062  43.761  13.504  35.904 0.0000000000
91063  43.439  13.341  35.725 0.0000000000
115921  50.446  10.680  37.560 0.0000000000
117382  34.667  4.066  39.475 0.0000000000
119166  47.494  2.831  35.121 0.0000000000
126164  41.532  9.483  39.900 0.0000000000
127485  47.324  0.767  27.608 0.0000000000
129543  45.326  4.169  22.141 0.0000000000
129934  53.737  5.536  27.103 0.0000000000
132643  53.228  3.146  27.022 0.0000000000
132812  52.934  7.597  31.220 0.0000000000
133505  44.031  4.475  22.092 0.0000000000
