#!ascii label  , from subject sub-v1s6x0051367_ses-1 vox2ras=TkReg
1878
64770  46.469  -19.600  49.207 0.0000000000
48261  34.058  -37.069  68.791 0.0000000000
135654  20.766  -42.979  69.647 0.0000000000
42503  15.537  -42.334  74.259 0.0000000000
41422  31.029  -43.912  74.060 0.0000000000
43646  24.555  -40.819  64.137 0.0000000000
59994  40.627  -24.814  51.235 0.0000000000
67578  53.834  -16.028  47.292 0.0000000000
119772  44.124  -26.883  60.973 0.0000000000
52284  34.770  -32.270  60.011 0.0000000000
47455  26.041  -37.368  56.368 0.0000000000
39467  22.671  -45.174  74.755 0.0000000000
42520  18.046  -41.786  72.759 0.0000000000
42462  20.627  -42.810  77.770 0.0000000000
41433  25.790  -43.597  72.360 0.0000000000
58922  48.691  -25.733  59.775 0.0000000000
50135  36.241  -34.766  75.227 0.0000000000
52142  37.288  -31.930  71.412 0.0000000000
53221  39.391  -31.710  66.790 0.0000000000
50264  34.593  -34.365  64.351 0.0000000000
51301  29.581  -33.912  59.036 0.0000000000
47368  30.716  -37.618  62.701 0.0000000000
43724  17.668  -41.521  60.751 0.0000000000
42741  20.027  -42.132  58.065 0.0000000000
64786  49.809  -19.238  47.962 0.0000000000
135235  50.675  -22.842  45.159 0.0000000000
125028  15.964  -43.654  64.120 0.0000000000
39513  14.809  -45.717  66.277 0.0000000000
44560  33.514  -40.154  70.903 0.0000000000
44598  28.849  -40.146  66.069 0.0000000000
41479  28.822  -43.176  68.590 0.0000000000
118928  22.274  -42.590  66.982 0.0000000000
61910  43.248  -21.660  51.420 0.0000000000
45357  19.751  -39.611  81.348 0.0000000000
43505  14.660  -41.075  78.345 0.0000000000
65686  52.773  -18.720  52.899 0.0000000000
63742  49.085  -20.797  54.544 0.0000000000
60867  45.557  -23.811  55.411 0.0000000000
57059  43.322  -27.299  55.522 0.0000000000
57046  39.185  -27.253  56.177 0.0000000000
55967  44.031  -28.528  66.932 0.0000000000
56027  38.783  -28.890  61.133 0.0000000000
129563  34.309  -29.607  55.666 0.0000000000
53341  29.351  -31.489  54.393 0.0000000000
46427  24.756  -38.570  60.317 0.0000000000
39431  24.623  -45.213  78.513 0.0000000000
40386  21.637  -44.236  76.533 0.0000000000
41349  23.297  -43.554  79.981 0.0000000000
115761  25.093  -45.580  75.801 0.0000000000
48227  36.162  -36.311  72.359 0.0000000000
132621  34.736  -34.657  70.343 0.0000000000
51179  35.806  -33.493  68.042 0.0000000000
48308  33.640  -35.814  66.607 0.0000000000
49326  32.166  -36.080  63.579 0.0000000000
47353  32.027  -37.983  64.765 0.0000000000
40577  15.153  -44.683  59.365 0.0000000000
41599  16.240  -43.493  58.270 0.0000000000
64780  48.825  -19.678  48.260 0.0000000000
63848  48.422  -19.886  45.764 0.0000000000
63850  46.428  -20.379  46.338 0.0000000000
136072  18.251  -42.060  66.948 0.0000000000
39529  15.190  -44.969  64.936 0.0000000000
43610  16.992  -41.604  67.889 0.0000000000
42501  17.256  -41.732  74.013 0.0000000000
119953  15.532  -44.396  69.703 0.0000000000
40448  15.267  -44.530  71.011 0.0000000000
39477  14.691  -45.292  72.229 0.0000000000
45417  34.750  -39.493  74.263 0.0000000000
42516  32.427  -42.168  72.538 0.0000000000
43581  30.816  -42.285  70.159 0.0000000000
113594  29.857  -43.658  70.841 0.0000000000
41461  22.561  -43.903  70.673 0.0000000000
42548  24.150  -42.656  69.601 0.0000000000
42566  21.222  -42.806  67.952 0.0000000000
43635  19.411  -41.578  65.213 0.0000000000
60919  41.911  -23.138  51.687 0.0000000000
60939  41.630  -23.784  48.553 0.0000000000
59023  41.071  -25.839  48.533 0.0000000000
129834  14.379  -42.125  79.773 0.0000000000
61863  47.107  -21.868  55.232 0.0000000000
60834  48.766  -23.015  57.222 0.0000000000
56960  47.115  -26.736  60.453 0.0000000000
58004  45.701  -26.611  57.643 0.0000000000
128552  44.127  -27.032  57.899 0.0000000000
57045  40.817  -27.471  55.931 0.0000000000
57006  41.739  -27.268  58.366 0.0000000000
53251  37.534  -32.099  63.288 0.0000000000
54243  39.244  -30.207  63.889 0.0000000000
54271  36.643  -30.905  60.571 0.0000000000
55188  36.466  -29.573  58.455 0.0000000000
54292  34.088  -30.998  57.323 0.0000000000
54313  32.040  -31.026  55.141 0.0000000000
53301  32.079  -32.010  57.095 0.0000000000
51343  27.101  -33.528  56.272 0.0000000000
43643  27.545  -41.375  64.470 0.0000000000
44622  27.091  -39.730  62.649 0.0000000000
44633  24.266  -40.094  61.832 0.0000000000
121099  20.186  -41.216  56.201 0.0000000000
65735  55.578  -18.875  47.756 0.0000000000
64791  54.126  -19.060  46.463 0.0000000000
40436  21.524  -44.080  72.187 0.0000000000
42530  19.085  -42.097  71.069 0.0000000000
41424  20.650  -43.698  73.525 0.0000000000
41407  19.886  -43.204  75.490 0.0000000000
42464  19.082  -42.117  76.656 0.0000000000
40400  29.328  -44.609  75.274 0.0000000000
40430  28.914  -44.505  72.695 0.0000000000
40410  27.156  -44.881  74.408 0.0000000000
40421  24.012  -44.892  73.591 0.0000000000
60791  49.995  -23.918  59.232 0.0000000000
56901  47.012  -26.713  63.463 0.0000000000
52183  38.743  -32.534  68.397 0.0000000000
133566  37.241  -33.345  65.759 0.0000000000
51258  34.693  -33.700  62.740 0.0000000000
51300  31.859  -32.784  59.435 0.0000000000
50302  32.448  -34.419  62.249 0.0000000000
49372  30.235  -36.329  60.882 0.0000000000
47413  28.449  -37.331  58.671 0.0000000000
43684  21.050  -42.008  62.533 0.0000000000
44635  21.586  -41.393  61.153 0.0000000000
42710  18.897  -41.728  59.169 0.0000000000
66659  51.361  -17.341  47.614 0.0000000000
65755  52.526  -18.737  45.584 0.0000000000
127363  49.931  -19.418  45.384 0.0000000000
42570  16.137  -42.115  69.190 0.0000000000
46300  35.753  -38.346  72.709 0.0000000000
45467  34.221  -38.922  69.959 0.0000000000
45490  32.252  -39.077  66.950 0.0000000000
44575  31.529  -40.263  68.795 0.0000000000
43605  29.119  -41.830  67.645 0.0000000000
131868  26.476  -41.405  65.865 0.0000000000
42536  27.306  -42.749  70.327 0.0000000000
129156  25.602  -41.626  68.179 0.0000000000
134476  22.944  -41.694  65.255 0.0000000000
115839  20.418  -41.491  63.709 0.0000000000
42668  16.656  -42.407  62.738 0.0000000000
63810  44.620  -20.384  50.297 0.0000000000
62900  44.294  -21.314  47.088 0.0000000000
61933  42.768  -22.161  47.908 0.0000000000
44490  20.342  -40.924  80.063 0.0000000000
44498  18.448  -40.158  78.213 0.0000000000
45372  17.361  -39.164  80.038 0.0000000000
43527  15.197  -41.491  76.191 0.0000000000
118082  52.696  -16.229  50.191 0.0000000000
65712  51.417  -18.609  50.753 0.0000000000
63806  49.525  -20.017  50.635 0.0000000000
134311  47.275  -19.957  51.560 0.0000000000
62856  45.531  -21.024  52.658 0.0000000000
61879  44.581  -22.530  53.628 0.0000000000
59986  43.154  -24.406  53.805 0.0000000000
59929  47.353  -25.187  57.559 0.0000000000
58966  45.033  -25.585  55.774 0.0000000000
58983  42.165  -26.083  53.403 0.0000000000
57084  40.691  -27.513  53.091 0.0000000000
57086  38.669  -27.371  53.736 0.0000000000
56904  44.038  -27.290  64.107 0.0000000000
54198  41.364  -29.889  66.927 0.0000000000
128318  41.887  -28.265  64.576 0.0000000000
56950  41.304  -27.262  61.278 0.0000000000
56987  38.785  -27.718  59.303 0.0000000000
56097  36.204  -28.099  55.940 0.0000000000
133295  29.979  -32.445  57.055 0.0000000000
46391  30.839  -38.261  64.374 0.0000000000
47378  27.998  -37.439  61.301 0.0000000000
47417  24.678  -37.633  58.296 0.0000000000
45546  21.733  -39.945  59.153 0.0000000000
46466  21.716  -38.596  57.246 0.0000000000
40372  23.330  -44.613  78.800 0.0000000000
41348  23.976  -43.662  79.956 0.0000000000
131636  35.100  -36.978  70.659 0.0000000000
49226  35.060  -35.393  71.223 0.0000000000
49242  34.255  -35.657  69.311 0.0000000000
50228  34.419  -34.589  68.565 0.0000000000
48281  33.603  -36.596  67.309 0.0000000000
48330  32.900  -36.868  65.634 0.0000000000
47339  32.988  -37.965  66.617 0.0000000000
64781  47.205  -19.538  48.428 0.0000000000
133545  47.391  -19.580  47.795 0.0000000000
63830  45.887  -19.874  47.626 0.0000000000
42568  19.704  -42.430  68.595 0.0000000000
42589  17.388  -41.964  67.058 0.0000000000
43597  18.329  -41.803  68.534 0.0000000000
42511  16.320  -41.957  73.677 0.0000000000
42522  15.523  -42.633  72.439 0.0000000000
41426  15.010  -43.165  72.940 0.0000000000
39479  15.128  -45.376  71.399 0.0000000000
41427  14.552  -43.789  73.329 0.0000000000
41404  31.094  -42.926  75.164 0.0000000000
42498  32.258  -42.463  74.272 0.0000000000
42507  32.866  -41.925  73.959 0.0000000000
42509  31.903  -42.800  73.167 0.0000000000
41430  30.987  -43.431  71.916 0.0000000000
41431  30.589  -43.849  72.662 0.0000000000
134744  21.690  -43.634  70.172 0.0000000000
41470  22.184  -43.533  69.405 0.0000000000
41484  21.019  -43.111  69.125 0.0000000000
126394  20.059  -42.318  67.362 0.0000000000
134734  40.949  -24.222  51.288 0.0000000000
60931  40.572  -24.058  49.813 0.0000000000
59999  40.359  -24.712  50.263 0.0000000000
61833  50.617  -21.997  57.314 0.0000000000
61835  49.196  -22.383  56.787 0.0000000000
60817  50.295  -22.501  57.670 0.0000000000
118560  45.867  -26.990  61.164 0.0000000000
127690  45.814  -26.693  59.264 0.0000000000
56981  44.050  -26.804  59.522 0.0000000000
57005  42.695  -27.198  58.314 0.0000000000
56982  43.211  -26.927  59.652 0.0000000000
127153  35.797  -32.648  61.639 0.0000000000
53267  37.104  -31.583  61.934 0.0000000000
53277  35.835  -31.860  60.545 0.0000000000
54277  35.818  -30.979  59.449 0.0000000000
53288  34.531  -31.645  58.797 0.0000000000
53299  33.548  -31.435  57.384 0.0000000000
52297  33.491  -32.234  58.790 0.0000000000
43645  25.788  -40.856  64.036 0.0000000000
44615  26.272  -40.881  63.353 0.0000000000
43663  24.493  -40.630  63.240 0.0000000000
66674  54.880  -17.491  47.369 0.0000000000
66675  53.849  -17.461  46.639 0.0000000000
39475  22.551  -44.988  74.087 0.0000000000
40425  21.362  -44.179  73.113 0.0000000000
40411  21.579  -44.484  74.493 0.0000000000
119693  21.455  -43.873  77.112 0.0000000000
41406  20.561  -43.645  75.653 0.0000000000
41381  20.384  -43.000  76.950 0.0000000000
42475  19.371  -42.666  75.942 0.0000000000
42463  19.851  -42.349  77.396 0.0000000000
130846  28.665  -44.544  76.391 0.0000000000
39461  28.652  -44.882  75.253 0.0000000000
39453  27.589  -45.510  76.035 0.0000000000
39455  24.468  -45.595  76.199 0.0000000000
119537  24.959  -45.439  75.005 0.0000000000
39474  23.530  -45.208  74.196 0.0000000000
122176  22.845  -44.597  72.594 0.0000000000
52132  36.745  -32.037  72.433 0.0000000000
120262  37.769  -31.352  72.552 0.0000000000
53160  38.378  -31.513  71.453 0.0000000000
52155  39.350  -31.793  69.800 0.0000000000
136152  38.238  -32.279  69.253 0.0000000000
50245  35.152  -34.060  66.102 0.0000000000
51204  36.505  -33.499  66.646 0.0000000000
50251  35.996  -33.727  65.082 0.0000000000
115962  36.328  -33.517  64.020 0.0000000000
50274  34.488  -34.083  63.319 0.0000000000
50286  33.270  -33.815  62.176 0.0000000000
50275  33.705  -34.560  63.487 0.0000000000
48360  31.498  -37.090  63.300 0.0000000000
49327  31.491  -36.187  62.776 0.0000000000
48373  30.418  -37.036  61.463 0.0000000000
48383  29.499  -36.933  59.810 0.0000000000
47387  29.641  -37.392  60.721 0.0000000000
43703  19.174  -41.371  61.507 0.0000000000
115645  20.473  -41.878  60.968 0.0000000000
43740  18.284  -41.564  59.940 0.0000000000
65730  50.737  -17.939  48.085 0.0000000000
65748  50.614  -18.396  46.597 0.0000000000
64792  49.908  -18.858  46.884 0.0000000000
62931  48.345  -21.591  44.589 0.0000000000
121298  15.523  -44.180  63.012 0.0000000000
39548  14.588  -45.558  62.585 0.0000000000
43575  18.335  -41.732  71.337 0.0000000000
43582  17.337  -41.525  70.119 0.0000000000
43583  16.671  -41.750  70.639 0.0000000000
39488  15.507  -45.608  69.206 0.0000000000
120769  15.459  -45.103  68.441 0.0000000000
44554  34.338  -40.260  72.776 0.0000000000
45424  35.351  -39.021  73.801 0.0000000000
45456  34.801  -39.354  71.746 0.0000000000
46315  35.154  -38.744  71.364 0.0000000000
45465  33.892  -39.525  70.405 0.0000000000
44567  32.948  -39.731  69.175 0.0000000000
115125  32.459  -40.284  69.742 0.0000000000
42545  29.466  -42.992  69.137 0.0000000000
43595  29.878  -41.899  68.755 0.0000000000
42578  29.009  -42.410  67.939 0.0000000000
42601  27.917  -42.026  66.332 0.0000000000
117869  27.898  -42.210  66.942 0.0000000000
41432  26.966  -43.744  72.341 0.0000000000
41442  27.568  -43.559  71.586 0.0000000000
41443  26.597  -43.243  71.750 0.0000000000
42564  23.027  -42.817  68.385 0.0000000000
42563  24.091  -42.284  68.601 0.0000000000
123210  23.524  -42.345  67.831 0.0000000000
43608  24.557  -41.516  66.931 0.0000000000
42628  21.984  -42.171  65.516 0.0000000000
42645  21.730  -41.940  64.808 0.0000000000
42647  20.867  -41.875  65.187 0.0000000000
42648  17.489  -42.184  64.748 0.0000000000
43670  17.802  -41.739  63.945 0.0000000000
41556  16.220  -43.121  63.086 0.0000000000
117160  43.483  -21.160  50.713 0.0000000000
63824  43.571  -20.833  49.151 0.0000000000
62890  42.429  -21.710  49.413 0.0000000000
60012  42.963  -24.387  48.150 0.0000000000
44473  20.464  -40.137  81.304 0.0000000000
44497  19.267  -40.673  78.657 0.0000000000
44484  18.917  -39.833  79.997 0.0000000000
44493  15.293  -40.008  79.666 0.0000000000
115270  15.525  -39.941  78.842 0.0000000000
44500  16.479  -39.835  77.754 0.0000000000
43528  14.618  -41.809  76.856 0.0000000000
115718  14.264  -43.181  75.523 0.0000000000
41395  14.063  -43.304  76.375 0.0000000000
68480  53.222  -15.533  49.809 0.0000000000
135156  52.670  -17.643  51.868 0.0000000000
65701  51.747  -18.903  51.578 0.0000000000
64752  50.419  -19.710  50.594 0.0000000000
64742  50.803  -19.901  51.431 0.0000000000
123472  49.980  -20.419  53.259 0.0000000000
127225  48.866  -20.197  52.137 0.0000000000
63775  48.092  -20.204  52.846 0.0000000000
63776  47.063  -20.212  52.333 0.0000000000
63761  47.242  -20.535  53.300 0.0000000000
118282  46.388  -23.258  55.642 0.0000000000
61865  45.612  -22.376  54.334 0.0000000000
61866  44.940  -22.940  54.296 0.0000000000
60887  43.665  -23.609  53.777 0.0000000000
60868  44.424  -23.744  54.427 0.0000000000
58921  49.129  -25.198  59.559 0.0000000000
59927  48.616  -24.632  58.326 0.0000000000
58931  47.731  -25.949  58.737 0.0000000000
128458  44.558  -27.104  57.070 0.0000000000
58015  45.419  -26.628  56.972 0.0000000000
58028  43.885  -26.870  55.436 0.0000000000
58978  43.222  -25.940  54.342 0.0000000000
58032  42.888  -26.808  54.322 0.0000000000
57083  41.309  -27.294  53.025 0.0000000000
57070  42.364  -27.332  54.168 0.0000000000
129592  39.981  -27.342  56.362 0.0000000000
57073  39.921  -27.528  54.672 0.0000000000
113139  38.962  -27.455  54.524 0.0000000000
112929  37.689  -27.425  55.162 0.0000000000
55977  44.222  -27.804  65.582 0.0000000000
53211  39.611  -31.793  67.697 0.0000000000
134949  41.267  -30.820  68.102 0.0000000000
54200  39.756  -30.905  66.337 0.0000000000
55138  39.128  -29.519  62.499 0.0000000000
132272  40.257  -29.237  64.035 0.0000000000
56011  40.359  -28.427  62.662 0.0000000000
56010  41.197  -27.854  62.803 0.0000000000
56025  40.054  -28.167  61.816 0.0000000000
56967  39.895  -27.576  60.437 0.0000000000
56049  39.048  -27.920  60.073 0.0000000000
55206  35.354  -29.387  56.804 0.0000000000
56077  36.630  -28.640  57.464 0.0000000000
56090  35.733  -28.695  56.391 0.0000000000
56106  35.439  -28.171  54.621 0.0000000000
56108  33.837  -28.753  53.996 0.0000000000
55225  33.438  -29.441  54.453 0.0000000000
53340  30.792  -31.328  54.819 0.0000000000
54337  30.448  -30.605  53.108 0.0000000000
122997  30.965  -33.287  59.589 0.0000000000
51309  31.081  -32.777  58.819 0.0000000000
51323  29.133  -33.434  57.800 0.0000000000
52343  26.544  -32.987  55.052 0.0000000000
45492  31.061  -39.138  66.590 0.0000000000
46381  31.663  -38.557  65.475 0.0000000000
45508  29.398  -38.754  65.044 0.0000000000
45527  25.938  -39.348  61.611 0.0000000000
46408  27.583  -38.406  62.626 0.0000000000
46425  26.201  -37.916  60.775 0.0000000000
47390  27.088  -37.463  60.092 0.0000000000
46436  25.244  -38.026  59.695 0.0000000000
43737  20.894  -41.622  59.746 0.0000000000
44641  22.174  -40.582  60.709 0.0000000000
43751  20.892  -41.352  58.892 0.0000000000
44682  20.736  -40.008  56.745 0.0000000000
46476  22.274  -37.805  56.710 0.0000000000
126156  51.717  -21.010  45.125 0.0000000000
126287  52.709  -20.725  45.642 0.0000000000
61948  44.716  -21.753  46.425 0.0000000000
39449  23.207  -45.347  76.310 0.0000000000
39450  22.573  -45.055  76.040 0.0000000000
40384  22.874  -44.824  77.654 0.0000000000
40373  22.472  -44.251  78.347 0.0000000000
41362  22.085  -43.606  78.770 0.0000000000
39447  24.719  -45.603  77.069 0.0000000000
131688  36.678  -36.074  73.477 0.0000000000
50146  36.491  -34.578  74.673 0.0000000000
50172  36.478  -34.782  73.291 0.0000000000
131377  35.600  -33.841  71.854 0.0000000000
51148  36.094  -32.809  70.595 0.0000000000
51161  36.723  -32.960  69.016 0.0000000000
115541  35.006  -33.844  68.767 0.0000000000
50236  34.940  -33.992  66.962 0.0000000000
49281  33.958  -34.813  65.001 0.0000000000
49325  33.049  -35.374  63.967 0.0000000000
49282  33.349  -35.892  65.327 0.0000000000
48346  32.205  -37.360  64.573 0.0000000000
47361  31.362  -37.720  63.744 0.0000000000
41578  15.930  -42.951  60.016 0.0000000000
42712  16.621  -42.341  59.329 0.0000000000
41600  15.674  -44.032  58.810 0.0000000000
132377  49.231  -19.552  47.894 0.0000000000
64787  49.273  -19.301  47.109 0.0000000000
126206  48.565  -19.567  47.341 0.0000000000
63863  46.862  -20.615  45.691 0.0000000000
122696  16.688  -42.763  65.030 0.0000000000
41538  15.781  -43.826  64.656 0.0000000000
124896  16.390  -42.821  65.886 0.0000000000
41508  15.821  -43.425  65.856 0.0000000000
41509  15.564  -43.810  66.317 0.0000000000
114314  17.804  -41.840  73.533 0.0000000000
42541  16.128  -42.155  71.079 0.0000000000
42531  16.035  -42.146  71.932 0.0000000000
40450  15.471  -44.701  70.333 0.0000000000
115140  15.638  -47.036  71.419 0.0000000000
43563  33.935  -40.830  73.181 0.0000000000
43572  33.145  -40.828  71.631 0.0000000000
43580  31.934  -41.172  70.183 0.0000000000
43574  31.588  -41.900  70.805 0.0000000000
42535  30.304  -43.082  70.375 0.0000000000
129429  29.307  -43.330  69.496 0.0000000000
41445  23.746  -44.001  71.745 0.0000000000
41459  24.176  -43.123  70.517 0.0000000000
41460  23.258  -43.645  70.514 0.0000000000
41481  22.557  -43.293  68.943 0.0000000000
42585  21.477  -42.710  67.434 0.0000000000
42630  20.263  -41.830  65.668 0.0000000000
42607  20.358  -42.199  66.593 0.0000000000
129610  18.358  -41.866  65.637 0.0000000000
61911  42.041  -22.563  50.816 0.0000000000
61922  41.955  -22.277  49.816 0.0000000000
60935  40.993  -23.372  49.770 0.0000000000
60014  41.253  -24.830  48.708 0.0000000000
44474  14.961  -40.023  80.498 0.0000000000
43498  14.528  -41.452  79.224 0.0000000000
41382  13.985  -43.493  77.296 0.0000000000
41364  14.049  -43.596  78.294 0.0000000000
131673  49.490  -21.172  55.289 0.0000000000
63743  48.049  -21.008  54.671 0.0000000000
61849  48.643  -21.873  56.048 0.0000000000
61836  48.209  -22.630  56.521 0.0000000000
59941  46.924  -23.808  56.516 0.0000000000
57959  47.857  -26.524  60.373 0.0000000000
57990  47.441  -26.342  59.026 0.0000000000
56979  46.584  -26.592  59.184 0.0000000000
57002  45.329  -26.745  58.006 0.0000000000
114117  43.993  -27.287  57.124 0.0000000000
57044  42.813  -27.486  56.088 0.0000000000
57026  42.194  -27.499  56.715 0.0000000000
113146  41.517  -27.408  57.383 0.0000000000
57007  40.778  -27.071  58.053 0.0000000000
52238  37.794  -32.331  64.244 0.0000000000
53242  38.948  -31.276  65.091 0.0000000000
53250  38.191  -31.558  63.801 0.0000000000
54253  38.128  -30.616  62.491 0.0000000000
55152  38.305  -29.621  61.378 0.0000000000
55165  37.988  -29.040  60.147 0.0000000000
131305  36.841  -29.985  59.573 0.0000000000
54290  35.295  -30.393  57.926 0.0000000000
54300  34.374  -30.451  56.942 0.0000000000
54326  33.076  -30.122  54.958 0.0000000000
54302  33.092  -31.003  56.165 0.0000000000
53311  32.541  -31.415  56.194 0.0000000000
52325  31.042  -32.074  56.240 0.0000000000
50333  28.580  -35.041  58.420 0.0000000000
51311  28.410  -34.210  57.979 0.0000000000
50344  27.601  -35.053  56.969 0.0000000000
50369  26.310  -34.861  55.431 0.0000000000
49458  25.184  -35.334  53.517 0.0000000000
44599  28.214  -41.089  65.478 0.0000000000
45509  28.465  -39.396  64.674 0.0000000000
44605  27.725  -41.103  64.121 0.0000000000
44623  26.551  -40.316  62.555 0.0000000000
45528  25.155  -39.391  61.466 0.0000000000
42758  19.923  -42.051  57.226 0.0000000000
42776  19.500  -42.771  55.525 0.0000000000
129434  55.169  -17.227  47.313 0.0000000000
64790  54.958  -18.913  47.599 0.0000000000
63846  54.347  -20.704  46.908 0.0000000000
41463  21.329  -43.556  70.749 0.0000000000
42540  19.322  -42.191  70.193 0.0000000000
41464  20.545  -43.164  71.198 0.0000000000
42518  19.613  -42.656  72.513 0.0000000000
135206  19.545  -42.736  73.253 0.0000000000
40402  20.992  -44.054  74.942 0.0000000000
123598  20.328  -43.568  75.066 0.0000000000
42510  19.055  -42.503  73.757 0.0000000000
42500  18.302  -42.128  74.229 0.0000000000
42489  17.684  -41.875  74.917 0.0000000000
42477  17.850  -41.785  75.656 0.0000000000
40405  30.547  -44.067  74.655 0.0000000000
40428  30.159  -44.336  73.185 0.0000000000
40417  28.980  -44.604  73.711 0.0000000000
40418  27.672  -44.649  73.858 0.0000000000
40419  26.782  -44.567  73.753 0.0000000000
39464  25.911  -45.422  75.335 0.0000000000
39472  25.314  -45.101  74.456 0.0000000000
40434  24.655  -44.505  73.184 0.0000000000
40445  23.077  -44.304  71.847 0.0000000000
41447  22.178  -44.122  71.150 0.0000000000
123608  40.200  -26.348  51.180 0.0000000000
59014  40.253  -25.633  49.708 0.0000000000
57135  39.655  -27.312  49.313 0.0000000000
60805  50.307  -23.217  58.726 0.0000000000
57942  48.901  -25.655  60.857 0.0000000000
57944  48.090  -26.472  61.230 0.0000000000
133861  46.933  -26.916  62.104 0.0000000000
114758  46.169  -27.054  61.988 0.0000000000
52167  40.043  -31.926  69.229 0.0000000000
52205  38.951  -32.343  67.267 0.0000000000
51177  37.567  -32.933  68.388 0.0000000000
51190  37.972  -33.064  67.261 0.0000000000
52217  38.205  -32.728  65.985 0.0000000000
52229  37.470  -32.974  64.700 0.0000000000
51256  36.153  -33.284  63.150 0.0000000000
52260  35.121  -32.806  61.464 0.0000000000
52286  33.474  -32.505  59.495 0.0000000000
51273  33.422  -33.274  61.341 0.0000000000
51287  31.802  -33.656  60.829 0.0000000000
51288  30.935  -33.829  60.329 0.0000000000
49347  32.316  -35.240  62.869 0.0000000000
50303  31.083  -35.152  61.613 0.0000000000
50317  29.707  -35.260  60.012 0.0000000000
49382  29.358  -36.104  59.464 0.0000000000
48391  28.632  -37.054  58.432 0.0000000000
47435  27.378  -37.486  57.485 0.0000000000
43665  21.972  -41.644  63.335 0.0000000000
44626  22.750  -40.811  62.283 0.0000000000
43700  21.212  -41.925  61.880 0.0000000000
125786  20.585  -41.853  60.386 0.0000000000
42724  19.762  -42.084  58.480 0.0000000000
42727  17.296  -42.321  58.442 0.0000000000
42726  17.939  -42.481  57.585 0.0000000000
66658  52.042  -16.890  47.090 0.0000000000
129947  52.967  -17.603  46.291 0.0000000000
65747  51.453  -17.974  46.338 0.0000000000
135390  51.181  -19.680  44.948 0.0000000000
63867  50.298  -20.626  44.675 0.0000000000
115316  49.109  -19.746  45.460 0.0000000000
63868  49.529  -20.793  44.624 0.0000000000
43587  18.061  -41.607  69.380 0.0000000000
118029  16.298  -41.996  68.155 0.0000000000
126288  15.422  -44.383  66.895 0.0000000000
41473  15.543  -43.430  69.472 0.0000000000
39500  15.333  -45.081  67.471 0.0000000000
48204  36.460  -36.281  74.477 0.0000000000
135873  36.277  -37.295  72.806 0.0000000000
47269  35.265  -37.481  70.811 0.0000000000
47290  34.517  -37.888  69.629 0.0000000000
46367  33.096  -38.743  67.675 0.0000000000
45481  32.944  -39.155  68.019 0.0000000000
45483  32.051  -39.385  67.439 0.0000000000
44589  30.071  -39.823  67.200 0.0000000000
43594  30.844  -41.178  69.212 0.0000000000
44576  30.533  -40.776  68.555 0.0000000000
44590  29.081  -40.500  66.765 0.0000000000
43618  28.222  -41.615  65.997 0.0000000000
43629  26.865  -41.478  65.069 0.0000000000
113868  25.277  -40.912  64.806 0.0000000000
40441  29.338  -44.312  72.060 0.0000000000
41455  28.706  -43.640  70.398 0.0000000000
42546  27.735  -42.877  69.384 0.0000000000
42538  25.122  -42.353  70.095 0.0000000000
42547  26.882  -42.285  69.572 0.0000000000
42562  27.088  -41.999  67.964 0.0000000000
43606  26.666  -41.699  67.303 0.0000000000
43631  24.739  -41.183  65.588 0.0000000000
43647  23.365  -41.325  64.671 0.0000000000
112803  21.817  -41.819  64.105 0.0000000000
43667  20.985  -41.877  63.226 0.0000000000
43686  18.455  -41.201  62.284 0.0000000000
43650  19.518  -41.296  64.238 0.0000000000
43687  17.950  -41.312  63.134 0.0000000000
42679  16.634  -42.195  61.800 0.0000000000
41569  15.525  -43.600  60.634 0.0000000000
63822  45.063  -20.049  49.676 0.0000000000
63831  45.222  -20.062  48.103 0.0000000000
63832  44.086  -20.579  48.413 0.0000000000
61934  42.240  -22.585  48.321 0.0000000000
60023  43.148  -23.754  47.859 0.0000000000
58076  40.857  -26.716  48.394 0.0000000000
41339  23.800  -42.957  80.285 0.0000000000
42443  22.808  -42.925  80.364 0.0000000000
42444  22.015  -42.660  79.943 0.0000000000
43490  21.843  -41.576  80.825 0.0000000000
43501  20.523  -41.913  78.843 0.0000000000
43502  19.726  -41.614  78.207 0.0000000000
43511  18.575  -41.330  77.031 0.0000000000
43525  17.231  -41.356  76.148 0.0000000000
45371  18.305  -39.348  80.405 0.0000000000
45384  17.882  -39.559  78.689 0.0000000000
44506  16.369  -40.515  77.023 0.0000000000
126217  15.166  -42.416  74.885 0.0000000000
41418  14.336  -43.817  74.179 0.0000000000
68488  53.908  -14.817  48.326 0.0000000000
67568  52.564  -16.085  48.308 0.0000000000
67560  51.931  -16.724  48.891 0.0000000000
65721  50.811  -18.111  49.008 0.0000000000
67534  53.613  -16.125  51.745 0.0000000000
65711  51.743  -17.699  50.433 0.0000000000
65722  50.512  -18.935  49.410 0.0000000000
64767  49.641  -19.719  49.368 0.0000000000
63821  49.247  -19.922  49.809 0.0000000000
64755  47.676  -19.669  50.255 0.0000000000
63790  50.434  -20.227  51.868 0.0000000000
63792  48.735  -20.010  51.281 0.0000000000
122813  47.042  -19.786  50.890 0.0000000000
63795  45.733  -20.266  51.312 0.0000000000
63778  45.235  -20.688  51.848 0.0000000000
62857  44.603  -21.321  52.302 0.0000000000
134104  46.686  -21.280  54.135 0.0000000000
62845  45.042  -21.796  53.272 0.0000000000
62858  43.755  -21.775  52.180 0.0000000000
61896  42.671  -22.700  52.220 0.0000000000
60907  42.401  -23.615  52.660 0.0000000000
59990  41.883  -24.414  52.645 0.0000000000
59926  49.279  -23.851  58.253 0.0000000000
60820  48.490  -23.894  57.629 0.0000000000
59942  46.689  -24.879  56.803 0.0000000000
58003  46.500  -26.358  57.956 0.0000000000
58953  46.140  -25.688  56.750 0.0000000000
59958  45.418  -24.795  55.713 0.0000000000
58977  43.926  -25.329  54.732 0.0000000000
58982  42.731  -25.328  53.726 0.0000000000
58988  41.518  -25.946  52.727 0.0000000000
58043  41.191  -26.809  52.560 0.0000000000
57107  40.166  -27.337  51.921 0.0000000000
57072  40.877  -27.615  54.420 0.0000000000
129950  40.051  -27.547  53.240 0.0000000000
56916  45.555  -27.093  63.537 0.0000000000
56935  44.684  -27.047  62.521 0.0000000000
55077  43.118  -28.788  66.858 0.0000000000
54230  39.986  -29.977  65.088 0.0000000000
55079  41.518  -29.246  65.989 0.0000000000
55979  42.603  -28.206  65.361 0.0000000000
55998  42.521  -27.642  63.817 0.0000000000
56919  42.836  -27.287  63.014 0.0000000000
129066  43.309  -27.025  61.384 0.0000000000
56965  41.830  -27.049  60.455 0.0000000000
114007  40.135  -27.143  58.781 0.0000000000
57028  38.709  -27.353  57.844 0.0000000000
56063  37.499  -28.584  58.603 0.0000000000
57029  37.795  -27.585  57.420 0.0000000000
57048  37.619  -27.530  56.552 0.0000000000
57075  36.274  -27.669  54.497 0.0000000000
54335  32.011  -30.109  53.890 0.0000000000
54336  31.094  -30.226  52.617 0.0000000000
52299  31.923  -32.539  58.531 0.0000000000
52312  31.299  -32.259  57.058 0.0000000000
52341  29.279  -32.113  55.783 0.0000000000
51342  27.993  -33.374  56.773 0.0000000000
52342  28.242  -32.159  55.432 0.0000000000
46380  32.028  -38.611  65.768 0.0000000000
46390  31.418  -38.296  64.702 0.0000000000
47363  30.690  -37.819  63.075 0.0000000000
46393  29.226  -38.414  64.387 0.0000000000
46407  28.620  -37.901  62.945 0.0000000000
47377  29.123  -37.513  61.323 0.0000000000
132449  28.059  -37.348  59.941 0.0000000000
47415  26.644  -37.536  58.219 0.0000000000
47437  25.825  -37.475  57.144 0.0000000000
44634  23.096  -40.436  61.641 0.0000000000
45539  22.749  -39.885  60.331 0.0000000000
45544  23.265  -39.202  59.940 0.0000000000
44671  20.580  -40.801  57.265 0.0000000000
45560  22.188  -39.160  58.790 0.0000000000
46438  23.674  -38.432  59.520 0.0000000000
47418  23.808  -37.595  58.135 0.0000000000
47439  23.839  -37.423  57.163 0.0000000000
64801  53.267  -19.137  45.825 0.0000000000
63847  53.554  -20.924  46.381 0.0000000000
61945  53.826  -22.375  46.987 0.0000000000
63852  44.848  -20.906  46.656 0.0000000000
112538  34.373  -37.421  69.348 0.0000000000
48246  34.617  -36.477  70.148 0.0000000000
124567  34.043  -36.270  68.827 0.0000000000
117152  33.859  -36.381  68.145 0.0000000000
48282  33.409  -37.475  67.127 0.0000000000
47326  33.695  -37.429  67.965 0.0000000000
64782  46.142  -19.654  48.336 0.0000000000
42569  18.982  -42.155  68.138 0.0000000000
42551  19.543  -42.381  69.381 0.0000000000
42502  16.472  -41.731  74.615 0.0000000000
42512  15.534  -42.525  73.324 0.0000000000
131025  14.745  -43.780  72.617 0.0000000000
41414  31.136  -43.484  74.636 0.0000000000
115489  31.659  -42.901  74.605 0.0000000000
41413  31.772  -43.251  74.020 0.0000000000
42508  32.347  -42.522  73.739 0.0000000000
120503  31.200  -43.554  73.385 0.0000000000
134488  31.260  -43.311  72.679 0.0000000000
41472  21.258  -43.333  69.898 0.0000000000
42550  20.340  -42.720  69.115 0.0000000000
42587  19.719  -42.331  67.910 0.0000000000
133565  50.398  -22.732  58.169 0.0000000000
119909  44.931  -26.990  61.033 0.0000000000
56963  44.536  -26.824  60.241 0.0000000000
56964  43.636  -26.861  60.375 0.0000000000
52273  35.366  -32.310  60.778 0.0000000000
52272  35.986  -32.159  61.070 0.0000000000
53281  35.415  -31.743  59.904 0.0000000000
53282  34.813  -31.863  59.412 0.0000000000
52296  33.974  -31.902  58.594 0.0000000000
52285  34.174  -32.180  59.295 0.0000000000
113043  25.334  -40.693  63.485 0.0000000000
67592  54.135  -16.754  46.993 0.0000000000
40424  21.915  -44.640  73.745 0.0000000000
39468  22.126  -44.848  74.578 0.0000000000
41380  21.038  -43.408  77.397 0.0000000000
113653  19.758  -42.675  76.606 0.0000000000
41391  29.002  -44.072  76.414 0.0000000000
39452  28.225  -45.235  75.994 0.0000000000
39444  27.831  -45.388  76.742 0.0000000000
39456  23.639  -45.489  75.771 0.0000000000
39466  23.272  -45.384  74.913 0.0000000000
120821  22.971  -45.222  74.324 0.0000000000
52143  36.305  -32.548  71.541 0.0000000000
131282  38.030  -31.848  70.629 0.0000000000
132831  37.424  -32.103  70.679 0.0000000000
116635  34.821  -34.332  64.932 0.0000000000
50252  35.365  -34.025  65.332 0.0000000000
50263  35.347  -33.993  64.518 0.0000000000
115730  34.365  -34.346  63.813 0.0000000000
47367  31.102  -37.636  62.979 0.0000000000
48366  30.701  -37.335  62.350 0.0000000000
47386  30.116  -37.310  61.049 0.0000000000
47375  30.341  -37.319  61.940 0.0000000000
43723  18.769  -41.439  60.710 0.0000000000
42694  17.156  -41.749  60.038 0.0000000000
65738  50.354  -18.543  47.539 0.0000000000
41548  15.822  -43.754  63.482 0.0000000000
40506  15.490  -44.354  63.527 0.0000000000
43566  17.970  -41.675  71.903 0.0000000000
43576  17.453  -41.588  71.167 0.0000000000
38696  15.209  -46.406  68.535 0.0000000000
131018  33.775  -40.164  71.659 0.0000000000
44559  34.309  -39.895  72.100 0.0000000000
45457  34.193  -39.695  71.259 0.0000000000
44563  33.148  -39.903  70.049 0.0000000000
41478  29.156  -42.871  68.475 0.0000000000
41493  28.836  -42.650  68.049 0.0000000000
42580  28.326  -42.472  67.607 0.0000000000
41494  28.355  -42.922  68.185 0.0000000000
41444  25.599  -43.098  71.670 0.0000000000
42583  22.739  -42.609  67.519 0.0000000000
42604  22.767  -42.329  66.651 0.0000000000
42605  22.166  -42.384  66.322 0.0000000000
42646  21.389  -42.052  65.302 0.0000000000
130279  21.573  -42.348  66.105 0.0000000000
42649  16.766  -42.727  64.291 0.0000000000
42658  16.710  -42.637  63.558 0.0000000000
41547  16.335  -43.238  63.849 0.0000000000
41557  15.766  -43.678  62.636 0.0000000000
62879  43.127  -21.212  49.793 0.0000000000
62880  42.658  -21.761  50.498 0.0000000000
44483  19.817  -40.199  80.564 0.0000000000
44494  14.941  -40.561  79.039 0.0000000000
45386  15.882  -39.465  79.433 0.0000000000
43504  15.204  -40.443  78.262 0.0000000000
134221  14.950  -40.859  77.743 0.0000000000
43513  14.581  -41.448  77.614 0.0000000000
42465  14.193  -42.630  76.956 0.0000000000
68457  54.580  -14.661  51.599 0.0000000000
120963  52.388  -18.409  52.107 0.0000000000
65687  52.124  -19.241  52.371 0.0000000000
64741  51.462  -19.638  51.883 0.0000000000
63759  49.132  -20.510  53.640 0.0000000000
135250  48.571  -20.384  53.292 0.0000000000
63760  48.171  -20.563  53.778 0.0000000000
60866  45.616  -23.021  54.935 0.0000000000
130358  45.090  -23.542  54.812 0.0000000000
58930  48.581  -25.446  59.004 0.0000000000
57989  48.117  -26.094  59.375 0.0000000000
57058  43.953  -27.257  55.923 0.0000000000
58027  44.448  -26.899  56.015 0.0000000000
58031  43.351  -26.931  54.896 0.0000000000
57069  42.830  -27.307  54.805 0.0000000000
57063  39.115  -27.417  55.318 0.0000000000
128649  38.419  -27.409  55.061 0.0000000000
57064  38.255  -27.364  55.852 0.0000000000
55966  44.491  -28.064  66.372 0.0000000000
53220  40.106  -31.143  67.171 0.0000000000
55151  38.949  -29.212  61.822 0.0000000000
55137  39.721  -29.182  62.936 0.0000000000
56012  39.576  -28.821  62.231 0.0000000000
56026  39.406  -28.567  61.498 0.0000000000
56037  39.799  -28.003  61.170 0.0000000000
56038  39.279  -28.285  60.788 0.0000000000
55207  34.693  -29.789  56.507 0.0000000000
55214  35.082  -29.120  56.020 0.0000000000
56099  34.808  -28.766  55.189 0.0000000000
55224  34.120  -29.135  54.788 0.0000000000
55232  33.193  -29.171  53.623 0.0000000000
54330  30.101  -31.272  54.421 0.0000000000
54338  29.727  -31.061  53.610 0.0000000000
122006  30.295  -33.344  58.986 0.0000000000
121303  29.707  -33.422  58.408 0.0000000000
45493  29.876  -39.395  66.468 0.0000000000
45501  30.971  -38.728  65.761 0.0000000000
45502  29.643  -39.053  65.729 0.0000000000
46417  25.642  -38.682  61.188 0.0000000000
46416  26.471  -38.537  61.549 0.0000000000
46426  25.448  -38.297  60.452 0.0000000000
46437  24.468  -38.252  59.655 0.0000000000
42723  20.060  -42.079  58.675 0.0000000000
43752  20.393  -41.746  58.438 0.0000000000
62928  50.883  -21.281  44.749 0.0000000000
61952  51.180  -22.745  45.352 0.0000000000
39439  23.474  -45.289  77.222 0.0000000000
136132  22.859  -45.096  76.765 0.0000000000
40383  23.793  -45.126  78.250 0.0000000000
40361  23.752  -44.221  79.581 0.0000000000
41361  22.914  -44.041  79.353 0.0000000000
41350  22.472  -43.334  79.658 0.0000000000
39437  25.003  -45.493  77.857 0.0000000000
39438  24.263  -45.453  77.634 0.0000000000
39448  23.960  -45.531  76.694 0.0000000000
49212  36.433  -35.713  72.892 0.0000000000
50186  35.392  -34.637  71.642 0.0000000000
50203  35.080  -34.235  70.800 0.0000000000
131277  35.691  -33.144  71.234 0.0000000000
51136  35.513  -33.418  70.532 0.0000000000
51162  35.969  -33.130  69.775 0.0000000000
51163  35.125  -33.785  69.789 0.0000000000
49254  33.852  -35.511  67.469 0.0000000000
50237  34.357  -34.624  67.636 0.0000000000
50246  34.238  -34.712  66.604 0.0000000000
117828  33.828  -35.239  65.848 0.0000000000
48331  32.422  -37.598  65.177 0.0000000000
47360  31.788  -37.682  64.317 0.0000000000
41579  15.526  -43.778  59.702 0.0000000000
134299  46.813  -19.922  46.890 0.0000000000
120394  47.241  -20.083  46.348 0.0000000000
62907  46.056  -20.929  45.754 0.0000000000
127755  17.821  -42.157  66.339 0.0000000000
42632  17.288  -42.369  65.650 0.0000000000
42610  16.888  -42.308  66.457 0.0000000000
115297  16.518  -42.090  67.286 0.0000000000
132016  16.181  -42.500  66.723 0.0000000000
42590  15.806  -42.524  67.412 0.0000000000
43560  17.022  -41.796  73.040 0.0000000000
43568  16.556  -41.861  72.276 0.0000000000
42521  16.126  -42.109  72.786 0.0000000000
41437  15.134  -43.374  72.136 0.0000000000
129375  15.242  -43.702  71.408 0.0000000000
119870  15.611  -45.361  69.895 0.0000000000
39480  15.441  -45.421  70.660 0.0000000000
123853  15.581  -46.162  70.368 0.0000000000
124463  15.466  -46.227  71.061 0.0000000000
38677  15.162  -46.313  71.852 0.0000000000
44517  33.601  -40.309  74.806 0.0000000000
42515  32.857  -42.164  73.274 0.0000000000
43559  33.443  -41.435  73.591 0.0000000000
43564  33.275  -41.445  72.673 0.0000000000
43565  32.597  -41.534  71.976 0.0000000000
43573  32.410  -41.437  71.196 0.0000000000
42525  31.986  -42.074  71.697 0.0000000000
42527  30.539  -43.246  71.160 0.0000000000
41453  29.718  -43.304  69.918 0.0000000000
41454  29.290  -43.589  70.184 0.0000000000
41446  23.140  -44.012  71.170 0.0000000000
114145  23.724  -43.691  71.077 0.0000000000
41483  21.371  -43.087  68.593 0.0000000000
41482  21.956  -43.328  68.753 0.0000000000
41495  21.727  -42.983  68.082 0.0000000000
42586  20.841  -42.560  67.388 0.0000000000
42588  19.085  -42.122  67.313 0.0000000000
42609  18.750  -41.939  66.550 0.0000000000
134952  42.308  -22.636  51.557 0.0000000000
61923  41.483  -22.789  50.056 0.0000000000
61912  41.356  -23.225  50.714 0.0000000000
60008  40.632  -24.744  49.387 0.0000000000
60007  40.964  -23.974  49.128 0.0000000000
59022  41.822  -25.512  48.364 0.0000000000
124895  41.604  -26.455  48.273 0.0000000000
44485  14.798  -40.715  79.916 0.0000000000
42446  14.353  -42.397  79.110 0.0000000000
132799  14.175  -42.782  78.503 0.0000000000
136302  49.345  -21.523  55.768 0.0000000000
62807  49.684  -21.847  56.355 0.0000000000
60851  47.272  -22.961  56.200 0.0000000000
60835  47.862  -23.442  56.881 0.0000000000
56978  47.217  -26.603  59.738 0.0000000000
120683  46.489  -26.707  59.870 0.0000000000
57003  44.346  -26.877  58.661 0.0000000000
121852  45.212  -26.759  58.624 0.0000000000
135143  44.759  -26.845  58.113 0.0000000000
57023  44.658  -26.960  57.570 0.0000000000
57025  43.077  -27.438  56.901 0.0000000000
57024  43.322  -27.232  57.684 0.0000000000
114054  42.253  -27.152  58.951 0.0000000000
113147  42.427  -27.386  57.554 0.0000000000
57027  40.532  -27.384  57.037 0.0000000000
53275  36.859  -31.237  61.311 0.0000000000
53260  37.548  -31.430  62.506 0.0000000000
54254  37.520  -30.814  61.779 0.0000000000
54262  38.046  -30.210  61.830 0.0000000000
54263  37.764  -30.175  61.331 0.0000000000
55166  37.716  -29.757  60.660 0.0000000000
54275  37.069  -30.232  60.214 0.0000000000
54285  34.892  -31.053  58.357 0.0000000000
54284  35.555  -30.653  58.685 0.0000000000
54291  34.632  -30.739  57.631 0.0000000000
54299  34.991  -30.066  57.230 0.0000000000
54301  33.674  -30.833  56.678 0.0000000000
53300  32.770  -31.886  57.461 0.0000000000
116161  32.441  -31.696  56.786 0.0000000000
112637  31.484  -31.728  55.836 0.0000000000
49400  28.531  -36.062  57.920 0.0000000000
124338  28.108  -35.144  57.685 0.0000000000
49416  27.387  -35.824  56.452 0.0000000000
49447  25.576  -35.797  54.454 0.0000000000
50387  25.527  -34.736  54.211 0.0000000000
43642  27.833  -41.291  64.880 0.0000000000
43661  27.297  -41.247  63.815 0.0000000000
131183  25.450  -40.286  62.428 0.0000000000
44624  26.122  -40.576  62.706 0.0000000000
44632  24.947  -39.938  61.986 0.0000000000
44631  25.856  -40.047  62.050 0.0000000000
65744  54.484  -18.212  46.905 0.0000000000
65736  55.191  -18.281  47.572 0.0000000000
121973  54.634  -19.814  47.116 0.0000000000
41449  21.068  -43.666  71.686 0.0000000000
41435  20.854  -43.721  72.604 0.0000000000
41436  20.154  -43.224  73.005 0.0000000000
40395  21.961  -44.629  75.883 0.0000000000
40401  21.686  -44.575  75.148 0.0000000000
40396  21.262  -44.162  75.766 0.0000000000
41416  19.821  -43.207  74.803 0.0000000000
42499  19.194  -42.683  74.541 0.0000000000
42487  19.304  -42.767  75.241 0.0000000000
42476  18.633  -42.130  75.898 0.0000000000
131532  18.864  -42.425  75.514 0.0000000000
40392  29.684  -43.807  75.963 0.0000000000
42468  29.823  -43.114  75.977 0.0000000000
40399  30.055  -44.178  75.384 0.0000000000
134296  30.630  -43.656  75.123 0.0000000000
40406  29.933  -44.505  74.628 0.0000000000
40407  29.224  -44.671  74.559 0.0000000000
40409  27.819  -44.886  74.616 0.0000000000
40408  28.532  -44.799  74.621 0.0000000000
113660  25.895  -45.622  76.362 0.0000000000
39454  26.739  -45.600  76.113 0.0000000000
39473  24.420  -45.198  74.366 0.0000000000
119010  24.765  -44.837  73.874 0.0000000000
40444  23.712  -44.480  72.656 0.0000000000
40435  22.067  -44.504  72.637 0.0000000000
40446  22.458  -44.340  71.861 0.0000000000
40447  21.970  -44.258  71.800 0.0000000000
41448  21.695  -43.965  71.343 0.0000000000
58060  39.958  -26.398  50.436 0.0000000000
57943  48.571  -26.010  61.509 0.0000000000
57928  48.311  -26.124  62.207 0.0000000000
57914  47.739  -26.367  62.840 0.0000000000
56932  47.364  -26.689  62.528 0.0000000000
56933  46.479  -26.976  62.889 0.0000000000
50159  36.560  -34.222  73.944 0.0000000000
52169  38.954  -32.300  69.136 0.0000000000
128364  39.581  -32.032  69.315 0.0000000000
52182  39.400  -32.245  68.824 0.0000000000
52196  39.171  -32.332  68.093 0.0000000000
51178  36.740  -33.226  68.211 0.0000000000
128874  36.981  -33.433  66.180 0.0000000000
51203  37.306  -33.305  66.919 0.0000000000
134270  37.695  -33.146  66.379 0.0000000000
52206  38.345  -32.767  66.854 0.0000000000
52218  37.623  -33.053  65.530 0.0000000000
51215  37.124  -33.394  65.095 0.0000000000
51257  35.378  -33.525  62.884 0.0000000000
134163  35.428  -32.999  61.888 0.0000000000
51271  35.032  -33.301  62.086 0.0000000000
51286  33.961  -32.827  60.957 0.0000000000
51259  34.137  -33.429  62.027 0.0000000000
50301  32.541  -33.759  61.528 0.0000000000
51274  31.724  -34.365  61.612 0.0000000000
50276  32.842  -35.080  63.420 0.0000000000
49363  30.590  -36.073  61.622 0.0000000000
49362  31.086  -35.855  62.145 0.0000000000
50304  30.492  -35.319  61.058 0.0000000000
130158  30.083  -35.579  60.538 0.0000000000
49373  29.806  -36.308  60.216 0.0000000000
48384  29.046  -37.185  59.140 0.0000000000
47434  28.207  -37.365  57.865 0.0000000000
43683  21.506  -41.734  62.649 0.0000000000
130849  22.153  -41.384  62.687 0.0000000000
43739  19.376  -41.674  59.964 0.0000000000
43721  20.119  -41.905  60.157 0.0000000000
42709  19.818  -41.968  59.258 0.0000000000
42693  20.234  -41.917  59.622 0.0000000000
128390  19.332  -41.994  58.618 0.0000000000
136226  16.536  -42.796  58.557 0.0000000000
41625  17.349  -43.299  57.038 0.0000000000
41624  18.226  -42.944  56.751 0.0000000000
67580  51.915  -16.698  47.936 0.0000000000
132783  51.552  -17.482  46.923 0.0000000000
64804  50.225  -18.825  45.956 0.0000000000
65756  51.030  -18.524  45.751 0.0000000000
123933  50.735  -19.163  45.285 0.0000000000
64808  50.497  -19.848  44.863 0.0000000000
64793  48.788  -19.530  46.365 0.0000000000
63862  48.522  -20.317  45.180 0.0000000000
63869  48.778  -20.878  44.689 0.0000000000
127740  15.501  -44.405  64.619 0.0000000000
39537  15.243  -44.843  64.010 0.0000000000
127797  18.860  -41.914  69.659 0.0000000000
127952  18.347  -41.661  70.424 0.0000000000
43589  16.646  -41.705  69.722 0.0000000000
43599  16.740  -41.691  68.817 0.0000000000
42571  15.832  -42.508  68.433 0.0000000000
41496  15.505  -43.463  67.109 0.0000000000
41485  15.534  -43.239  68.020 0.0000000000
42542  15.746  -42.604  70.636 0.0000000000
42554  15.741  -42.688  69.873 0.0000000000
38706  15.279  -45.794  67.987 0.0000000000
39501  14.951  -45.718  67.157 0.0000000000
45405  34.551  -39.186  74.993 0.0000000000
45404  35.101  -38.897  74.420 0.0000000000
46290  35.773  -38.391  73.443 0.0000000000
46278  35.624  -38.358  74.152 0.0000000000
46277  36.132  -37.770  73.813 0.0000000000
46289  36.106  -37.806  73.121 0.0000000000
47233  36.428  -37.227  73.478 0.0000000000
47244  35.962  -37.710  72.376 0.0000000000
46333  34.839  -38.530  70.570 0.0000000000
46332  35.356  -38.109  71.035 0.0000000000
129623  34.540  -38.319  69.966 0.0000000000
46360  34.170  -38.469  69.321 0.0000000000
46361  33.559  -38.733  68.522 0.0000000000
46350  33.783  -39.016  69.179 0.0000000000
44574  32.330  -39.936  68.961 0.0000000000
45473  32.747  -39.509  68.413 0.0000000000
45474  32.199  -39.628  68.210 0.0000000000
45484  31.193  -39.496  67.342 0.0000000000
44583  31.366  -39.853  68.088 0.0000000000
135741  31.392  -41.724  70.257 0.0000000000
120335  31.206  -41.536  69.806 0.0000000000
43596  29.293  -42.232  68.149 0.0000000000
43604  29.638  -41.448  68.096 0.0000000000
113711  29.342  -40.964  67.466 0.0000000000
43617  28.611  -41.588  66.820 0.0000000000
42602  27.173  -41.735  66.088 0.0000000000
42627  27.702  -41.576  65.507 0.0000000000
43630  25.911  -41.190  65.367 0.0000000000
40429  29.535  -44.484  72.926 0.0000000000
40442  28.731  -44.267  71.940 0.0000000000
41456  27.976  -43.400  70.752 0.0000000000
41441  28.392  -43.870  71.305 0.0000000000
41467  28.259  -43.252  69.809 0.0000000000
41458  25.302  -42.731  70.926 0.0000000000
134168  25.176  -41.997  69.204 0.0000000000
113012  26.417  -41.834  68.923 0.0000000000
43607  25.510  -41.414  67.197 0.0000000000
43620  24.137  -41.550  66.311 0.0000000000
43632  23.588  -41.542  65.581 0.0000000000
114265  22.589  -41.453  63.997 0.0000000000
43648  22.386  -41.801  64.887 0.0000000000
43649  21.153  -41.804  64.293 0.0000000000
43685  19.500  -41.321  62.335 0.0000000000
43668  19.620  -41.229  63.255 0.0000000000
42657  17.225  -41.977  63.317 0.0000000000
42667  17.366  -41.596  62.342 0.0000000000
129638  16.008  -42.704  61.071 0.0000000000
41563  16.179  -43.023  62.171 0.0000000000
63823  44.306  -20.416  49.412 0.0000000000
62889  42.922  -21.331  48.889 0.0000000000
63833  43.408  -21.140  48.297 0.0000000000
62893  42.934  -21.614  48.215 0.0000000000
61935  41.679  -22.960  48.655 0.0000000000
61929  41.903  -22.272  48.955 0.0000000000
60011  43.976  -24.220  47.972 0.0000000000
57134  40.221  -27.054  48.776 0.0000000000
58070  40.523  -26.205  48.908 0.0000000000
57146  40.619  -27.558  48.268 0.0000000000
42442  23.820  -42.502  80.206 0.0000000000
42436  23.079  -42.341  80.801 0.0000000000
42437  22.364  -42.223  80.593 0.0000000000
43491  21.112  -41.326  80.473 0.0000000000
43495  21.556  -41.981  80.187 0.0000000000
43496  20.802  -41.615  79.687 0.0000000000
43497  20.030  -41.210  79.171 0.0000000000
43503  18.943  -40.974  77.782 0.0000000000
44504  18.104  -40.525  77.418 0.0000000000
43512  17.774  -40.942  76.720 0.0000000000
45358  17.792  -38.694  81.590 0.0000000000
115311  17.819  -39.040  80.858 0.0000000000
118897  18.711  -39.113  81.357 0.0000000000
45383  18.114  -39.448  79.541 0.0000000000
132647  17.397  -39.286  79.171 0.0000000000
44507  15.684  -40.921  76.711 0.0000000000
131040  15.858  -41.222  76.115 0.0000000000
42491  15.186  -42.041  75.407 0.0000000000
41408  14.654  -43.036  74.694 0.0000000000
42492  14.724  -42.597  75.282 0.0000000000
40413  14.013  -44.651  74.595 0.0000000000
115427  13.870  -44.206  76.705 0.0000000000
69401  54.584  -14.173  48.914 0.0000000000
68489  53.202  -15.452  48.760 0.0000000000
67559  52.590  -16.147  49.297 0.0000000000
66628  52.135  -16.869  49.907 0.0000000000
66629  51.465  -17.514  49.463 0.0000000000
68458  54.351  -15.382  52.167 0.0000000000
65700  52.048  -18.015  51.321 0.0000000000
115863  51.103  -18.363  49.896 0.0000000000
64778  49.970  -19.355  48.963 0.0000000000
64766  50.213  -19.538  49.768 0.0000000000
133364  50.031  -19.967  50.552 0.0000000000
64753  49.882  -19.901  50.086 0.0000000000
118168  48.412  -19.730  49.581 0.0000000000
64754  48.590  -19.866  50.429 0.0000000000
64727  51.154  -20.174  52.228 0.0000000000
63773  50.822  -20.452  52.773 0.0000000000
63793  47.954  -20.012  51.897 0.0000000000
63807  47.861  -19.809  51.074 0.0000000000
63808  46.222  -19.937  50.715 0.0000000000
63794  46.559  -20.081  51.506 0.0000000000
62855  46.390  -20.727  52.924 0.0000000000
63777  46.075  -20.451  52.116 0.0000000000
133714  44.570  -20.824  51.544 0.0000000000
62830  47.392  -21.365  54.783 0.0000000000
62844  47.248  -20.972  54.145 0.0000000000
116547  46.800  -21.548  54.565 0.0000000000
61878  45.134  -22.339  53.873 0.0000000000
62832  45.544  -21.915  53.828 0.0000000000
61895  44.186  -22.073  52.976 0.0000000000
127962  43.470  -22.437  52.672 0.0000000000
61880  43.883  -22.801  53.380 0.0000000000
60888  42.960  -23.805  53.368 0.0000000000
59987  42.500  -24.439  53.267 0.0000000000
60818  49.819  -23.720  58.646 0.0000000000
124145  47.987  -24.694  57.779 0.0000000000
59928  47.540  -24.325  57.202 0.0000000000
57991  46.670  -26.476  58.680 0.0000000000
58002  47.113  -26.255  58.506 0.0000000000
58026  45.081  -26.326  56.235 0.0000000000
132994  45.669  -26.161  56.666 0.0000000000
58954  45.557  -25.603  56.243 0.0000000000
59943  45.978  -25.033  56.327 0.0000000000
59959  44.633  -25.054  55.281 0.0000000000
123743  42.681  -26.235  53.891 0.0000000000
58987  42.020  -25.192  53.107 0.0000000000
58989  40.920  -26.157  52.204 0.0000000000
58036  41.758  -26.797  53.146 0.0000000000
57094  40.733  -27.269  52.491 0.0000000000
57095  40.146  -27.496  52.599 0.0000000000
57061  41.921  -27.541  55.788 0.0000000000
113140  41.365  -27.663  55.038 0.0000000000
57085  39.555  -27.476  53.834 0.0000000000
57096  39.333  -27.481  52.957 0.0000000000
115397  44.896  -27.246  64.403 0.0000000000
135653  45.044  -27.062  63.018 0.0000000000
56917  44.461  -27.126  63.393 0.0000000000
54189  41.645  -30.300  67.765 0.0000000000
54197  42.075  -29.725  67.487 0.0000000000
55064  42.910  -29.362  67.628 0.0000000000
55078  42.207  -29.225  66.851 0.0000000000
54231  39.372  -30.485  64.679 0.0000000000
54217  39.535  -30.712  65.503 0.0000000000
55122  40.916  -28.701  64.113 0.0000000000
55107  40.495  -29.364  64.663 0.0000000000
55106  41.224  -28.953  65.035 0.0000000000
55105  41.912  -28.653  65.422 0.0000000000
116262  42.709  -27.834  64.661 0.0000000000
56938  41.699  -27.389  62.114 0.0000000000
56009  42.055  -27.523  62.937 0.0000000000
56937  42.621  -27.199  62.221 0.0000000000
56949  42.240  -27.090  61.332 0.0000000000
56986  39.581  -27.432  59.504 0.0000000000
56985  40.479  -27.219  59.600 0.0000000000
57008  39.247  -27.323  58.673 0.0000000000
55187  37.037  -29.418  58.986 0.0000000000
56051  37.709  -28.837  59.396 0.0000000000
56089  36.431  -28.385  56.695 0.0000000000
56076  37.302  -28.265  57.823 0.0000000000
56088  37.071  -27.958  57.050 0.0000000000
57049  36.892  -27.779  56.248 0.0000000000
57066  36.790  -27.641  55.350 0.0000000000
56105  36.031  -27.972  55.217 0.0000000000
56116  34.414  -28.297  53.447 0.0000000000
54327  32.350  -30.461  54.711 0.0000000000
122026  31.250  -30.404  53.524 0.0000000000
54346  30.465  -30.632  52.244 0.0000000000
51299  32.756  -32.682  59.565 0.0000000000
112638  33.021  -32.470  59.006 0.0000000000
52287  32.487  -32.532  58.971 0.0000000000
52313  30.393  -32.565  57.457 0.0000000000
52300  31.165  -32.476  57.989 0.0000000000
52326  30.426  -32.330  56.718 0.0000000000
112493  29.567  -32.448  56.617 0.0000000000
51325  27.458  -34.186  56.777 0.0000000000
122360  28.449  -33.622  57.423 0.0000000000
52359  26.594  -32.742  54.342 0.0000000000
136432  27.443  -32.465  55.390 0.0000000000
52357  27.596  -32.164  54.853 0.0000000000
46368  32.612  -38.995  67.289 0.0000000000
46374  32.767  -38.622  66.922 0.0000000000
46375  32.283  -38.802  66.545 0.0000000000
46382  31.221  -38.495  65.006 0.0000000000
46397  30.975  -38.132  64.116 0.0000000000
46399  30.233  -37.951  63.802 0.0000000000
44612  27.866  -40.041  64.076 0.0000000000
45514  27.815  -39.015  63.458 0.0000000000
46415  27.351  -37.942  61.859 0.0000000000
47371  28.318  -37.635  62.112 0.0000000000
47370  29.466  -37.570  62.191 0.0000000000
47389  27.756  -37.381  60.617 0.0000000000
47402  25.850  -37.526  58.985 0.0000000000
47401  26.835  -37.418  59.115 0.0000000000
47416  25.593  -37.547  58.055 0.0000000000
122005  22.393  -40.778  61.476 0.0000000000
44650  21.961  -40.284  59.936 0.0000000000
44640  22.970  -40.217  61.039 0.0000000000
45538  23.665  -39.614  60.743 0.0000000000
45545  22.464  -39.537  59.571 0.0000000000
43772  20.241  -41.410  56.885 0.0000000000
45571  21.225  -39.300  56.957 0.0000000000
124226  21.491  -39.286  57.654 0.0000000000
46451  21.934  -38.831  58.025 0.0000000000
46439  22.900  -38.737  59.214 0.0000000000
46450  22.630  -38.279  58.375 0.0000000000
46449  23.336  -38.006  58.827 0.0000000000
133438  23.141  -37.794  58.281 0.0000000000
47468  22.553  -37.683  55.718 0.0000000000
132901  23.106  -37.447  56.834 0.0000000000
47457  23.733  -37.334  56.356 0.0000000000
65743  55.618  -18.433  47.424 0.0000000000
65746  52.388  -18.022  45.934 0.0000000000
65745  53.409  -18.313  46.090 0.0000000000
62906  53.217  -21.657  46.298 0.0000000000
114675  44.538  -20.613  47.562 0.0000000000
63841  45.319  -20.331  47.186 0.0000000000
40371  24.197  -44.751  79.067 0.0000000000
48228  35.650  -36.345  71.699 0.0000000000
48235  35.053  -36.362  70.952 0.0000000000
49241  34.600  -35.518  70.277 0.0000000000
50215  34.556  -34.604  69.503 0.0000000000
49249  34.055  -35.438  68.333 0.0000000000
132079  33.418  -36.164  65.951 0.0000000000
48309  33.240  -36.969  66.445 0.0000000000
47346  32.653  -37.759  65.882 0.0000000000
113984  48.200  -19.615  48.756 0.0000000000
113106  47.991  -19.572  47.960 0.0000000000
63840  46.728  -19.687  47.606 0.0000000000
125317  46.113  -20.068  46.993 0.0000000000
43609  18.051  -41.830  67.742 0.0000000000
40437  14.883  -44.328  71.914 0.0000000000
40438  14.513  -44.470  72.804 0.0000000000
42497  32.672  -41.708  74.438 0.0000000000
43532  33.186  -41.038  74.627 0.0000000000
42517  31.640  -42.748  72.229 0.0000000000
41439  30.228  -43.824  71.712 0.0000000000
133747  22.158  -43.933  70.648 0.0000000000
122602  22.109  -43.755  70.113 0.0000000000
41471  21.664  -43.437  69.441 0.0000000000
42567  20.579  -42.662  68.242 0.0000000000
60920  41.293  -23.778  51.393 0.0000000000
60930  40.744  -23.951  50.636 0.0000000000
127922  40.729  -25.429  48.966 0.0000000000
42438  14.452  -42.430  80.483 0.0000000000
62806  50.510  -21.695  56.569 0.0000000000
61834  50.049  -22.164  57.067 0.0000000000
61820  49.653  -22.730  57.454 0.0000000000
56961  46.395  -26.832  60.595 0.0000000000
56962  45.580  -26.810  60.209 0.0000000000
56980  44.949  -26.808  59.371 0.0000000000
57004  43.513  -27.029  58.399 0.0000000000
114056  43.609  -26.930  59.012 0.0000000000
114055  42.939  -27.027  58.981 0.0000000000
52250  36.349  -32.726  62.381 0.0000000000
52249  37.003  -32.167  62.465 0.0000000000
52259  36.509  -32.079  61.647 0.0000000000
53276  36.308  -31.617  60.880 0.0000000000
53280  36.102  -31.336  60.159 0.0000000000
53287  35.166  -31.343  59.099 0.0000000000
53298  34.204  -31.459  57.982 0.0000000000
53289  33.475  -31.908  58.082 0.0000000000
52298  32.774  -32.318  58.342 0.0000000000
43644  27.143  -41.428  64.337 0.0000000000
43662  26.992  -41.284  63.751 0.0000000000
44616  25.433  -40.577  62.895 0.0000000000
44625  24.544  -40.339  62.471 0.0000000000
67577  54.838  -16.589  47.269 0.0000000000
40412  21.162  -44.142  74.040 0.0000000000
41393  20.890  -43.662  76.502 0.0000000000
41394  20.108  -43.175  76.182 0.0000000000
40393  29.206  -44.263  75.899 0.0000000000
39442  28.667  -44.717  75.896 0.0000000000
39462  28.012  -45.128  75.304 0.0000000000
39463  27.079  -45.229  75.190 0.0000000000
39465  24.165  -45.485  75.156 0.0000000000
40422  23.245  -44.894  73.362 0.0000000000
124370  22.952  -45.079  73.844 0.0000000000
40423  22.595  -44.821  73.364 0.0000000000
116934  36.193  -32.869  72.678 0.0000000000
52122  36.572  -32.216  73.479 0.0000000000
53148  37.036  -31.660  73.107 0.0000000000
114743  39.469  -31.263  71.450 0.0000000000
52156  38.996  -31.630  70.592 0.0000000000
116334  38.564  -31.931  69.815 0.0000000000
51192  35.759  -33.608  67.212 0.0000000000
51191  36.686  -33.383  67.419 0.0000000000
50244  36.087  -33.660  65.877 0.0000000000
51216  36.676  -33.537  65.480 0.0000000000
51227  36.509  -33.567  64.762 0.0000000000
51228  35.946  -33.698  64.441 0.0000000000
51243  35.594  -33.721  63.735 0.0000000000
50285  33.961  -34.030  62.771 0.0000000000
121869  33.122  -34.486  62.866 0.0000000000
48365  31.176  -37.142  62.672 0.0000000000
48372  30.885  -36.722  62.174 0.0000000000
48377  30.060  -37.033  60.570 0.0000000000
131853  29.774  -37.216  60.427 0.0000000000
47398  29.333  -37.266  59.959 0.0000000000
43702  20.163  -41.717  61.605 0.0000000000
43701  20.806  -42.015  61.753 0.0000000000
43722  19.792  -41.719  60.791 0.0000000000
65737  50.950  -17.919  47.187 0.0000000000
62918  47.308  -20.907  45.166 0.0000000000
63870  47.982  -20.873  44.855 0.0000000000
128729  15.556  -44.940  69.212 0.0000000000
135599  15.393  -45.847  68.679 0.0000000000
44542  34.417  -40.220  73.424 0.0000000000
45425  34.903  -39.607  73.590 0.0000000000
45440  34.875  -39.649  72.724 0.0000000000
45439  35.456  -39.048  73.091 0.0000000000
45455  35.360  -38.929  72.247 0.0000000000
123047  35.611  -38.247  71.873 0.0000000000
45464  34.588  -39.156  70.854 0.0000000000
45468  33.547  -39.402  69.548 0.0000000000
42544  30.065  -42.804  69.669 0.0000000000
43586  30.391  -42.077  69.479 0.0000000000
42559  29.758  -42.530  69.115 0.0000000000
42599  28.655  -41.975  67.300 0.0000000000
114666  28.406  -41.992  67.088 0.0000000000
42581  27.428  -41.987  66.663 0.0000000000
121590  28.337  -44.307  72.593 0.0000000000
40443  27.962  -44.055  72.101 0.0000000000
41457  27.211  -43.051  71.158 0.0000000000
42582  24.414  -41.786  67.659 0.0000000000
42603  23.587  -42.056  67.021 0.0000000000
43621  23.290  -41.915  66.294 0.0000000000
43633  22.679  -41.988  65.809 0.0000000000
43634  20.328  -41.557  64.731 0.0000000000
43651  18.507  -41.583  64.623 0.0000000000
118300  17.204  -42.309  63.982 0.0000000000
40523  15.380  -44.315  62.328 0.0000000000
62870  44.197  -20.700  50.902 0.0000000000
63811  43.852  -20.721  50.064 0.0000000000
62894  42.461  -21.893  48.581 0.0000000000
60013  42.073  -24.583  48.328 0.0000000000
59021  42.724  -25.215  48.332 0.0000000000
44482  20.740  -40.716  80.888 0.0000000000
44491  19.533  -40.433  79.580 0.0000000000
44492  18.791  -39.862  79.055 0.0000000000
45360  15.926  -39.123  80.992 0.0000000000
45373  16.339  -39.191  80.150 0.0000000000
45385  16.674  -39.269  79.285 0.0000000000
45394  17.014  -39.362  78.475 0.0000000000
45395  16.194  -39.545  78.614 0.0000000000
114724  15.573  -40.432  77.491 0.0000000000
113816  15.049  -41.112  77.085 0.0000000000
42478  14.515  -42.359  76.018 0.0000000000
114969  13.857  -43.973  75.823 0.0000000000
68472  54.031  -14.876  50.555 0.0000000000
67549  53.312  -15.847  50.787 0.0000000000
66604  53.323  -17.000  52.217 0.0000000000
65713  50.797  -19.149  50.240 0.0000000000
64751  51.107  -19.367  51.067 0.0000000000
63805  50.162  -20.028  51.069 0.0000000000
63774  49.823  -20.314  52.386 0.0000000000
121056  49.054  -20.324  52.925 0.0000000000
61851  46.926  -22.537  55.563 0.0000000000
61864  46.353  -22.326  54.918 0.0000000000
60886  44.298  -23.118  53.913 0.0000000000
59976  43.779  -24.412  54.317 0.0000000000
59906  49.579  -24.613  59.723 0.0000000000
59917  49.368  -24.535  58.962 0.0000000000
58939  47.920  -25.329  58.259 0.0000000000
57022  45.052  -26.859  57.353 0.0000000000
57041  44.806  -26.910  56.716 0.0000000000
58967  44.413  -26.086  55.455 0.0000000000
125743  43.691  -26.298  54.895 0.0000000000
136212  43.295  -26.521  54.603 0.0000000000
58035  42.335  -26.855  53.699 0.0000000000
57082  41.843  -27.310  53.585 0.0000000000
114563  41.186  -27.515  53.660 0.0000000000
57062  40.593  -27.603  55.129 0.0000000000
113142  39.941  -27.428  55.599 0.0000000000
57074  38.100  -27.349  54.443 0.0000000000
128108  44.776  -27.557  65.182 0.0000000000
55986  44.119  -27.560  64.795 0.0000000000
53196  40.619  -31.543  68.997 0.0000000000
53209  41.245  -31.036  68.733 0.0000000000
53210  40.545  -31.323  68.110 0.0000000000
54190  40.917  -30.661  67.461 0.0000000000
54199  40.537  -30.442  66.656 0.0000000000
54252  39.186  -29.856  63.167 0.0000000000
55108  39.820  -29.762  64.333 0.0000000000
55124  39.738  -29.504  63.637 0.0000000000
55123  40.299  -28.890  63.457 0.0000000000
56000  40.851  -28.361  63.340 0.0000000000
55999  41.552  -28.034  63.609 0.0000000000
56024  40.811  -27.691  62.019 0.0000000000
56951  40.450  -27.613  61.207 0.0000000000
118551  36.252  -29.323  57.829 0.0000000000
56064  36.817  -28.927  58.224 0.0000000000
55198  35.994  -29.009  57.129 0.0000000000
56098  35.546  -28.461  55.575 0.0000000000
56107  34.605  -28.515  54.320 0.0000000000
56117  33.656  -28.597  53.067 0.0000000000
55233  32.480  -29.500  53.308 0.0000000000
54328  31.539  -30.826  54.489 0.0000000000
54329  30.650  -30.904  54.002 0.0000000000
51322  30.404  -32.865  58.252 0.0000000000
52314  29.627  -32.751  57.313 0.0000000000
51344  26.473  -33.757  55.492 0.0000000000
51385  26.161  -33.409  54.616 0.0000000000
45491  31.847  -39.126  66.702 0.0000000000
45499  31.970  -38.837  66.225 0.0000000000
45500  31.654  -38.826  66.108 0.0000000000
46383  30.527  -38.513  65.055 0.0000000000
46409  26.944  -38.822  62.168 0.0000000000
47379  27.043  -37.494  61.152 0.0000000000
47391  26.065  -37.684  59.855 0.0000000000
47403  24.998  -37.813  58.937 0.0000000000
121350  21.530  -41.117  60.254 0.0000000000
44651  21.421  -40.860  59.421 0.0000000000
44663  21.262  -40.511  58.594 0.0000000000
44696  20.369  -40.678  55.734 0.0000000000
44683  20.437  -40.686  56.478 0.0000000000
46477  21.532  -38.555  56.386 0.0000000000
63860  51.848  -20.063  45.073 0.0000000000
64802  52.599  -19.614  45.499 0.0000000000
123678  44.002  -21.975  47.032 0.0000000000
135710  44.500  -22.441  46.597 0.0000000000
39457  22.910  -45.307  75.484 0.0000000000
39458  22.311  -44.973  75.290 0.0000000000
40394  22.323  -44.694  76.681 0.0000000000
40385  22.064  -44.291  77.359 0.0000000000
41379  21.717  -43.790  77.865 0.0000000000
41363  21.322  -43.207  78.235 0.0000000000
39446  25.844  -45.640  77.173 0.0000000000
131373  25.306  -45.599  77.328 0.0000000000
113456  25.227  -45.637  76.673 0.0000000000
120831  36.747  -35.861  74.049 0.0000000000
126087  36.783  -35.093  74.058 0.0000000000
122693  36.252  -33.787  73.271 0.0000000000
49225  35.780  -35.613  72.097 0.0000000000
50185  35.888  -34.799  72.487 0.0000000000
123240  35.965  -33.839  72.627 0.0000000000
51135  35.857  -33.144  71.951 0.0000000000
52158  36.753  -32.665  69.857 0.0000000000
119643  35.842  -33.349  68.918 0.0000000000
50227  34.954  -33.915  67.857 0.0000000000
50253  34.567  -34.497  65.619 0.0000000000
49303  33.822  -34.754  64.213 0.0000000000
49304  33.228  -35.619  64.634 0.0000000000
49305  32.483  -36.393  64.323 0.0000000000
48345  32.700  -36.645  64.971 0.0000000000
48359  31.948  -36.940  64.022 0.0000000000
127526  16.409  -42.287  60.277 0.0000000000
113777  15.980  -43.168  59.084 0.0000000000
40595  15.982  -44.333  57.981 0.0000000000
40596  15.447  -44.849  58.483 0.0000000000
63849  48.045  -19.791  46.416 0.0000000000
63839  47.561  -19.691  47.198 0.0000000000
121885  47.756  -20.311  45.602 0.0000000000
41537  16.277  -43.279  64.520 0.0000000000
41526  16.054  -43.373  65.204 0.0000000000
41527  15.540  -44.173  65.437 0.0000000000
40477  15.379  -44.506  66.204 0.0000000000
43567  17.226  -41.659  72.120 0.0000000000
43577  16.620  -41.795  71.540 0.0000000000
41451  15.460  -43.596  70.484 0.0000000000
42532  15.516  -42.800  71.444 0.0000000000
125931  15.590  -46.044  69.758 0.0000000000
38679  15.669  -46.914  70.764 0.0000000000
43548  33.392  -41.266  74.292 0.0000000000
43558  33.896  -40.744  73.928 0.0000000000
44529  34.332  -40.127  74.123 0.0000000000
44555  33.785  -40.526  72.362 0.0000000000
44564  32.701  -40.723  70.606 0.0000000000
42526  31.252  -42.676  71.424 0.0000000000
42534  30.827  -42.611  70.800 0.0000000000
41465  29.175  -43.235  68.954 0.0000000000
135923  25.111  -43.472  71.996 0.0000000000
118508  24.559  -43.460  71.460 0.0000000000
41468  23.478  -43.279  69.903 0.0000000000
41469  22.738  -43.555  69.809 0.0000000000
42549  23.290  -43.061  69.188 0.0000000000
42565  22.310  -43.001  68.210 0.0000000000
42584  22.038  -42.804  67.514 0.0000000000
113387  21.779  -42.593  66.861 0.0000000000
42606  21.176  -42.472  66.723 0.0000000000
42631  19.457  -41.827  66.142 0.0000000000
42608  19.557  -42.076  66.809 0.0000000000
114814  42.660  -22.213  51.444 0.0000000000
61930  41.485  -22.800  49.329 0.0000000000
127473  41.263  -23.335  49.010 0.0000000000
45374  15.584  -39.522  80.309 0.0000000000
122285  14.371  -42.000  78.286 0.0000000000
42453  14.064  -42.757  77.797 0.0000000000
40387  13.958  -44.363  77.637 0.0000000000
133899  14.140  -44.469  78.444 0.0000000000
62829  48.722  -21.277  55.318 0.0000000000
62816  47.880  -21.559  55.357 0.0000000000
61850  47.648  -22.237  55.828 0.0000000000
57973  48.314  -26.197  60.026 0.0000000000
57974  47.720  -26.409  59.612 0.0000000000
57975  47.159  -26.499  59.224 0.0000000000
57992  46.020  -26.607  58.187 0.0000000000
57001  45.943  -26.633  58.618 0.0000000000
57042  44.246  -27.212  56.535 0.0000000000
57043  43.601  -27.381  56.325 0.0000000000
57060  42.639  -27.476  55.377 0.0000000000
113144  41.394  -27.491  56.575 0.0000000000
113143  39.426  -27.282  57.042 0.0000000000
55953  44.207  -28.686  67.560 0.0000000000
53232  38.586  -32.063  65.532 0.0000000000
53231  39.161  -31.521  65.931 0.0000000000
53243  38.403  -31.830  64.662 0.0000000000
54232  38.760  -30.982  64.252 0.0000000000
54244  38.578  -30.643  63.355 0.0000000000
53259  37.984  -31.278  63.092 0.0000000000
131275  38.712  -30.101  62.726 0.0000000000
55139  38.535  -29.869  62.134 0.0000000000
129713  38.306  -29.214  60.734 0.0000000000
55177  37.394  -29.550  59.821 0.0000000000
54276  36.472  -30.609  59.816 0.0000000000
54283  36.315  -30.193  59.010 0.0000000000
55189  35.924  -29.985  58.231 0.0000000000
55199  35.636  -29.694  57.525 0.0000000000
54310  34.137  -30.236  56.295 0.0000000000
128855  33.675  -29.720  55.137 0.0000000000
54311  33.525  -30.363  55.760 0.0000000000
54312  32.666  -30.850  55.520 0.0000000000
53310  33.023  -31.396  56.778 0.0000000000
53325  32.059  -31.453  55.691 0.0000000000
53326  31.493  -31.373  55.270 0.0000000000
53327  30.858  -31.735  55.572 0.0000000000
112721  29.956  -31.682  55.168 0.0000000000
50326  29.159  -34.893  59.235 0.0000000000
51310  28.998  -34.106  58.553 0.0000000000
51324  27.903  -34.248  57.363 0.0000000000
50355  26.922  -34.680  56.255 0.0000000000
50386  25.888  -34.236  54.821 0.0000000000
45503  28.600  -39.805  65.375 0.0000000000
44604  28.060  -40.677  64.706 0.0000000000
44613  27.354  -40.562  63.339 0.0000000000
44614  26.854  -40.929  63.099 0.0000000000
133943  26.979  -40.538  62.822 0.0000000000
45521  26.461  -39.576  62.061 0.0000000000
45537  24.446  -39.128  60.918 0.0000000000
42742  19.480  -42.298  57.480 0.0000000000
42759  19.456  -42.414  56.450 0.0000000000
42775  19.908  -41.825  56.367 0.0000000000
132679  19.707  -42.160  55.801 0.0000000000
42790  19.786  -42.200  55.048 0.0000000000
43785  20.049  -41.480  55.510 0.0000000000
66657  55.302  -18.029  47.441 0.0000000000
125644  55.385  -19.665  47.959 0.0000000000
63845  54.998  -20.533  47.858 0.0000000000
62904  54.732  -21.265  47.655 0.0000000000
60961  50.762  -23.422  45.370 0.0000000000
131655  20.722  -43.056  70.344 0.0000000000
42539  20.134  -42.647  69.895 0.0000000000
120747  19.902  -42.661  70.715 0.0000000000
42529  19.717  -42.633  71.611 0.0000000000
41450  20.331  -43.196  72.107 0.0000000000
42519  18.828  -42.057  72.042 0.0000000000
119633  18.932  -42.275  72.985 0.0000000000
41415  20.476  -43.635  74.400 0.0000000000
41425  19.854  -43.125  73.926 0.0000000000
131924  18.427  -42.104  73.474 0.0000000000
42488  18.609  -42.392  75.021 0.0000000000
43541  16.897  -41.576  75.405 0.0000000000
41423  30.661  -44.028  73.495 0.0000000000
40415  30.398  -44.328  73.992 0.0000000000
40416  29.738  -44.527  73.839 0.0000000000
119536  28.305  -44.689  74.040 0.0000000000
117350  28.309  -44.484  73.314 0.0000000000
40431  27.508  -44.198  73.033 0.0000000000
40432  26.345  -44.128  73.021 0.0000000000
114107  27.224  -45.511  76.691 0.0000000000
39471  26.310  -44.981  74.472 0.0000000000
40420  25.637  -44.586  73.691 0.0000000000
40433  25.401  -44.161  72.932 0.0000000000
41434  24.655  -43.926  72.366 0.0000000000
133053  22.657  -44.164  71.309 0.0000000000
41462  21.883  -43.880  70.676 0.0000000000
58995  40.547  -25.832  51.569 0.0000000000
59004  40.229  -25.581  50.743 0.0000000000
58071  39.987  -26.643  49.522 0.0000000000
59905  50.101  -23.941  59.949 0.0000000000
59896  49.599  -24.574  60.407 0.0000000000
58906  49.180  -25.324  60.219 0.0000000000
133398  49.307  -25.125  60.821 0.0000000000
58907  48.705  -25.837  60.342 0.0000000000
57958  48.458  -26.163  60.717 0.0000000000
117718  47.552  -26.663  61.011 0.0000000000
57929  48.040  -26.464  62.030 0.0000000000
56947  47.550  -26.699  61.721 0.0000000000
115254  46.829  -26.878  61.298 0.0000000000
114328  45.238  -27.028  61.843 0.0000000000
53197  39.871  -31.904  68.538 0.0000000000
52170  37.535  -32.578  69.129 0.0000000000
115008  38.252  -32.575  68.651 0.0000000000
114727  37.509  -33.179  67.673 0.0000000000
52184  38.154  -32.894  67.988 0.0000000000
127550  38.530  -32.698  67.663 0.0000000000
53222  38.760  -32.233  66.402 0.0000000000
52228  38.027  -32.562  65.110 0.0000000000
52239  37.251  -32.864  63.878 0.0000000000
51226  36.944  -33.341  64.340 0.0000000000
51242  36.723  -33.206  63.697 0.0000000000
52240  36.837  -32.756  63.140 0.0000000000
52274  34.615  -32.589  60.829 0.0000000000
112639  34.056  -32.552  60.142 0.0000000000
52275  33.245  -32.846  60.370 0.0000000000
112496  32.664  -33.303  60.853 0.0000000000
132650  32.307  -33.030  60.220 0.0000000000
134918  31.565  -33.258  60.110 0.0000000000
50325  30.063  -34.094  59.738 0.0000000000
50287  31.645  -35.173  62.256 0.0000000000
50315  31.036  -34.433  61.005 0.0000000000
50316  30.341  -34.697  60.477 0.0000000000
49391  28.840  -35.989  58.728 0.0000000000
48390  29.037  -36.781  58.936 0.0000000000
123828  28.671  -36.629  58.336 0.0000000000
48403  28.402  -36.866  57.748 0.0000000000
48404  27.967  -37.149  57.188 0.0000000000
43664  23.519  -40.935  63.694 0.0000000000
43682  23.594  -40.647  62.829 0.0000000000
120755  22.731  -41.112  63.150 0.0000000000
43699  21.897  -41.362  62.027 0.0000000000
43720  20.946  -41.972  61.135 0.0000000000
130693  21.107  -41.704  60.541 0.0000000000
42708  20.009  -42.064  59.052 0.0000000000
42711  17.739  -41.820  59.170 0.0000000000
115809  18.404  -42.034  58.441 0.0000000000
41598  16.883  -42.922  57.813 0.0000000000
42725  19.062  -42.244  57.973 0.0000000000
125735  18.819  -42.510  57.258 0.0000000000
67579  52.722  -16.269  47.461 0.0000000000
67593  53.068  -16.822  46.735 0.0000000000
66676  52.206  -17.458  46.517 0.0000000000
129388  51.801  -18.415  45.674 0.0000000000
64803  51.675  -19.089  45.239 0.0000000000
63866  51.082  -20.396  44.778 0.0000000000
113417  49.493  -19.219  46.178 0.0000000000
63861  49.113  -20.304  44.880 0.0000000000
64809  49.724  -20.055  44.869 0.0000000000
62929  50.062  -21.472  44.600 0.0000000000
40494  15.647  -44.152  64.071 0.0000000000
39538  14.723  -45.536  63.486 0.0000000000
42552  18.912  -42.119  68.933 0.0000000000
43598  17.520  -41.605  68.610 0.0000000000
43588  17.202  -41.547  69.339 0.0000000000
39512  15.196  -45.086  66.635 0.0000000000
42553  16.191  -42.123  70.197 0.0000000000
127737  15.695  -42.711  69.163 0.0000000000
40456  15.511  -44.064  68.782 0.0000000000
127939  15.549  -43.145  68.785 0.0000000000
40466  15.455  -44.242  67.766 0.0000000000
48194  36.048  -35.951  75.187 0.0000000000
123770  36.620  -36.555  73.820 0.0000000000
48219  36.468  -36.623  72.981 0.0000000000
47255  36.070  -37.003  72.124 0.0000000000
47256  35.652  -37.579  71.584 0.0000000000
112888  35.515  -36.989  71.303 0.0000000000
47289  34.724  -37.310  70.070 0.0000000000
47308  34.098  -37.920  68.789 0.0000000000
135888  33.536  -38.237  68.075 0.0000000000
45472  33.277  -39.330  68.745 0.0000000000
45482  32.515  -39.264  67.690 0.0000000000
43585  31.723  -40.665  69.483 0.0000000000
44584  30.320  -40.330  67.878 0.0000000000
44591  28.518  -41.019  66.189 0.0000000000
43627  28.064  -41.319  65.445 0.0000000000
43628  27.798  -41.367  65.171 0.0000000000
42600  28.302  -41.786  66.544 0.0000000000
42626  28.021  -41.676  65.794 0.0000000000
42644  27.520  -41.395  64.899 0.0000000000
116090  26.353  -41.193  64.565 0.0000000000
40440  29.924  -44.242  72.300 0.0000000000
115849  29.683  -44.018  71.602 0.0000000000
41440  29.161  -43.960  71.169 0.0000000000
41466  28.853  -43.452  69.410 0.0000000000
41480  28.324  -43.220  68.897 0.0000000000
42528  26.387  -42.707  71.110 0.0000000000
42537  26.162  -42.252  70.376 0.0000000000
134750  25.974  -41.900  69.696 0.0000000000
42561  27.609  -42.636  68.618 0.0000000000
112528  27.891  -42.567  67.680 0.0000000000
131568  27.512  -42.178  67.256 0.0000000000
132591  26.500  -41.531  66.560 0.0000000000
43619  25.398  -41.274  66.295 0.0000000000
128775  24.273  -41.099  64.984 0.0000000000
43666  21.339  -41.810  63.347 0.0000000000
122774  20.503  -41.687  62.572 0.0000000000
43704  18.082  -41.325  61.495 0.0000000000
42629  20.947  -42.219  65.915 0.0000000000
43669  18.657  -41.280  63.727 0.0000000000
122217  18.815  -41.156  62.956 0.0000000000
43705  17.214  -41.615  61.467 0.0000000000
42695  16.698  -41.885  60.904 0.0000000000
41564  15.605  -43.720  61.638 0.0000000000
40542  15.246  -44.210  61.032 0.0000000000
40558  15.160  -44.373  60.294 0.0000000000
64757  45.886  -19.796  49.890 0.0000000000
64771  45.542  -19.771  49.020 0.0000000000
135413  44.623  -20.338  48.219 0.0000000000
63842  43.857  -21.084  47.658 0.0000000000
60024  42.415  -23.765  48.152 0.0000000000
60947  42.760  -23.032  47.833 0.0000000000
126424  41.382  -27.336  48.055 0.0000000000
42441  24.139  -43.299  79.931 0.0000000000
41340  23.456  -42.986  80.399 0.0000000000
42450  21.656  -42.968  79.111 0.0000000000
43489  22.613  -41.634  81.060 0.0000000000
42445  21.244  -42.294  79.394 0.0000000000
42451  20.943  -42.570  78.571 0.0000000000
42452  20.310  -42.271  78.157 0.0000000000
43510  19.228  -41.721  77.424 0.0000000000
43524  18.213  -41.618  76.319 0.0000000000
45370  19.071  -39.632  80.733 0.0000000000
44499  17.522  -39.816  77.887 0.0000000000
44505  17.215  -40.334  77.194 0.0000000000
44513  17.003  -40.810  76.679 0.0000000000
43526  16.438  -41.347  75.880 0.0000000000
115954  15.672  -41.983  74.879 0.0000000000
40426  14.254  -44.554  73.677 0.0000000000
114284  14.103  -43.858  75.028 0.0000000000
117397  13.792  -44.954  76.042 0.0000000000
68498  54.281  -15.211  47.665 0.0000000000
68499  53.325  -15.552  47.878 0.0000000000
66643  51.314  -17.357  48.513 0.0000000000
65731  50.338  -18.784  48.512 0.0000000000
114152  53.936  -15.362  51.379 0.0000000000
67550  52.648  -16.924  51.069 0.0000000000
64779  49.435  -19.594  48.600 0.0000000000
64768  49.026  -19.806  49.031 0.0000000000
64769  47.451  -19.569  49.393 0.0000000000
64725  52.440  -19.527  53.186 0.0000000000
63791  49.612  -20.177  51.533 0.0000000000
64756  46.768  -19.655  50.082 0.0000000000
63809  45.400  -20.112  50.518 0.0000000000
63796  44.924  -20.416  51.102 0.0000000000
117501  43.954  -21.194  51.525 0.0000000000
131539  46.594  -21.055  53.674 0.0000000000
120171  45.882  -21.362  53.412 0.0000000000
62831  46.176  -21.657  54.151 0.0000000000
134076  43.127  -22.114  52.046 0.0000000000
60906  43.163  -23.130  53.064 0.0000000000
60908  41.699  -23.833  52.117 0.0000000000
59991  41.259  -24.467  51.920 0.0000000000
124983  49.947  -23.146  58.076 0.0000000000
60819  49.297  -23.320  57.731 0.0000000000
59957  46.167  -24.270  56.039 0.0000000000
58940  47.228  -25.885  58.063 0.0000000000
58941  46.670  -25.768  57.389 0.0000000000
58014  46.042  -26.293  57.220 0.0000000000
59974  44.890  -24.209  55.083 0.0000000000
59975  44.349  -24.530  54.741 0.0000000000
58981  43.335  -25.048  54.220 0.0000000000
122632  41.520  -25.054  52.532 0.0000000000
58994  41.004  -25.348  52.072 0.0000000000
58044  40.550  -26.787  51.909 0.0000000000
113141  42.176  -27.572  54.855 0.0000000000
57071  41.685  -27.577  54.239 0.0000000000
114053  40.389  -27.546  53.818 0.0000000000
56915  46.360  -26.976  63.777 0.0000000000
56934  45.527  -27.067  62.632 0.0000000000
56948  44.299  -26.985  61.723 0.0000000000
55954  43.632  -28.895  67.421 0.0000000000
54216  40.208  -30.220  65.870 0.0000000000
54215  40.825  -29.814  66.200 0.0000000000
55095  40.692  -29.559  65.473 0.0000000000
55094  42.471  -28.729  66.093 0.0000000000
55978  43.478  -28.231  66.097 0.0000000000
114441  43.397  -27.810  65.157 0.0000000000
55987  43.352  -27.538  64.346 0.0000000000
56918  43.454  -27.276  63.540 0.0000000000
56936  43.647  -27.099  62.540 0.0000000000
128002  42.750  -27.010  60.484 0.0000000000
56983  42.399  -27.039  59.663 0.0000000000
56984  41.501  -27.109  59.470 0.0000000000
56966  40.889  -27.208  60.427 0.0000000000
130316  40.941  -27.144  58.862 0.0000000000
113145  39.778  -27.068  57.914 0.0000000000
56039  38.620  -28.614  60.446 0.0000000000
56050  38.385  -28.393  59.721 0.0000000000
56062  38.147  -28.166  58.984 0.0000000000
57009  37.952  -27.818  58.243 0.0000000000
128246  38.557  -27.630  58.618 0.0000000000
57047  38.459  -27.334  56.839 0.0000000000
124509  37.184  -27.424  54.446 0.0000000000
55226  32.744  -29.773  54.188 0.0000000000
55234  31.739  -29.812  52.963 0.0000000000
117119  32.042  -32.332  57.713 0.0000000000
53313  30.231  -32.160  55.981 0.0000000000
52315  28.878  -32.973  57.062 0.0000000000
51364  26.925  -32.909  55.599 0.0000000000
52328  27.631  -32.758  56.038 0.0000000000
52327  28.581  -32.558  56.328 0.0000000000
47327  33.302  -38.178  67.363 0.0000000000
47340  32.422  -38.422  66.169 0.0000000000
47347  32.193  -38.252  65.416 0.0000000000
46389  31.769  -38.353  65.066 0.0000000000
47354  31.467  -38.046  64.382 0.0000000000
47362  31.032  -37.914  63.393 0.0000000000
47369  30.296  -37.539  62.375 0.0000000000
46400  28.957  -38.108  63.729 0.0000000000
46406  29.854  -37.755  62.985 0.0000000000
47376  29.966  -37.462  61.525 0.0000000000
47388  28.750  -37.425  60.411 0.0000000000
47399  28.699  -37.361  59.471 0.0000000000
47400  27.850  -37.403  59.226 0.0000000000
47414  27.659  -37.514  58.330 0.0000000000
134384  26.454  -37.539  57.523 0.0000000000
116346  25.329  -37.435  56.646 0.0000000000
112491  23.661  -40.388  62.060 0.0000000000
45530  23.704  -40.104  61.407 0.0000000000
45529  24.373  -39.719  61.400 0.0000000000
46428  24.028  -38.846  60.225 0.0000000000
43759  20.341  -41.606  57.691 0.0000000000
44664  20.764  -41.044  58.093 0.0000000000
44670  21.029  -40.054  57.686 0.0000000000
45561  21.575  -39.619  58.335 0.0000000000
46448  24.121  -37.813  58.988 0.0000000000
47419  22.935  -37.633  57.638 0.0000000000
47438  24.810  -37.487  57.423 0.0000000000
47456  24.582  -37.374  56.546 0.0000000000
134503  25.269  -37.308  55.846 0.0000000000
63859  53.614  -20.002  46.166 0.0000000000
62905  54.131  -21.547  46.954 0.0000000000
60960  51.634  -23.370  45.758 0.0000000000
63851  45.639  -20.643  46.452 0.0000000000
62908  45.393  -21.346  46.078 0.0000000000
38681  15.523  -46.763  69.979 0.0000000000
38687  15.437  -46.265  69.224 0.0000000000
41417  14.894  -43.123  73.789 0.0000000000
42490  15.888  -41.559  75.441 0.0000000000
42560  29.373  -42.597  68.526 0.0000000000
42579  28.745  -42.215  67.620 0.0000000000
42611  15.758  -42.979  66.526 0.0000000000
43492  14.495  -41.564  80.215 0.0000000000
43738  20.335  -41.858  59.096 0.0000000000
44501  15.741  -39.926  78.128 0.0000000000
44514  16.406  -40.999  76.412 0.0000000000
45536  25.012  -38.778  60.952 0.0000000000
46392  30.121  -38.255  64.548 0.0000000000
46398  30.933  -38.009  63.645 0.0000000000
46465  22.257  -38.183  57.617 0.0000000000
47270  34.942  -37.931  70.325 0.0000000000
48247  34.336  -36.754  69.425 0.0000000000
49186  36.474  -35.417  74.767 0.0000000000
49197  36.713  -35.528  73.561 0.0000000000
50273  34.933  -34.056  63.822 0.0000000000
50370  25.818  -35.063  54.860 0.0000000000
51205  35.695  -33.723  66.516 0.0000000000
51244  35.019  -33.809  63.312 0.0000000000
51272  34.485  -32.999  61.480 0.0000000000
52157  37.617  -32.215  69.956 0.0000000000
52168  40.019  -31.692  69.797 0.0000000000
53137  36.999  -31.614  73.741 0.0000000000
53312  31.854  -31.833  56.400 0.0000000000
54270  37.264  -30.519  60.973 0.0000000000
57065  37.439  -27.526  55.832 0.0000000000
60938  42.095  -23.213  48.247 0.0000000000
113359  44.767  -20.142  48.816 0.0000000000
117861  26.613  -41.176  63.956 0.0000000000
118109  14.319  -43.221  79.130 0.0000000000
121142  18.337  -42.122  75.401 0.0000000000
121215  26.983  -32.508  54.935 0.0000000000
125771  36.830  -32.346  70.679 0.0000000000
128455  28.380  -38.929  64.119 0.0000000000
129658  35.706  -33.125  62.326 0.0000000000
132922  29.848  -32.972  57.841 0.0000000000
132938  43.887  -21.515  47.347 0.0000000000
133022  14.324  -42.127  77.495 0.0000000000
133822  27.271  -41.420  64.094 0.0000000000
135952  31.201  -37.941  63.890 0.0000000000
135986  34.021  -33.116  61.452 0.0000000000
136218  32.194  -41.325  70.671 0.0000000000
136232  35.375  -33.798  71.179 0.0000000000
