#!ascii label  , from subject sub-v1s6x0051367_ses-1 vox2ras=TkReg
1334
128968  27.801  -53.495  11.766 0.8999999762
33566  28.126  -54.063  11.366 0.8000000119
31907  28.401  -55.303  10.569 0.6999999881
128566  28.466  -55.526  9.891 0.8000000119
33551  27.282  -53.423  12.251 0.8999999762
118183  28.204  -53.153  11.301 1.0000000000
33580  28.425  -53.592  10.600 1.0000000000
32761  28.493  -54.008  9.769 0.8999999762
115655  28.494  -54.851  9.809 0.8000000119
31921  28.512  -55.363  9.172 0.8000000119
32772  28.488  -54.476  8.871 0.8999999762
31933  28.492  -55.244  8.297 0.8000000119
31945  28.442  -55.186  7.413 0.6999999881
125500  28.505  -55.854  6.967 0.6999999881
123126  25.624  -52.823  12.677 0.8000000119
116152  27.073  -52.815  12.384 0.8999999762
34353  26.478  -52.484  12.552 0.8999999762
34375  23.832  -52.520  12.417 0.8999999762
34390  28.430  -52.717  10.590 1.0000000000
33606  28.484  -53.535  8.949 0.8999999762
34423  28.477  -52.696  8.990 1.0000000000
33616  28.323  -53.035  8.103 0.8999999762
114752  28.412  -53.856  8.253 0.8999999762
32784  28.420  -54.491  7.887 0.8000000119
126190  28.319  -55.888  6.249 0.6999999881
34352  27.261  -52.081  12.352 0.8999999762
123836  26.551  -51.830  12.540 0.8999999762
34354  25.770  -51.997  12.658 0.8999999762
35152  24.117  -51.789  12.501 0.8999999762
113698  23.350  -51.725  12.036 0.8999999762
35151  27.900  -51.976  11.918 0.8999999762
34405  28.523  -52.294  9.768 1.0000000000
33630  28.283  -53.746  7.510 0.8000000119
32797  28.298  -54.440  7.037 0.8000000119
31956  28.263  -55.183  6.541 0.8000000119
32813  27.670  -54.382  5.456 0.8000000119
31973  27.624  -55.126  5.084 0.8000000119
31983  27.114  -55.340  4.253 0.8000000119
35131  24.987  -51.290  12.620 0.8999999762
131023  23.077  -51.336  11.466 0.8999999762
120948  22.840  -50.887  10.963 0.8999999762
35129  27.013  -51.320  12.467 0.8999999762
35153  23.328  -50.889  11.744 0.8999999762
35970  22.532  -50.073  10.186 0.8000000119
35981  22.186  -50.496  9.381 0.8000000119
121559  20.682  -49.008  8.532 0.6999999881
35150  28.281  -51.373  11.490 0.8999999762
36888  20.125  -48.144  8.812 0.6999999881
36890  18.550  -47.918  8.661 0.6999999881
124086  28.658  -50.905  10.595 1.0000000000
36868  18.511  -48.003  9.098 0.6000000238
35166  28.501  -51.826  10.578 1.0000000000
125665  28.512  -51.994  9.071 1.0000000000
34436  28.400  -52.161  8.365 1.0000000000
34437  28.144  -52.257  7.591 0.8999999762
33617  28.047  -52.986  7.182 0.8000000119
33631  28.005  -53.693  6.717 0.8000000119
33645  27.650  -53.661  5.924 0.8000000119
33656  27.482  -53.613  5.017 0.8000000119
32825  27.344  -54.420  4.612 0.8000000119
33657  26.980  -53.629  4.222 0.8000000119
115873  26.163  -53.698  3.521 0.8000000119
35130  26.138  -51.244  12.615 0.8999999762
35132  23.934  -51.053  12.377 0.8999999762
35930  25.784  -50.265  12.559 0.8999999762
35931  24.551  -50.342  12.447 0.8999999762
35969  23.092  -50.016  11.224 0.8999999762
35128  27.734  -51.364  12.167 0.8999999762
36865  21.928  -49.445  9.450 0.6999999881
35956  28.470  -50.447  11.428 0.8999999762
37716  21.468  -48.549  9.655 0.6000000238
37717  20.215  -48.052  9.266 0.6000000238
126988  19.795  -50.766  9.658 0.5000000000
35181  28.676  -51.377  9.610 1.0000000000
35168  20.526  -51.574  10.500 0.5000000000
36002  28.777  -50.706  8.898 1.0000000000
35199  28.541  -51.448  8.667 1.0000000000
35215  28.328  -51.523  7.910 1.0000000000
34449  27.760  -52.250  6.852 0.8999999762
34462  27.442  -52.187  6.083 0.8999999762
124608  27.484  -52.872  5.526 0.8000000119
34463  27.347  -52.052  5.146 0.8999999762
35251  26.540  -51.107  4.383 0.8999999762
119180  26.419  -52.846  3.871 0.8000000119
34476  24.706  -52.364  3.280 0.8000000119
33658  25.235  -53.046  3.256 0.8000000119
35932  23.695  -50.236  12.109 0.8999999762
35929  26.671  -50.734  12.535 0.8999999762
127840  26.826  -50.187  12.516 0.8999999762
36826  23.067  -49.129  11.251 0.6999999881
132926  22.274  -49.147  9.930 0.8000000119
130228  28.113  -50.782  12.009 0.8999999762
36798  27.476  -49.768  12.372 0.8999999762
118397  20.769  -48.220  9.860 0.6999999881
121003  19.605  -48.044  9.633 0.6000000238
35983  19.478  -49.052  9.774 0.6000000238
37695  20.101  -48.196  9.852 0.6999999881
36848  20.087  -48.215  10.283 0.6000000238
35971  20.201  -49.096  10.765 0.5000000000
35980  28.967  -50.401  9.751 1.0000000000
35154  20.683  -50.710  11.139 0.5000000000
129235  20.682  -51.622  11.405 0.5000000000
36864  29.145  -49.853  8.953 1.0000000000
115964  28.515  -50.929  8.227 1.0000000000
36019  28.231  -50.767  7.518 1.0000000000
135454  27.783  -50.997  6.905 1.0000000000
35230  27.602  -51.539  6.541 0.8999999762
115112  28.708  -50.225  8.170 1.0000000000
36033  27.976  -50.327  6.763 0.8999999762
35243  27.399  -51.406  5.740 0.8999999762
36043  27.359  -50.606  5.414 0.8999999762
35244  27.134  -51.239  4.903 0.8999999762
35252  25.960  -51.314  3.777 0.8999999762
34475  25.647  -52.154  3.577 0.8999999762
36050  26.220  -50.671  3.995 0.8999999762
36051  25.501  -50.670  3.686 0.8999999762
36802  23.550  -49.542  11.777 0.8999999762
36801  24.144  -49.567  12.243 0.8999999762
36825  23.725  -48.743  11.858 1.0000000000
36827  22.578  -48.750  10.798 0.8000000119
36799  26.579  -49.505  12.526 0.8999999762
36847  22.190  -48.642  10.245 0.6999999881
35957  28.144  -50.079  12.061 0.8999999762
37693  21.492  -48.253  10.296 0.6999999881
118311  20.343  -47.980  10.792 0.6999999881
36828  20.561  -48.580  11.564 0.5000000000
35968  28.893  -49.995  10.663 1.0000000000
35133  20.592  -51.103  11.914 0.5000000000
35134  20.116  -51.452  12.443 0.5000000000
36845  29.215  -49.495  9.857 1.0000000000
37735  29.203  -48.254  8.382 1.0000000000
36887  28.965  -49.232  8.079 1.0000000000
36905  28.449  -49.838  7.370 1.0000000000
133614  28.602  -49.079  7.206 1.0000000000
37751  28.766  -48.386  7.513 1.0000000000
36915  28.265  -49.412  6.435 0.8999999762
36923  27.295  -49.720  5.109 0.8999999762
133832  26.627  -49.641  4.483 0.8999999762
35285  24.196  -51.714  1.600 0.6999999881
116190  22.931  -51.638  1.701 0.8000000119
120198  23.131  -52.545  1.834 0.8000000119
35286  21.914  -51.689  1.986 0.8000000119
37658  27.352  -48.947  12.433 0.8999999762
130986  26.378  -48.667  12.590 1.0000000000
114382  24.697  -48.934  12.332 1.0000000000
37677  22.871  -48.408  11.285 0.6999999881
37678  22.192  -48.288  10.753 0.6999999881
36823  28.605  -49.589  11.470 0.8999999762
36824  28.148  -49.247  12.100 0.8999999762
37694  20.765  -48.042  10.666 0.6999999881
35958  20.809  -49.997  11.860 0.6000000238
124698  29.079  -49.105  10.764 0.8999999762
37675  28.649  -48.701  11.526 0.8999999762
36886  29.373  -48.931  9.063 1.0000000000
130215  28.480  -48.519  6.634 1.0000000000
37764  28.235  -48.679  5.784 1.0000000000
38524  28.339  -47.862  6.026 1.0000000000
35255  22.838  -51.382  3.115 0.8999999762
120804  26.266  -51.237  2.133 0.6000000238
36095  24.936  -50.659  1.518 0.6000000238
36096  24.025  -50.750  1.487 0.8000000119
125667  22.560  -52.355  2.069 0.8999999762
35261  22.420  -51.578  2.677 0.8999999762
38461  22.444  -47.881  11.351 0.8000000119
38462  21.624  -47.957  10.977 0.6999999881
37679  20.752  -47.992  11.632 0.6999999881
128373  20.630  -48.631  12.442 0.6000000238
35934  19.703  -50.811  12.877 0.4000000060
36844  29.317  -48.621  9.974 1.0000000000
37759  28.516  -47.705  6.948 1.0000000000
38525  27.823  -47.281  5.589 1.0000000000
36054  22.959  -50.574  3.391 0.8999999762
36063  22.225  -50.894  2.997 0.8999999762
35274  21.586  -51.254  2.140 0.8999999762
35262  21.934  -51.288  2.491 0.8999999762
36078  26.666  -50.386  2.271 0.6000000238
35284  25.361  -51.378  1.717 0.6000000238
129142  23.267  -50.642  1.516 0.8000000119
35273  21.947  -51.705  2.106 0.8999999762
37659  25.403  -48.387  12.513 0.8999999762
37660  24.448  -48.091  12.232 0.8999999762
37661  23.430  -47.781  11.818 0.6999999881
38446  25.172  -47.583  12.583 0.8999999762
38449  21.918  -47.535  11.625 0.6000000238
37676  28.065  -48.377  12.205 1.0000000000
38445  27.175  -48.089  12.624 1.0000000000
38463  21.184  -47.722  11.496 0.6000000238
38464  20.943  -47.692  12.182 0.6000000238
36804  20.357  -49.020  13.205 0.5000000000
37692  29.135  -48.228  10.796 1.0000000000
38472  29.108  -47.380  10.565 1.0000000000
38471  29.325  -47.914  10.052 1.0000000000
37734  29.387  -48.062  9.277 1.0000000000
38504  29.152  -47.394  8.686 1.0000000000
136206  28.820  -47.562  7.808 1.0000000000
38518  28.481  -47.017  7.278 1.0000000000
135275  28.168  -46.958  6.422 1.0000000000
130323  27.443  -47.542  5.038 1.0000000000
37775  27.139  -48.123  4.676 1.0000000000
38543  26.568  -47.597  4.187 1.0000000000
37777  25.801  -48.494  3.717 1.0000000000
129606  24.962  -48.477  3.481 1.0000000000
124426  24.040  -50.158  3.460 0.8999999762
35287  21.601  -51.245  2.118 0.8999999762
36964  28.396  -49.640  2.527 0.6000000238
133696  27.748  -49.605  2.549 0.6000000238
36980  26.189  -49.653  1.796 0.6000000238
36094  25.771  -50.488  1.819 0.6000000238
36982  23.930  -49.960  1.463 0.8000000119
36097  22.438  -50.936  1.683 0.8000000119
120106  26.153  -47.819  12.753 0.8999999762
38447  24.244  -47.225  12.390 0.6999999881
38448  22.723  -47.333  11.857 0.6000000238
117814  27.873  -47.583  12.415 0.8999999762
37662  20.659  -48.078  12.695 0.5000000000
38460  28.608  -47.660  11.615 1.0000000000
39235  28.765  -46.654  11.153 0.8999999762
38490  29.247  -47.308  9.613 1.0000000000
39270  28.690  -46.660  8.074 1.0000000000
39271  28.203  -46.245  7.182 1.0000000000
133846  27.807  -46.183  6.426 1.0000000000
39285  27.633  -46.455  5.745 1.0000000000
39297  26.662  -46.610  4.379 1.0000000000
38544  25.414  -47.727  3.548 1.0000000000
38545  24.367  -47.570  3.423 1.0000000000
114091  23.181  -48.124  3.452 0.8999999762
36934  23.329  -49.385  3.461 0.8999999762
36055  22.248  -49.983  3.380 0.8999999762
36948  21.138  -50.065  2.465 0.8999999762
37806  27.811  -49.050  2.495 0.6000000238
36965  27.090  -49.514  2.321 0.6000000238
36981  25.338  -49.713  1.474 0.6000000238
36983  22.917  -49.963  1.502 0.6999999881
36098  21.505  -50.565  1.922 0.8000000119
36966  21.033  -50.040  2.150 0.8999999762
37804  29.325  -48.414  2.181 0.6000000238
36984  21.933  -49.779  1.627 0.8000000119
36985  21.208  -49.803  1.846 0.8999999762
38450  21.438  -47.356  12.323 0.6000000238
116717  27.013  -47.099  12.871 0.8999999762
121080  25.831  -47.025  12.930 0.8000000119
39228  28.165  -46.670  12.311 0.8999999762
40128  28.515  -45.857  11.672 0.8000000119
40137  28.742  -45.822  10.638 0.8999999762
39260  28.975  -46.603  9.103 1.0000000000
40161  28.383  -45.917  7.920 1.0000000000
40166  27.581  -45.601  6.818 1.0000000000
39286  27.120  -45.963  5.092 1.0000000000
114775  25.996  -47.118  3.776 1.0000000000
37778  22.312  -48.978  3.487 0.8999999762
36935  21.088  -49.700  2.995 0.8999999762
116140  24.622  -49.369  1.367 0.6999999881
36967  20.718  -49.449  2.277 0.8999999762
38570  28.740  -48.015  2.346 0.6000000238
38571  27.879  -48.160  2.324 0.6000000238
115457  23.801  -49.180  1.409 0.6999999881
126412  23.409  -47.141  12.198 0.6999999881
39216  22.846  -46.822  12.604 0.6000000238
39212  26.352  -46.268  13.127 0.8000000119
124270  25.009  -46.926  12.735 0.8000000119
39215  23.718  -46.616  12.644 0.6999999881
39211  27.356  -46.094  12.910 0.6999999881
120108  28.721  -45.829  9.621 0.8000000119
40150  28.520  -45.131  9.128 0.8000000119
40156  28.614  -45.910  8.668 0.8000000119
41127  28.272  -45.298  8.288 0.8000000119
133082  27.958  -45.456  7.535 0.8999999762
40179  27.329  -45.721  5.992 1.0000000000
40194  26.315  -45.596  4.693 1.0000000000
113161  25.156  -46.773  3.546 1.0000000000
113160  24.273  -46.381  3.477 1.0000000000
40195  25.419  -45.245  4.459 1.0000000000
39298  25.783  -46.142  4.009 1.0000000000
38546  23.439  -46.923  3.431 1.0000000000
38547  22.494  -47.303  3.454 1.0000000000
128573  22.206  -48.157  3.463 0.8999999762
37779  21.472  -48.657  3.412 0.8999999762
36936  20.887  -49.060  3.152 0.8999999762
37818  27.008  -48.142  1.726 0.6000000238
36979  26.553  -48.875  1.700 0.6000000238
112608  25.844  -48.937  1.327 0.6000000238
37820  24.570  -48.510  1.235 0.6999999881
36949  20.750  -49.307  2.706 0.8999999762
36986  20.726  -49.366  1.971 0.8999999762
117030  23.234  -48.066  1.399 0.6999999881
37822  22.792  -48.904  1.448 0.6999999881
37807  20.405  -48.776  2.242 0.8999999762
39213  25.375  -46.327  13.050 0.6999999881
39214  24.512  -46.455  12.814 0.6000000238
39198  24.038  -45.913  13.078 0.6000000238
39217  21.998  -46.905  12.920 0.6000000238
40117  27.495  -45.313  12.810 0.6999999881
40101  24.863  -45.714  13.278 0.6000000238
118982  28.088  -45.627  12.435 0.6999999881
115107  28.606  -45.109  11.260 0.6999999881
41124  28.247  -44.531  8.637 0.8000000119
41128  27.785  -44.734  7.904 0.8000000119
41134  27.326  -44.917  7.189 0.8000000119
40180  26.594  -45.278  5.611 1.0000000000
40167  26.889  -45.086  6.492 0.8000000119
40196  24.586  -44.932  4.241 1.0000000000
39299  24.923  -45.745  3.787 1.0000000000
39300  24.113  -45.363  3.652 1.0000000000
129504  23.567  -45.961  3.487 1.0000000000
113159  22.715  -46.144  3.491 1.0000000000
113158  21.789  -46.722  3.513 1.0000000000
38548  21.545  -47.725  3.449 1.0000000000
37780  20.713  -48.231  3.339 0.8999999762
37834  26.314  -48.173  0.991 0.6000000238
37794  20.259  -48.442  2.928 0.8999999762
38583  28.383  -47.406  1.983 0.6000000238
37819  25.514  -48.238  0.916 0.6999999881
128559  20.440  -48.831  2.497 0.8999999762
38588  22.393  -47.980  1.491 0.6999999881
37824  20.621  -48.530  1.863 0.8999999762
39199  23.298  -46.194  13.278 0.5000000000
40119  25.789  -45.529  13.289 0.6000000238
40118  26.719  -45.448  13.175 0.6999999881
40129  28.029  -44.680  12.483 0.6999999881
136215  28.600  -44.383  11.093 0.6999999881
41101  28.474  -44.437  11.866 0.6999999881
41120  28.467  -44.282  9.466 0.6999999881
42235  28.328  -43.802  8.904 0.6999999881
41129  27.293  -44.222  7.432 0.8000000119
41135  26.566  -44.369  6.843 0.8000000119
40181  25.793  -44.855  5.290 0.8999999762
41165  24.918  -44.614  5.105 1.0000000000
41136  25.803  -44.192  6.488 0.8000000119
40197  23.224  -45.099  3.731 1.0000000000
38549  20.722  -47.157  3.459 1.0000000000
37781  19.913  -47.761  3.250 0.8999999762
37795  19.370  -47.768  3.054 0.8999999762
38585  26.880  -47.533  1.207 0.6000000238
135774  25.991  -47.804  0.664 0.6000000238
38587  23.998  -47.775  1.247 0.6999999881
38589  21.379  -47.845  1.609 0.8000000119
37825  20.012  -48.051  2.246 0.8999999762
39333  28.010  -46.851  1.491 0.6000000238
121249  19.895  -47.350  2.202 0.8000000119
38572  18.927  -47.553  2.972 0.8999999762
39336  21.296  -46.910  1.720 0.6999999881
38591  19.290  -47.544  2.673 0.8999999762
41072  25.204  -44.716  13.421 0.5000000000
40102  24.344  -45.095  13.523 0.5000000000
41090  27.093  -44.683  12.913 0.6999999881
42195  27.390  -43.800  12.547 0.6999999881
112924  28.497  -43.551  11.521 0.6999999881
41089  28.249  -43.836  12.288 0.6999999881
41110  28.551  -43.902  10.413 0.6999999881
43310  28.304  -42.925  8.723 0.6999999881
42239  27.408  -43.584  7.542 0.8000000119
42240  26.828  -43.706  7.130 0.8000000119
41146  25.214  -44.331  6.009 0.8000000119
41166  24.107  -44.489  4.932 0.8999999762
41167  23.299  -44.483  4.639 1.0000000000
40198  22.412  -45.300  3.693 1.0000000000
128949  21.990  -45.847  3.603 1.0000000000
42248  25.422  -43.705  6.354 0.8000000119
41147  24.397  -44.191  5.599 0.8000000119
41168  22.376  -44.662  4.246 0.8999999762
40199  21.686  -45.187  3.779 1.0000000000
115244  21.204  -46.054  3.598 1.0000000000
41169  21.382  -44.640  4.357 0.8999999762
39301  20.275  -46.238  3.591 1.0000000000
114241  19.720  -47.090  3.409 1.0000000000
38561  18.814  -47.410  3.131 0.8999999762
38586  24.855  -47.568  0.940 0.6999999881
38550  18.944  -47.090  3.336 0.8999999762
38601  26.378  -47.247  0.627 0.6000000238
38602  25.647  -47.350  0.600 0.6000000238
38573  18.578  -47.275  2.919 0.8999999762
38603  25.110  -46.606  0.613 0.6999999881
117441  23.220  -47.200  1.396 0.6999999881
126336  22.272  -46.944  1.543 0.6999999881
39337  20.553  -46.801  1.958 0.6999999881
128629  19.393  -47.076  2.438 0.8000000119
39326  18.421  -46.823  2.806 0.8000000119
40228  17.957  -46.257  3.076 0.8999999762
39338  19.896  -46.610  2.217 0.6999999881
115412  26.212  -44.685  13.268 0.6000000238
41091  25.838  -43.908  13.285 0.5000000000
42215  28.068  -43.050  12.258 0.6999999881
42224  28.556  -42.892  10.619 0.6999999881
43307  28.520  -42.294  9.712 0.6999999881
43297  28.508  -41.975  10.689 0.6999999881
43309  28.342  -42.089  7.939 0.6999999881
43313  27.827  -42.995  7.833 0.6999999881
43314  27.305  -43.017  7.222 0.8000000119
42247  26.089  -43.719  6.759 0.8000000119
43323  26.604  -43.081  6.800 0.8000000119
134883  25.872  -43.040  6.449 0.8000000119
42254  24.711  -43.727  5.973 0.8000000119
43330  24.375  -42.996  5.712 0.8000000119
41148  23.606  -44.159  5.345 0.8000000119
41150  21.880  -44.262  5.057 0.8999999762
133323  20.619  -44.620  4.335 0.8999999762
40200  20.703  -45.241  3.864 1.0000000000
121663  23.593  -42.991  5.517 0.8000000119
42256  23.190  -43.639  5.475 0.8000000119
39302  19.310  -46.366  3.566 1.0000000000
41170  19.821  -44.993  4.093 1.0000000000
39352  25.902  -46.393  0.209 0.6000000238
39303  18.419  -46.395  3.473 1.0000000000
39334  24.219  -46.713  1.110 0.6999999881
39335  22.774  -46.080  1.489 0.6999999881
38551  18.390  -47.020  3.154 0.8999999762
40202  17.672  -45.777  3.937 1.0000000000
125737  21.960  -45.977  1.721 0.6999999881
40241  20.600  -45.967  2.157 0.8000000119
39339  19.142  -46.581  2.492 0.8000000119
115595  28.452  -42.034  8.814 0.6999999881
44297  28.042  -41.615  7.053 0.6999999881
43322  27.326  -42.315  6.668 0.6999999881
134465  26.509  -42.523  6.350 0.8000000119
113875  24.966  -42.279  5.421 0.8000000119
43328  25.938  -42.241  5.765 0.8000000119
44316  24.043  -42.202  5.130 0.8000000119
42258  21.475  -43.742  5.156 0.8999999762
41151  21.066  -44.211  4.796 0.8999999762
42257  22.342  -43.591  5.310 0.8000000119
41152  20.029  -44.292  4.485 0.8999999762
123263  19.842  -43.548  4.601 0.8999999762
40201  18.763  -45.627  3.884 1.0000000000
133558  17.930  -45.365  4.229 0.8999999762
40239  22.667  -45.214  1.471 0.6999999881
40203  16.919  -45.529  3.934 0.8999999762
40242  19.760  -45.831  2.335 0.8000000119
118377  17.875  -45.570  2.918 0.8999999762
40215  17.200  -45.541  3.557 0.8000000119
131194  28.437  -41.590  10.031 0.6999999881
44284  28.426  -41.491  9.296 0.6999999881
44296  28.348  -41.300  7.723 0.6999999881
131492  27.549  -41.542  6.338 0.6999999881
44304  27.912  -40.974  6.396 0.6999999881
44305  26.923  -41.838  5.974 0.6999999881
43331  23.176  -42.434  5.087 0.8000000119
122913  21.723  -43.019  5.110 0.8000000119
43332  22.437  -42.694  5.097 0.8000000119
113561  21.851  -42.273  4.722 0.8000000119
40182  18.903  -44.880  4.329 0.8999999762
39354  24.646  -45.862  0.630 0.6000000238
43333  21.168  -42.610  4.699 0.8000000119
43334  20.491  -43.015  4.713 0.8999999762
41153  19.043  -44.111  4.541 0.8999999762
127575  17.917  -44.680  4.475 0.8999999762
39353  25.222  -45.614  0.103 0.6000000238
40238  23.361  -45.426  1.218 0.6999999881
41154  17.025  -44.707  4.420 0.8999999762
40240  21.374  -45.416  2.000 0.6999999881
41182  16.310  -45.099  3.959 0.8000000119
41218  19.598  -45.086  2.455 0.6999999881
41197  17.565  -44.785  3.084 0.8000000119
45166  28.305  -40.826  8.900 0.6999999881
44303  28.259  -40.838  7.201 0.6999999881
44317  22.606  -41.856  4.648 0.8000000119
44319  20.452  -42.243  4.403 0.8000000119
42260  19.082  -43.388  4.561 0.8999999762
43336  18.458  -42.916  4.526 0.8999999762
40259  24.028  -45.643  0.936 0.6000000238
130764  17.483  -44.043  4.513 0.8999999762
130548  22.030  -45.060  1.704 0.6999999881
42262  16.745  -43.772  4.432 0.8999999762
41195  20.037  -44.214  2.407 0.6999999881
41196  18.726  -44.692  2.551 0.8000000119
41199  16.058  -44.275  3.993 0.8000000119
42303  19.482  -43.351  2.418 0.6999999881
42305  17.271  -43.808  3.234 0.8000000119
41198  16.590  -44.722  3.629 0.8000000119
42304  18.232  -43.726  2.646 0.8000000119
45167  27.865  -40.211  8.471 0.6999999881
45176  27.955  -40.201  7.594 0.6000000238
40258  24.538  -44.748  0.182 0.6000000238
44320  19.678  -41.937  4.198 0.8000000119
44321  18.581  -42.063  4.328 0.8999999762
44322  17.465  -42.518  4.480 0.8999999762
41232  23.839  -44.871  0.757 0.6000000238
43347  16.376  -42.171  4.357 0.8999999762
41216  21.603  -44.384  1.877 0.8000000119
42272  16.054  -43.499  4.227 0.8999999762
42306  16.327  -43.697  3.704 0.8000000119
123884  16.869  -43.001  3.288 0.8000000119
43384  16.103  -42.462  3.624 0.8000000119
41215  22.471  -44.383  1.473 0.6999999881
44335  19.239  -41.330  3.852 0.8000000119
42328  22.183  -43.635  1.615 0.5000000000
42301  21.438  -43.454  1.943 0.6000000238
41194  20.905  -44.017  2.196 0.6999999881
131571  15.802  -42.200  4.194 0.8000000119
42302  20.596  -43.330  2.203 0.6000000238
134789  19.506  -42.389  2.379 0.6000000238
43382  17.697  -42.878  2.806 0.6999999881
43383  16.847  -42.161  2.908 0.8000000119
42283  15.955  -43.390  4.094 0.8000000119
44373  18.912  -41.737  2.383 0.6000000238
44336  18.079  -41.331  3.940 0.8000000119
45215  17.493  -40.593  3.730 0.8000000119
44338  15.931  -41.413  4.028 0.8999999762
43396  21.921  -43.037  1.829 0.6000000238
43397  16.015  -41.391  3.031 0.8000000119
116313  15.686  -41.547  3.562 0.8000000119
45229  15.802  -40.594  3.507 0.8000000119
44374  17.907  -41.936  2.574 0.6000000238
45214  18.688  -40.575  3.679 0.8000000119
45216  16.389  -40.632  3.695 0.8000000119
43379  21.228  -42.616  2.139 0.6000000238
43380  20.265  -42.531  2.282 0.6000000238
45247  15.735  -40.203  3.132 0.8000000119
44372  19.814  -41.713  2.335 0.6000000238
45259  16.851  -40.104  2.390 0.6999999881
46095  15.940  -39.646  3.218 0.8000000119
44383  19.119  -40.752  2.249 0.6000000238
114650  17.099  -39.143  1.881 0.6999999881
124949  20.673  -41.794  2.353 0.6000000238
44382  20.186  -40.932  2.394 0.6000000238
47012  19.401  -38.955  3.421 0.8000000119
47014  17.271  -39.267  3.352 0.8000000119
43378  22.093  -42.461  2.128 0.6000000238
47013  18.273  -39.113  3.368 0.8000000119
43377  22.883  -42.369  2.153 0.5000000000
46110  16.353  -38.944  2.815 0.8000000119
46094  16.487  -39.179  3.193 0.8000000119
44370  22.423  -41.693  2.373 0.6000000238
124402  16.661  -38.494  1.942 0.6000000238
44369  23.232  -41.557  2.427 0.5000000000
44371  21.557  -41.650  2.375 0.6000000238
44381  20.932  -41.063  2.502 0.6000000238
45258  18.040  -39.980  2.095 0.6000000238
45255  21.515  -40.681  2.446 0.6000000238
45257  19.777  -40.051  2.168 0.6000000238
120511  18.910  -39.868  1.925 0.6000000238
46126  19.302  -39.305  1.621 0.6000000238
47037  18.542  -38.312  3.014 0.8000000119
47038  17.196  -38.662  2.883 0.8000000119
47036  19.643  -38.325  3.232 0.8000000119
49008  18.733  -37.007  2.436 0.6999999881
48038  18.369  -37.566  2.639 0.6999999881
45246  22.093  -41.017  2.473 0.6000000238
47064  17.388  -38.198  1.576 0.6000000238
47081  17.489  -37.300  1.500 0.6000000238
47065  16.887  -37.744  1.878 0.6999999881
45254  22.235  -40.162  2.386 0.5000000000
47063  18.670  -38.487  1.292 0.6000000238
119748  21.527  -39.933  2.303 0.5000000000
46125  20.287  -39.389  1.746 0.6000000238
47062  19.790  -38.662  1.183 0.6000000238
124610  22.665  -39.458  2.183 0.5000000000
49007  19.758  -37.119  2.621 0.6999999881
49022  18.152  -36.436  1.953 0.6000000238
48056  17.567  -36.877  1.549 0.6000000238
49023  17.644  -36.758  1.803 0.6000000238
48069  17.947  -36.638  0.990 0.6000000238
49031  17.929  -36.322  1.411 0.6000000238
46123  21.978  -39.386  1.985 0.5000000000
47061  20.799  -38.722  1.260 0.6000000238
47080  18.132  -37.547  1.136 0.6000000238
49040  18.334  -36.025  0.819 0.6000000238
47060  21.721  -38.725  1.463 0.6000000238
47077  21.346  -38.145  0.771 0.6000000238
46122  23.418  -39.159  1.938 0.5000000000
127804  22.558  -38.850  1.680 0.5000000000
47058  23.992  -38.590  1.274 0.4000000060
47059  23.164  -38.530  1.293 0.5000000000
49021  19.076  -36.336  2.119 0.6000000238
50004  18.538  -35.929  1.481 0.6000000238
47078  20.321  -37.932  0.657 0.6000000238
48068  18.643  -37.115  0.689 0.6000000238
50022  18.883  -35.739  0.816 0.6000000238
48065  21.699  -37.615  0.156 0.6000000238
126745  20.977  -37.547  0.286 0.6000000238
47076  22.376  -38.189  0.879 0.5000000000
48064  22.593  -37.563  0.090 0.6000000238
47075  23.432  -37.986  0.606 0.5000000000
47074  24.486  -38.118  0.648 0.4000000060
49038  19.758  -36.392  0.123 0.6000000238
49059  19.410  -35.887  0.352 0.5000000000
133111  19.838  -35.242  0.385 0.5000000000
50003  19.525  -35.842  1.585 0.5000000000
48066  20.351  -37.069  0.154 0.6000000238
49058  19.940  -35.663  -0.667 0.5000000000
135502  23.304  -37.469  -0.087 0.4000000060
50012  20.053  -35.323  1.010 0.4000000060
48083  20.214  -36.453  -0.522 0.6000000238
49057  20.423  -36.232  -1.131 0.5000000000
128023  22.764  -37.107  -0.593 0.4000000060
48081  21.872  -37.131  -0.557 0.6000000238
132575  21.213  -36.657  -1.110 0.6000000238
49070  20.253  -35.386  -1.212 0.4000000060
48080  23.634  -37.143  -0.617 0.4000000060
49055  23.073  -36.661  -1.170 0.4000000060
50050  20.603  -34.755  -1.284 0.4000000060
49056  22.078  -36.611  -1.136 0.4000000060
49069  21.140  -35.780  -1.466 0.4000000060
48079  24.557  -37.205  -0.551 0.4000000060
49068  22.394  -35.932  -1.544 0.4000000060
134682  21.763  -34.745  -0.141 0.4000000060
50978  21.050  -34.333  -0.999 0.4000000060
50049  21.753  -34.763  -1.506 0.4000000060
49066  24.578  -36.204  -1.566 0.4000000060
49067  23.528  -36.051  -1.599 0.4000000060
50047  24.196  -35.591  -1.808 0.4000000060
50048  22.798  -35.259  -1.665 0.4000000060
50964  22.045  -34.257  -0.630 0.4000000060
50977  21.852  -33.966  -1.040 0.4000000060
50989  21.208  -34.347  -1.116 0.4000000060
50987  22.763  -34.437  -1.599 0.4000000060
50988  22.149  -34.056  -1.255 0.4000000060
51984  22.467  -33.787  -1.081 0.4000000060
35272  22.580  -52.213  2.289 0.8999999762
129495  22.849  -51.894  2.782 0.8999999762
34484  23.253  -52.447  2.625 0.8999999762
34483  24.093  -52.793  2.792 0.8999999762
129103  27.880  -49.357  5.660 0.8999999762
37765  27.526  -48.834  5.219 1.0000000000
38533  27.800  -48.067  5.354 1.0000000000
36044  26.764  -50.419  4.608 0.8999999762
36931  26.089  -49.966  3.859 0.8999999762
37776  26.446  -48.395  4.158 1.0000000000
35253  24.701  -51.537  3.419 0.8999999762
119408  25.080  -49.977  3.617 0.8999999762
112758  26.243  -49.128  4.029 1.0000000000
36053  23.739  -51.053  3.379 0.8999999762
36933  24.512  -49.288  3.499 0.8999999762
50020  19.957  -34.937  -0.354 0.4000000060
50035  19.986  -34.813  -0.971 0.4000000060
50966  20.410  -34.914  0.103 0.4000000060
50011  21.095  -35.451  1.040 0.4000000060
130018  27.732  -52.751  11.945 0.8999999762
33594  28.473  -53.141  9.778 1.0000000000
34355  24.810  -52.277  12.643 0.8999999762
32798  27.951  -54.405  6.263 0.8000000119
35928  27.480  -50.614  12.339 0.8999999762
35216  27.935  -51.554  7.232 0.8999999762
124419  27.668  -52.944  6.400 0.8000000119
33646  27.215  -52.794  4.629 0.8000000119
34474  26.670  -51.909  4.323 0.8999999762
34477  23.957  -52.230  3.083 0.8000000119
36916  27.733  -50.060  5.945 0.8999999762
36052  24.620  -50.667  3.510 0.8999999762
36800  25.625  -49.228  12.510 0.8999999762
35933  20.386  -50.509  12.450 0.4000000060
36803  20.546  -49.504  12.539 0.4000000060
36930  26.857  -48.987  4.630 0.8999999762
34506  23.109  -53.321  2.067 0.6999999881
123534  20.058  -49.968  13.063 0.4000000060
36064  21.630  -50.796  2.483 0.8999999762
36079  21.454  -50.729  2.157 0.8999999762
117981  24.622  -50.060  1.459 0.6999999881
39296  27.340  -46.833  5.036 1.0000000000
36932  25.487  -49.226  3.671 0.8999999762
119871  24.083  -48.562  3.436 0.8999999762
129227  21.674  -50.091  3.160 0.8999999762
38433  21.259  -47.025  13.236 0.5000000000
39247  28.996  -46.585  10.093 1.0000000000
130920  21.517  -49.499  3.310 0.8999999762
37821  23.717  -48.484  1.357 0.6999999881
37823  21.479  -48.937  1.636 0.8000000119
128856  28.393  -45.145  12.004 0.6999999881
121539  28.608  -44.926  10.213 0.6999999881
37808  19.834  -48.065  2.689 0.8999999762
39200  22.484  -46.381  13.498 0.5000000000
41145  26.070  -44.689  6.226 0.8999999762
40103  23.602  -45.348  13.709 0.5000000000
42233  28.474  -43.350  9.633 0.6999999881
42236  27.809  -43.862  8.195 0.8000000119
134473  19.260  -47.504  3.226 0.8999999762
124777  26.564  -44.052  12.987 0.6000000238
41073  24.930  -43.739  13.435 0.5000000000
41149  22.751  -44.218  5.154 0.8999999762
43329  25.170  -43.015  6.008 0.8000000119
42255  23.970  -43.678  5.682 0.8000000119
40214  17.914  -46.126  3.330 0.8999999762
42196  26.380  -43.387  12.788 0.5000000000
132737  27.830  -42.384  7.330 0.6999999881
41217  20.609  -44.954  2.310 0.8000000119
40227  18.683  -45.896  2.598 0.8000000119
44294  28.432  -41.393  8.439 0.6999999881
44315  24.739  -41.641  4.923 0.8000000119
41155  16.269  -44.164  4.248 0.8999999762
45175  28.345  -40.764  8.035 0.6999999881
43335  19.545  -42.707  4.492 0.8999999762
43381  18.687  -42.663  2.517 0.6999999881
44337  17.444  -41.881  4.309 0.8999999762
44385  16.889  -41.204  2.612 0.6999999881
44384  18.005  -40.968  2.355 0.6000000238
46111  16.000  -39.344  2.868 0.8000000119
46127  18.195  -39.188  1.615 0.6000000238
47046  16.805  -38.140  2.310 0.6999999881
45256  20.768  -40.183  2.340 0.6000000238
47079  19.163  -37.856  0.817 0.6000000238
46124  21.182  -39.377  1.864 0.6000000238
49039  18.874  -36.460  0.577 0.6000000238
50965  21.038  -34.515  -0.438 0.4000000060
50979  20.328  -34.598  -0.783 0.4000000060
51973  22.873  -33.871  -0.803 0.4000000060
127787  23.493  -35.080  -1.800 0.4000000060
35254  23.436  -51.813  3.095 0.8999999762
125421  27.737  -60.743  11.849 0.4000000060
130339  26.487  -59.881  12.296 0.4000000060
26955  25.217  -59.989  11.825 0.4000000060
26967  28.175  -60.272  11.461 0.4000000060
27841  26.559  -59.088  12.325 0.4000000060
27857  25.175  -59.115  11.834 0.4000000060
121465  28.466  -58.731  10.785 0.3000000119
28811  27.384  -58.832  12.044 0.4000000060
27869  28.670  -59.175  10.030 0.4000000060
27882  28.838  -59.085  8.945 0.4000000060
127897  28.786  -58.645  8.223 0.4000000060
29901  28.779  -58.030  6.855 0.4000000060
27842  25.828  -58.609  12.311 0.5000000000
28837  25.007  -58.258  11.915 0.4000000060
116387  27.582  -58.101  11.911 0.4000000060
28812  26.752  -58.102  12.325 0.4000000060
28853  28.472  -58.243  10.223 0.5000000000
28871  28.633  -58.457  9.509 0.4000000060
28885  28.697  -58.184  8.812 0.4000000060
29887  28.674  -57.867  7.891 0.5000000000
29915  28.557  -57.400  6.181 0.5000000000
28912  28.319  -58.060  5.584 0.5000000000
117249  27.468  -57.099  4.653 0.6000000238
28813  25.761  -57.587  12.380 0.5000000000
28839  24.140  -58.122  11.378 0.5000000000
119150  23.686  -57.793  10.844 0.5000000000
29836  28.042  -57.709  11.537 0.5000000000
30915  28.083  -56.893  11.578 0.6000000238
29854  28.401  -57.472  10.500 0.5000000000
29867  28.522  -57.620  9.539 0.5000000000
29877  28.638  -57.454  8.697 0.4000000060
132201  28.550  -56.822  8.081 0.6000000238
30982  28.519  -56.548  6.590 0.6000000238
31972  27.968  -55.756  5.567 0.6000000238
121939  27.575  -55.784  4.872 0.6000000238
31000  27.787  -56.441  5.109 0.6000000238
31013  27.245  -56.274  4.426 0.6000000238
31014  26.613  -56.078  3.738 0.6000000238
30895  25.359  -56.831  12.357 0.5000000000
29837  24.661  -57.302  11.953 0.5000000000
29838  23.878  -57.271  11.299 0.5000000000
29855  23.507  -57.213  10.554 0.5000000000
29809  27.474  -57.260  12.131 0.6000000238
29810  26.654  -57.239  12.438 0.6000000238
30932  28.429  -56.767  10.944 0.6000000238
30892  27.686  -56.300  12.088 0.6000000238
30941  28.317  -56.802  9.976 0.5000000000
31888  28.179  -55.959  11.322 0.6000000238
121310  28.617  -56.787  9.082 0.6000000238
122482  28.525  -55.929  7.784 0.6000000238
135366  28.165  -55.468  6.044 0.6000000238
31984  26.397  -55.248  3.401 0.6000000238
30916  24.747  -56.392  12.183 0.6000000238
30933  23.572  -56.578  11.058 0.5000000000
30942  23.269  -56.528  10.235 0.5000000000
30893  26.992  -56.531  12.488 0.6000000238
30894  26.131  -56.718  12.560 0.6000000238
125061  25.546  -56.137  12.532 0.6000000238
31922  22.947  -55.914  9.938 0.5000000000
31923  22.517  -55.578  9.237 0.5000000000
31870  27.167  -55.719  12.466 0.6000000238
113290  28.493  -56.092  9.528 0.6000000238
32827  25.940  -54.458  3.117 0.6999999881
31873  24.900  -55.609  12.373 0.6000000238
31890  24.136  -55.854  12.013 0.6000000238
125093  23.684  -56.037  11.493 0.6000000238
31871  26.401  -55.950  12.672 0.6000000238
32734  24.219  -55.075  12.261 0.6000000238
32749  23.046  -54.803  10.970 0.6000000238
31909  22.774  -55.203  10.096 0.6000000238
32773  22.169  -54.770  8.810 0.6000000238
31872  25.778  -55.286  12.697 0.6000000238
132335  21.586  -54.728  8.198 0.5000000000
31889  27.733  -55.411  11.948 0.6000000238
33607  21.400  -53.694  8.154 0.6000000238
32719  25.018  -54.911  12.501 0.6000000238
32718  25.582  -54.445  12.672 0.6000000238
33554  24.556  -54.174  12.506 0.6000000238
32735  23.495  -54.452  11.933 0.6000000238
32750  22.627  -54.310  10.132 0.6000000238
117573  21.952  -53.942  8.614 0.6000000238
127743  26.612  -55.285  12.653 0.6000000238
120621  21.863  -53.070  8.638 0.6000000238
32716  27.217  -54.836  12.405 0.6000000238
32748  28.419  -54.463  10.592 0.6000000238
33664  25.367  -53.827  3.001 0.6999999881
33665  24.423  -53.577  2.554 0.6999999881
32717  26.383  -54.651  12.679 0.6000000238
33567  23.599  -53.456  12.225 0.6999999881
33581  22.880  -53.677  11.133 0.6999999881
32733  27.542  -54.090  12.036 0.6000000238
33666  23.553  -53.169  2.331 0.6999999881
123948  26.169  -54.024  12.686 0.6999999881
33553  25.517  -53.657  12.696 0.6999999881
34376  23.088  -52.655  11.673 0.6999999881
34391  22.695  -52.724  10.747 0.6999999881
121334  22.482  -53.284  9.888 0.6000000238
34406  22.236  -52.623  9.165 0.6999999881
35182  22.229  -51.581  9.176 0.6000000238
34424  21.917  -52.266  8.758 0.5000000000
34492  22.953  -52.940  2.106 0.8000000119
132488  24.636  -53.162  12.620 0.6999999881
34392  22.485  -52.204  9.987 0.6999999881
35217  20.140  -51.420  7.781 0.5000000000
131536  22.551  -51.176  10.068 0.6999999881
36003  21.839  -50.770  8.873 0.6000000238
36004  21.153  -50.316  8.406 0.6000000238
135994  21.890  -41.611  4.393 0.6999999881
44313  26.543  -41.316  5.308 0.6999999881
127389  23.407  -41.780  4.739 0.6999999881
44312  27.377  -41.098  5.705 0.6000000238
45198  23.124  -41.142  4.420 0.6999999881
45199  22.301  -41.043  4.203 0.6999999881
44334  20.412  -41.341  3.940 0.6999999881
45213  19.789  -40.512  3.626 0.6999999881
45193  27.587  -40.367  5.886 0.6000000238
45195  26.060  -40.720  4.755 0.6000000238
45209  23.560  -40.579  4.225 0.6999999881
44333  21.448  -41.068  4.013 0.6999999881
45212  20.902  -40.330  3.624 0.6999999881
127568  19.101  -39.762  3.550 0.6999999881
45194  26.993  -40.398  5.096 0.6000000238
46057  25.471  -40.101  4.403 0.6000000238
46058  24.379  -40.252  4.204 0.6999999881
45210  22.833  -40.430  4.015 0.6999999881
133826  21.423  -39.917  3.528 0.6999999881
46076  21.048  -39.462  3.509 0.6999999881
127505  20.140  -39.615  3.514 0.6999999881
46055  27.322  -39.727  5.563 0.6000000238
46071  25.944  -39.337  4.426 0.5000000000
47008  23.444  -39.006  3.670 0.5000000000
46075  21.809  -39.487  3.574 0.6999999881
47010  21.477  -38.712  3.492 0.6999999881
47011  20.457  -38.665  3.449 0.6999999881
49051  26.995  -36.857  -1.023 0.3000000119
49052  25.988  -36.852  -1.075 0.3000000119
49054  24.055  -36.721  -1.160 0.3000000119
26954  26.407  -60.587  12.310 0.4000000060
122845  25.555  -60.716  12.203 0.3000000119
136526  24.988  -60.502  11.875 0.4000000060
26168  28.333  -61.079  11.374 0.3000000119
26968  24.389  -60.343  11.566 0.4000000060
26977  28.743  -60.151  10.235 0.4000000060
27858  24.477  -59.512  11.474 0.4000000060
117372  28.990  -59.834  8.563 0.4000000060
27901  28.916  -59.341  8.002 0.4000000060
116738  28.793  -58.814  6.556 0.4000000060
131667  28.650  -58.230  6.168 0.5000000000
125132  27.714  -57.920  4.913 0.4000000060
28854  23.668  -58.466  10.649 0.4000000060
29933  26.755  -56.914  4.011 0.5000000000
29878  23.213  -58.026  9.363 0.5000000000
116827  26.022  -55.973  2.991 0.6000000238
29868  23.223  -57.234  9.747 0.5000000000
30943  22.839  -56.482  9.456 0.5000000000
30954  22.360  -56.349  8.728 0.5000000000
31985  25.657  -55.174  2.731 0.6000000238
31934  22.018  -55.528  8.453 0.5000000000
32785  20.999  -54.469  7.812 0.4000000060
32837  25.124  -54.360  2.540 0.6999999881
33618  20.959  -53.130  7.921 0.5000000000
34438  20.916  -52.244  7.930 0.5000000000
33673  23.360  -53.528  2.039 0.8000000119
35218  19.026  -50.818  7.375 0.5000000000
115069  19.498  -50.238  7.642 0.6000000238
42214  28.342  -42.567  11.395 0.6000000238
43298  28.062  -41.749  11.248 0.6000000238
45185  27.852  -40.298  6.738 0.6000000238
46056  26.761  -39.350  5.032 0.5000000000
47007  24.544  -38.807  3.689 0.5000000000
118345  24.176  -39.528  3.797 0.5000000000
47034  22.940  -38.076  3.681 0.5000000000
47035  22.019  -37.997  3.540 0.5000000000
49006  20.748  -37.190  2.900 0.5000000000
50034  27.636  -36.221  -1.088 0.3000000119
49063  27.120  -36.303  -1.588 0.3000000119
49065  25.502  -36.377  -1.691 0.3000000119
32732  28.144  -54.977  11.286 0.6000000238
123136  28.382  -56.077  10.392 0.6000000238
35167  22.807  -51.812  11.021 0.8000000119
32826  26.710  -54.464  3.827 0.6999999881
44314  25.568  -41.535  5.074 0.6999999881
48036  20.218  -37.834  3.170 0.6000000238
49053  25.035  -36.725  -1.042 0.3000000119
33685  23.687  -53.705  2.005 0.6999999881
45197  24.046  -41.228  4.579 0.6999999881
26953  27.125  -60.343  12.225 0.4000000060
27856  27.860  -59.504  11.670 0.4000000060
26966  28.491  -59.578  11.013 0.3000000119
28835  28.441  -58.026  11.036 0.5000000000
28838  24.530  -58.793  11.528 0.5000000000
28924  28.544  -58.824  5.821 0.3000000119
29932  26.969  -57.747  4.282 0.4000000060
28872  23.453  -58.671  9.806 0.5000000000
35200  21.662  -51.497  8.604 0.6000000238
45211  21.911  -40.286  3.741 0.6999999881
45196  25.045  -40.917  4.632 0.6999999881
46073  23.498  -39.937  3.857 0.6999999881
131575  26.342  -39.997  4.607 0.6000000238
46072  25.015  -39.466  4.008 0.5000000000
46074  22.641  -39.670  3.716 0.6999999881
47006  25.466  -38.559  4.125 0.5000000000
47009  22.372  -38.822  3.571 0.5000000000
49005  21.767  -37.163  3.208 0.5000000000
48035  21.120  -37.898  3.414 0.6999999881
46984  27.170  -39.016  5.853 0.5000000000
47033  24.008  -38.111  3.510 0.5000000000
48034  22.547  -37.447  3.430 0.5000000000
124532  23.811  -53.636  2.155 0.6000000238
33672  23.908  -53.853  2.010 0.6000000238
34516  24.840  -53.266  1.609 0.5000000000
32855  24.123  -53.974  1.925 0.6000000238
34517  23.907  -53.645  1.883 0.6000000238
34503  26.353  -52.658  1.858 0.5000000000
134550  25.587  -52.687  1.668 0.5000000000
34505  23.955  -52.840  1.730 0.6000000238
36869  18.119  -48.390  8.466 0.5000000000
117037  26.794  -51.956  2.208 0.5000000000
35283  25.892  -52.023  1.888 0.5000000000
35282  27.767  -51.833  2.206 0.5000000000
35984  18.485  -49.124  9.092 0.4000000060
34408  19.583  -52.048  9.538 0.4000000060
34407  20.352  -52.070  9.838 0.4000000060
35270  28.229  -51.043  2.464 0.5000000000
35271  27.223  -51.135  2.418 0.5000000000
34377  20.634  -52.414  11.339 0.4000000060
36076  28.520  -50.379  2.474 0.5000000000
36077  27.688  -50.254  2.567 0.5000000000
34356  20.366  -52.015  11.984 0.4000000060
38451  20.775  -47.570  13.093 0.4000000060
128515  20.382  -48.247  13.451 0.4000000060
37647  19.845  -48.672  13.868 0.4000000060
125241  19.577  -49.494  13.618 0.3000000119
41074  23.798  -44.451  13.704 0.4000000060
41075  23.060  -44.584  14.067 0.4000000060
39201  21.679  -46.482  13.681 0.4000000060
38434  20.695  -47.170  13.659 0.4000000060
42175  23.213  -43.721  13.634 0.4000000060
39202  20.917  -46.604  13.896 0.4000000060
124920  20.194  -47.794  14.029 0.4000000060
39187  20.400  -46.125  14.447 0.4000000060
39203  20.219  -46.928  14.236 0.4000000060
40104  22.828  -45.567  13.950 0.4000000060
40105  21.999  -45.726  14.063 0.4000000060
42174  24.056  -43.653  13.491 0.4000000060
41076  22.239  -44.764  14.221 0.4000000060
40091  21.362  -44.900  14.369 0.4000000060
40106  21.198  -45.890  14.228 0.4000000060
40092  20.571  -45.271  14.545 0.4000000060
40093  19.683  -45.510  14.669 0.4000000060
127040  18.642  -46.849  14.658 0.4000000060
38436  19.263  -48.148  14.349 0.4000000060
42176  22.299  -43.737  13.875 0.4000000060
133257  21.677  -44.093  14.211 0.4000000060
43258  27.093  -42.805  12.426 0.5000000000
43259  25.946  -42.498  12.481 0.4000000060
42197  25.427  -43.173  12.975 0.4000000060
42198  24.425  -42.939  13.111 0.4000000060
42177  21.374  -43.492  13.713 0.4000000060
41061  19.888  -44.610  14.607 0.4000000060
40094  18.559  -45.818  14.700 0.4000000060
43278  27.621  -42.302  11.844 0.5000000000
43260  24.954  -42.532  12.600 0.4000000060
133664  24.363  -42.529  12.597 0.4000000060
42199  23.492  -43.013  13.160 0.4000000060
42200  22.619  -43.045  13.207 0.4000000060
41060  20.611  -44.516  14.434 0.4000000060
43279  26.703  -42.049  11.999 0.5000000000
129101  24.371  -42.199  12.164 0.4000000060
43262  22.871  -42.557  12.512 0.4000000060
42201  21.787  -43.031  13.176 0.4000000060
129840  25.859  -41.866  11.922 0.4000000060
128444  24.465  -41.689  11.587 0.4000000060
43261  23.747  -42.480  12.448 0.4000000060
43263  22.063  -42.600  12.515 0.4000000060
44266  24.597  -41.184  10.964 0.4000000060
118765  23.964  -40.897  10.508 0.4000000060
44245  23.796  -41.407  11.090 0.4000000060
44246  22.933  -41.644  11.247 0.4000000060
44263  28.142  -41.336  10.527 0.5000000000
44264  26.509  -40.781  10.557 0.5000000000
44265  25.479  -40.987  10.800 0.4000000060
44267  23.206  -41.096  10.552 0.4000000060
44268  22.411  -41.264  10.555 0.3000000119
44244  25.292  -41.506  11.459 0.5000000000
43281  23.714  -41.944  11.720 0.4000000060
43282  23.097  -42.169  11.900 0.4000000060
43283  22.281  -42.122  11.752 0.4000000060
45151  26.637  -40.190  9.703 0.5000000000
45135  25.576  -40.475  10.093 0.5000000000
45136  24.715  -40.687  10.346 0.4000000060
122821  24.113  -40.516  10.009 0.4000000060
45150  27.723  -40.412  9.336 0.5000000000
45153  24.697  -40.169  9.658 0.4000000060
45137  23.485  -40.618  10.030 0.4000000060
45139  21.896  -40.910  10.060 0.3000000119
45168  27.143  -39.703  8.907 0.5000000000
46020  27.386  -39.477  7.963 0.5000000000
46005  25.125  -39.533  9.152 0.3000000119
45154  23.800  -40.168  9.597 0.4000000060
130367  23.175  -40.299  9.624 0.3000000119
45138  22.703  -40.686  9.976 0.3000000119
45156  21.434  -40.469  9.602 0.3000000119
45140  21.088  -41.103  9.961 0.3000000119
46004  26.134  -39.541  9.105 0.3000000119
46035  27.320  -39.242  7.173 0.4000000060
46046  27.511  -39.582  6.393 0.4000000060
46006  24.130  -39.530  9.104 0.3000000119
46007  23.262  -39.755  9.261 0.3000000119
45155  22.618  -40.094  9.433 0.3000000119
46008  21.892  -39.908  9.284 0.3000000119
45157  20.617  -40.497  9.535 0.3000000119
121439  19.891  -40.553  9.467 0.3000000119
46009  21.033  -39.831  9.232 0.3000000119
46010  20.074  -39.834  9.109 0.3000000119
46021  26.558  -39.100  8.434 0.3000000119
46972  26.586  -38.290  6.865 0.3000000119
46993  26.689  -38.487  5.563 0.4000000060
46070  26.266  -38.555  4.780 0.4000000060
45158  19.301  -40.269  9.179 0.3000000119
123540  25.284  -38.526  8.336 0.3000000119
46023  24.756  -38.994  8.672 0.3000000119
46022  25.631  -39.028  8.655 0.3000000119
46949  26.044  -38.497  8.141 0.3000000119
123712  26.234  -38.196  7.511 0.3000000119
46985  26.836  -38.468  6.221 0.3000000119
48002  26.357  -37.926  5.341 0.3000000119
48018  25.857  -37.766  4.717 0.4000000060
47032  24.935  -38.032  3.611 0.4000000060
48032  24.498  -37.370  3.456 0.4000000060
132416  25.509  -37.331  4.314 0.3000000119
48031  25.182  -37.355  3.756 0.4000000060
48033  23.464  -37.284  3.380 0.4000000060
49018  22.947  -36.239  2.621 0.4000000060
49004  22.666  -36.831  3.155 0.4000000060
49019  21.240  -36.558  2.515 0.4000000060
48003  26.107  -37.245  5.537 0.3000000119
48988  25.376  -36.721  4.171 0.3000000119
49002  24.898  -36.690  3.563 0.4000000060
49003  24.174  -36.708  3.158 0.4000000060
49017  23.931  -36.176  2.783 0.4000000060
130679  23.420  -36.586  3.076 0.4000000060
49029  21.905  -36.056  1.932 0.3000000119
49030  20.655  -35.954  1.723 0.3000000119
49020  20.178  -36.466  2.275 0.4000000060
50010  22.175  -35.373  1.161 0.3000000119
113336  25.466  -36.033  4.855 0.3000000119
114755  25.134  -35.966  3.959 0.3000000119
49016  24.582  -36.015  3.294 0.3000000119
50001  24.456  -35.446  2.707 0.3000000119
50002  23.718  -35.820  2.344 0.3000000119
126857  23.006  -35.722  1.847 0.3000000119
50950  23.148  -35.228  1.126 0.3000000119
50000  25.035  -34.785  2.931 0.3000000119
50943  24.819  -34.742  2.214 0.3000000119
50009  24.040  -35.339  1.719 0.3000000119
129647  23.779  -34.849  0.902 0.3000000119
136405  23.179  -34.881  0.644 0.3000000119
50951  22.447  -34.895  0.366 0.3000000119
50963  23.236  -34.472  0.049 0.3000000119
51972  23.814  -33.949  -0.473 0.3000000119
44242  27.273  -41.678  11.545 0.5000000000
119955  27.393  -41.190  10.994 0.5000000000
32838  24.407  -54.124  2.161 0.6000000238
32844  24.586  -54.478  2.018 0.5000000000
32854  24.244  -54.101  1.976 0.5000000000
33695  25.318  -53.974  1.584 0.5000000000
33696  24.567  -53.962  1.740 0.5000000000
116594  26.623  -53.272  1.699 0.5000000000
33684  25.834  -53.312  1.611 0.5000000000
36005  20.247  -49.381  8.176 0.6000000238
36889  19.465  -48.358  8.402 0.6000000238
37737  18.144  -48.373  8.404 0.5000000000
35985  17.804  -49.369  8.411 0.5000000000
124675  18.498  -50.252  8.995 0.5000000000
126401  19.252  -52.785  9.377 0.5000000000
33596  20.156  -53.006  9.827 0.4000000060
34393  20.512  -52.688  10.445 0.4000000060
123310  20.448  -53.299  11.329 0.4000000060
33569  20.152  -52.895  11.967 0.4000000060
35935  18.765  -50.955  13.154 0.3000000119
35908  19.273  -50.255  13.384 0.3000000119
36785  18.797  -49.788  13.730 0.4000000060
38424  17.904  -47.385  14.661 0.4000000060
37648  18.792  -49.055  14.146 0.4000000060
41062  18.918  -44.768  14.650 0.4000000060
41063  17.915  -44.892  14.549 0.4000000060
42178  20.512  -43.337  13.662 0.4000000060
42161  20.144  -43.870  14.260 0.4000000060
118163  21.411  -42.639  12.592 0.4000000060
42179  19.567  -43.252  13.780 0.4000000060
44247  22.135  -41.656  11.072 0.4000000060
44269  21.617  -41.414  10.571 0.4000000060
43284  21.456  -42.290  11.963 0.4000000060
44248  21.481  -41.842  11.248 0.4000000060
44286  20.205  -41.112  9.870 0.3000000119
44271  19.652  -41.462  10.375 0.3000000119
35281  28.706  -51.630  1.975 0.5000000000
35135  19.141  -51.711  12.777 0.4000000060
39189  17.774  -46.528  14.691 0.4000000060
40095  17.477  -45.702  14.593 0.4000000060
42202  20.978  -42.913  13.069 0.4000000060
34357  19.743  -52.356  12.392 0.4000000060
34504  24.981  -52.292  1.599 0.5000000000
130923  24.466  -44.297  13.543 0.4000000060
44285  28.247  -40.993  9.759 0.5000000000
119357  27.638  -39.744  7.170 0.5000000000
34502  27.319  -52.737  1.895 0.5000000000
39188  19.504  -46.441  14.576 0.4000000060
38435  19.440  -47.312  14.458 0.4000000060
38423  18.702  -47.586  14.551 0.4000000060
42162  19.223  -43.886  14.442 0.4000000060
43280  25.133  -42.020  12.068 0.4000000060
44243  26.347  -41.422  11.337 0.5000000000
45134  27.560  -40.746  10.195 0.5000000000
45152  25.602  -39.997  9.547 0.4000000060
46036  26.795  -38.741  7.581 0.3000000119
46971  27.109  -38.838  6.680 0.4000000060
47031  25.408  -37.836  4.065 0.4000000060
46973  25.505  -37.926  7.828 0.3000000119
120457  25.690  -36.932  4.883 0.3000000119
127572  22.099  -36.567  2.745 0.4000000060
49985  25.256  -35.233  4.456 0.3000000119
122415  24.999  -35.192  3.575 0.3000000119
42163  18.251  -44.004  14.435 0.4000000060
33619  20.386  -53.559  7.511 0.4000000060
33620  19.610  -52.950  7.089 0.4000000060
34450  18.653  -52.171  6.685 0.4000000060
35231  17.644  -51.431  6.461 0.3000000119
34440  19.415  -51.927  7.331 0.4000000060
36035  17.443  -50.910  6.969 0.3000000119
134111  25.536  -56.564  2.857 0.5000000000
36022  17.768  -49.849  7.529 0.5000000000
35204  17.215  -51.096  7.355 0.3000000119
31022  25.359  -55.927  2.525 0.5000000000
31993  25.027  -55.049  2.189 0.5000000000
36020  19.344  -49.196  7.839 0.5000000000
36892  17.629  -49.415  7.870 0.4000000060
115333  25.026  -55.975  2.159 0.5000000000
31997  24.909  -55.448  1.995 0.3000000119
32007  25.012  -55.761  1.886 0.3000000119
122794  24.807  -54.819  1.966 0.3000000119
32015  25.124  -55.079  1.733 0.3000000119
32852  26.236  -54.910  1.357 0.3000000119
32853  25.553  -54.667  1.494 0.3000000119
32865  25.024  -54.447  1.687 0.4000000060
32866  24.619  -54.374  1.876 0.4000000060
33583  20.151  -53.919  10.066 0.3000000119
33682  27.235  -53.662  1.576 0.4000000060
33683  26.258  -54.049  1.493 0.4000000060
33568  20.345  -54.025  11.238 0.3000000119
37638  18.233  -48.214  14.492 0.3000000119
37649  17.569  -48.896  14.138 0.3000000119
37639  17.093  -47.992  14.421 0.3000000119
38425  17.070  -47.058  14.590 0.3000000119
41064  16.965  -44.928  14.405 0.3000000119
42180  18.583  -43.294  13.925 0.3000000119
41078  17.339  -44.142  14.300 0.3000000119
40107  15.315  -45.267  13.689 0.3000000119
132026  20.764  -42.464  12.319 0.3000000119
43244  19.992  -42.706  12.914 0.3000000119
43245  18.922  -42.767  13.156 0.3000000119
42181  17.652  -43.442  13.928 0.3000000119
44249  20.725  -42.056  11.524 0.3000000119
43285  19.994  -42.217  11.976 0.3000000119
43264  19.181  -42.361  12.314 0.3000000119
43246  17.965  -42.895  13.265 0.3000000119
43286  19.321  -42.053  11.606 0.3000000119
43287  18.570  -42.119  11.708 0.3000000119
43265  18.290  -42.506  12.467 0.3000000119
44270  20.678  -41.566  10.644 0.3000000119
44250  19.903  -41.864  11.152 0.3000000119
31015  26.083  -56.746  3.359 0.5000000000
32736  19.928  -53.850  11.864 0.3000000119
40096  16.097  -45.029  14.105 0.3000000119
35203  17.291  -51.014  7.976 0.3000000119
34425  17.887  -51.863  8.301 0.3000000119
33597  19.430  -53.719  9.428 0.3000000119
27870  23.599  -59.365  10.384 0.4000000060
27902  23.176  -59.622  8.857 0.4000000060
28886  23.245  -58.832  9.029 0.4000000060
28897  21.659  -58.456  7.927 0.4000000060
29888  21.009  -57.760  7.482 0.3000000119
122308  22.873  -58.182  8.839 0.4000000060
29880  22.294  -57.835  8.419 0.4000000060
125166  21.621  -57.170  7.855 0.4000000060
28925  27.967  -58.731  5.209 0.3000000119
129079  22.193  -56.977  8.381 0.4000000060
30968  20.445  -56.128  7.193 0.3000000119
30983  20.137  -55.513  7.037 0.3000000119
30967  21.204  -56.070  7.644 0.4000000060
32801  18.682  -54.049  6.136 0.3000000119
32800  19.373  -54.930  6.355 0.3000000119
33647  18.050  -53.248  5.861 0.3000000119
31946  21.113  -55.187  7.755 0.4000000060
33632  19.693  -54.024  6.858 0.3000000119
27904  21.995  -59.554  8.240 0.4000000060
28887  22.572  -58.906  8.563 0.4000000060
34465  16.581  -52.400  5.505 0.3000000119
116541  23.956  -59.001  11.148 0.3000000119
33648  16.859  -53.215  5.178 0.3000000119
26155  27.091  -61.079  12.207 0.4000000060
27840  27.192  -59.622  12.188 0.4000000060
27883  23.395  -59.446  9.449 0.4000000060
27903  22.674  -59.805  8.568 0.4000000060
27919  28.935  -59.493  7.070 0.4000000060
28836  28.095  -58.634  11.429 0.5000000000
28898  20.762  -58.561  7.306 0.4000000060
29835  28.346  -57.377  11.176 0.5000000000
29879  22.740  -57.297  8.971 0.4000000060
29916  28.079  -57.243  5.356 0.6000000238
30917  24.060  -56.582  11.711 0.5000000000
30953  28.553  -56.031  8.660 0.8000000119
30955  21.854  -56.251  8.125 0.4000000060
30999  28.282  -56.540  5.818 0.6000000238
31891  23.585  -55.351  11.647 0.6000000238
31908  23.275  -55.777  10.787 0.5000000000
31935  21.568  -55.534  8.008 0.5000000000
31947  20.599  -54.957  7.438 0.3000000119
31957  27.937  -55.056  5.823 0.8000000119
31974  18.979  -55.473  5.757 0.3000000119
32006  25.650  -55.377  1.442 0.3000000119
32751  20.331  -54.415  10.692 0.3000000119
32762  22.346  -54.071  9.261 0.6000000238
32786  20.495  -54.334  7.436 0.4000000060
32799  20.038  -54.873  7.050 0.3000000119
33552  26.448  -53.327  12.578 0.6999999881
33582  20.435  -53.600  10.561 0.4000000060
33595  22.196  -53.388  9.042 0.6000000238
33633  18.777  -53.176  6.467 0.3000000119
33659  16.539  -53.807  5.199 0.3000000119
34374  28.230  -52.298  11.341 1.0000000000
34409  18.668  -51.973  8.988 0.5000000000
34439  20.296  -52.600  7.673 0.4000000060
34451  17.864  -52.410  6.068 0.4000000060
34452  17.094  -51.870  5.711 0.3000000119
34464  17.317  -52.778  5.507 0.3000000119
35183  18.829  -51.222  9.223 0.5000000000
35184  17.935  -50.764  8.517 0.5000000000
35201  21.075  -51.396  8.109 0.6000000238
35202  20.322  -50.312  7.970 0.6000000238
35219  18.071  -50.510  7.124 0.5000000000
35220  17.076  -51.234  6.695 0.3000000119
35232  16.970  -51.395  6.151 0.3000000119
35298  21.750  -51.048  1.874 0.8000000119
35982  21.550  -49.802  8.900 0.6999999881
36006  17.404  -49.945  7.899 0.4000000060
36021  18.390  -49.499  7.558 0.5000000000
36023  17.525  -50.437  7.458 0.3000000119
36034  27.601  -50.827  6.263 0.8999999762
36846  22.642  -49.294  10.579 0.6999999881
36866  21.088  -48.681  8.999 0.6999999881
36867  19.397  -47.982  9.579 0.6000000238
36891  17.761  -48.875  8.108 0.5000000000
36906  18.441  -48.517  8.100 0.5000000000
36907  17.864  -48.873  7.928 0.4000000060
37718  19.428  -47.707  9.219 0.6000000238
37719  18.770  -47.617  8.985 0.6000000238
37720  18.328  -47.919  8.676 0.6999999881
37736  19.299  -47.612  8.941 0.6000000238
37805  28.588  -48.751  2.469 0.6000000238
38542  27.082  -47.342  4.579 1.0000000000
38562  18.510  -47.276  3.036 0.8999999762
38584  27.565  -47.444  1.686 0.6000000238
38590  20.530  -47.643  1.846 0.8000000119
38592  18.867  -47.145  2.687 0.8000000119
39316  18.237  -46.925  3.059 0.8999999762
40183  17.132  -45.320  4.260 0.8999999762
41077  20.973  -43.954  14.202 0.4000000060
41171  16.460  -44.959  4.187 0.8999999762
41183  16.105  -44.331  4.078 0.8000000119
41214  23.322  -44.468  1.059 0.6999999881
42259  20.690  -43.739  4.847 0.8999999762
42261  18.288  -43.732  4.565 0.8999999762
42263  16.172  -43.433  4.304 0.8999999762
43337  16.525  -42.982  4.448 0.8999999762
43348  16.014  -42.858  4.331 0.8999999762
43359  15.726  -42.303  4.011 0.8000000119
44318  21.218  -41.848  4.381 0.8000000119
44349  15.712  -41.497  3.793 0.8000000119
45253  23.116  -39.963  2.484 0.5000000000
45260  15.970  -40.573  2.829 0.6999999881
46077  16.712  -39.812  3.506 0.8000000119
46078  16.109  -40.067  3.478 0.8000000119
46128  15.994  -39.807  2.730 0.8000000119
48037  19.287  -37.757  2.835 0.6999999881
48039  17.477  -37.754  2.483 0.6999999881
48049  17.162  -37.288  2.000 0.6000000238
48067  19.557  -37.154  0.449 0.6000000238
48082  20.892  -37.016  -0.508 0.6000000238
49009  17.778  -37.024  2.243 0.6000000238
50013  19.127  -35.519  0.918 0.6000000238
50014  18.269  -35.876  1.008 0.6000000238
50021  19.669  -35.458  0.352 0.4000000060
50036  19.906  -35.259  -0.369 0.4000000060
50046  25.023  -35.665  -2.149 0.3000000119
50952  21.447  -34.976  0.338 0.4000000060
113765  23.483  -57.893  10.131 0.5000000000
115500  20.345  -50.336  10.300 0.5000000000
115710  28.847  -58.705  7.418 0.4000000060
115743  20.698  -55.523  7.430 0.3000000119
116536  15.679  -40.931  3.435 0.8000000119
118079  16.626  -38.642  2.418 0.8000000119
118096  22.492  -54.792  9.477 0.6000000238
118419  28.916  -59.930  9.367 0.4000000060
118450  25.848  -59.474  12.237 0.4000000060
118786  26.861  -54.055  12.499 0.6000000238
119535  23.905  -44.700  4.080 1.0000000000
120460  22.068  -50.465  1.681 0.8000000119
120544  17.502  -43.299  4.537 0.8999999762
120546  28.656  -57.181  7.126 0.5000000000
120699  27.767  -54.674  11.801 0.6000000238
120938  22.948  -43.070  5.346 0.8000000119
121111  17.044  -41.404  4.085 0.8999999762
123479  15.690  -40.960  3.195 0.8000000119
124548  15.901  -42.848  4.240 0.8999999762
124788  16.491  -39.182  2.442 0.8000000119
125079  25.197  -48.944  1.266 0.6000000238
125805  21.453  -52.496  8.302 0.5000000000
127174  17.970  -39.831  3.566 0.8000000119
128422  19.799  -45.626  3.761 1.0000000000
128621  26.070  -47.888  3.812 1.0000000000
129097  22.118  -40.438  9.646 0.3000000119
129825  28.568  -56.460  7.302 0.6000000238
129877  24.937  -49.652  12.456 0.8999999762
130109  21.189  -46.215  1.930 0.8000000119
130290  17.943  -36.274  1.107 0.6000000238
131043  23.436  -46.285  1.319 0.6999999881
131329  20.880  -53.889  7.796 0.4000000060
131531  21.127  -43.244  4.945 0.8999999762
131599  20.509  -34.510  -1.055 0.4000000060
131782  18.508  -51.319  6.948 0.5000000000
132249  22.179  -47.167  12.179 0.6000000238
133935  19.804  -55.300  6.739 0.3000000119
136007  27.237  -48.746  2.168 0.6000000238
136274  25.889  -60.139  12.243 0.4000000060
136447  22.922  -46.629  1.458 0.6999999881
136612  27.620  -60.096  11.873 0.4000000060
