#!ascii label  , from subject sub-v1s6x0051320_ses-1 vox2ras=TkReg
1429
48543  -45.198  -38.022  57.658 0.0000000000
40518  -35.539  -46.646  68.803 0.0000000000
52473  -49.085  -33.785  45.698 0.0000000000
49629  -39.233  -35.775  47.722 0.0000000000
49569  -48.667  -36.525  51.405 0.0000000000
43185  -41.538  -44.490  61.716 0.0000000000
41443  -31.055  -45.258  59.489 0.0000000000
45077  -34.535  -41.808  52.303 0.0000000000
37052  -31.062  -50.598  73.214 0.0000000000
121745  -57.377  -25.259  48.506 0.0000000000
119571  -32.280  -51.770  64.031 0.0000000000
48563  -42.291  -37.606  53.179 0.0000000000
135259  -44.178  -35.456  49.754 0.0000000000
51490  -46.073  -34.295  54.798 0.0000000000
45023  -44.781  -41.626  58.804 0.0000000000
43213  -38.237  -43.977  57.053 0.0000000000
45912  -40.985  -40.083  54.743 0.0000000000
47631  -36.539  -38.113  50.839 0.0000000000
124959  -59.579  -23.277  44.212 0.0000000000
40477  -31.570  -46.585  71.226 0.0000000000
37097  -32.126  -51.256  68.774 0.0000000000
136503  -30.335  -46.841  66.722 0.0000000000
47671  -51.220  -39.110  46.650 0.0000000000
40555  -39.632  -46.170  65.745 0.0000000000
40581  -33.383  -45.546  63.665 0.0000000000
40622  -37.101  -46.024  59.698 0.0000000000
142321  -33.050  -43.966  55.409 0.0000000000
37943  -27.645  -49.581  73.511 0.0000000000
48566  -53.697  -37.478  53.936 0.0000000000
51527  -54.561  -34.295  49.235 0.0000000000
124407  -57.517  -28.822  51.089 0.0000000000
54952  -53.048  -29.875  47.089 0.0000000000
57497  -54.758  -27.472  43.584 0.0000000000
142764  -31.634  -53.983  70.418 0.0000000000
38929  -28.775  -48.461  61.540 0.0000000000
48552  -43.401  -37.626  55.366 0.0000000000
140516  -43.430  -35.648  54.130 0.0000000000
50490  -44.712  -34.960  57.109 0.0000000000
46729  -45.706  -40.083  57.756 0.0000000000
45044  -43.669  -41.296  56.218 0.0000000000
140072  -43.958  -39.893  55.499 0.0000000000
47591  -41.850  -39.163  53.221 0.0000000000
52480  -47.017  -33.590  43.665 0.0000000000
54137  -48.240  -31.724  44.792 0.0000000000
40506  -34.256  -46.779  70.123 0.0000000000
40503  -31.174  -46.441  69.370 0.0000000000
135302  -32.863  -46.263  68.250 0.0000000000
51544  -40.725  -34.606  46.217 0.0000000000
50585  -47.076  -35.889  50.825 0.0000000000
49630  -45.583  -36.010  47.478 0.0000000000
128357  -48.025  -36.745  48.821 0.0000000000
135984  -49.461  -38.698  45.936 0.0000000000
48627  -49.978  -37.877  49.240 0.0000000000
41394  -40.489  -45.622  63.734 0.0000000000
135901  -37.956  -45.732  62.796 0.0000000000
123973  -39.933  -46.357  61.110 0.0000000000
44151  -36.944  -42.216  55.051 0.0000000000
42336  -35.899  -44.767  55.522 0.0000000000
42352  -33.938  -43.844  53.246 0.0000000000
143100  -38.503  -37.204  48.942 0.0000000000
49586  -55.018  -35.988  51.162 0.0000000000
55776  -55.970  -29.716  48.698 0.0000000000
58346  -55.797  -27.236  47.555 0.0000000000
142681  -53.440  -27.481  45.347 0.0000000000
58373  -56.377  -26.168  45.307 0.0000000000
128269  -58.864  -25.694  41.751 0.0000000000
37051  -29.411  -50.938  73.850 0.0000000000
35240  -29.161  -52.360  70.988 0.0000000000
35234  -31.573  -52.885  71.902 0.0000000000
143492  -32.133  -51.601  66.473 0.0000000000
35258  -34.325  -53.172  68.372 0.0000000000
34323  -34.234  -53.232  65.674 0.0000000000
41420  -32.622  -45.347  61.254 0.0000000000
131869  -30.395  -46.405  63.318 0.0000000000
40620  -29.302  -46.692  60.336 0.0000000000
49577  -40.685  -37.128  49.999 0.0000000000
50606  -42.146  -34.923  48.521 0.0000000000
131997  -42.638  -35.609  51.332 0.0000000000
50554  -45.442  -35.167  52.575 0.0000000000
50540  -47.845  -35.707  53.268 0.0000000000
44110  -43.351  -42.934  59.953 0.0000000000
42292  -41.045  -44.948  59.604 0.0000000000
43204  -41.866  -43.123  58.356 0.0000000000
45052  -39.644  -41.110  56.149 0.0000000000
45923  -37.441  -39.916  54.035 0.0000000000
136062  -35.866  -39.449  52.431 0.0000000000
47590  -38.434  -38.884  53.019 0.0000000000
47621  -40.640  -38.741  51.506 0.0000000000
60168  -58.239  -23.832  45.968 0.0000000000
63830  -58.955  -20.349  47.185 0.0000000000
38859  -30.780  -48.538  72.782 0.0000000000
129574  -31.634  -50.624  70.946 0.0000000000
128116  -30.387  -48.424  70.046 0.0000000000
38006  -30.294  -49.096  67.494 0.0000000000
37120  -30.711  -50.297  65.445 0.0000000000
50623  -43.523  -35.160  47.289 0.0000000000
48678  -49.999  -38.891  43.950 0.0000000000
50642  -50.111  -36.392  46.292 0.0000000000
119475  -37.550  -46.570  67.698 0.0000000000
40538  -34.708  -46.022  66.546 0.0000000000
40568  -36.593  -45.547  64.870 0.0000000000
41423  -35.263  -45.265  61.675 0.0000000000
41446  -33.926  -45.102  59.599 0.0000000000
40629  -37.846  -45.894  58.386 0.0000000000
41468  -35.189  -45.046  57.830 0.0000000000
42311  -32.570  -44.296  57.588 0.0000000000
51423  -46.410  -34.435  59.352 0.0000000000
40510  -37.889  -45.908  69.376 0.0000000000
42262  -41.023  -44.337  65.963 0.0000000000
44075  -41.616  -43.131  64.484 0.0000000000
53162  -47.057  -32.686  57.905 0.0000000000
52366  -48.622  -33.473  56.241 0.0000000000
50526  -49.650  -35.903  54.622 0.0000000000
50501  -52.065  -35.690  56.993 0.0000000000
48564  -51.207  -37.214  53.133 0.0000000000
48610  -52.661  -38.265  50.091 0.0000000000
50610  -52.881  -36.484  48.464 0.0000000000
52465  -52.190  -33.753  47.826 0.0000000000
53288  -56.691  -31.983  49.569 0.0000000000
54126  -53.894  -31.704  47.887 0.0000000000
54129  -51.290  -31.268  46.630 0.0000000000
55812  -50.575  -29.502  45.302 0.0000000000
58401  -58.126  -26.438  43.272 0.0000000000
37078  -27.617  -50.510  70.362 0.0000000000
33338  -31.795  -54.568  67.473 0.0000000000
34283  -33.328  -53.430  70.229 0.0000000000
33332  -33.787  -54.712  69.114 0.0000000000
40548  -32.059  -46.145  65.291 0.0000000000
39738  -29.252  -47.820  64.131 0.0000000000
37134  -30.388  -50.284  63.154 0.0000000000
37151  -31.268  -50.497  60.353 0.0000000000
48549  -44.356  -38.014  56.565 0.0000000000
49505  -43.935  -36.188  56.319 0.0000000000
50491  -44.944  -35.634  57.787 0.0000000000
133317  -45.365  -38.935  57.499 0.0000000000
46738  -44.863  -39.810  56.682 0.0000000000
47581  -44.499  -39.121  56.376 0.0000000000
47584  -43.382  -38.763  55.146 0.0000000000
128112  -48.124  -34.699  44.802 0.0000000000
51567  -47.862  -33.707  44.783 0.0000000000
53309  -47.319  -32.023  44.190 0.0000000000
53306  -48.734  -32.410  45.471 0.0000000000
40507  -34.926  -46.747  69.523 0.0000000000
125786  -33.953  -46.453  69.266 0.0000000000
40517  -34.550  -46.420  68.660 0.0000000000
50636  -39.353  -35.372  46.789 0.0000000000
50637  -40.237  -34.989  46.850 0.0000000000
49568  -47.848  -36.308  51.127 0.0000000000
49598  -47.498  -36.391  49.330 0.0000000000
49599  -48.440  -36.751  49.516 0.0000000000
48639  -48.797  -37.173  48.608 0.0000000000
49600  -49.293  -37.108  49.891 0.0000000000
41405  -40.703  -45.242  63.307 0.0000000000
40598  -40.284  -46.202  62.299 0.0000000000
41426  -41.073  -45.456  61.678 0.0000000000
44161  -35.939  -42.106  53.952 0.0000000000
44149  -35.642  -43.141  53.890 0.0000000000
44159  -34.691  -42.997  52.906 0.0000000000
44176  -32.931  -43.241  52.093 0.0000000000
48638  -39.052  -36.961  48.642 0.0000000000
49610  -37.063  -36.542  48.524 0.0000000000
49628  -38.392  -35.992  47.737 0.0000000000
58338  -56.962  -27.297  48.737 0.0000000000
58348  -57.128  -26.128  48.407 0.0000000000
58357  -55.381  -26.828  46.646 0.0000000000
59263  -56.854  -25.633  46.634 0.0000000000
36146  -30.579  -51.046  73.611 0.0000000000
35226  -30.363  -52.319  72.620 0.0000000000
36155  -31.199  -51.966  72.781 0.0000000000
36216  -32.190  -51.751  65.639 0.0000000000
133881  -33.301  -52.663  66.106 0.0000000000
35285  -33.446  -52.656  64.726 0.0000000000
35295  -34.164  -53.155  63.848 0.0000000000
130028  -33.990  -52.670  63.132 0.0000000000
41431  -31.420  -45.388  60.278 0.0000000000
40614  -30.981  -45.908  60.824 0.0000000000
41430  -30.514  -45.695  60.047 0.0000000000
48588  -41.729  -37.435  51.854 0.0000000000
49579  -41.866  -36.024  50.844 0.0000000000
49567  -42.027  -36.417  51.679 0.0000000000
51489  -45.123  -34.555  54.803 0.0000000000
50537  -44.553  -35.142  53.220 0.0000000000
50538  -45.547  -34.869  53.323 0.0000000000
50555  -46.275  -35.160  52.762 0.0000000000
134351  -46.696  -34.636  54.164 0.0000000000
44111  -44.060  -42.184  59.925 0.0000000000
43192  -43.067  -43.169  59.200 0.0000000000
139861  -43.618  -42.335  58.328 0.0000000000
45900  -42.360  -40.537  55.278 0.0000000000
45041  -41.220  -41.476  56.693 0.0000000000
45898  -40.332  -40.449  55.526 0.0000000000
45896  -38.168  -40.807  55.382 0.0000000000
45910  -38.777  -40.019  54.956 0.0000000000
46750  -37.962  -39.236  53.613 0.0000000000
46752  -39.986  -39.435  53.290 0.0000000000
47607  -42.050  -38.509  53.080 0.0000000000
47605  -41.004  -39.066  52.129 0.0000000000
47622  -41.196  -38.555  51.723 0.0000000000
48605  -40.445  -37.890  50.370 0.0000000000
39703  -31.012  -47.121  71.767 0.0000000000
129904  -30.434  -48.260  71.039 0.0000000000
39713  -30.850  -46.852  70.879 0.0000000000
40524  -30.617  -46.790  68.064 0.0000000000
39721  -30.238  -47.421  68.536 0.0000000000
38902  -29.815  -48.371  67.300 0.0000000000
37111  -30.730  -50.002  66.269 0.0000000000
38910  -29.690  -48.337  66.592 0.0000000000
50595  -43.227  -35.246  49.639 0.0000000000
138213  -43.024  -35.030  48.044 0.0000000000
130244  -43.744  -35.329  48.102 0.0000000000
49643  -46.677  -36.656  46.417 0.0000000000
50641  -45.300  -35.954  46.022 0.0000000000
131255  -45.544  -36.243  45.201 0.0000000000
47662  -50.847  -39.224  46.385 0.0000000000
47677  -50.185  -39.220  44.816 0.0000000000
120739  -50.949  -39.246  45.908 0.0000000000
49645  -50.313  -37.584  45.469 0.0000000000
49646  -50.863  -38.118  46.186 0.0000000000
123396  -38.158  -46.507  66.424 0.0000000000
40552  -37.173  -46.031  65.785 0.0000000000
40553  -38.368  -46.353  65.480 0.0000000000
135038  -37.294  -45.715  61.567 0.0000000000
41412  -36.578  -45.441  62.326 0.0000000000
135049  -35.873  -45.335  60.954 0.0000000000
124954  -34.089  -45.201  60.911 0.0000000000
138078  -35.231  -45.408  59.888 0.0000000000
41473  -39.391  -44.564  58.233 0.0000000000
141001  -39.612  -45.539  59.098 0.0000000000
42314  -38.062  -44.931  57.341 0.0000000000
42335  -35.339  -44.714  55.321 0.0000000000
41480  -36.064  -45.285  56.443 0.0000000000
42325  -34.805  -44.737  56.550 0.0000000000
42312  -33.826  -44.428  57.275 0.0000000000
47616  -35.980  -38.446  51.304 0.0000000000
123692  -41.239  -44.300  65.512 0.0000000000
44989  -43.575  -41.470  62.152 0.0000000000
52337  -46.328  -33.692  58.713 0.0000000000
53175  -48.599  -32.387  57.362 0.0000000000
52367  -49.529  -33.651  56.609 0.0000000000
51483  -49.584  -35.001  55.617 0.0000000000
51469  -50.009  -34.529  56.367 0.0000000000
49530  -52.778  -37.025  55.420 0.0000000000
49529  -51.819  -36.819  54.935 0.0000000000
120997  -52.132  -37.513  53.242 0.0000000000
48591  -52.211  -38.055  51.381 0.0000000000
48580  -53.296  -37.729  52.329 0.0000000000
50600  -54.459  -35.602  49.742 0.0000000000
49601  -53.502  -37.127  49.499 0.0000000000
50611  -53.401  -35.647  48.730 0.0000000000
51538  -51.840  -35.087  47.935 0.0000000000
119955  -53.422  -33.920  48.510 0.0000000000
127950  -57.603  -30.998  50.170 0.0000000000
55789  -54.652  -29.318  47.807 0.0000000000
54928  -55.227  -30.983  48.352 0.0000000000
128955  -53.608  -30.360  47.456 0.0000000000
54124  -52.398  -31.603  47.345 0.0000000000
54951  -52.273  -30.169  46.797 0.0000000000
54961  -50.957  -29.920  45.997 0.0000000000
55800  -51.721  -29.617  46.264 0.0000000000
57484  -53.512  -27.473  44.564 0.0000000000
56649  -52.087  -28.116  44.529 0.0000000000
57496  -53.269  -27.764  43.619 0.0000000000
61066  -59.452  -23.432  45.052 0.0000000000
59280  -58.577  -25.006  44.686 0.0000000000
59310  -59.188  -24.914  43.455 0.0000000000
34279  -30.211  -53.338  70.328 0.0000000000
35250  -29.589  -52.982  69.570 0.0000000000
139481  -30.587  -53.677  69.257 0.0000000000
125951  -30.607  -53.719  68.488 0.0000000000
33330  -32.083  -54.470  68.553 0.0000000000
132966  -32.242  -51.361  69.603 0.0000000000
36181  -32.706  -51.942  70.262 0.0000000000
130944  -33.428  -52.427  69.116 0.0000000000
34298  -34.638  -53.891  68.856 0.0000000000
32310  -36.174  -55.586  67.059 0.0000000000
40566  -34.577  -45.648  64.816 0.0000000000
119006  -32.913  -46.025  65.906 0.0000000000
119004  -32.883  -45.807  64.941 0.0000000000
39750  -29.157  -47.235  62.434 0.0000000000
40577  -29.818  -46.725  63.545 0.0000000000
38924  -28.938  -48.177  63.321 0.0000000000
38037  -29.872  -49.718  63.662 0.0000000000
38040  -29.684  -49.841  62.115 0.0000000000
135740  -32.243  -51.196  61.220 0.0000000000
49525  -42.608  -37.217  53.994 0.0000000000
49542  -42.934  -36.133  54.010 0.0000000000
49526  -43.064  -36.804  54.759 0.0000000000
50511  -43.967  -35.567  55.614 0.0000000000
51479  -45.426  -34.350  55.535 0.0000000000
120206  -45.778  -40.760  58.211 0.0000000000
44125  -44.009  -41.770  57.738 0.0000000000
45886  -44.953  -40.744  57.188 0.0000000000
45056  -43.714  -40.852  55.628 0.0000000000
45914  -42.572  -40.262  54.787 0.0000000000
46745  -41.432  -39.901  54.007 0.0000000000
46747  -42.717  -39.876  54.515 0.0000000000
47588  -42.784  -39.123  54.318 0.0000000000
54970  -47.918  -30.042  43.595 0.0000000000
40491  -33.498  -46.606  70.759 0.0000000000
40489  -31.358  -46.465  70.286 0.0000000000
40504  -32.149  -46.348  69.621 0.0000000000
40515  -31.969  -46.343  68.633 0.0000000000
123549  -31.631  -46.332  67.053 0.0000000000
132613  -45.460  -35.636  50.194 0.0000000000
133917  -44.902  -35.485  49.041 0.0000000000
50609  -45.782  -35.674  48.917 0.0000000000
133650  -46.703  -36.369  48.120 0.0000000000
49644  -47.182  -36.773  46.938 0.0000000000
48660  -47.672  -37.376  46.210 0.0000000000
48651  -48.683  -37.586  47.257 0.0000000000
140275  -49.863  -38.281  47.577 0.0000000000
47654  -51.404  -39.098  47.711 0.0000000000
40556  -40.082  -45.941  65.072 0.0000000000
40584  -38.945  -46.131  64.023 0.0000000000
40585  -39.797  -46.111  63.572 0.0000000000
40608  -39.217  -46.267  62.057 0.0000000000
40616  -38.642  -46.379  60.247 0.0000000000
43212  -37.618  -43.490  56.339 0.0000000000
122214  -37.489  -44.631  56.638 0.0000000000
43222  -36.514  -44.184  55.361 0.0000000000
42354  -35.156  -44.199  54.216 0.0000000000
122234  -34.140  -44.337  54.371 0.0000000000
123927  -32.227  -43.586  54.859 0.0000000000
43246  -33.091  -43.697  53.194 0.0000000000
124585  -37.836  -37.825  50.327 0.0000000000
49593  -36.669  -37.000  49.139 0.0000000000
49521  -55.649  -36.205  54.544 0.0000000000
49559  -54.614  -36.725  52.606 0.0000000000
49560  -55.497  -36.104  53.192 0.0000000000
50572  -55.837  -35.439  51.608 0.0000000000
51519  -55.867  -34.584  50.330 0.0000000000
56574  -57.794  -28.283  50.661 0.0000000000
55759  -57.523  -29.701  49.669 0.0000000000
56588  -57.352  -28.805  49.463 0.0000000000
56603  -55.918  -28.723  48.501 0.0000000000
56614  -54.738  -28.320  47.472 0.0000000000
56624  -53.502  -28.183  46.482 0.0000000000
57463  -54.634  -27.302  46.491 0.0000000000
58371  -54.703  -26.935  45.814 0.0000000000
58385  -55.818  -26.579  44.729 0.0000000000
125270  -58.950  -22.428  43.450 0.0000000000
60212  -59.120  -24.941  42.717 0.0000000000
61113  -58.520  -24.024  41.827 0.0000000000
37050  -28.705  -50.785  73.677 0.0000000000
37071  -28.253  -51.122  71.893 0.0000000000
35231  -29.512  -52.272  72.000 0.0000000000
35242  -30.279  -53.153  71.175 0.0000000000
34281  -32.144  -53.676  70.983 0.0000000000
36207  -32.460  -51.665  67.199 0.0000000000
126769  -33.579  -52.578  68.314 0.0000000000
35270  -33.621  -52.615  66.854 0.0000000000
34314  -34.641  -53.525  66.300 0.0000000000
34315  -35.463  -54.234  66.203 0.0000000000
33360  -36.158  -54.853  65.610 0.0000000000
34325  -35.604  -54.295  64.944 0.0000000000
40594  -33.120  -45.507  62.878 0.0000000000
40579  -31.952  -46.065  63.723 0.0000000000
121308  -31.322  -46.051  62.162 0.0000000000
40603  -29.651  -46.660  62.027 0.0000000000
39752  -28.683  -47.835  61.183 0.0000000000
49595  -40.375  -36.710  49.299 0.0000000000
50604  -40.672  -35.383  48.296 0.0000000000
49596  -41.029  -36.251  49.637 0.0000000000
50580  -42.476  -35.443  50.324 0.0000000000
50581  -43.449  -35.371  50.513 0.0000000000
50552  -43.248  -35.565  52.672 0.0000000000
122066  -43.930  -35.392  52.119 0.0000000000
50582  -44.575  -35.471  50.589 0.0000000000
50570  -46.378  -35.591  51.500 0.0000000000
50571  -47.311  -35.831  51.728 0.0000000000
50557  -48.276  -36.145  52.898 0.0000000000
42283  -42.210  -43.775  61.016 0.0000000000
42287  -41.689  -44.900  60.485 0.0000000000
42288  -42.178  -44.314  60.318 0.0000000000
43196  -41.622  -43.799  58.870 0.0000000000
44123  -40.151  -43.170  57.717 0.0000000000
44134  -42.680  -41.874  57.196 0.0000000000
44132  -40.647  -42.223  57.250 0.0000000000
44131  -39.567  -42.499  57.155 0.0000000000
45050  -37.680  -41.726  55.618 0.0000000000
45063  -37.333  -41.236  54.944 0.0000000000
45921  -35.854  -40.722  53.381 0.0000000000
127908  -35.490  -40.331  52.715 0.0000000000
45935  -36.223  -39.898  53.096 0.0000000000
46761  -37.580  -38.921  52.933 0.0000000000
47618  -37.786  -38.342  51.563 0.0000000000
46764  -40.636  -39.351  52.634 0.0000000000
125172  -39.599  -39.001  52.090 0.0000000000
47633  -38.378  -38.323  50.809 0.0000000000
48603  -38.821  -38.021  50.125 0.0000000000
48625  -40.038  -37.499  49.621 0.0000000000
60154  -57.768  -24.420  46.631 0.0000000000
61050  -58.522  -23.044  47.150 0.0000000000
61978  -58.939  -22.387  46.386 0.0000000000
130058  -59.498  -22.251  45.415 0.0000000000
63009  -59.513  -21.315  44.445 0.0000000000
63885  -59.309  -20.291  43.951 0.0000000000
37953  -30.821  -49.590  73.197 0.0000000000
37072  -31.608  -50.688  71.760 0.0000000000
37960  -30.555  -48.974  71.604 0.0000000000
37079  -31.337  -50.232  70.188 0.0000000000
37982  -30.937  -49.784  69.434 0.0000000000
39718  -30.338  -47.469  69.509 0.0000000000
136942  -30.559  -49.300  68.791 0.0000000000
37096  -31.452  -50.588  68.343 0.0000000000
37113  -31.800  -51.097  66.954 0.0000000000
121459  -31.090  -50.706  65.972 0.0000000000
36223  -31.638  -51.204  64.432 0.0000000000
50621  -41.455  -34.840  47.796 0.0000000000
51546  -42.382  -34.702  46.243 0.0000000000
125899  -44.339  -35.485  47.470 0.0000000000
49654  -49.158  -36.235  45.018 0.0000000000
51547  -49.822  -35.015  46.379 0.0000000000
119946  -37.093  -46.572  68.205 0.0000000000
40529  -35.635  -46.438  67.854 0.0000000000
119339  -36.325  -46.093  66.463 0.0000000000
118810  -35.215  -45.696  65.406 0.0000000000
41391  -35.135  -45.358  64.081 0.0000000000
41393  -37.049  -45.375  64.110 0.0000000000
41401  -35.624  -45.259  63.470 0.0000000000
41399  -33.947  -45.173  63.106 0.0000000000
41421  -33.481  -45.255  61.458 0.0000000000
41433  -33.345  -45.184  60.526 0.0000000000
41444  -31.942  -45.057  59.679 0.0000000000
41438  -40.727  -45.752  60.496 0.0000000000
41447  -39.294  -46.095  59.529 0.0000000000
40628  -37.294  -46.064  58.728 0.0000000000
41482  -37.292  -45.421  57.055 0.0000000000
41470  -36.637  -45.793  57.518 0.0000000000
41459  -36.482  -45.836  58.282 0.0000000000
41457  -34.597  -44.984  58.720 0.0000000000
41456  -33.523  -44.764  58.951 0.0000000000
45943  -33.954  -39.808  51.179 0.0000000000
49493  -46.149  -37.006  58.979 0.0000000000
50481  -45.984  -36.035  59.100 0.0000000000
37936  -28.685  -49.801  74.771 0.0000000000
38851  -30.931  -49.253  74.000 0.0000000000
135247  -31.186  -48.409  73.539 0.0000000000
39694  -32.199  -47.198  73.284 0.0000000000
40492  -34.527  -46.616  71.032 0.0000000000
120513  -35.284  -46.762  70.397 0.0000000000
120406  -36.493  -46.512  70.176 0.0000000000
40509  -37.251  -46.292  69.650 0.0000000000
40520  -37.762  -46.404  68.453 0.0000000000
40531  -38.440  -46.350  67.877 0.0000000000
40542  -39.486  -46.041  66.533 0.0000000000
41380  -40.296  -45.340  66.799 0.0000000000
41382  -40.076  -45.823  65.887 0.0000000000
41387  -40.907  -44.873  65.373 0.0000000000
126686  -41.026  -44.920  64.128 0.0000000000
43178  -41.330  -43.815  63.734 0.0000000000
140636  -41.853  -42.388  62.513 0.0000000000
44106  -43.025  -41.934  61.261 0.0000000000
45002  -43.893  -41.450  60.902 0.0000000000
47565  -46.421  -39.053  58.702 0.0000000000
140491  -45.583  -34.606  58.147 0.0000000000
52363  -45.870  -33.751  57.133 0.0000000000
52364  -46.464  -33.432  56.690 0.0000000000
142346  -47.537  -32.293  58.194 0.0000000000
53184  -48.048  -32.834  56.630 0.0000000000
52385  -47.365  -33.825  55.689 0.0000000000
51492  -48.390  -35.052  54.657 0.0000000000
50525  -48.900  -35.639  54.270 0.0000000000
49543  -48.983  -36.377  53.189 0.0000000000
50514  -50.877  -35.835  55.742 0.0000000000
49545  -50.596  -36.840  53.788 0.0000000000
48576  -50.214  -37.201  51.971 0.0000000000
48608  -50.994  -38.134  50.323 0.0000000000
47636  -51.417  -38.718  49.449 0.0000000000
47655  -51.899  -39.080  48.144 0.0000000000
48611  -53.196  -37.856  50.580 0.0000000000
48644  -53.004  -37.876  48.969 0.0000000000
48654  -52.271  -38.175  47.902 0.0000000000
50625  -51.190  -36.392  47.379 0.0000000000
139047  -50.934  -34.580  47.240 0.0000000000
52469  -50.472  -33.397  46.621 0.0000000000
52442  -57.224  -33.106  50.752 0.0000000000
52452  -55.877  -33.424  49.474 0.0000000000
125046  -56.666  -30.847  49.290 0.0000000000
54118  -55.409  -31.903  48.547 0.0000000000
53295  -54.044  -32.758  48.398 0.0000000000
52466  -52.616  -33.001  47.747 0.0000000000
53304  -51.153  -32.891  46.951 0.0000000000
127915  -49.877  -33.006  46.323 0.0000000000
54134  -49.842  -31.097  45.971 0.0000000000
54959  -49.432  -30.547  45.236 0.0000000000
55823  -49.811  -29.035  44.153 0.0000000000
56633  -52.344  -28.211  45.455 0.0000000000
56648  -51.336  -28.466  44.433 0.0000000000
56656  -50.411  -28.411  43.076 0.0000000000
59264  -57.432  -25.103  46.209 0.0000000000
58386  -56.759  -26.389  44.365 0.0000000000
57487  -56.239  -26.874  43.810 0.0000000000
132970  -58.853  -26.001  42.364 0.0000000000
57500  -57.668  -26.925  42.660 0.0000000000
57509  -55.027  -27.751  42.744 0.0000000000
36172  -28.622  -51.737  70.467 0.0000000000
35235  -32.115  -52.214  71.712 0.0000000000
35244  -32.816  -52.909  70.877 0.0000000000
34290  -33.200  -54.148  70.094 0.0000000000
34297  -34.202  -53.424  69.219 0.0000000000
33324  -33.705  -54.341  69.511 0.0000000000
33323  -33.188  -54.419  69.731 0.0000000000
32291  -33.590  -55.164  68.423 0.0000000000
119883  -34.043  -46.093  67.005 0.0000000000
119884  -32.567  -46.161  66.829 0.0000000000
40536  -30.939  -46.353  66.481 0.0000000000
118619  -31.022  -46.254  63.767 0.0000000000
40562  -30.383  -46.592  65.115 0.0000000000
39734  -29.876  -47.255  65.559 0.0000000000
38917  -29.428  -48.958  64.910 0.0000000000
127011  -30.618  -50.286  64.021 0.0000000000
36231  -31.697  -51.280  63.673 0.0000000000
39757  -28.732  -47.760  59.441 0.0000000000
38932  -28.861  -48.832  60.358 0.0000000000
38043  -29.827  -49.889  61.318 0.0000000000
137058  -30.912  -50.653  61.739 0.0000000000
36247  -31.569  -51.022  61.917 0.0000000000
36243  -32.603  -51.803  62.742 0.0000000000
48542  -44.656  -37.687  57.201 0.0000000000
131966  -44.272  -36.962  56.859 0.0000000000
49499  -44.826  -36.859  57.700 0.0000000000
141747  -44.978  -39.290  56.998 0.0000000000
47572  -44.823  -38.564  57.078 0.0000000000
51556  -48.541  -34.172  45.344 0.0000000000
52472  -48.513  -33.298  45.400 0.0000000000
53310  -48.000  -32.714  44.820 0.0000000000
123593  -39.850  -35.374  47.417 0.0000000000
49581  -47.690  -36.333  50.214 0.0000000000
49582  -48.540  -36.617  50.510 0.0000000000
49583  -49.361  -37.005  50.803 0.0000000000
42278  -41.050  -45.046  62.349 0.0000000000
41415  -40.816  -45.444  62.369 0.0000000000
133367  -41.393  -45.131  61.479 0.0000000000
45069  -35.692  -41.540  53.511 0.0000000000
44160  -35.293  -42.421  53.294 0.0000000000
49612  -39.501  -36.331  48.396 0.0000000000
132653  -38.893  -36.327  48.182 0.0000000000
50619  -38.692  -35.675  47.156 0.0000000000
126960  -57.525  -25.267  49.238 0.0000000000
59249  -56.674  -26.087  47.337 0.0000000000
59250  -57.196  -25.225  47.373 0.0000000000
37062  -31.078  -51.319  73.179 0.0000000000
35284  -32.683  -52.059  64.758 0.0000000000
35294  -33.159  -52.428  63.829 0.0000000000
41442  -30.063  -45.613  59.128 0.0000000000
49554  -42.209  -36.795  52.574 0.0000000000
120025  -44.815  -34.790  54.054 0.0000000000
50522  -45.771  -34.570  54.067 0.0000000000
141787  -46.791  -34.486  54.652 0.0000000000
44114  -44.121  -42.135  59.205 0.0000000000
44119  -43.597  -42.569  58.874 0.0000000000
44120  -44.171  -42.000  58.482 0.0000000000
45899  -41.406  -40.450  55.388 0.0000000000
45911  -39.896  -39.873  54.979 0.0000000000
46743  -39.396  -39.479  54.307 0.0000000000
46744  -40.461  -39.682  54.144 0.0000000000
48575  -41.909  -37.900  52.490 0.0000000000
47606  -41.546  -38.707  52.470 0.0000000000
48587  -41.378  -37.970  51.346 0.0000000000
39704  -32.006  -46.801  72.287 0.0000000000
139077  -30.318  -47.046  67.349 0.0000000000
39724  -30.189  -47.428  67.733 0.0000000000
38901  -29.768  -47.623  66.986 0.0000000000
124961  -43.942  -35.375  48.915 0.0000000000
118423  -46.069  -36.491  45.818 0.0000000000
47670  -50.989  -39.290  46.073 0.0000000000
40554  -38.987  -46.443  66.136 0.0000000000
142454  -39.159  -46.389  65.509 0.0000000000
40615  -37.732  -46.144  60.423 0.0000000000
41436  -36.709  -45.634  60.720 0.0000000000
121723  -36.016  -45.668  60.040 0.0000000000
43202  -39.488  -43.877  57.884 0.0000000000
43201  -38.826  -44.350  57.645 0.0000000000
42334  -33.811  -44.337  55.307 0.0000000000
118471  -34.724  -44.679  55.685 0.0000000000
42324  -33.924  -44.341  56.285 0.0000000000
42323  -32.924  -43.889  56.085 0.0000000000
47617  -36.824  -38.368  51.473 0.0000000000
47630  -35.765  -38.086  50.646 0.0000000000
49531  -54.241  -37.038  54.870 0.0000000000
49518  -53.524  -36.713  56.100 0.0000000000
48557  -53.283  -37.347  54.641 0.0000000000
48556  -52.404  -37.324  54.344 0.0000000000
48565  -52.942  -37.613  53.689 0.0000000000
48579  -52.775  -37.753  52.695 0.0000000000
127868  -53.312  -37.634  53.151 0.0000000000
119594  -54.755  -34.884  49.584 0.0000000000
50612  -54.114  -35.173  49.262 0.0000000000
51532  -53.023  -34.646  48.441 0.0000000000
51533  -53.787  -34.529  48.844 0.0000000000
56561  -57.037  -28.840  51.541 0.0000000000
55723  -57.333  -29.755  51.361 0.0000000000
54891  -57.801  -30.906  50.697 0.0000000000
55741  -57.729  -29.902  50.742 0.0000000000
55788  -53.818  -29.618  47.389 0.0000000000
54940  -54.411  -30.419  47.858 0.0000000000
54939  -52.899  -30.802  47.316 0.0000000000
55801  -52.494  -29.332  46.516 0.0000000000
122359  -54.016  -27.547  43.861 0.0000000000
57508  -54.140  -27.783  43.117 0.0000000000
61076  -59.537  -23.704  44.389 0.0000000000
60176  -59.386  -24.134  44.571 0.0000000000
60184  -59.440  -24.364  43.931 0.0000000000
37059  -27.868  -50.451  72.270 0.0000000000
34288  -30.843  -53.707  69.997 0.0000000000
34296  -31.481  -54.129  69.372 0.0000000000
36188  -32.796  -51.878  69.347 0.0000000000
40565  -33.617  -45.732  64.457 0.0000000000
40564  -32.801  -45.843  64.101 0.0000000000
39749  -28.769  -47.841  62.001 0.0000000000
38923  -28.847  -47.802  62.726 0.0000000000
38927  -28.886  -48.575  62.438 0.0000000000
38039  -29.291  -49.324  62.468 0.0000000000
129462  -29.148  -49.243  61.663 0.0000000000
48555  -42.874  -37.984  54.601 0.0000000000
49515  -43.551  -36.475  55.516 0.0000000000
50498  -44.390  -35.319  56.359 0.0000000000
51478  -44.652  -34.873  55.605 0.0000000000
51465  -44.997  -34.605  56.331 0.0000000000
45888  -45.914  -40.379  58.153 0.0000000000
45037  -45.371  -41.146  57.782 0.0000000000
46737  -44.409  -39.980  55.888 0.0000000000
45891  -44.263  -40.592  55.848 0.0000000000
136202  -43.856  -40.284  55.484 0.0000000000
45901  -43.024  -40.598  55.306 0.0000000000
45902  -43.199  -40.312  55.151 0.0000000000
130330  -43.410  -39.733  55.092 0.0000000000
128649  -42.453  -38.311  53.744 0.0000000000
51574  -47.083  -34.343  43.298 0.0000000000
54136  -47.676  -30.887  44.169 0.0000000000
40490  -32.365  -46.442  70.541 0.0000000000
40505  -33.221  -46.574  69.878 0.0000000000
40516  -33.666  -46.273  68.423 0.0000000000
127704  -32.994  -46.310  69.016 0.0000000000
40525  -31.344  -46.390  67.890 0.0000000000
40526  -32.291  -46.278  67.686 0.0000000000
51553  -40.407  -34.536  45.484 0.0000000000
50584  -46.228  -35.732  50.517 0.0000000000
50598  -46.081  -35.809  49.696 0.0000000000
49615  -47.389  -36.462  48.479 0.0000000000
131574  -47.278  -36.639  47.655 0.0000000000
48650  -47.898  -37.177  47.107 0.0000000000
49616  -48.245  -36.851  47.931 0.0000000000
48640  -49.799  -37.918  48.317 0.0000000000
47653  -50.656  -38.844  47.368 0.0000000000
48641  -50.721  -38.710  48.442 0.0000000000
139743  -40.417  -45.632  64.564 0.0000000000
40572  -40.163  -45.900  64.109 0.0000000000
40586  -40.226  -46.025  63.169 0.0000000000
40610  -40.375  -46.201  61.532 0.0000000000
40609  -39.927  -46.519  61.830 0.0000000000
119914  -39.340  -46.307  61.109 0.0000000000
44141  -37.302  -42.762  55.672 0.0000000000
132928  -36.996  -43.667  55.645 0.0000000000
44140  -36.590  -43.295  55.056 0.0000000000
43248  -35.121  -43.797  53.746 0.0000000000
43235  -35.596  -43.916  54.277 0.0000000000
42353  -34.565  -44.084  53.872 0.0000000000
42343  -34.926  -44.469  54.552 0.0000000000
142306  -34.112  -44.083  53.790 0.0000000000
119767  -33.534  -43.938  53.878 0.0000000000
48623  -38.204  -37.486  49.618 0.0000000000
48622  -37.123  -37.448  49.800 0.0000000000
48637  -37.619  -37.062  49.062 0.0000000000
50528  -56.570  -35.829  54.184 0.0000000000
49549  -56.024  -36.269  54.069 0.0000000000
133049  -56.776  -34.360  52.879 0.0000000000
50573  -56.599  -34.797  52.193 0.0000000000
51511  -56.299  -34.793  51.127 0.0000000000
51520  -56.612  -33.964  50.708 0.0000000000
58307  -57.720  -26.175  50.483 0.0000000000
58293  -57.712  -26.330  50.985 0.0000000000
58308  -57.802  -26.926  50.535 0.0000000000
57419  -57.856  -27.643  50.331 0.0000000000
56589  -57.734  -28.433  49.805 0.0000000000
57433  -57.745  -27.701  49.821 0.0000000000
57446  -56.277  -27.715  48.390 0.0000000000
57455  -55.464  -28.018  47.865 0.0000000000
56615  -55.204  -28.742  47.995 0.0000000000
57454  -54.985  -27.512  47.182 0.0000000000
56625  -54.264  -27.863  46.816 0.0000000000
58358  -56.248  -26.213  46.380 0.0000000000
58372  -55.524  -26.516  45.658 0.0000000000
58384  -54.867  -26.700  44.992 0.0000000000
61103  -58.850  -23.844  42.709 0.0000000000
37061  -29.148  -51.369  73.349 0.0000000000
36152  -28.934  -51.628  72.482 0.0000000000
36153  -29.703  -51.844  72.963 0.0000000000
35227  -31.000  -52.737  72.320 0.0000000000
35232  -30.289  -52.858  71.943 0.0000000000
35233  -30.957  -53.230  71.735 0.0000000000
34280  -31.092  -53.598  70.964 0.0000000000
34276  -31.600  -53.347  71.477 0.0000000000
35263  -33.154  -52.288  67.430 0.0000000000
35269  -32.777  -52.180  66.437 0.0000000000
35278  -33.648  -52.837  65.527 0.0000000000
34313  -33.950  -53.007  66.273 0.0000000000
34324  -34.876  -53.662  65.381 0.0000000000
34343  -35.250  -53.689  63.306 0.0000000000
41408  -32.863  -45.504  62.074 0.0000000000
40593  -32.193  -45.834  62.722 0.0000000000
40606  -32.036  -45.712  61.799 0.0000000000
40613  -30.054  -46.214  60.618 0.0000000000
40604  -30.460  -46.223  61.532 0.0000000000
40612  -29.478  -46.659  61.153 0.0000000000
39753  -29.032  -47.224  61.601 0.0000000000
39754  -28.885  -47.234  60.776 0.0000000000
49578  -41.304  -36.610  50.367 0.0000000000
121304  -43.731  -35.417  51.347 0.0000000000
50535  -42.719  -35.996  53.125 0.0000000000
50536  -43.506  -35.543  53.467 0.0000000000
119149  -44.704  -35.298  52.336 0.0000000000
50553  -44.016  -35.381  52.766 0.0000000000
50568  -44.683  -35.408  51.541 0.0000000000
50569  -45.485  -35.439  51.870 0.0000000000
50583  -45.504  -35.477  51.018 0.0000000000
50539  -47.096  -35.404  52.992 0.0000000000
132614  -46.803  -35.571  52.295 0.0000000000
50556  -47.581  -35.800  52.566 0.0000000000
44109  -42.760  -42.758  60.648 0.0000000000
43188  -42.730  -43.576  60.151 0.0000000000
43197  -42.455  -43.412  58.921 0.0000000000
43203  -40.971  -43.525  58.318 0.0000000000
44124  -41.271  -42.750  57.772 0.0000000000
45035  -43.997  -41.306  56.936 0.0000000000
45034  -43.408  -41.630  57.069 0.0000000000
45043  -43.080  -41.463  56.516 0.0000000000
45053  -40.769  -40.880  56.168 0.0000000000
45040  -40.111  -41.653  56.716 0.0000000000
45039  -39.035  -41.923  56.603 0.0000000000
44142  -38.047  -42.299  56.282 0.0000000000
45051  -38.583  -41.359  55.999 0.0000000000
45909  -37.807  -40.351  54.690 0.0000000000
45908  -36.973  -40.746  54.339 0.0000000000
45070  -36.264  -41.177  53.923 0.0000000000
45922  -36.633  -40.331  53.701 0.0000000000
47602  -37.194  -38.579  52.234 0.0000000000
47603  -38.098  -38.532  52.380 0.0000000000
46754  -41.667  -39.575  53.561 0.0000000000
46753  -40.963  -39.617  53.335 0.0000000000
46765  -41.280  -39.291  52.869 0.0000000000
47604  -40.357  -39.111  51.997 0.0000000000
47620  -39.921  -38.842  51.373 0.0000000000
47619  -38.897  -38.627  51.588 0.0000000000
47634  -39.393  -38.501  50.726 0.0000000000
47635  -40.214  -38.470  50.817 0.0000000000
48606  -41.079  -37.562  50.682 0.0000000000
49594  -39.720  -36.962  48.972 0.0000000000
135037  -58.685  -21.400  47.545 0.0000000000
61970  -58.940  -21.653  46.741 0.0000000000
62975  -59.396  -21.854  45.966 0.0000000000
62960  -59.253  -21.083  46.450 0.0000000000
63861  -59.512  -20.416  45.532 0.0000000000
63874  -59.458  -20.368  44.734 0.0000000000
64706  -59.262  -19.438  44.174 0.0000000000
140859  -30.615  -48.977  72.386 0.0000000000
140658  -30.540  -48.947  70.787 0.0000000000
37968  -30.800  -49.393  70.143 0.0000000000
40488  -30.752  -46.781  69.940 0.0000000000
40502  -30.589  -46.759  69.031 0.0000000000
37994  -30.411  -48.874  68.133 0.0000000000
38883  -30.130  -48.386  68.947 0.0000000000
38007  -30.916  -49.712  67.991 0.0000000000
37103  -31.326  -50.517  67.471 0.0000000000
38016  -30.697  -49.859  67.104 0.0000000000
123023  -30.357  -49.556  65.864 0.0000000000
126311  -31.428  -51.100  65.320 0.0000000000
37126  -31.003  -50.679  64.680 0.0000000000
50605  -41.304  -35.216  48.561 0.0000000000
50622  -42.515  -34.806  47.563 0.0000000000
50638  -42.910  -34.825  46.721 0.0000000000
50608  -45.299  -35.756  48.211 0.0000000000
120052  -44.970  -35.692  47.625 0.0000000000
50651  -44.827  -35.732  45.381 0.0000000000
120176  -48.729  -38.347  45.625 0.0000000000
143548  -50.040  -39.259  44.346 0.0000000000
49666  -49.693  -37.547  44.161 0.0000000000
123918  -49.702  -36.543  45.556 0.0000000000
50652  -49.401  -35.597  45.766 0.0000000000
40530  -36.541  -46.447  67.485 0.0000000000
40540  -37.300  -46.427  66.843 0.0000000000
124288  -36.041  -45.755  65.574 0.0000000000
40567  -35.591  -45.526  64.814 0.0000000000
40595  -38.377  -45.859  63.325 0.0000000000
40583  -37.925  -45.916  64.049 0.0000000000
41403  -37.497  -45.562  63.358 0.0000000000
41411  -35.643  -45.246  62.594 0.0000000000
41402  -36.541  -45.319  63.236 0.0000000000
41400  -34.831  -45.158  63.293 0.0000000000
41410  -34.597  -45.162  62.437 0.0000000000
41409  -33.705  -45.257  62.268 0.0000000000
41422  -34.338  -45.207  61.598 0.0000000000
41434  -34.387  -45.286  60.151 0.0000000000
41432  -32.311  -45.227  60.444 0.0000000000
41445  -32.883  -45.008  59.737 0.0000000000
41449  -41.241  -45.308  60.320 0.0000000000
41448  -40.549  -45.569  59.867 0.0000000000
41460  -38.511  -45.688  58.450 0.0000000000
41461  -39.162  -45.762  58.948 0.0000000000
40630  -38.553  -46.056  58.950 0.0000000000
119700  -37.938  -46.184  58.863 0.0000000000
136823  -37.398  -45.970  58.334 0.0000000000
42337  -36.374  -44.740  55.756 0.0000000000
42326  -36.794  -45.101  56.354 0.0000000000
41493  -36.249  -45.077  56.160 0.0000000000
41479  -35.587  -45.239  56.895 0.0000000000
139473  -36.238  -45.554  57.000 0.0000000000
41469  -36.003  -45.579  57.586 0.0000000000
41458  -35.543  -45.377  58.461 0.0000000000
42298  -33.091  -44.478  58.258 0.0000000000
42297  -32.056  -44.529  58.355 0.0000000000
45945  -35.119  -39.872  52.065 0.0000000000
45944  -34.416  -40.330  51.685 0.0000000000
37944  -28.290  -50.147  74.054 0.0000000000
38852  -31.326  -48.553  74.508 0.0000000000
40479  -33.824  -46.597  71.696 0.0000000000
141004  -37.669  -46.229  69.037 0.0000000000
40521  -38.187  -46.086  68.653 0.0000000000
40532  -39.147  -46.017  67.437 0.0000000000
41379  -39.705  -45.692  67.075 0.0000000000
42256  -40.850  -44.122  66.662 0.0000000000
42255  -40.527  -44.732  67.075 0.0000000000
42261  -40.668  -44.874  66.375 0.0000000000
41383  -40.409  -45.411  66.105 0.0000000000
42265  -40.703  -45.012  65.812 0.0000000000
41386  -40.493  -45.448  65.346 0.0000000000
43173  -41.470  -43.831  65.147 0.0000000000
42270  -41.160  -44.634  64.881 0.0000000000
125294  -41.331  -44.236  64.359 0.0000000000
44097  -41.460  -42.850  63.247 0.0000000000
44105  -42.250  -42.569  61.626 0.0000000000
44098  -42.679  -41.879  62.318 0.0000000000
45003  -44.932  -40.891  61.014 0.0000000000
123482  -44.670  -41.565  60.223 0.0000000000
48534  -46.365  -37.997  58.792 0.0000000000
50468  -46.090  -35.186  59.188 0.0000000000
50480  -45.528  -35.261  58.457 0.0000000000
53161  -46.702  -33.042  58.494 0.0000000000
52345  -46.406  -33.307  57.684 0.0000000000
53185  -49.072  -32.816  56.817 0.0000000000
52365  -47.212  -33.311  56.318 0.0000000000
134518  -47.846  -33.461  56.095 0.0000000000
51481  -47.799  -34.481  55.161 0.0000000000
52386  -48.219  -34.023  55.683 0.0000000000
50512  -49.187  -35.402  54.981 0.0000000000
50542  -49.325  -36.126  53.901 0.0000000000
50502  -52.794  -35.661  57.109 0.0000000000
50500  -51.310  -35.504  56.576 0.0000000000
50515  -51.653  -36.145  56.262 0.0000000000
49546  -51.456  -37.177  54.059 0.0000000000
49528  -50.894  -36.652  54.583 0.0000000000
49558  -50.399  -36.904  52.866 0.0000000000
48577  -51.005  -37.407  52.262 0.0000000000
48589  -50.125  -37.515  51.092 0.0000000000
48590  -50.936  -37.707  51.375 0.0000000000
47623  -52.279  -38.340  50.621 0.0000000000
47637  -51.807  -38.682  49.971 0.0000000000
47645  -51.827  -38.934  49.071 0.0000000000
47656  -52.175  -38.844  48.813 0.0000000000
49571  -54.459  -36.697  51.600 0.0000000000
48594  -53.883  -37.384  52.017 0.0000000000
48612  -53.795  -37.347  51.086 0.0000000000
49618  -53.317  -36.888  48.873 0.0000000000
49617  -52.741  -37.540  48.447 0.0000000000
49634  -52.359  -36.867  48.085 0.0000000000
49633  -51.797  -37.310  47.590 0.0000000000
51539  -52.276  -34.488  48.109 0.0000000000
51537  -51.297  -35.271  47.515 0.0000000000
51548  -50.438  -34.323  46.717 0.0000000000
52463  -51.025  -33.757  47.154 0.0000000000
54101  -57.404  -31.709  50.224 0.0000000000
53275  -57.542  -32.332  50.766 0.0000000000
121522  -56.982  -32.518  50.135 0.0000000000
52453  -56.497  -33.272  50.075 0.0000000000
53287  -56.322  -32.717  49.463 0.0000000000
54929  -56.697  -30.148  49.233 0.0000000000
54117  -54.523  -31.357  48.107 0.0000000000
140724  -55.734  -31.292  48.633 0.0000000000
131380  -54.369  -32.117  48.264 0.0000000000
121660  -54.835  -32.762  48.644 0.0000000000
52460  -53.416  -33.208  48.243 0.0000000000
53300  -53.491  -32.371  47.893 0.0000000000
138766  -51.745  -31.656  47.035 0.0000000000
53299  -51.911  -32.375  47.333 0.0000000000
123830  -51.227  -32.076  46.724 0.0000000000
53303  -50.462  -32.531  46.532 0.0000000000
54128  -50.461  -31.612  46.426 0.0000000000
53302  -49.595  -32.147  46.123 0.0000000000
54960  -50.221  -30.267  45.599 0.0000000000
55811  -49.790  -29.688  44.893 0.0000000000
55824  -50.346  -29.129  44.654 0.0000000000
56634  -53.068  -27.840  45.771 0.0000000000
56623  -52.722  -28.508  46.196 0.0000000000
56658  -52.371  -27.986  43.677 0.0000000000
56657  -51.382  -28.232  43.596 0.0000000000
56647  -50.551  -28.547  44.040 0.0000000000
136417  -58.235  -23.743  46.939 0.0000000000
60167  -58.191  -24.507  45.506 0.0000000000
58388  -58.439  -25.850  43.740 0.0000000000
59290  -58.093  -25.580  44.438 0.0000000000
58387  -57.688  -26.178  44.041 0.0000000000
58400  -57.212  -26.672  43.505 0.0000000000
133942  -59.044  -25.237  42.163 0.0000000000
59325  -58.994  -25.472  42.340 0.0000000000
139493  -58.860  -26.023  41.871 0.0000000000
58415  -58.008  -26.964  41.844 0.0000000000
57510  -56.020  -27.660  42.244 0.0000000000
36165  -28.720  -51.736  71.458 0.0000000000
35249  -29.064  -52.381  70.030 0.0000000000
34303  -29.989  -53.227  67.939 0.0000000000
33329  -31.216  -54.175  68.068 0.0000000000
34304  -30.529  -53.723  67.472 0.0000000000
33337  -31.070  -54.193  66.988 0.0000000000
36166  -31.776  -51.572  72.124 0.0000000000
36173  -32.032  -51.331  71.352 0.0000000000
35251  -33.275  -52.554  69.981 0.0000000000
34282  -32.821  -53.786  70.562 0.0000000000
35264  -33.842  -52.745  67.636 0.0000000000
135923  -33.994  -52.829  68.983 0.0000000000
33333  -34.392  -54.582  68.997 0.0000000000
33325  -34.194  -54.089  69.380 0.0000000000
33331  -32.989  -54.655  68.918 0.0000000000
33350  -36.436  -55.475  66.149 0.0000000000
136653  -34.849  -46.189  67.383 0.0000000000
40537  -31.883  -46.242  66.190 0.0000000000
40547  -31.081  -46.270  65.632 0.0000000000
121310  -31.237  -46.144  63.023 0.0000000000
39745  -29.655  -47.075  63.979 0.0000000000
40578  -30.245  -46.523  64.170 0.0000000000
39739  -29.700  -47.171  64.709 0.0000000000
39733  -29.355  -48.074  65.138 0.0000000000
38920  -29.248  -48.520  64.449 0.0000000000
138662  -31.270  -50.815  64.035 0.0000000000
37135  -31.112  -50.784  63.366 0.0000000000
38934  -28.874  -48.624  59.571 0.0000000000
38935  -29.507  -49.128  59.022 0.0000000000
38048  -30.917  -50.049  59.733 0.0000000000
38047  -30.094  -50.048  60.324 0.0000000000
37150  -30.625  -50.360  61.145 0.0000000000
119535  -33.210  -51.650  61.154 0.0000000000
125398  -32.447  -51.492  61.981 0.0000000000
36244  -33.464  -52.072  61.929 0.0000000000
48548  -43.794  -37.257  56.144 0.0000000000
49498  -44.411  -35.919  57.055 0.0000000000
47573  -45.787  -39.394  57.977 0.0000000000
45893  -45.199  -40.223  57.189 0.0000000000
137128  -45.338  -39.662  57.324 0.0000000000
47585  -43.955  -39.388  55.633 0.0000000000
48553  -43.882  -38.419  55.892 0.0000000000
135976  -48.516  -35.536  44.723 0.0000000000
51566  -47.475  -34.377  44.126 0.0000000000
141813  -47.410  -33.679  44.242 0.0000000000
53313  -46.936  -32.683  43.674 0.0000000000
52476  -47.396  -33.063  44.262 0.0000000000
49580  -46.818  -36.170  49.947 0.0000000000
48626  -49.231  -37.339  49.143 0.0000000000
41404  -40.552  -45.708  62.778 0.0000000000
41414  -40.760  -45.831  61.962 0.0000000000
44150  -36.291  -42.673  54.469 0.0000000000
130923  -36.041  -43.483  54.448 0.0000000000
125948  -35.073  -43.250  53.376 0.0000000000
43247  -34.559  -43.610  53.282 0.0000000000
43259  -33.382  -43.467  52.602 0.0000000000
43260  -34.055  -43.412  52.669 0.0000000000
126139  -33.506  -43.014  52.072 0.0000000000
49611  -38.146  -36.596  48.415 0.0000000000
49627  -37.447  -36.110  47.785 0.0000000000
58321  -57.721  -26.457  49.926 0.0000000000
57432  -57.450  -26.904  49.284 0.0000000000
140990  -57.091  -26.785  48.625 0.0000000000
58347  -56.596  -26.831  48.021 0.0000000000
128768  -56.141  -26.635  47.182 0.0000000000
36145  -29.899  -51.312  73.587 0.0000000000
36154  -30.493  -51.703  73.201 0.0000000000
134489  -31.554  -52.323  72.240 0.0000000000
35277  -32.945  -52.391  65.526 0.0000000000
35286  -34.249  -53.144  64.915 0.0000000000
41419  -31.788  -45.535  61.034 0.0000000000
40605  -31.339  -45.902  61.475 0.0000000000
40621  -29.646  -46.184  59.795 0.0000000000
49566  -41.564  -37.065  51.107 0.0000000000
50551  -42.581  -35.855  52.263 0.0000000000
50521  -44.247  -35.033  54.859 0.0000000000
126721  -43.953  -35.249  54.111 0.0000000000
130706  -46.497  -34.894  53.461 0.0000000000
50523  -47.331  -35.133  53.698 0.0000000000
43189  -43.044  -43.299  59.656 0.0000000000
44113  -43.528  -42.734  59.465 0.0000000000
44118  -43.099  -42.805  58.619 0.0000000000
43205  -42.588  -42.843  58.349 0.0000000000
45055  -42.972  -41.016  55.881 0.0000000000
45042  -42.278  -41.392  56.628 0.0000000000
45054  -41.864  -40.786  56.114 0.0000000000
45897  -39.214  -40.562  55.556 0.0000000000
46742  -38.356  -39.569  54.288 0.0000000000
46751  -38.896  -39.154  53.640 0.0000000000
48586  -40.876  -38.272  51.051 0.0000000000
39692  -30.701  -47.762  72.100 0.0000000000
38870  -30.520  -48.293  71.882 0.0000000000
132285  -30.602  -47.532  71.381 0.0000000000
39712  -30.503  -47.476  70.469 0.0000000000
40514  -30.996  -46.445  68.625 0.0000000000
38891  -30.132  -48.154  67.983 0.0000000000
139967  -30.177  -48.640  67.749 0.0000000000
38015  -30.078  -49.148  66.664 0.0000000000
50594  -42.314  -35.205  49.443 0.0000000000
50607  -43.053  -35.115  48.793 0.0000000000
49642  -45.820  -36.218  46.667 0.0000000000
47669  -50.449  -39.160  45.665 0.0000000000
47676  -49.726  -39.109  45.114 0.0000000000
47678  -50.531  -39.206  45.496 0.0000000000
47686  -50.185  -39.175  44.708 0.0000000000
48668  -50.201  -38.329  44.702 0.0000000000
48669  -50.553  -38.796  45.386 0.0000000000
123102  -50.768  -36.775  46.861 0.0000000000
138592  -38.092  -46.561  67.197 0.0000000000
40569  -37.534  -45.878  64.833 0.0000000000
40607  -38.108  -45.961  62.132 0.0000000000
41413  -37.307  -45.567  62.566 0.0000000000
41424  -36.227  -45.399  61.640 0.0000000000
41435  -35.013  -45.283  60.742 0.0000000000
42300  -39.936  -44.658  58.725 0.0000000000
41462  -40.150  -45.190  59.226 0.0000000000
128663  -39.414  -45.244  58.678 0.0000000000
41472  -38.734  -45.197  58.046 0.0000000000
41471  -37.904  -45.551  57.811 0.0000000000
41492  -35.855  -44.947  55.903 0.0000000000
41491  -35.499  -44.943  56.080 0.0000000000
42313  -34.788  -44.786  57.304 0.0000000000
121599  -33.073  -44.190  56.840 0.0000000000
46774  -35.505  -39.039  51.732 0.0000000000
125995  -38.407  -45.539  68.965 0.0000000000
43167  -41.557  -43.671  65.865 0.0000000000
44988  -43.044  -41.384  62.925 0.0000000000
138414  -47.358  -33.830  60.281 0.0000000000
52330  -46.762  -33.698  59.637 0.0000000000
53154  -46.863  -32.999  59.215 0.0000000000
140163  -47.130  -32.491  58.758 0.0000000000
51468  -49.130  -34.219  55.888 0.0000000000
50513  -50.005  -35.642  55.327 0.0000000000
49508  -54.086  -36.087  56.433 0.0000000000
49507  -53.157  -36.230  56.628 0.0000000000
138909  -52.734  -36.678  56.186 0.0000000000
49517  -52.062  -36.685  55.916 0.0000000000
122413  -51.689  -37.804  51.742 0.0000000000
48578  -52.268  -37.780  52.165 0.0000000000
48592  -52.696  -37.995  51.624 0.0000000000
119642  -52.777  -38.145  50.890 0.0000000000
50586  -54.748  -35.826  50.371 0.0000000000
49602  -54.124  -36.481  49.955 0.0000000000
50599  -53.805  -36.152  49.353 0.0000000000
50627  -52.455  -35.568  48.294 0.0000000000
54877  -57.551  -30.633  51.299 0.0000000000
140266  -57.666  -31.307  50.473 0.0000000000
55790  -55.366  -29.322  48.281 0.0000000000
54941  -55.239  -30.088  48.314 0.0000000000
125236  -53.796  -31.064  47.656 0.0000000000
54125  -53.235  -31.642  47.569 0.0000000000
54130  -51.983  -30.967  47.029 0.0000000000
54949  -50.662  -30.737  46.254 0.0000000000
54950  -51.488  -30.441  46.502 0.0000000000
55813  -51.289  -29.212  45.599 0.0000000000
57472  -52.797  -27.679  45.040 0.0000000000
57495  -52.787  -27.775  44.312 0.0000000000
61065  -59.039  -23.945  45.278 0.0000000000
60175  -59.013  -24.491  44.812 0.0000000000
135258  -58.730  -25.351  44.112 0.0000000000
138795  -58.187  -26.241  40.914 0.0000000000
58419  -58.514  -26.314  41.356 0.0000000000
37070  -27.704  -50.510  71.302 0.0000000000
35241  -29.603  -52.882  70.580 0.0000000000
34295  -30.197  -53.426  69.601 0.0000000000
134700  -30.028  -53.317  68.879 0.0000000000
37090  -31.999  -51.161  70.375 0.0000000000
36174  -32.500  -51.986  71.074 0.0000000000
35252  -33.762  -53.007  69.577 0.0000000000
34305  -35.098  -53.858  68.017 0.0000000000
33340  -35.020  -54.389  68.543 0.0000000000
32292  -34.402  -55.212  68.606 0.0000000000
32300  -35.123  -55.691  68.160 0.0000000000
31278  -35.714  -56.020  67.455 0.0000000000
32311  -36.456  -56.100  66.439 0.0000000000
40550  -34.573  -45.869  65.716 0.0000000000
119005  -33.888  -46.025  66.166 0.0000000000
40549  -33.755  -45.937  65.315 0.0000000000
40591  -29.729  -46.689  62.870 0.0000000000
39744  -29.279  -47.306  63.309 0.0000000000
130869  -29.141  -48.564  63.867 0.0000000000
38036  -29.240  -49.067  63.260 0.0000000000
139619  -29.746  -49.773  62.865 0.0000000000
37142  -30.171  -50.207  62.500 0.0000000000
37152  -32.333  -50.870  59.879 0.0000000000
37147  -32.016  -50.937  60.619 0.0000000000
49541  -42.538  -36.674  53.399 0.0000000000
50510  -43.510  -35.769  54.756 0.0000000000
45031  -45.459  -41.231  58.323 0.0000000000
45030  -44.941  -41.643  57.993 0.0000000000
45036  -44.653  -41.234  57.348 0.0000000000
45892  -44.639  -40.392  56.504 0.0000000000
45045  -44.329  -40.996  56.355 0.0000000000
45913  -41.887  -40.254  54.601 0.0000000000
46746  -42.128  -39.951  54.147 0.0000000000
46755  -42.262  -39.512  53.851 0.0000000000
47592  -42.302  -39.000  53.572 0.0000000000
53312  -46.662  -32.390  43.141 0.0000000000
40478  -32.709  -46.546  71.455 0.0000000000
137347  -30.802  -46.552  67.265 0.0000000000
50596  -44.922  -35.529  49.828 0.0000000000
50597  -45.443  -35.622  49.543 0.0000000000
49614  -46.034  -36.131  48.152 0.0000000000
49597  -46.669  -35.977  48.924 0.0000000000
49631  -46.436  -36.416  47.351 0.0000000000
123330  -48.668  -37.888  46.502 0.0000000000
119032  -49.162  -37.631  47.771 0.0000000000
48652  -49.711  -38.488  46.817 0.0000000000
47663  -51.221  -39.151  46.784 0.0000000000
124701  -39.554  -46.226  65.163 0.0000000000
40570  -39.038  -46.303  64.904 0.0000000000
40571  -39.651  -46.142  64.492 0.0000000000
40596  -39.223  -46.069  63.037 0.0000000000
40597  -39.890  -46.333  62.611 0.0000000000
118675  -38.429  -46.133  61.215 0.0000000000
43223  -36.956  -44.412  55.955 0.0000000000
42345  -36.074  -44.509  55.214 0.0000000000
43236  -36.090  -44.075  54.777 0.0000000000
42344  -35.571  -44.429  54.814 0.0000000000
133828  -34.637  -44.613  54.962 0.0000000000
43234  -33.096  -43.992  54.755 0.0000000000
43233  -32.601  -43.595  54.098 0.0000000000
43245  -32.079  -43.315  53.439 0.0000000000
48602  -37.047  -37.833  50.449 0.0000000000
48601  -36.356  -37.719  50.267 0.0000000000
48621  -36.169  -37.374  49.641 0.0000000000
49592  -35.834  -37.005  49.070 0.0000000000
49609  -36.259  -36.603  48.637 0.0000000000
49520  -55.021  -36.341  55.233 0.0000000000
49547  -54.353  -37.158  54.020 0.0000000000
48581  -54.004  -37.370  53.106 0.0000000000
49548  -54.881  -36.718  53.602 0.0000000000
49572  -55.225  -36.065  52.123 0.0000000000
50559  -56.815  -35.094  53.447 0.0000000000
50558  -55.993  -35.456  52.752 0.0000000000
50587  -55.532  -35.313  50.725 0.0000000000
50601  -55.168  -35.094  50.014 0.0000000000
51528  -55.389  -34.266  49.631 0.0000000000
55742  -57.771  -29.077  50.546 0.0000000000
55760  -57.885  -29.506  50.187 0.0000000000
55761  -57.883  -28.796  50.202 0.0000000000
55777  -56.709  -29.257  49.113 0.0000000000
141718  -56.800  -27.784  48.854 0.0000000000
56604  -56.709  -28.346  48.960 0.0000000000
56613  -53.999  -28.690  47.171 0.0000000000
55802  -53.264  -29.041  46.800 0.0000000000
57462  -53.906  -27.461  46.018 0.0000000000
57473  -54.096  -27.139  45.199 0.0000000000
57485  -54.403  -27.218  44.389 0.0000000000
57486  -55.277  -27.022  44.132 0.0000000000
138031  -59.489  -22.708  43.896 0.0000000000
61089  -59.505  -24.017  43.781 0.0000000000
61104  -59.207  -24.355  43.152 0.0000000000
60211  -59.002  -24.675  42.397 0.0000000000
60215  -58.736  -25.016  41.619 0.0000000000
37060  -28.436  -51.064  72.898 0.0000000000
138244  -29.730  -52.734  71.333 0.0000000000
36197  -32.721  -51.944  68.268 0.0000000000
35271  -34.428  -53.201  67.254 0.0000000000
134146  -35.087  -53.838  67.068 0.0000000000
34332  -35.009  -53.699  64.349 0.0000000000
34333  -35.708  -54.246  63.902 0.0000000000
40580  -32.694  -45.766  63.415 0.0000000000
40592  -30.448  -46.310  62.491 0.0000000000
49613  -40.159  -36.206  48.658 0.0000000000
50603  -39.960  -35.630  48.056 0.0000000000
50592  -40.799  -35.847  48.961 0.0000000000
50593  -41.520  -35.434  49.205 0.0000000000
50579  -41.691  -35.729  50.003 0.0000000000
50567  -43.086  -35.480  52.001 0.0000000000
135920  -46.093  -35.421  52.183 0.0000000000
49555  -48.137  -36.021  51.998 0.0000000000
49556  -48.842  -36.390  52.323 0.0000000000
42282  -41.811  -44.770  60.957 0.0000000000
42293  -41.792  -44.570  59.882 0.0000000000
43191  -42.480  -43.787  59.642 0.0000000000
136538  -42.011  -43.984  59.363 0.0000000000
42302  -41.481  -44.350  59.339 0.0000000000
42301  -40.764  -44.353  58.942 0.0000000000
43195  -40.066  -43.955  58.385 0.0000000000
43214  -39.096  -43.420  57.441 0.0000000000
131028  -43.131  -42.322  57.855 0.0000000000
119183  -42.232  -42.501  57.798 0.0000000000
44133  -41.712  -41.949  57.299 0.0000000000
44130  -38.558  -42.908  56.864 0.0000000000
45062  -36.599  -41.678  54.477 0.0000000000
45078  -35.217  -41.440  52.862 0.0000000000
45934  -34.802  -40.830  52.264 0.0000000000
46749  -37.092  -39.593  53.341 0.0000000000
46760  -36.706  -39.202  52.691 0.0000000000
46775  -36.309  -38.736  52.052 0.0000000000
46762  -39.322  -39.133  52.813 0.0000000000
46763  -40.012  -39.308  52.503 0.0000000000
139760  -38.850  -38.787  52.411 0.0000000000
47632  -37.401  -38.174  50.882 0.0000000000
48604  -39.723  -38.055  50.130 0.0000000000
48624  -39.221  -37.551  49.343 0.0000000000
118883  -57.640  -24.384  47.798 0.0000000000
60141  -57.979  -23.596  47.772 0.0000000000
61969  -58.529  -22.161  47.570 0.0000000000
61059  -58.806  -23.190  45.941 0.0000000000
61982  -59.381  -22.647  45.537 0.0000000000
61991  -59.632  -22.881  44.915 0.0000000000
63842  -59.372  -20.262  46.305 0.0000000000
121124  -59.518  -21.146  45.878 0.0000000000
63003  -59.581  -22.012  45.079 0.0000000000
61998  -59.579  -22.412  44.475 0.0000000000
63008  -59.372  -21.857  43.842 0.0000000000
63016  -58.481  -21.384  43.365 0.0000000000
63884  -58.703  -20.364  43.450 0.0000000000
63894  -58.144  -20.535  42.978 0.0000000000
131925  -31.515  -51.016  72.657 0.0000000000
37961  -31.120  -49.963  72.334 0.0000000000
37969  -30.993  -49.791  71.102 0.0000000000
37089  -31.596  -50.615  69.331 0.0000000000
37981  -30.476  -49.044  69.466 0.0000000000
122388  -31.040  -50.019  68.767 0.0000000000
37104  -31.894  -51.257  67.825 0.0000000000
37112  -31.205  -50.573  66.660 0.0000000000
36206  -31.558  -51.222  66.168 0.0000000000
36224  -32.097  -51.515  64.833 0.0000000000
50620  -40.528  -35.101  47.583 0.0000000000
51535  -41.089  -34.734  46.952 0.0000000000
51536  -41.998  -34.633  46.936 0.0000000000
51545  -41.615  -34.606  46.226 0.0000000000
51555  -42.234  -34.643  45.434 0.0000000000
123689  -44.528  -35.539  48.208 0.0000000000
138868  -44.221  -35.425  46.827 0.0000000000
50624  -44.993  -35.706  46.881 0.0000000000
50639  -43.705  -35.243  46.385 0.0000000000
49655  -49.799  -37.227  45.010 0.0000000000
131858  -48.754  -35.120  45.308 0.0000000000
51557  -49.231  -34.555  45.771 0.0000000000
40519  -36.400  -46.612  68.417 0.0000000000
40539  -35.565  -46.146  66.972 0.0000000000
40551  -35.388  -45.917  66.105 0.0000000000
40582  -34.233  -45.416  63.926 0.0000000000
133998  -38.365  -46.172  64.664 0.0000000000
41392  -36.079  -45.350  64.106 0.0000000000
41439  -41.360  -45.323  60.962 0.0000000000
41425  -40.870  -45.769  61.163 0.0000000000
40617  -40.297  -46.131  60.761 0.0000000000
137214  -39.797  -45.751  59.471 0.0000000000
41437  -40.054  -46.000  60.066 0.0000000000
119442  -39.498  -46.290  60.292 0.0000000000
40624  -38.645  -46.278  59.529 0.0000000000
40623  -37.940  -46.334  59.492 0.0000000000
40636  -37.181  -45.827  57.696 0.0000000000
41481  -36.623  -45.503  56.860 0.0000000000
124413  -37.024  -46.049  58.014 0.0000000000
142741  -36.581  -45.813  59.148 0.0000000000
130735  -35.811  -45.573  59.172 0.0000000000
132645  -34.942  -45.271  59.320 0.0000000000
42299  -34.210  -44.657  58.078 0.0000000000
41455  -32.487  -44.745  59.028 0.0000000000
41454  -31.611  -44.910  58.952 0.0000000000
131705  -30.824  -45.104  58.722 0.0000000000
48600  -35.618  -37.698  50.042 0.0000000000
48533  -45.599  -37.460  58.324 0.0000000000
49492  -45.445  -36.369  58.440 0.0000000000
139898  -46.556  -35.819  59.482 0.0000000000
50469  -46.811  -35.234  59.747 0.0000000000
37040  -29.144  -50.440  74.338 0.0000000000
37041  -30.002  -50.588  74.163 0.0000000000
37945  -30.689  -50.228  73.905 0.0000000000
119424  -31.640  -47.801  73.843 0.0000000000
39693  -31.246  -47.622  72.821 0.0000000000
39705  -33.096  -46.617  72.236 0.0000000000
135680  -35.819  -46.798  69.789 0.0000000000
40508  -36.468  -46.675  69.301 0.0000000000
124532  -37.128  -46.462  68.873 0.0000000000
40541  -38.764  -46.341  66.974 0.0000000000
139938  -40.029  -45.700  66.472 0.0000000000
41395  -40.758  -45.245  64.497 0.0000000000
42274  -40.957  -44.653  63.453 0.0000000000
43181  -41.044  -43.913  62.746 0.0000000000
43182  -41.510  -43.211  62.155 0.0000000000
134742  -43.419  -42.226  60.452 0.0000000000
45012  -44.728  -41.712  59.642 0.0000000000
45858  -45.745  -40.499  60.597 0.0000000000
45013  -45.250  -41.130  60.059 0.0000000000
45024  -45.371  -41.191  59.213 0.0000000000
45877  -45.923  -40.678  58.864 0.0000000000
45878  -46.275  -40.251  58.764 0.0000000000
46730  -46.177  -39.871  58.358 0.0000000000
47564  -45.782  -38.499  58.175 0.0000000000
131702  -45.296  -34.760  57.713 0.0000000000
51434  -45.865  -34.494  58.640 0.0000000000
51433  -45.757  -34.089  57.872 0.0000000000
51448  -45.306  -34.282  57.095 0.0000000000
51466  -45.770  -33.971  56.299 0.0000000000
51467  -46.086  -34.018  55.495 0.0000000000
53963  -47.756  -31.770  58.818 0.0000000000
53163  -48.166  -32.057  58.043 0.0000000000
53174  -47.763  -32.453  57.436 0.0000000000
52346  -47.137  -32.879  57.016 0.0000000000
52384  -46.567  -33.705  55.894 0.0000000000
51480  -46.835  -34.239  55.174 0.0000000000
51491  -47.458  -34.772  54.481 0.0000000000
50524  -48.116  -35.384  53.968 0.0000000000
51482  -48.718  -34.717  55.280 0.0000000000
50541  -48.572  -35.946  53.571 0.0000000000
51470  -50.921  -34.805  56.870 0.0000000000
50499  -50.461  -35.238  56.057 0.0000000000
50527  -50.439  -36.141  54.977 0.0000000000
49516  -51.287  -36.370  55.411 0.0000000000
49527  -50.084  -36.377  54.250 0.0000000000
49544  -49.790  -36.532  53.473 0.0000000000
49557  -49.591  -36.680  52.601 0.0000000000
49570  -49.471  -36.825  51.691 0.0000000000
48607  -50.099  -37.635  50.131 0.0000000000
48628  -50.770  -38.442  49.376 0.0000000000
48609  -51.694  -38.142  50.888 0.0000000000
47644  -51.403  -38.958  48.657 0.0000000000
47664  -51.555  -39.057  47.377 0.0000000000
48593  -53.246  -37.839  51.426 0.0000000000
49584  -53.698  -37.281  50.229 0.0000000000
48630  -53.101  -37.855  49.731 0.0000000000
48629  -52.598  -38.456  49.186 0.0000000000
48643  -52.329  -38.560  48.428 0.0000000000
48642  -51.960  -38.915  47.770 0.0000000000
48653  -51.760  -38.669  47.375 0.0000000000
49632  -51.356  -37.815  47.009 0.0000000000
50626  -51.772  -36.033  47.847 0.0000000000
50643  -50.543  -35.508  47.028 0.0000000000
52468  -49.740  -33.868  46.208 0.0000000000
51529  -56.070  -33.931  49.988 0.0000000000
52451  -55.126  -33.503  49.108 0.0000000000
54912  -57.817  -30.286  50.192 0.0000000000
54911  -57.349  -30.562  49.698 0.0000000000
54100  -57.049  -31.267  49.652 0.0000000000
126746  -55.976  -30.686  48.762 0.0000000000
54119  -56.259  -31.485  49.008 0.0000000000
53297  -56.120  -32.221  49.008 0.0000000000
53296  -55.705  -32.791  48.936 0.0000000000
52461  -54.167  -33.534  48.756 0.0000000000
132922  -52.735  -32.207  47.555 0.0000000000
52464  -51.723  -33.318  47.474 0.0000000000
53307  -49.263  -33.079  45.880 0.0000000000
54133  -49.084  -31.459  45.410 0.0000000000
54964  -48.633  -30.806  44.752 0.0000000000
54965  -49.002  -30.051  44.601 0.0000000000
55822  -48.603  -29.654  43.916 0.0000000000
55814  -51.977  -28.845  45.921 0.0000000000
56632  -51.637  -28.587  45.154 0.0000000000
55825  -50.948  -28.881  44.867 0.0000000000
56646  -49.856  -28.654  43.454 0.0000000000
59278  -56.954  -25.689  45.774 0.0000000000
59279  -57.722  -25.252  45.236 0.0000000000
58374  -57.210  -25.819  44.838 0.0000000000
57498  -55.676  -27.376  43.258 0.0000000000
59326  -59.129  -25.052  42.923 0.0000000000
59309  -58.984  -25.433  42.904 0.0000000000
127565  -58.406  -26.506  42.491 0.0000000000
58416  -58.539  -26.462  41.803 0.0000000000
57499  -56.682  -27.199  42.910 0.0000000000
36164  -28.057  -51.191  70.926 0.0000000000
34311  -29.887  -53.305  66.934 0.0000000000
143108  -32.455  -52.529  71.304 0.0000000000
35243  -32.193  -52.998  71.495 0.0000000000
34289  -32.505  -54.207  70.251 0.0000000000
34291  -33.760  -53.794  69.737 0.0000000000
33322  -32.515  -54.442  69.517 0.0000000000
33339  -32.637  -54.935  67.970 0.0000000000
139067  -34.957  -46.387  68.101 0.0000000000
40528  -34.227  -46.242  67.838 0.0000000000
40527  -33.290  -46.156  67.518 0.0000000000
139335  -33.337  -46.056  66.673 0.0000000000
137389  -32.216  -46.053  64.517 0.0000000000
40563  -31.291  -46.262  64.596 0.0000000000
40546  -30.427  -46.634  65.965 0.0000000000
39727  -30.031  -47.236  66.242 0.0000000000
38909  -29.665  -47.877  66.061 0.0000000000
38918  -29.801  -48.806  65.782 0.0000000000
38022  -30.050  -49.604  65.220 0.0000000000
38030  -29.373  -49.104  64.132 0.0000000000
38031  -29.912  -49.655  64.473 0.0000000000
140839  -30.412  -50.152  64.788 0.0000000000
137147  -28.976  -46.857  59.561 0.0000000000
142116  -28.893  -47.291  60.069 0.0000000000
38931  -28.649  -48.001  60.289 0.0000000000
135484  -28.730  -48.397  60.879 0.0000000000
143511  -28.923  -48.877  61.039 0.0000000000
38050  -29.377  -49.372  59.861 0.0000000000
38046  -29.336  -49.398  60.742 0.0000000000
37145  -30.286  -50.321  61.889 0.0000000000
37143  -30.849  -50.684  62.484 0.0000000000
37146  -31.412  -50.787  61.180 0.0000000000
36242  -31.743  -51.275  62.796 0.0000000000
138732  -32.169  -51.658  63.337 0.0000000000
36232  -32.679  -51.998  63.387 0.0000000000
36233  -33.349  -52.248  62.903 0.0000000000
45887  -45.552  -40.618  57.717 0.0000000000
47646  -52.210  -38.713  49.598 0.0000000000
48574  -41.538  -38.197  51.951 0.0000000000
49506  -52.371  -36.259  56.566 0.0000000000
49532  -55.027  -36.646  54.411 0.0000000000
49585  -54.318  -36.620  50.709 0.0000000000
51512  -56.886  -34.260  51.531 0.0000000000
52459  -52.792  -33.807  48.184 0.0000000000
56590  -57.885  -28.192  50.174 0.0000000000
57447  -57.263  -27.874  49.307 0.0000000000
58402  -58.723  -25.988  43.053 0.0000000000
59291  -59.176  -24.825  44.153 0.0000000000
60198  -59.229  -24.599  43.343 0.0000000000
61088  -59.321  -23.460  43.505 0.0000000000
62007  -58.577  -22.978  43.019 0.0000000000
62991  -59.513  -21.728  45.563 0.0000000000
119494  -51.600  -34.282  47.616 0.0000000000
119669  -53.687  -37.041  55.461 0.0000000000
121151  -59.556  -21.204  45.269 0.0000000000
121202  -58.923  -25.378  43.547 0.0000000000
122729  -59.232  -21.019  43.774 0.0000000000
134295  -51.682  -37.534  52.504 0.0000000000
134696  -49.266  -29.483  44.245 0.0000000000
136179  -48.325  -30.255  44.254 0.0000000000
136995  -38.609  -45.934  62.650 0.0000000000
139210  -57.784  -29.091  49.861 0.0000000000
140226  -38.950  -45.510  58.524 0.0000000000
141728  -29.853  -47.900  67.477 0.0000000000
143065  -41.083  -45.549  60.752 0.0000000000
