#!ascii label  , from subject sub-v1s6x0051320_ses-1 vox2ras=TkReg
1251
8330  -29.618  -83.189  -15.648 0.5000000000
7560  -29.005  -84.046  -15.263 0.6000000238
12139  -29.621  -78.336  -12.767 0.3000000119
7545  -29.162  -84.247  -14.326 0.5000000000
123576  -28.785  -78.918  -14.852 0.4000000060
129526  -29.498  -78.387  -14.845 0.4000000060
12175  -29.321  -78.477  -14.105 0.4000000060
12160  -29.936  -78.263  -13.460 0.3000000119
9877  -27.104  -81.786  -17.757 0.5000000000
9135  -27.452  -82.233  -17.631 0.5000000000
8343  -28.703  -83.159  -16.396 0.5000000000
9861  -26.460  -81.627  -17.013 0.6000000238
9123  -26.747  -82.439  -17.161 0.5000000000
120995  -28.599  -83.738  -15.896 0.6000000238
12121  -29.483  -78.136  -12.041 0.3000000119
141489  -26.805  -84.222  -15.852 0.5000000000
12189  -28.656  -79.195  -16.063 0.5000000000
11363  -28.443  -79.742  -15.207 0.5000000000
7558  -26.339  -83.851  -16.178 0.6000000238
7559  -27.759  -84.229  -15.500 0.5000000000
12202  -28.994  -78.655  -16.990 0.5000000000
12190  -29.157  -78.564  -15.745 0.4000000060
12191  -30.118  -78.163  -15.375 0.4000000060
143081  -30.292  -78.271  -12.986 0.3000000119
12203  -29.712  -78.218  -16.397 0.4000000060
12216  -26.739  -78.101  -18.178 0.6999999881
132169  -26.914  -79.214  -18.434 0.6999999881
11393  -26.837  -79.984  -18.123 0.6999999881
9111  -29.302  -82.392  -16.141 0.5000000000
13018  -26.022  -77.733  -16.659 0.6999999881
11377  -26.433  -79.863  -17.004 0.8000000119
143514  -26.795  -80.942  -17.754 0.5000000000
10597  -26.298  -80.681  -16.558 0.6999999881
9848  -28.953  -81.686  -16.038 0.5000000000
11369  -26.244  -79.752  -15.883 0.6999999881
122890  -28.528  -80.838  -16.728 0.4000000060
11378  -28.530  -79.880  -16.725 0.5000000000
12954  -30.253  -77.883  -11.584 0.3000000119
9847  -25.980  -81.375  -16.105 0.6000000238
12201  -28.742  -79.512  -17.325 0.5000000000
12140  -30.544  -78.153  -12.448 0.3000000119
9122  -26.031  -82.178  -16.443 0.5000000000
128767  -29.000  -79.413  -18.223 0.5000000000
13040  -30.167  -78.353  -18.445 0.4000000060
137972  -29.476  -78.900  -18.443 0.4000000060
129390  -30.944  -78.138  -16.023 0.4000000060
130213  -31.417  -78.335  -15.088 0.4000000060
12176  -30.450  -78.222  -14.320 0.4000000060
13041  -30.927  -77.887  -18.298 0.3000000119
140363  -30.582  -78.241  -17.671 0.4000000060
13806  -23.766  -75.109  -15.811 0.5000000000
13807  -24.377  -75.596  -16.174 0.6000000238
13815  -24.806  -75.141  -17.103 0.6000000238
13019  -25.686  -76.471  -17.221 0.6000000238
129604  -26.325  -77.597  -17.382 0.6000000238
14614  -22.800  -74.942  -13.752 0.5000000000
14632  -23.048  -74.744  -14.637 0.5000000000
13798  -22.994  -75.384  -14.829 0.6000000238
135043  -25.222  -76.590  -16.407 0.6999999881
10618  -27.501  -81.313  -18.387 0.6000000238
12902  -28.562  -77.457  -8.459 0.3000000119
14587  -22.142  -75.726  -12.369 0.6999999881
129270  -22.696  -75.448  -14.055 0.6000000238
128488  -23.000  -76.327  -14.111 0.6000000238
13799  -23.452  -75.631  -15.327 0.6000000238
12990  -24.151  -76.851  -14.918 0.6999999881
122985  -25.663  -77.904  -15.794 0.6999999881
125292  -27.721  -80.491  -19.136 0.6000000238
10632  -28.087  -80.865  -18.924 0.6000000238
9862  -28.625  -81.884  -17.042 0.5000000000
14543  -21.981  -75.233  -11.202 0.6999999881
13781  -22.014  -76.492  -12.835 0.6000000238
12978  -22.425  -76.415  -13.472 0.6000000238
12989  -23.368  -76.270  -14.728 0.6000000238
140840  -24.850  -77.549  -14.837 0.6999999881
132000  -25.632  -79.105  -14.685 0.6999999881
10608  -28.614  -80.597  -17.720 0.5000000000
12938  -29.849  -77.701  -10.712 0.3000000119
14542  -21.363  -75.554  -10.565 0.6999999881
14563  -21.792  -75.847  -11.512 0.6000000238
13768  -21.795  -76.497  -11.997 0.6999999881
12979  -23.842  -77.283  -13.925 0.6000000238
12157  -24.423  -78.311  -13.348 0.6000000238
10596  -26.062  -80.542  -15.562 0.6999999881
11410  -28.125  -80.175  -19.340 0.5000000000
12217  -28.693  -79.455  -19.322 0.5000000000
13769  -21.979  -77.072  -12.283 0.6000000238
12967  -23.044  -77.785  -12.549 0.6000000238
12158  -25.286  -78.863  -14.134 0.6000000238
10593  -25.815  -80.571  -14.693 0.6000000238
131160  -25.865  -81.180  -15.260 0.6000000238
12243  -28.345  -78.824  -20.000 0.5000000000
13755  -21.465  -76.460  -10.963 0.6999999881
12949  -21.768  -77.176  -11.429 0.6000000238
124487  -22.472  -77.510  -12.244 0.6000000238
12137  -24.266  -78.717  -12.662 0.6000000238
11354  -24.725  -79.110  -12.981 0.5000000000
11342  -25.005  -79.873  -12.803 0.5000000000
9837  -25.639  -81.531  -14.433 0.5000000000
9846  -25.695  -81.944  -15.573 0.5000000000
12230  -29.362  -78.379  -19.466 0.5000000000
13061  -31.331  -77.107  -19.169 0.3000000119
13042  -31.801  -77.735  -18.166 0.3000000119
13021  -31.348  -78.096  -17.482 0.3000000119
12204  -31.759  -78.251  -16.679 0.4000000060
12192  -32.209  -78.396  -15.797 0.4000000060
9098  -25.371  -82.698  -15.010 0.5000000000
124975  -30.614  -76.709  -19.919 0.3000000119
13060  -30.372  -77.649  -19.207 0.3000000119
138888  -30.671  -78.143  -16.929 0.4000000060
15477  -23.354  -74.645  -14.064 0.5000000000
14633  -23.631  -74.407  -15.016 0.5000000000
14634  -24.452  -74.460  -15.523 0.5000000000
14647  -23.919  -74.702  -15.682 0.5000000000
15442  -23.330  -74.611  -11.312 0.5000000000
15459  -23.175  -74.748  -12.836 0.5000000000
13805  -23.351  -74.792  -15.287 0.5000000000
13814  -24.328  -74.893  -16.272 0.5000000000
13816  -25.556  -75.265  -17.901 0.6000000238
13832  -26.248  -75.506  -18.679 0.6000000238
15441  -22.552  -74.748  -11.036 0.5000000000
13039  -26.309  -76.689  -17.956 0.6000000238
12229  -27.321  -78.856  -19.274 0.8000000119
12870  -28.623  -77.498  -6.776 0.3000000119
15402  -21.879  -74.395  -9.682 0.6000000238
15424  -22.296  -74.678  -10.128 0.6000000238
15458  -22.637  -75.136  -12.013 0.6000000238
13849  -26.983  -75.788  -19.633 0.4000000060
12903  -29.276  -77.390  -8.051 0.3000000119
140444  -21.139  -74.228  -9.603 0.6999999881
13059  -27.564  -77.651  -19.859 0.5000000000
11408  -27.218  -79.971  -19.053 0.6000000238
125609  -29.846  -77.523  -9.870 0.3000000119
15401  -20.379  -74.554  -9.721 0.6999999881
13073  -27.685  -76.570  -20.271 0.4000000060
12955  -31.014  -78.029  -10.955 0.3000000119
14533  -20.533  -75.367  -9.878 0.6000000238
13754  -20.853  -76.065  -10.298 0.6999999881
127926  -27.992  -77.901  -20.313 0.4000000060
12161  -31.062  -78.333  -13.326 0.3000000119
15400  -19.586  -74.693  -9.753 0.6000000238
119319  -19.827  -75.265  -9.633 0.6999999881
12950  -22.323  -77.694  -11.557 0.6000000238
12136  -23.735  -78.676  -12.056 0.5000000000
11341  -24.433  -79.519  -12.177 0.5000000000
10587  -25.562  -80.646  -13.798 0.6000000238
13086  -28.306  -76.715  -20.514 0.4000000060
13074  -28.729  -77.730  -20.176 0.4000000060
14713  -31.183  -75.382  -19.917 0.3000000119
13076  -31.247  -76.182  -19.922 0.3000000119
13851  -32.601  -75.924  -19.230 0.3000000119
119581  -32.224  -76.965  -18.871 0.3000000119
13022  -32.288  -78.147  -17.301 0.4000000060
125707  -31.933  -78.492  -14.171 0.3000000119
12935  -21.373  -77.381  -10.553 0.6000000238
12119  -23.373  -78.982  -11.186 0.5000000000
11327  -23.912  -79.581  -11.379 0.5000000000
9823  -25.089  -81.274  -12.550 0.5000000000
9083  -25.278  -82.313  -13.683 0.6000000238
13075  -29.730  -77.258  -20.015 0.3000000119
13865  -30.729  -75.809  -20.256 0.3000000119
12936  -22.034  -77.975  -10.750 0.5000000000
11328  -24.297  -80.218  -11.519 0.5000000000
9822  -24.732  -81.630  -11.899 0.5000000000
9810  -24.258  -82.050  -11.193 0.5000000000
139722  -24.233  -74.675  -10.989 0.5000000000
15443  -24.049  -74.720  -11.937 0.5000000000
14615  -24.124  -74.537  -14.068 0.5000000000
141474  -25.837  -75.121  -14.196 0.5000000000
14635  -25.637  -74.676  -15.048 0.5000000000
14649  -24.999  -74.525  -16.130 0.5000000000
15403  -22.840  -74.265  -9.739 0.5000000000
14589  -24.129  -74.520  -13.070 0.5000000000
14666  -25.586  -74.429  -17.566 0.4000000060
15425  -23.112  -74.493  -10.197 0.5000000000
126271  -25.990  -74.335  -18.571 0.4000000060
12857  -28.334  -77.884  -6.274 0.3000000119
12038  -29.341  -77.865  -6.306 0.3000000119
17067  -22.010  -72.932  -9.535 0.6000000238
143127  -25.824  -74.595  -18.438 0.4000000060
121780  -26.335  -74.639  -19.174 0.4000000060
17066  -21.062  -72.951  -9.687 0.6000000238
16232  -21.559  -73.688  -9.500 0.6000000238
12921  -30.530  -77.456  -9.277 0.3000000119
16260  -20.294  -73.282  -10.012 0.6000000238
13863  -27.351  -75.263  -20.243 0.4000000060
17091  -19.880  -72.811  -10.730 0.6000000238
14710  -28.129  -74.689  -20.330 0.4000000060
13875  -28.259  -75.802  -20.610 0.4000000060
12122  -31.372  -78.272  -11.773 0.3000000119
16230  -19.967  -74.014  -9.842 0.6999999881
13864  -29.936  -75.989  -20.579 0.3000000119
14712  -30.321  -75.220  -20.318 0.3000000119
14564  -24.812  -74.985  -12.090 0.5000000000
14616  -24.875  -74.739  -13.514 0.5000000000
14617  -26.015  -75.230  -13.339 0.5000000000
15404  -23.689  -74.275  -9.757 0.5000000000
119487  -26.098  -74.895  -15.831 0.4000000060
136040  -25.374  -74.440  -16.787 0.4000000060
16234  -23.376  -73.708  -9.532 0.6000000238
14667  -26.430  -74.392  -17.893 0.4000000060
120397  -26.867  -74.269  -18.999 0.4000000060
12904  -30.234  -77.398  -8.319 0.3000000119
12889  -29.441  -77.412  -7.150 0.3000000119
17092  -20.498  -72.661  -10.321 0.6000000238
14697  -26.732  -74.532  -19.491 0.4000000060
14696  -26.808  -74.755  -19.858 0.4000000060
14698  -27.534  -74.417  -19.938 0.4000000060
14699  -28.774  -74.658  -20.185 0.4000000060
14711  -29.251  -75.030  -20.529 0.3000000119
134172  -29.819  -74.875  -20.249 0.3000000119
15422  -19.189  -74.234  -10.118 0.6000000238
15444  -24.917  -74.928  -11.241 0.5000000000
14590  -25.321  -75.029  -12.603 0.5000000000
119903  -26.559  -75.430  -14.064 0.4000000060
134484  -24.405  -74.328  -9.780 0.5000000000
15427  -24.928  -74.626  -10.239 0.5000000000
14636  -26.931  -75.396  -14.778 0.4000000060
17068  -22.976  -72.901  -9.529 0.6000000238
17069  -23.923  -72.932  -9.494 0.6000000238
16235  -24.245  -73.783  -9.505 0.6000000238
14650  -27.460  -75.441  -15.547 0.4000000060
17093  -21.605  -72.280  -10.103 0.6000000238
17094  -22.523  -72.226  -9.926 0.6000000238
125705  -27.573  -75.224  -16.661 0.4000000060
14668  -27.773  -74.897  -17.873 0.4000000060
18045  -21.178  -71.789  -10.853 0.6000000238
14683  -28.265  -74.812  -19.109 0.4000000060
14669  -29.123  -75.391  -17.853 0.4000000060
14670  -30.354  -75.352  -17.945 0.4000000060
12939  -30.800  -77.628  -10.152 0.3000000119
12922  -31.585  -77.810  -9.543 0.3000000119
17121  -20.374  -72.123  -11.066 0.6000000238
14684  -29.806  -74.931  -19.429 0.4000000060
119934  -32.592  -78.871  -11.884 0.3000000119
17120  -19.576  -72.479  -11.604 0.6000000238
16279  -19.178  -73.176  -11.210 0.6000000238
17141  -19.413  -72.441  -12.587 0.6999999881
18114  -20.390  -71.429  -13.568 0.6999999881
18113  -19.827  -72.065  -14.089 0.6999999881
18124  -20.317  -71.502  -14.518 0.6999999881
17148  -19.354  -72.615  -13.623 0.6000000238
19023  -20.749  -70.829  -14.952 0.6999999881
19038  -21.361  -70.480  -15.490 0.6000000238
17156  -19.892  -72.297  -15.061 0.6999999881
18135  -20.843  -70.953  -15.723 0.6999999881
14565  -25.613  -75.238  -11.612 0.5000000000
14591  -26.264  -75.437  -12.140 0.5000000000
15405  -25.178  -74.002  -9.512 0.5000000000
131435  -25.847  -74.535  -9.900 0.5000000000
14544  -25.724  -74.967  -10.701 0.5000000000
125739  -26.867  -75.509  -12.591 0.5000000000
14618  -27.131  -75.531  -13.250 0.4000000060
119902  -27.547  -75.597  -13.908 0.4000000060
18048  -23.930  -71.613  -10.646 0.6000000238
17096  -24.545  -72.273  -9.842 0.6000000238
17070  -24.843  -73.108  -9.522 0.6000000238
16236  -25.745  -73.247  -9.558 0.6000000238
18046  -22.040  -71.716  -10.692 0.6000000238
18049  -24.785  -71.766  -10.577 0.6000000238
18050  -25.415  -72.186  -10.236 0.6000000238
14651  -28.401  -75.602  -15.809 0.4000000060
18065  -21.604  -71.341  -11.504 0.6000000238
18066  -22.456  -71.264  -11.367 0.6000000238
18981  -22.879  -70.978  -12.043 0.6000000238
18095  -24.196  -71.009  -12.273 0.6000000238
18068  -24.553  -71.389  -11.386 0.6000000238
125704  -28.696  -75.519  -16.668 0.4000000060
127784  -30.807  -75.499  -16.741 0.4000000060
18093  -21.240  -71.087  -12.325 0.6000000238
18993  -22.557  -70.728  -12.787 0.6000000238
18994  -23.396  -70.808  -12.627 0.6000000238
118873  -24.018  -70.708  -13.232 0.6000000238
19013  -25.516  -70.835  -13.579 0.6000000238
125703  -29.770  -75.575  -16.671 0.4000000060
18064  -20.786  -71.528  -11.720 0.6000000238
18992  -21.708  -70.777  -12.924 0.5000000000
121664  -23.116  -70.595  -13.456 0.6000000238
118923  -23.741  -70.544  -14.122 0.6000000238
19012  -24.721  -70.651  -13.970 0.6000000238
123253  -25.476  -70.696  -14.242 0.6999999881
17142  -20.003  -71.840  -12.084 0.6999999881
18115  -20.975  -70.968  -13.161 0.6000000238
19011  -22.177  -70.533  -13.595 0.6000000238
19025  -22.726  -70.376  -14.405 0.6000000238
19028  -25.100  -70.590  -14.838 0.6000000238
19029  -26.011  -70.695  -14.808 0.6000000238
19042  -26.296  -70.682  -15.754 0.6000000238
19026  -23.491  -70.366  -14.813 0.6000000238
19041  -24.674  -70.364  -15.570 0.6000000238
118806  -25.509  -70.513  -15.588 0.6000000238
19024  -21.543  -70.455  -14.468 0.6000000238
19039  -22.085  -70.152  -15.277 0.6000000238
19051  -24.321  -69.913  -16.328 0.5000000000
119796  -25.155  -70.222  -16.307 0.6000000238
19061  -25.698  -70.131  -16.999 0.6000000238
19928  -22.651  -69.884  -15.882 0.5000000000
122439  -20.141  -72.527  -15.938 0.6999999881
19049  -21.331  -70.724  -16.484 0.6999999881
19060  -22.022  -70.222  -17.030 0.5000000000
19935  -22.595  -69.792  -16.718 0.6000000238
19936  -23.374  -69.629  -16.462 0.5000000000
19938  -24.939  -69.706  -17.029 0.5000000000
128539  -23.223  -69.251  -17.335 0.6000000238
23776  -15.948  -65.698  -15.843 0.6000000238
23777  -16.589  -65.327  -15.886 0.6000000238
21861  -15.952  -66.602  -16.430 0.6000000238
14566  -26.513  -75.354  -11.077 0.5000000000
139172  -26.353  -74.928  -10.330 0.5000000000
133502  -27.125  -75.571  -11.797 0.5000000000
14619  -27.926  -75.593  -13.189 0.5000000000
14637  -27.908  -75.577  -14.531 0.4000000060
18069  -25.451  -71.684  -11.220 0.5000000000
17071  -26.187  -72.709  -9.906 0.5000000000
119909  -28.752  -75.591  -14.857 0.4000000060
119908  -29.794  -75.595  -14.923 0.4000000060
17097  -26.201  -72.209  -10.765 0.5000000000
17122  -26.955  -72.219  -11.346 0.5000000000
14652  -29.307  -75.636  -15.697 0.4000000060
14653  -30.244  -75.599  -15.721 0.4000000060
18097  -25.692  -71.145  -12.807 0.5000000000
18098  -26.540  -71.535  -12.608 0.5000000000
18070  -26.314  -71.817  -11.665 0.5000000000
19014  -25.999  -70.832  -14.058 0.6000000238
18116  -26.280  -71.134  -13.470 0.6000000238
18125  -26.660  -71.118  -14.256 0.5000000000
19043  -27.109  -70.960  -16.059 0.4000000060
18137  -27.740  -71.374  -15.453 0.4000000060
19062  -26.255  -70.132  -17.763 0.6000000238
19052  -26.482  -70.515  -16.776 0.6000000238
19063  -27.580  -70.592  -18.037 0.5000000000
19054  -28.158  -70.987  -17.362 0.4000000060
18148  -28.744  -71.330  -16.671 0.4000000060
18155  -28.950  -71.066  -17.709 0.4000000060
17163  -19.579  -73.110  -15.541 0.6999999881
19075  -26.890  -70.250  -18.637 0.5000000000
19064  -28.365  -70.734  -18.467 0.4000000060
132996  -21.880  -70.200  -17.899 0.6000000238
19937  -24.053  -69.334  -17.126 0.5000000000
19947  -24.732  -69.280  -17.841 0.5000000000
19949  -26.072  -69.752  -18.587 0.5000000000
19963  -27.398  -69.962  -19.436 0.5000000000
19076  -27.781  -70.454  -19.040 0.4000000060
19077  -28.564  -70.445  -19.356 0.4000000060
19945  -22.488  -69.617  -17.846 0.6000000238
19961  -25.382  -69.236  -18.490 0.5000000000
22816  -16.330  -65.966  -14.329 0.6999999881
23757  -16.621  -65.159  -14.558 0.6000000238
120762  -16.701  -65.353  -13.769 0.6999999881
23766  -16.749  -65.088  -15.422 0.6000000238
24694  -17.712  -64.704  -13.180 0.6000000238
22837  -17.688  -66.039  -16.358 0.6000000238
24710  -17.861  -64.175  -14.660 0.6000000238
24704  -18.068  -64.275  -14.014 0.6000000238
23748  -18.437  -64.779  -13.339 0.6000000238
23740  -19.076  -65.473  -12.726 0.6000000238
21876  -17.523  -67.595  -17.267 0.5000000000
23779  -18.326  -65.127  -16.035 0.6000000238
24720  -18.488  -64.588  -15.630 0.6000000238
23758  -18.688  -64.505  -14.267 0.6000000238
23749  -19.328  -65.203  -13.651 0.6000000238
21877  -18.401  -67.559  -17.596 0.5000000000
21863  -18.087  -67.029  -16.719 0.5000000000
24712  -19.566  -64.540  -15.491 0.5000000000
23759  -19.603  -64.899  -14.717 0.5000000000
15406  -26.183  -73.952  -9.505 0.4000000060
15429  -27.405  -74.558  -9.925 0.5000000000
14593  -28.597  -75.616  -12.569 0.5000000000
119901  -28.558  -75.629  -13.759 0.4000000060
22847  -18.819  -66.919  -17.039 0.5000000000
22838  -18.690  -66.181  -16.554 0.5000000000
24722  -20.081  -64.394  -15.964 0.5000000000
23769  -20.225  -64.593  -15.633 0.5000000000
15407  -27.019  -74.021  -9.585 0.5000000000
14638  -29.513  -75.640  -14.124 0.4000000060
14639  -30.332  -75.590  -14.354 0.4000000060
125415  -31.452  -75.408  -14.014 0.4000000060
21888  -18.893  -67.904  -18.281 0.5000000000
22848  -19.653  -66.128  -17.137 0.5000000000
129201  -20.350  -65.081  -16.690 0.6000000238
23780  -20.662  -64.728  -16.289 0.6000000238
121128  -30.553  -75.552  -15.018 0.4000000060
20887  -20.181  -68.201  -19.321 0.6000000238
21879  -20.224  -66.826  -17.916 0.6000000238
22849  -20.743  -65.589  -17.498 0.6999999881
135642  -26.977  -71.858  -12.016 0.4000000060
18117  -27.245  -71.519  -13.531 0.5000000000
17208  -19.127  -72.133  -19.668 0.6000000238
133846  -28.179  -71.602  -13.948 0.4000000060
17196  -19.799  -72.307  -18.983 0.6000000238
18126  -27.534  -71.431  -14.542 0.4000000060
17174  -20.062  -72.510  -17.564 0.6000000238
18153  -20.651  -72.061  -17.651 0.6000000238
126332  -29.269  -71.503  -16.013 0.4000000060
19073  -21.599  -70.690  -18.543 0.6000000238
18145  -20.670  -71.711  -16.468 0.6999999881
138927  -23.064  -68.920  -18.228 0.6000000238
19960  -23.362  -68.491  -19.002 0.6000000238
19946  -23.860  -68.821  -18.096 0.5000000000
20889  -24.684  -68.729  -18.596 0.5000000000
22799  -16.542  -66.013  -12.403 0.6999999881
23738  -17.219  -65.127  -12.507 0.6999999881
23733  -17.238  -65.421  -11.726 0.6000000238
23739  -17.991  -65.272  -12.408 0.6000000238
129358  -17.947  -65.735  -11.592 0.6000000238
22800  -18.789  -66.045  -11.983 0.6000000238
22792  -20.247  -66.724  -12.046 0.6999999881
22801  -20.462  -66.487  -12.640 0.6000000238
22808  -19.964  -65.835  -13.035 0.6000000238
14546  -27.825  -75.088  -10.387 0.5000000000
134128  -28.154  -75.451  -10.949 0.5000000000
132611  -27.976  -75.584  -11.674 0.5000000000
22817  -20.794  -66.140  -14.095 0.6000000238
125287  -20.651  -66.304  -13.390 0.5000000000
14568  -28.904  -75.551  -11.361 0.5000000000
14620  -29.473  -75.590  -13.242 0.5000000000
14621  -30.415  -75.501  -13.004 0.4000000060
23771  -21.444  -64.942  -16.709 0.6000000238
23770  -21.034  -65.176  -15.651 0.6000000238
22809  -21.321  -66.538  -13.694 0.5000000000
17072  -26.995  -73.078  -10.006 0.5000000000
18172  -20.099  -71.490  -20.626 0.6000000238
19983  -20.511  -70.377  -21.018 0.4000000060
20902  -19.856  -68.861  -20.078 0.6000000238
22858  -21.156  -66.351  -18.242 0.6000000238
23789  -21.242  -64.867  -17.117 0.6000000238
22827  -21.921  -65.823  -15.648 0.6000000238
18071  -27.649  -72.025  -11.857 0.4000000060
17099  -27.849  -73.058  -10.385 0.4000000060
19105  -21.125  -70.943  -20.984 0.5000000000
20916  -20.594  -69.513  -20.671 0.5000000000
141512  -20.748  -68.059  -19.492 0.6000000238
21890  -20.710  -67.458  -18.877 0.6999999881
22859  -21.979  -65.886  -18.447 0.6000000238
23798  -22.069  -65.016  -18.053 0.6000000238
23781  -22.298  -65.066  -17.326 0.6000000238
18099  -27.464  -71.781  -12.631 0.5000000000
17209  -20.157  -71.930  -20.001 0.6000000238
20917  -21.326  -69.347  -20.550 0.6000000238
21902  -21.381  -67.983  -19.643 0.6000000238
23799  -22.563  -65.728  -18.321 0.6000000238
23791  -22.367  -65.151  -17.861 0.6000000238
22840  -22.998  -65.576  -16.971 0.6000000238
130211  -27.990  -71.776  -13.212 0.4000000060
18165  -21.324  -71.275  -20.515 0.5000000000
19984  -21.298  -70.157  -20.852 0.6000000238
21903  -22.319  -67.863  -19.731 0.6000000238
22860  -23.262  -66.237  -18.770 0.6000000238
23792  -23.141  -65.763  -18.131 0.6000000238
18159  -20.874  -71.920  -18.891 0.6000000238
18160  -21.397  -71.379  -19.551 0.6000000238
19088  -21.633  -70.759  -20.266 0.6000000238
20905  -22.270  -68.735  -20.088 0.6000000238
21904  -23.191  -67.480  -19.480 0.6000000238
19959  -22.546  -69.114  -19.123 0.6000000238
19074  -21.972  -69.926  -18.774 0.6000000238
129923  -24.123  -68.353  -18.969 0.5000000000
20890  -25.331  -68.609  -18.964 0.5000000000
21817  -16.541  -67.128  -12.684 0.6999999881
134603  -16.645  -66.164  -11.377 0.6999999881
19896  -15.790  -69.374  -11.394 0.6999999881
21792  -15.658  -67.373  -10.417 0.6999999881
22789  -16.312  -66.876  -10.848 0.6999999881
22790  -16.988  -65.831  -11.172 0.6999999881
120157  -17.545  -65.973  -11.065 0.6000000238
22779  -18.677  -66.319  -11.027 0.6000000238
21805  -19.742  -66.986  -10.812 0.5000000000
22791  -19.631  -66.576  -11.585 0.6999999881
21806  -20.486  -67.200  -11.446 0.5000000000
21818  -20.875  -67.043  -12.214 0.5000000000
21819  -21.675  -67.263  -12.400 0.5000000000
14547  -28.612  -75.159  -10.476 0.4000000060
14569  -29.970  -75.293  -11.324 0.5000000000
14595  -30.411  -75.395  -12.161 0.5000000000
14596  -31.095  -75.267  -12.503 0.4000000060
16238  -27.537  -73.573  -9.870 0.4000000060
134058  -29.310  -75.170  -10.650 0.4000000060
22819  -22.485  -66.504  -14.666 0.6000000238
22828  -22.481  -65.562  -16.483 0.6000000238
131810  -22.739  -66.212  -15.578 0.6000000238
22841  -23.815  -66.019  -17.131 0.6000000238
22829  -23.398  -66.197  -16.146 0.6000000238
21905  -23.881  -67.117  -19.422 0.6000000238
22861  -23.896  -66.194  -18.587 0.6000000238
119119  -24.141  -66.421  -16.343 0.6000000238
125145  -22.827  -68.200  -19.605 0.6000000238
22851  -23.858  -65.934  -17.997 0.5000000000
20906  -23.713  -67.893  -19.458 0.6000000238
22867  -24.382  -66.612  -19.126 0.5000000000
21906  -24.560  -67.314  -19.328 0.5000000000
18980  -15.609  -70.068  -10.914 0.6999999881
20809  -15.244  -68.045  -10.064 0.6999999881
21779  -15.374  -67.175  -9.724 0.6999999881
22775  -15.897  -66.590  -10.104 0.6999999881
22763  -15.862  -66.730  -9.490 0.6000000238
22777  -17.046  -66.120  -10.426 0.6999999881
22778  -17.940  -66.468  -10.318 0.4000000060
18970  -15.488  -70.585  -10.257 0.6999999881
19884  -15.091  -68.892  -9.586 0.6999999881
20792  -15.034  -67.854  -9.248 0.6000000238
21763  -15.304  -67.174  -8.962 0.6000000238
21793  -18.986  -67.045  -10.242 0.5000000000
17065  -15.335  -71.944  -9.447 0.6999999881
121672  -15.457  -71.005  -9.457 0.6999999881
20825  -20.607  -68.030  -10.077 0.5000000000
16215  -15.023  -72.919  -8.215 0.6999999881
21794  -20.526  -67.635  -10.674 0.5000000000
16204  -14.388  -73.454  -7.748 0.6000000238
16193  -13.354  -73.521  -6.654 0.6000000238
139347  -12.935  -72.977  -6.138 0.6000000238
122044  -11.116  -71.492  -7.123 0.5000000000
18931  -11.197  -70.791  -7.613 0.5000000000
14570  -30.856  -75.073  -11.720 0.4000000060
22842  -24.732  -66.416  -16.880 0.6000000238
21765  -17.000  -66.874  -8.658 0.5000000000
22765  -17.273  -66.489  -9.709 0.5000000000
18946  -15.206  -70.286  -8.638 0.6000000238
19866  -14.844  -68.519  -8.696 0.6000000238
124561  -14.909  -67.683  -8.450 0.6000000238
21748  -16.168  -67.185  -7.814 0.6000000238
21766  -18.241  -67.353  -8.634 0.5000000000
21781  -18.328  -67.051  -9.487 0.5000000000
21782  -19.354  -67.532  -9.516 0.5000000000
17053  -15.304  -72.331  -8.633 0.6999999881
142460  -15.310  -70.772  -8.077 0.6000000238
19842  -14.854  -69.228  -8.186 0.6000000238
20778  -14.774  -68.269  -7.906 0.6000000238
122792  -14.947  -67.999  -7.147 0.6000000238
20794  -20.561  -68.497  -8.740 0.5000000000
17045  -14.904  -72.772  -7.308 0.6999999881
18012  -15.318  -71.181  -7.456 0.6000000238
18918  -14.804  -70.530  -5.883 0.6000000238
19821  -14.794  -69.369  -6.218 0.6000000238
20758  -14.909  -68.403  -6.417 0.6000000238
17036  -14.598  -72.516  -6.418 0.6000000238
18002  -14.716  -71.636  -5.871 0.6000000238
18910  -14.291  -70.918  -5.036 0.6000000238
19806  -14.475  -69.767  -5.112 0.6000000238
17021  -13.470  -72.311  -5.582 0.6000000238
18908  -12.619  -71.030  -4.766 0.6000000238
18898  -12.949  -70.331  -4.325 0.6000000238
19798  -13.360  -69.599  -4.105 0.6000000238
17984  -12.219  -71.765  -5.602 0.5000000000
18917  -11.495  -71.161  -6.428 0.5000000000
19805  -11.612  -70.142  -5.458 0.5000000000
18897  -12.158  -70.213  -4.649 0.6000000238
19797  -12.512  -69.518  -4.127 0.6000000238
15445  -30.644  -74.709  -10.914 0.4000000060
19864  -10.305  -69.837  -8.870 0.5000000000
19820  -11.291  -70.083  -6.560 0.5000000000
20730  -11.400  -69.212  -5.630 0.6000000238
20712  -11.531  -68.458  -4.971 0.6000000238
19865  -10.767  -69.644  -9.083 0.5000000000
21762  -10.947  -68.379  -8.911 0.5000000000
20777  -11.144  -69.521  -7.793 0.4000000060
20756  -11.151  -69.035  -6.682 0.5000000000
21711  -11.302  -67.551  -5.386 0.6000000238
21750  -18.036  -67.638  -7.903 0.6000000238
20793  -18.922  -68.089  -8.207 0.5000000000
20810  -19.656  -68.034  -8.832 0.5000000000
21731  -16.725  -67.477  -7.241 0.6000000238
20779  -18.510  -68.221  -7.436 0.5000000000
122093  -15.559  -67.865  -6.438 0.6999999881
20759  -16.674  -67.817  -6.491 0.6999999881
20757  -14.796  -68.740  -5.565 0.6000000238
20732  -15.304  -68.133  -5.512 0.6999999881
19799  -14.045  -69.544  -4.374 0.6000000238
134326  -14.657  -68.531  -4.066 0.6999999881
20714  -13.060  -68.847  -3.726 0.6000000238
124922  -14.294  -68.254  -3.644 0.6999999881
20713  -12.148  -68.534  -4.097 0.6000000238
20700  -12.896  -67.979  -3.592 0.6999999881
20822  -8.856  -68.082  -10.303 0.5000000000
21761  -10.720  -67.929  -9.729 0.5000000000
120224  -11.089  -68.466  -7.656 0.4000000060
21746  -11.145  -67.306  -7.097 0.6000000238
21690  -11.747  -67.801  -4.626 0.6000000238
21791  -10.053  -67.557  -10.274 0.5000000000
120027  -11.168  -66.701  -7.785 0.5000000000
119152  -19.921  -68.660  -8.082 0.5000000000
124038  -19.304  -68.745  -7.355 0.5000000000
120121  -17.688  -68.293  -6.270 0.6000000238
20735  -18.275  -68.677  -5.636 0.5000000000
20736  -19.188  -69.187  -5.680 0.5000000000
20733  -16.160  -67.896  -5.621 0.6999999881
20717  -15.895  -67.894  -4.595 0.6999999881
21692  -14.846  -67.935  -3.613 0.6000000238
22681  -12.505  -66.676  -4.251 0.6999999881
21672  -14.218  -67.538  -3.330 0.6000000238
22695  -11.408  -66.627  -5.457 0.6000000238
22696  -12.013  -66.217  -4.937 0.6000000238
123179  -10.428  -66.438  -10.713 0.5000000000
118439  -10.989  -67.150  -8.959 0.4000000060
22738  -11.229  -66.401  -6.836 0.6000000238
23724  -10.535  -65.457  -11.229 0.4000000060
22762  -11.091  -66.156  -9.377 0.4000000060
23701  -11.340  -65.433  -8.569 0.5000000000
23685  -11.327  -65.704  -7.551 0.5000000000
20734  -17.249  -68.237  -5.531 0.6000000238
124491  -18.840  -68.868  -4.870 0.5000000000
121497  -16.789  -68.065  -4.683 0.6000000238
20718  -17.621  -68.221  -4.085 0.5000000000
21693  -15.589  -67.709  -3.670 0.6000000238
21673  -15.113  -67.290  -3.314 0.6000000238
126906  -16.891  -67.192  -3.337 0.5000000000
22667  -14.596  -66.808  -3.167 0.6000000238
23635  -12.754  -65.871  -4.496 0.6999999881
23620  -14.099  -66.220  -3.556 0.5000000000
23649  -11.715  -65.863  -5.704 0.6000000238
23665  -11.526  -65.580  -6.556 0.5000000000
23714  -11.265  -65.217  -9.706 0.4000000060
24629  -11.665  -64.887  -7.890 0.5000000000
126270  -9.680  -60.464  -5.404 0.4000000060
28465  -10.788  -60.679  -5.352 0.3000000119
129424  -10.067  -59.571  -5.473 0.4000000060
20702  -18.273  -68.142  -3.689 0.5000000000
29362  -8.200  -59.576  -6.205 0.3000000119
29352  -8.729  -59.003  -6.042 0.4000000060
22668  -15.504  -66.615  -3.217 0.5000000000
21675  -17.686  -67.614  -3.444 0.5000000000
27548  -9.157  -61.393  -8.217 0.3000000119
29363  -8.922  -59.341  -6.502 0.4000000060
23621  -14.970  -65.985  -3.356 0.5000000000
26587  -8.730  -62.125  -8.826 0.3000000119
23636  -13.590  -65.633  -4.231 0.6000000238
23666  -12.070  -65.156  -6.045 0.6999999881
131913  -13.571  -64.524  -5.514 0.6000000238
24644  -11.692  -64.673  -8.928 0.5000000000
24598  -12.151  -64.524  -7.284 0.5000000000
24630  -12.186  -64.312  -8.290 0.4000000060
24616  -12.866  -64.259  -7.003 0.4000000060
27490  -13.011  -62.333  -4.053 0.3000000119
27504  -11.759  -61.389  -5.145 0.3000000119
28449  -11.552  -60.456  -5.309 0.3000000119
123796  -10.936  -59.620  -5.460 0.3000000119
30237  -10.270  -58.482  -5.892 0.4000000060
22669  -17.596  -66.628  -3.056 0.5000000000
28489  -9.894  -60.791  -7.829 0.4000000060
29364  -9.772  -59.262  -6.777 0.4000000060
133719  -16.605  -65.489  -3.432 0.5000000000
27549  -10.173  -61.219  -8.689 0.4000000060
28490  -10.647  -60.553  -8.374 0.4000000060
23637  -14.470  -65.399  -4.030 0.5000000000
23639  -16.228  -64.988  -3.875 0.5000000000
27559  -9.764  -61.906  -9.131 0.4000000060
24571  -14.861  -64.674  -4.589 0.5000000000
24600  -13.199  -64.259  -6.306 0.5000000000
137935  -14.408  -64.299  -5.355 0.5000000000
24665  -11.605  -64.023  -11.453 0.3000000119
24666  -12.352  -63.764  -11.083 0.4000000060
120347  -13.429  -63.636  -8.225 0.4000000060
25565  -14.498  -63.688  -6.669 0.4000000060
26508  -13.498  -62.769  -2.593 0.3000000119
135770  -13.029  -61.647  -4.560 0.3000000119
28466  -11.876  -59.737  -5.392 0.4000000060
29344  -11.151  -58.677  -5.699 0.4000000060
22671  -19.762  -66.737  -2.876 0.4000000060
120777  -10.741  -58.369  -6.156 0.4000000060
128876  -19.244  -66.090  -2.675 0.4000000060
28479  -10.312  -60.004  -7.566 0.4000000060
29365  -10.655  -59.121  -7.101 0.4000000060
23623  -18.094  -65.652  -3.063 0.4000000060
29376  -11.128  -59.978  -7.907 0.4000000060
24572  -15.806  -64.552  -4.590 0.5000000000
28501  -10.882  -60.799  -9.247 0.4000000060
27576  -11.892  -62.168  -10.905 0.3000000119
24587  -15.338  -64.175  -5.329 0.5000000000
25617  -13.471  -62.826  -10.587 0.3000000119
27491  -13.772  -61.893  -3.926 0.3000000119
28451  -13.405  -61.030  -4.697 0.3000000119
29326  -12.872  -60.047  -5.169 0.3000000119
139287  -13.350  -59.421  -5.216 0.4000000060
29345  -12.430  -58.819  -5.512 0.4000000060
31117  -12.550  -57.501  -5.986 0.3000000119
30238  -11.151  -58.217  -5.975 0.4000000060
22673  -21.388  -66.629  -3.703 0.4000000060
23640  -21.828  -65.923  -3.826 0.4000000060
30246  -11.388  -58.178  -6.176 0.4000000060
23624  -18.744  -65.610  -2.821 0.4000000060
24556  -17.103  -64.851  -3.828 0.4000000060
28491  -11.212  -60.117  -9.017 0.3000000119
27561  -11.445  -61.498  -9.916 0.3000000119
28502  -11.741  -60.787  -9.579 0.3000000119
27577  -12.602  -62.290  -11.066 0.3000000119
25580  -13.696  -63.823  -7.189 0.4000000060
27478  -14.573  -61.827  -2.350 0.3000000119
122886  -13.825  -60.240  -4.840 0.4000000060
29327  -14.208  -59.377  -5.053 0.4000000060
30222  -13.415  -58.497  -5.353 0.4000000060
125337  -22.599  -65.494  -4.978 0.4000000060
23627  -21.702  -65.182  -3.239 0.4000000060
30247  -12.203  -57.931  -6.311 0.4000000060
23625  -20.184  -65.768  -2.709 0.4000000060
29366  -11.678  -59.302  -7.610 0.4000000060
24558  -18.575  -64.910  -3.219 0.4000000060
125873  -19.345  -65.177  -2.785 0.4000000060
29377  -12.198  -59.506  -8.691 0.3000000119
24575  -18.305  -64.279  -3.876 0.4000000060
123107  -12.595  -60.717  -9.876 0.3000000119
24573  -16.797  -64.408  -4.625 0.5000000000
27562  -12.353  -61.516  -10.404 0.3000000119
28518  -13.189  -61.409  -10.576 0.3000000119
24588  -16.353  -64.009  -5.393 0.5000000000
25601  -14.456  -62.923  -9.102 0.3000000119
25566  -15.310  -63.521  -6.723 0.4000000060
25600  -13.740  -63.279  -9.412 0.4000000060
133631  -15.217  -61.214  -2.643 0.3000000119
31105  -13.518  -57.432  -5.501 0.3000000119
32108  -12.970  -57.114  -5.986 0.3000000119
24576  -22.777  -64.738  -4.519 0.4000000060
139825  -12.616  -58.372  -6.979 0.3000000119
130992  -20.941  -65.034  -2.734 0.4000000060
24562  -22.325  -64.562  -3.376 0.3000000119
30257  -12.621  -58.896  -7.838 0.3000000119
25528  -19.071  -64.051  -3.380 0.4000000060
29389  -13.598  -59.928  -9.608 0.3000000119
28504  -14.176  -60.366  -10.232 0.3000000119
24589  -17.278  -63.763  -5.378 0.4000000060
26623  -13.523  -61.913  -10.774 0.3000000119
26588  -14.930  -62.417  -9.376 0.3000000119
25602  -14.977  -62.692  -8.276 0.3000000119
25582  -15.819  -63.043  -7.457 0.3000000119
31132  -12.880  -57.742  -6.635 0.3000000119
31125  -13.782  -56.820  -6.441 0.3000000119
30258  -13.201  -58.174  -7.527 0.3000000119
24561  -21.606  -64.382  -2.758 0.3000000119
24560  -20.794  -64.204  -2.656 0.4000000060
28505  -14.845  -60.073  -10.106 0.3000000119
124471  -20.002  -63.955  -2.952 0.4000000060
27578  -14.772  -61.293  -10.514 0.3000000119
26608  -14.754  -61.996  -10.303 0.3000000119
25556  -17.692  -63.173  -6.044 0.3000000119
25583  -16.565  -62.698  -7.689 0.3000000119
30281  -15.309  -59.038  -9.349 0.3000000119
29401  -15.357  -60.350  -10.222 0.3000000119
25529  -19.627  -63.238  -3.375 0.3000000119
118641  -20.898  -62.601  -2.757 0.3000000119
27563  -15.414  -61.438  -10.138 0.3000000119
25557  -18.111  -63.078  -5.527 0.3000000119
26589  -15.546  -62.369  -8.962 0.3000000119
25568  -17.705  -63.058  -6.948 0.3000000119
30283  -16.557  -58.914  -9.281 0.3000000119
30273  -17.557  -58.229  -8.628 0.3000000119
139153  -16.296  -60.688  -9.776 0.3000000119
139438  -19.042  -62.402  -4.442 0.3000000119
29393  -16.718  -59.432  -9.312 0.3000000119
139800  -17.510  -58.725  -8.615 0.3000000119
119583  -14.151  -63.263  -8.190 0.4000000060
26622  -12.961  -62.536  -10.948 0.3000000119
25618  -14.257  -62.660  -10.063 0.3000000119
10630  -27.305  -80.691  -18.671 0.6000000238
9878  -27.792  -81.785  -18.067 0.5000000000
9125  -28.498  -82.637  -16.993 0.5000000000
8342  -27.889  -83.274  -16.962 0.5000000000
10598  -28.492  -80.614  -15.625 0.5000000000
121648  -26.540  -78.776  -17.357 0.6999999881
13058  -26.950  -77.132  -18.873 0.6999999881
136638  -25.917  -78.939  -15.363 0.6999999881
11368  -25.911  -79.777  -15.031 0.6999999881
12141  -31.874  -78.626  -12.571 0.3000000119
13831  -25.472  -74.627  -17.749 0.6000000238
14665  -24.893  -74.634  -16.938 0.5000000000
14588  -22.540  -75.158  -12.967 0.6000000238
13003  -24.812  -76.974  -15.536 0.6999999881
12920  -29.325  -77.290  -9.111 0.3000000119
127781  -22.893  -77.232  -13.415 0.6000000238
12174  -25.361  -78.193  -14.876 0.6999999881
12242  -27.800  -78.928  -20.013 0.5000000000
11394  -28.555  -80.300  -18.675 0.6000000238
10619  -28.370  -81.110  -18.380 0.5000000000
139715  -24.911  -78.742  -13.602 0.6000000238
11362  -25.564  -79.766  -14.154 0.6999999881
12951  -22.988  -78.179  -11.733 0.5000000000
131552  -25.348  -80.048  -13.390 0.5000000000
12934  -20.752  -76.785  -10.177 0.6000000238
10582  -24.750  -80.592  -12.135 0.5000000000
119910  -32.570  -78.856  -13.345 0.3000000119
10574  -24.266  -81.073  -11.233 0.5000000000
123849  -26.308  -74.627  -16.752 0.4000000060
12905  -31.354  -77.645  -8.558 0.3000000119
18047  -22.946  -71.638  -10.550 0.6000000238
18092  -20.532  -71.413  -12.638 0.6999999881
19010  -21.422  -70.704  -13.627 0.6000000238
19050  -21.903  -70.017  -16.099 0.6000000238
135147  -23.899  -71.250  -11.542 0.6000000238
16237  -26.605  -73.402  -9.683 0.5000000000
18995  -24.873  -70.885  -12.993 0.6000000238
126844  -25.808  -71.477  -12.092 0.5000000000
18136  -26.877  -71.103  -15.142 0.4000000060
139526  -20.170  -72.455  -16.784 0.6000000238
18154  -21.186  -71.476  -18.264 0.6999999881
23768  -17.796  -64.638  -15.628 0.6000000238
14545  -27.029  -75.083  -10.319 0.4000000060
17098  -26.962  -72.681  -10.525 0.4000000060
18127  -28.501  -71.686  -14.892 0.4000000060
19948  -25.528  -69.693  -17.786 0.4000000060
122085  -19.545  -72.794  -17.121 0.6000000238
24703  -17.516  -64.575  -13.905 0.6000000238
24725  -19.087  -64.746  -15.900 0.6000000238
14594  -29.636  -75.553  -12.271 0.5000000000
21878  -19.281  -67.202  -17.738 0.5000000000
22818  -21.414  -66.119  -14.643 0.6000000238
20886  -19.314  -68.418  -19.036 0.4000000060
19089  -21.940  -69.931  -19.856 0.5000000000
17123  -27.736  -72.510  -11.119 0.5000000000
21892  -22.656  -66.692  -19.085 0.6000000238
19985  -21.721  -69.549  -20.454 0.5000000000
16203  -13.558  -73.933  -7.402 0.6000000238
20776  -11.027  -69.578  -8.765 0.5000000000
21747  -15.129  -67.513  -7.749 0.5000000000
18919  -15.017  -70.225  -6.852 0.6000000238
19822  -14.798  -69.025  -7.233 0.6000000238
21730  -15.827  -67.527  -7.119 0.6000000238
17986  -13.905  -71.720  -5.181 0.6000000238
20807  -10.252  -68.734  -9.686 0.5000000000
20761  -18.612  -68.681  -6.560 0.5000000000
22666  -13.725  -66.951  -3.240 0.6000000238
22761  -10.796  -66.929  -10.071 0.5000000000
23650  -12.382  -65.493  -5.284 0.6000000238
29341  -8.373  -59.522  -5.833 0.3000000119
21694  -16.633  -67.760  -3.759 0.5000000000
120966  -11.716  -64.452  -10.258 0.3000000119
22670  -18.946  -66.918  -2.834 0.4000000060
130574  -18.480  -66.337  -2.821 0.4000000060
24645  -12.248  -64.066  -9.509 0.4000000060
25633  -12.668  -63.081  -11.259 0.3000000119
25554  -14.848  -63.839  -6.009 0.5000000000
23626  -21.122  -65.858  -3.173 0.4000000060
27492  -14.634  -61.649  -3.299 0.3000000119
29387  -11.905  -59.994  -9.240 0.3000000119
24574  -17.703  -64.179  -4.513 0.4000000060
25581  -14.714  -63.361  -7.382 0.3000000119
29378  -13.088  -59.379  -8.833 0.3000000119
139449  -16.189  -63.371  -6.768 0.4000000060
28419  -15.525  -60.781  -2.111 0.3000000119
29379  -13.963  -59.401  -9.041 0.3000000119
25541  -18.310  -63.558  -4.543 0.4000000060
29392  -16.267  -59.532  -9.742 0.3000000119
9796  -21.108  -81.324  -10.846 0.5000000000
9797  -21.738  -81.694  -10.383 0.5000000000
9798  -22.478  -81.764  -10.237 0.5000000000
9026  -23.568  -82.265  -10.730 0.4000000060
127552  -19.629  -80.751  -10.804 0.5000000000
10558  -20.333  -80.896  -10.303 0.5000000000
9786  -21.132  -81.139  -9.888 0.5000000000
9787  -21.917  -81.220  -9.709 0.5000000000
9799  -23.259  -81.596  -10.324 0.5000000000
10561  -23.762  -81.062  -10.610 0.4000000060
10556  -18.511  -80.561  -9.729 0.4000000060
10545  -19.131  -80.629  -9.040 0.5000000000
10548  -21.839  -80.574  -9.366 0.5000000000
10560  -23.274  -80.634  -10.222 0.4000000060
10537  -18.876  -80.296  -8.712 0.5000000000
10538  -19.629  -80.371  -8.721 0.5000000000
10546  -20.188  -80.695  -9.285 0.5000000000
11284  -19.280  -79.866  -8.507 0.5000000000
133638  -20.514  -80.328  -8.824 0.5000000000
11285  -19.917  -79.590  -8.597 0.5000000000
12086  -21.575  -79.313  -9.471 0.5000000000
12103  -22.333  -79.019  -10.125 0.4000000060
11282  -17.876  -79.381  -8.616 0.5000000000
12069  -19.515  -78.460  -8.658 0.5000000000
12085  -20.355  -78.647  -9.051 0.5000000000
12102  -21.525  -78.356  -10.021 0.5000000000
14560  -16.449  -76.095  -11.378 0.5000000000
12067  -17.580  -78.468  -8.631 0.5000000000
12913  -17.288  -77.598  -9.001 0.5000000000
12899  -18.267  -77.725  -8.661 0.5000000000
143125  -17.550  -76.886  -9.452 0.5000000000
12900  -18.952  -77.825  -8.568 0.5000000000
13735  -18.843  -77.126  -8.785 0.5000000000
12084  -20.024  -77.869  -9.229 0.5000000000
12917  -20.731  -77.789  -9.736 0.5000000000
13767  -16.871  -76.349  -10.695 0.5000000000
14586  -17.121  -75.623  -12.089 0.5000000000
142893  -17.592  -74.614  -13.733 0.5000000000
14540  -17.608  -75.962  -10.498 0.5000000000
15440  -17.705  -75.317  -11.877 0.5000000000
15457  -18.246  -74.457  -13.019 0.5000000000
13753  -18.109  -76.291  -9.708 0.5000000000
14541  -18.363  -75.461  -10.155 0.5000000000
133265  -18.300  -74.592  -11.484 0.5000000000
13742  -18.803  -76.388  -9.143 0.5000000000
14531  -18.826  -75.652  -9.577 0.5000000000
13743  -19.361  -76.635  -9.167 0.5000000000
12916  -20.040  -77.096  -9.508 0.5000000000
17172  -19.019  -73.207  -16.636 0.5000000000
16329  -19.153  -73.438  -15.828 0.6000000238
15476  -18.084  -74.467  -13.742 0.5000000000
129473  -18.394  -74.336  -12.290 0.5000000000
127420  -18.914  -73.440  -14.141 0.5000000000
16258  -18.815  -73.890  -10.811 0.5000000000
16278  -18.675  -73.750  -11.732 0.5000000000
123716  -19.276  -75.245  -9.633 0.5000000000
118457  -20.045  -76.104  -9.656 0.5000000000
17195  -18.855  -72.411  -18.627 0.5000000000
17184  -19.587  -72.633  -18.025 0.5000000000
17155  -19.402  -72.899  -14.643 0.6000000238
130301  -14.476  -66.942  -15.774 0.5000000000
22826  -15.270  -65.997  -15.861 0.6000000238
20859  -14.116  -67.785  -15.542 0.5000000000
21837  -14.985  -67.241  -15.181 0.5000000000
22815  -15.510  -66.263  -15.208 0.6000000238
21838  -16.038  -66.933  -14.470 0.6000000238
20853  -15.219  -68.448  -14.602 0.5000000000
20847  -15.943  -68.818  -13.891 0.6000000238
19910  -15.592  -69.719  -13.417 0.5000000000
21827  -16.539  -66.855  -13.585 0.6000000238
20842  -16.209  -68.886  -12.874 0.6000000238
18991  -15.443  -70.367  -12.602 0.5000000000
19900  -15.856  -69.620  -12.341 0.6000000238
21803  -16.143  -67.725  -11.249 0.6000000238
18979  -15.288  -70.872  -11.945 0.5000000000
125486  -15.624  -70.280  -11.750 0.5000000000
121182  -14.748  -72.421  -9.893 0.5000000000
17063  -14.154  -73.094  -9.485 0.6000000238
15370  -12.772  -74.393  -7.441 0.6000000238
15398  -12.869  -74.365  -8.824 0.5000000000
18044  -15.372  -71.342  -10.200 0.6000000238
18063  -15.452  -70.928  -11.055 0.5000000000
16229  -14.405  -73.401  -8.613 0.5000000000
17034  -12.103  -73.185  -6.490 0.6000000238
16202  -12.929  -74.085  -6.924 0.6000000238
18000  -11.601  -71.942  -6.407 0.6000000238
125706  -33.251  -78.910  -14.030 0.3000000119
12194  -33.910  -78.773  -15.308 0.3000000119
12205  -32.789  -78.480  -16.499 0.3000000119
13005  -34.505  -78.274  -15.643 0.3000000119
12177  -32.747  -78.745  -14.923 0.3000000119
11312  -22.857  -79.853  -10.050 0.4000000060
15421  -18.572  -74.674  -10.475 0.5000000000
16300  -18.922  -73.198  -13.126 0.5000000000
22835  -15.247  -65.968  -16.021 0.5000000000
10559  -22.521  -80.581  -9.700 0.4000000060
11299  -22.167  -79.922  -9.493 0.5000000000
12068  -18.605  -78.649  -8.480 0.5000000000
13766  -16.170  -76.635  -10.660 0.5000000000
13752  -17.229  -76.565  -9.992 0.5000000000
14612  -17.072  -75.286  -12.748 0.5000000000
138419  -17.511  -75.196  -12.504 0.5000000000
14562  -17.929  -75.263  -10.914 0.5000000000
16291  -18.611  -73.791  -12.647 0.5000000000
12178  -33.682  -78.921  -14.613 0.3000000119
13023  -33.855  -78.076  -16.863 0.3000000119
12193  -33.256  -78.719  -15.569 0.3000000119
13004  -33.489  -78.532  -16.218 0.3000000119
141558  -34.047  -78.445  -16.091 0.3000000119
25531  -21.340  -63.515  -2.619 0.3000000119
8328  -26.800  -83.240  -16.796 0.6000000238
8329  -27.570  -83.857  -16.371 0.5000000000
9024  -22.342  -82.388  -10.851 0.5000000000
9025  -22.922  -82.291  -10.511 0.4000000060
9124  -27.590  -82.783  -17.346 0.5000000000
9136  -28.128  -82.212  -17.592 0.5000000000
9800  -23.861  -81.612  -10.763 0.4000000060
9831  -25.401  -81.419  -13.289 0.5000000000
9879  -28.253  -81.633  -17.982 0.5000000000
9890  -28.023  -81.347  -18.557 0.6000000238
10536  -18.222  -80.054  -8.735 0.5000000000
10544  -18.336  -80.402  -9.003 0.5000000000
10547  -21.151  -80.736  -9.335 0.5000000000
10557  -19.423  -80.692  -9.960 0.5000000000
10573  -23.872  -80.386  -10.895 0.5000000000
10583  -25.243  -80.631  -12.959 0.5000000000
10631  -27.792  -81.001  -18.812 0.6000000238
11283  -18.683  -79.618  -8.528 0.5000000000
11297  -20.820  -79.569  -8.957 0.5000000000
11298  -21.375  -80.165  -9.094 0.5000000000
11313  -23.442  -79.770  -10.670 0.5000000000
11355  -25.172  -79.408  -13.470 0.5000000000
11409  -27.713  -79.758  -19.549 0.6000000238
11421  -28.081  -79.522  -19.759 0.5000000000
12104  -22.996  -79.229  -10.570 0.5000000000
12118  -22.718  -78.506  -10.962 0.5000000000
12156  -23.783  -78.004  -12.949 0.6000000238
12173  -24.756  -77.973  -14.195 0.6999999881
12188  -26.236  -78.840  -16.248 0.6999999881
12901  -28.040  -77.573  -7.999 0.3000000119
12914  -18.179  -76.955  -8.975 0.5000000000
12915  -19.447  -77.466  -8.908 0.5000000000
12952  -28.909  -77.956  -10.828 0.3000000119
12953  -29.426  -77.945  -11.349 0.3000000119
12966  -22.257  -77.125  -12.926 0.6000000238
13002  -23.987  -75.998  -15.666 0.6000000238
13020  -29.786  -78.429  -17.401 0.4000000060
13087  -29.121  -76.738  -20.395 0.4000000060
13741  -16.888  -77.131  -9.556 0.5000000000
13850  -31.861  -76.033  -19.607 0.3000000119
13874  -27.847  -75.912  -20.489 0.4000000060
13876  -28.908  -75.881  -20.656 0.3000000119
14532  -19.316  -75.851  -9.431 0.5000000000
14534  -21.042  -74.820  -9.890 0.6999999881
14561  -17.275  -75.826  -11.312 0.5000000000
14567  -27.434  -75.458  -10.989 0.4000000060
14592  -27.627  -75.585  -12.500 0.5000000000
14613  -22.343  -75.610  -13.296 0.6000000238
14648  -24.446  -74.728  -16.130 0.5000000000
14709  -27.305  -74.631  -20.122 0.4000000060
14724  -27.816  -75.108  -20.483 0.4000000060
14725  -28.470  -75.262  -20.595 0.4000000060
15383  -12.448  -74.581  -8.261 0.6000000238
15384  -13.266  -74.375  -8.152 0.5000000000
15399  -18.941  -74.928  -9.857 0.5000000000
15423  -21.579  -74.969  -10.236 0.6000000238
15426  -23.981  -74.562  -10.203 0.5000000000
15428  -26.643  -74.514  -9.830 0.4000000060
15456  -18.020  -74.865  -12.440 0.5000000000
15475  -17.693  -74.855  -13.115 0.5000000000
16192  -12.605  -73.721  -6.636 0.6000000238
16194  -14.149  -73.245  -6.918 0.6000000238
16214  -13.901  -73.917  -8.168 0.5000000000
16228  -13.554  -73.854  -8.983 0.5000000000
16231  -20.762  -73.784  -9.619 0.6000000238
16233  -22.465  -73.711  -9.514 0.6000000238
16259  -19.543  -73.531  -10.414 0.6000000238
16292  -18.889  -72.991  -12.110 0.5000000000
16299  -18.528  -73.972  -13.574 0.5000000000
16342  -18.509  -73.418  -16.182 0.5000000000
17020  -12.787  -72.280  -5.640 0.6000000238
17022  -14.162  -72.278  -5.734 0.6000000238
17035  -13.818  -72.864  -6.165 0.6000000238
17046  -15.213  -71.954  -6.856 0.6999999881
17064  -15.007  -72.791  -9.078 0.6999999881
17090  -15.142  -71.869  -10.214 0.6000000238
17095  -23.484  -72.181  -9.854 0.6000000238
17119  -14.450  -71.959  -10.747 0.5000000000
17173  -19.699  -73.020  -16.264 0.6000000238
17185  -20.283  -72.325  -18.377 0.6000000238
17197  -20.482  -72.070  -19.235 0.6000000238
17985  -13.077  -71.776  -5.018 0.6000000238
18001  -12.167  -72.523  -6.182 0.6000000238
18003  -15.141  -71.166  -6.562 0.6000000238
18017  -15.407  -71.426  -8.509 0.6999999881
18067  -23.274  -71.271  -11.355 0.6000000238
18091  -19.861  -71.867  -13.073 0.6999999881
18094  -22.045  -70.920  -12.124 0.6000000238
18096  -25.084  -71.249  -12.134 0.5000000000
18134  -20.394  -71.604  -15.443 0.6999999881
18138  -28.550  -71.498  -15.777 0.4000000060
18146  -21.081  -71.412  -17.270 0.6999999881
18147  -27.935  -71.210  -16.370 0.4000000060
18164  -20.981  -71.777  -19.925 0.5000000000
18173  -20.834  -71.491  -20.612 0.6000000238
18899  -13.762  -70.239  -4.526 0.6000000238
18907  -11.921  -70.891  -5.275 0.5000000000
18909  -13.451  -71.052  -4.680 0.6000000238
18932  -15.059  -70.121  -7.740 0.6000000238
18944  -10.539  -70.486  -8.340 0.5000000000
18945  -10.914  -70.169  -8.632 0.5000000000
18960  -15.258  -69.987  -9.512 0.6000000238
19009  -20.846  -70.907  -14.030 0.6000000238
19027  -24.250  -70.484  -14.819 0.6000000238
19040  -23.674  -70.152  -15.568 0.6000000238
19053  -27.361  -70.779  -17.014 0.4000000060
19059  -21.498  -70.755  -17.538 0.6000000238
19104  -20.372  -71.094  -20.965 0.6000000238
19106  -21.444  -70.642  -20.735 0.6000000238
19796  -11.772  -69.358  -4.679 0.6000000238
19840  -11.093  -70.346  -8.288 0.5000000000
19841  -11.184  -69.980  -7.409 0.5000000000
19883  -10.339  -69.268  -9.398 0.5000000000
19970  -21.672  -70.094  -20.458 0.5000000000
19971  -22.171  -69.294  -20.125 0.5000000000
20701  -13.647  -68.192  -3.539 0.6999999881
20715  -13.971  -68.927  -3.911 0.6000000238
20716  -15.257  -68.232  -4.292 0.6999999881
20731  -14.498  -68.990  -4.646 0.6000000238
20760  -17.652  -67.889  -7.080 0.5000000000
20791  -10.648  -68.938  -9.410 0.5000000000
20808  -10.376  -68.145  -9.833 0.5000000000
20811  -20.209  -68.023  -9.473 0.5000000000
20823  -9.830  -68.157  -10.050 0.5000000000
20824  -15.653  -68.343  -10.845 0.6999999881
20834  -16.105  -68.701  -11.818 0.6000000238
20843  -16.490  -67.968  -13.459 0.6000000238
20852  -14.439  -68.188  -15.098 0.5000000000
20874  -17.848  -68.070  -18.050 0.5000000000
20885  -18.371  -68.469  -18.742 0.5000000000
20888  -22.712  -68.489  -19.598 0.6000000238
20903  -20.848  -68.647  -20.081 0.6000000238
20904  -21.766  -68.713  -20.262 0.6000000238
20907  -24.800  -68.006  -19.226 0.5000000000
21671  -13.459  -67.525  -3.398 0.6999999881
21674  -16.035  -67.196  -3.397 0.5000000000
21676  -18.579  -67.630  -3.279 0.4000000060
21691  -12.354  -67.531  -4.134 0.6999999881
21729  -11.145  -67.908  -6.393 0.6000000238
21749  -17.192  -67.348  -7.752 0.6000000238
21764  -16.170  -66.944  -8.641 0.6000000238
21767  -18.929  -67.551  -8.919 0.5000000000
21778  -10.387  -67.305  -10.212 0.5000000000
21780  -17.542  -66.881  -8.992 0.5000000000
21783  -19.928  -67.526  -10.127 0.5000000000
21790  -9.398  -67.482  -10.615 0.5000000000
21804  -16.335  -66.883  -11.724 0.6999999881
21816  -16.364  -67.905  -12.265 0.6000000238
21826  -15.981  -67.891  -14.275 0.6000000238
21849  -14.881  -66.420  -15.681 0.6000000238
21862  -17.140  -66.907  -16.601 0.5000000000
21889  -19.756  -67.712  -18.473 0.5000000000
21891  -21.716  -67.047  -19.043 0.6000000238
22665  -13.001  -67.170  -3.559 0.6999999881
22672  -20.632  -66.620  -3.219 0.4000000060
22680  -11.736  -67.018  -4.726 0.6000000238
22682  -13.245  -66.405  -3.787 0.6000000238
22717  -11.119  -66.968  -6.143 0.6000000238
22764  -16.708  -66.662  -9.223 0.6000000238
22776  -16.461  -66.346  -9.930 0.6000000238
22802  -21.164  -66.792  -12.919 0.5000000000
22807  -16.627  -65.877  -13.394 0.6999999881
22825  -14.784  -66.316  -15.932 0.6000000238
22836  -16.674  -65.826  -16.235 0.6000000238
22839  -19.386  -65.191  -16.372 0.6000000238
22850  -21.643  -65.086  -17.882 0.6000000238
22852  -24.484  -66.191  -17.738 0.5000000000
22866  -23.786  -66.534  -19.123 0.6000000238
23622  -17.312  -65.629  -3.229 0.4000000060
23638  -15.339  -65.159  -3.874 0.5000000000
23641  -22.304  -65.307  -4.016 0.4000000060
23713  -10.899  -65.906  -10.429 0.4000000060
23732  -16.799  -65.423  -11.925 0.6999999881
23746  -16.867  -65.285  -12.923 0.6999999881
23747  -17.243  -64.908  -13.205 0.6000000238
23750  -20.167  -65.705  -13.942 0.6000000238
23756  -16.070  -65.657  -15.287 0.6000000238
23760  -20.532  -65.485  -14.785 0.5000000000
23767  -17.205  -64.917  -15.675 0.6000000238
23778  -17.277  -65.148  -15.968 0.6000000238
23782  -22.997  -65.588  -17.582 0.6000000238
23790  -21.860  -64.889  -17.633 0.6000000238
24557  -17.872  -64.852  -3.605 0.4000000060
24559  -20.110  -64.748  -2.733 0.4000000060
24570  -13.988  -64.908  -4.752 0.5000000000
24584  -12.790  -64.844  -5.752 0.6999999881
24585  -13.148  -65.175  -4.963 0.6000000238
24586  -13.961  -63.874  -6.074 0.4000000060
24599  -12.461  -64.611  -6.493 0.5000000000
24702  -16.962  -64.911  -13.788 0.6999999881
24709  -17.191  -64.655  -14.628 0.6000000238
24711  -18.826  -64.315  -15.069 0.6000000238
24719  -17.540  -64.528  -15.275 0.6000000238
24721  -19.183  -64.588  -15.578 0.5000000000
24726  -19.892  -64.474  -16.112 0.5000000000
25530  -20.430  -63.338  -2.808 0.3000000119
25542  -18.975  -63.086  -4.093 0.3000000119
25555  -15.811  -63.689  -6.065 0.5000000000
25567  -16.972  -63.102  -7.183 0.3000000119
25579  -12.824  -64.042  -7.761 0.4000000060
25599  -12.834  -63.791  -8.820 0.4000000060
25616  -12.885  -63.455  -10.133 0.4000000060
25632  -12.019  -63.345  -11.760 0.3000000119
26523  -13.474  -62.557  -3.351 0.3000000119
26540  -12.441  -62.641  -4.179 0.3000000119
26541  -18.555  -62.765  -4.877 0.3000000119
26573  -15.991  -62.543  -8.298 0.3000000119
26590  -16.136  -62.109  -9.044 0.3000000119
26607  -13.914  -62.262  -10.708 0.3000000119
27464  -14.507  -61.514  -1.680 0.3000000119
27505  -12.454  -61.911  -4.689 0.3000000119
27536  -9.008  -60.668  -7.576 0.4000000060
27560  -10.594  -61.602  -9.520 0.4000000060
27575  -11.088  -62.012  -10.252 0.3000000119
27579  -15.397  -60.834  -10.322 0.3000000119
28450  -12.435  -60.919  -5.093 0.3000000119
28464  -9.177  -59.480  -5.560 0.4000000060
28470  -7.636  -59.835  -6.021 0.3000000119
28478  -9.365  -59.960  -7.247 0.4000000060
28503  -13.436  -60.569  -10.176 0.3000000119
28506  -15.948  -60.994  -10.045 0.3000000119
28507  -16.506  -60.112  -9.656 0.3000000119
28519  -14.051  -61.125  -10.574 0.3000000119
28520  -14.783  -60.679  -10.433 0.3000000119
28521  -15.981  -60.306  -10.091 0.3000000119
29342  -9.624  -58.867  -5.749 0.4000000060
29343  -10.346  -58.921  -5.617 0.3000000119
29351  -8.247  -59.477  -6.047 0.3000000119
29353  -9.272  -58.816  -6.188 0.4000000060
29380  -17.202  -59.328  -8.765 0.3000000119
29388  -12.767  -59.985  -9.421 0.3000000119
29390  -14.747  -59.456  -9.488 0.3000000119
29391  -15.576  -59.665  -9.903 0.3000000119
30235  -8.748  -59.045  -5.994 0.4000000060
30236  -9.301  -58.720  -5.982 0.4000000060
30239  -11.885  -57.984  -5.897 0.4000000060
30240  -12.730  -57.737  -5.735 0.3000000119
30245  -10.089  -58.624  -6.299 0.4000000060
30256  -10.978  -58.551  -6.644 0.4000000060
30272  -16.935  -58.334  -8.782 0.3000000119
30282  -16.010  -58.958  -9.514 0.3000000119
30284  -17.025  -58.822  -8.892 0.3000000119
31116  -11.930  -57.860  -5.992 0.4000000060
31123  -12.597  -57.462  -6.073 0.4000000060
31124  -13.129  -57.108  -6.215 0.3000000119
31133  -13.550  -57.570  -6.975 0.3000000119
31147  -13.879  -57.901  -8.011 0.3000000119
118547  -16.921  -63.423  -6.288 0.4000000060
118557  -22.916  -70.171  -15.175 0.6000000238
118704  -11.990  -58.661  -6.825 0.4000000060
118886  -22.014  -66.594  -13.951 0.5000000000
119387  -19.535  -71.208  -20.821 0.6000000238
119945  -24.842  -74.587  -14.476 0.5000000000
120313  -25.818  -70.435  -16.283 0.6000000238
120333  -16.846  -67.062  -8.221 0.6000000238
121978  -30.807  -75.533  -13.827 0.4000000060
122660  -11.168  -66.203  -8.404 0.4000000060
122853  -20.624  -64.632  -16.124 0.6000000238
123239  -30.880  -77.469  -8.002 0.3000000119
123993  -26.898  -70.460  -17.653 0.5000000000
125189  -18.243  -64.257  -15.211 0.6000000238
125500  -21.013  -78.735  -9.463 0.5000000000
125608  -19.721  -66.214  -12.327 0.6999999881
125807  -13.105  -57.050  -5.907 0.3000000119
126292  -18.357  -67.990  -18.174 0.5000000000
126327  -17.509  -67.180  -8.361 0.6000000238
127234  -22.733  -81.187  -9.947 0.5000000000
128123  -19.229  -79.246  -8.479 0.5000000000
128259  -15.335  -72.158  -7.806 0.6999999881
128407  -15.375  -69.694  -10.153 0.6999999881
129689  -20.915  -72.298  -10.335 0.6000000238
130140  -15.394  -68.996  -10.486 0.6999999881
130206  -18.258  -67.064  -3.000 0.4000000060
130758  -8.974  -58.946  -5.841 0.4000000060
130902  -16.664  -66.298  -10.571 0.6999999881
131144  -28.418  -79.932  -16.026 0.5000000000
133564  -15.841  -65.752  -3.384 0.5000000000
133771  -21.721  -70.550  -19.461 0.6000000238
134328  -14.257  -59.847  -9.733 0.3000000119
134344  -16.535  -66.412  -3.178 0.5000000000
134609  -18.260  -64.114  -14.694 0.6000000238
135744  -11.250  -68.389  -5.765 0.6000000238
135907  -11.640  -65.049  -7.151 0.5000000000
136512  -17.822  -63.512  -5.255 0.4000000060
137175  -23.383  -66.782  -19.278 0.6000000238
137655  -17.993  -68.506  -4.823 0.5000000000
137708  -28.498  -81.307  -17.677 0.5000000000
137719  -11.293  -66.283  -6.107 0.6000000238
138074  -11.097  -67.588  -8.062 0.5000000000
138785  -14.877  -68.488  -4.895 0.6999999881
139381  -14.988  -69.372  -8.926 0.6000000238
139640  -25.355  -72.666  -9.729 0.6000000238
140009  -15.962  -65.746  -16.024 0.5000000000
140246  -14.219  -61.717  -10.644 0.3000000119
140775  -17.405  -68.285  -4.764 0.6000000238
141032  -11.905  -64.915  -6.679 0.5000000000
141316  -29.846  -77.411  -7.726 0.3000000119
141496  -21.527  -70.152  -20.683 0.6000000238
141621  -15.416  -67.215  -8.292 0.6000000238
141902  -30.104  -75.598  -13.707 0.4000000060
142037  -23.536  -71.046  -11.983 0.6000000238
142539  -16.428  -67.524  -14.006 0.6000000238
143518  -11.621  -59.755  -8.658 0.3000000119
