#!ascii label  , from subject sub-v1s6x0051320_ses-1 vox2ras=TkReg
446
121950  -38.290  -82.526  -1.794 0.0000000000
16992  -38.624  -72.831  -2.588 0.0000000000
11988  -35.691  -78.312  -0.308 0.0000000000
12832  -40.880  -77.568  -1.994 0.0000000000
16144  -37.396  -73.019  0.232 0.0000000000
134160  -39.161  -83.667  2.257 0.0000000000
136198  -36.809  -77.317  4.241 0.0000000000
13620  -41.473  -76.341  6.640 0.0000000000
14454  -33.423  -75.232  0.583 0.0000000000
14467  -36.472  -75.713  -0.404 0.0000000000
16973  -33.570  -72.604  -0.339 0.0000000000
126863  -37.666  -80.379  3.693 0.0000000000
11156  -39.948  -79.354  4.530 0.0000000000
132640  -40.881  -73.820  6.960 0.0000000000
15251  -38.697  -74.113  6.205 0.0000000000
8947  -37.676  -82.197  -4.866 0.0000000000
14477  -38.969  -74.982  -1.421 0.0000000000
12847  -37.814  -77.429  -4.918 0.0000000000
15341  -36.178  -74.647  -4.564 0.0000000000
132730  -37.929  -80.603  -0.610 0.0000000000
9692  -40.567  -80.976  -2.205 0.0000000000
14456  -39.331  -75.215  0.428 0.0000000000
16134  -40.215  -73.481  0.042 0.0000000000
9656  -36.707  -81.449  1.075 0.0000000000
11960  -34.723  -78.146  1.827 0.0000000000
15283  -33.156  -74.841  3.398 0.0000000000
11148  -42.096  -79.039  5.322 0.0000000000
13626  -38.824  -76.328  5.342 0.0000000000
16098  -36.043  -73.907  4.997 0.0000000000
17898  -33.578  -71.550  4.824 0.0000000000
11260  -39.454  -79.806  -5.659 0.0000000000
18885  -43.305  -70.492  -2.903 0.0000000000
17971  -41.248  -71.673  -4.019 0.0000000000
16199  -40.345  -73.254  -7.100 0.0000000000
16121  -32.459  -73.504  1.459 0.0000000000
16140  -33.297  -73.536  -0.052 0.0000000000
9702  -38.047  -81.942  -3.251 0.0000000000
16158  -38.426  -74.190  -2.011 0.0000000000
14491  -37.291  -75.366  -3.114 0.0000000000
16163  -37.290  -73.731  -3.437 0.0000000000
16183  -36.612  -73.959  -4.814 0.0000000000
16996  -37.674  -73.090  -3.896 0.0000000000
11209  -36.558  -79.391  -0.479 0.0000000000
134335  -36.957  -78.125  -0.644 0.0000000000
139595  -36.985  -74.414  -0.078 0.0000000000
14468  -37.473  -75.089  -0.036 0.0000000000
16131  -38.122  -73.681  0.476 0.0000000000
15304  -39.790  -74.691  0.344 0.0000000000
16967  -39.307  -72.921  0.449 0.0000000000
132224  -38.192  -82.737  0.346 0.0000000000
8869  -37.792  -82.803  1.596 0.0000000000
142952  -36.852  -79.329  3.604 0.0000000000
11177  -36.303  -79.494  3.086 0.0000000000
11954  -35.691  -78.256  3.171 0.0000000000
12781  -34.434  -77.032  2.899 0.0000000000
14433  -35.128  -75.987  3.980 0.0000000000
12761  -41.804  -77.373  6.218 0.0000000000
11942  -40.706  -78.142  5.274 0.0000000000
13628  -40.316  -76.573  5.809 0.0000000000
16922  -37.596  -72.667  6.126 0.0000000000
15263  -37.532  -74.262  5.568 0.0000000000
16920  -36.307  -72.588  5.709 0.0000000000
16936  -34.762  -72.921  5.046 0.0000000000
11224  -41.195  -79.263  -2.433 0.0000000000
11231  -40.315  -79.545  -4.067 0.0000000000
12017  -40.034  -79.161  -4.489 0.0000000000
12877  -37.447  -78.151  -6.472 0.0000000000
19790  -44.101  -69.929  -3.518 0.0000000000
17963  -42.737  -71.437  -2.557 0.0000000000
17026  -42.656  -72.317  -5.961 0.0000000000
13664  -34.332  -76.388  0.186 0.0000000000
133319  -35.727  -77.048  -0.427 0.0000000000
14465  -34.568  -75.194  -0.275 0.0000000000
125166  -35.097  -73.969  -0.416 0.0000000000
16975  -35.752  -72.571  -0.399 0.0000000000
8853  -38.185  -82.216  3.101 0.0000000000
11168  -38.347  -79.837  4.162 0.0000000000
11947  -37.851  -78.229  4.357 0.0000000000
15254  -40.966  -74.776  6.864 0.0000000000
14402  -39.744  -75.064  6.222 0.0000000000
138660  -40.190  -73.752  6.639 0.0000000000
16905  -38.378  -72.620  6.333 0.0000000000
123516  -38.166  -71.255  6.125 0.0000000000
13691  -40.198  -76.731  -1.609 0.0000000000
12841  -39.235  -77.599  -3.646 0.0000000000
13689  -37.838  -76.111  -2.965 0.0000000000
142170  -36.620  -76.116  -3.898 0.0000000000
14506  -35.453  -75.449  -5.473 0.0000000000
15361  -35.453  -74.858  -6.019 0.0000000000
16205  -36.917  -73.785  -6.531 0.0000000000
16206  -37.653  -73.681  -7.139 0.0000000000
9678  -39.209  -81.766  -1.047 0.0000000000
8923  -40.055  -81.592  -2.049 0.0000000000
11998  -40.624  -79.017  -1.207 0.0000000000
12824  -40.936  -77.577  -0.896 0.0000000000
133003  -37.428  -77.357  -0.516 0.0000000000
12816  -39.939  -77.248  -0.349 0.0000000000
131452  -40.360  -76.865  -0.498 0.0000000000
14478  -40.093  -75.653  -0.345 0.0000000000
120727  -40.183  -74.380  -0.083 0.0000000000
16987  -40.175  -73.115  -1.100 0.0000000000
8893  -38.454  -82.234  -0.391 0.0000000000
9677  -37.556  -81.236  -0.225 0.0000000000
11200  -35.663  -79.407  0.269 0.0000000000
9648  -36.612  -81.299  2.138 0.0000000000
10415  -35.851  -80.139  1.546 0.0000000000
11971  -35.130  -78.772  0.699 0.0000000000
12791  -34.074  -77.130  1.423 0.0000000000
14446  -32.742  -75.156  2.192 0.0000000000
16104  -32.554  -73.287  3.108 0.0000000000
11157  -40.868  -79.489  4.694 0.0000000000
12773  -39.258  -77.772  4.900 0.0000000000
13637  -38.064  -76.767  4.809 0.0000000000
14412  -38.563  -75.399  5.547 0.0000000000
142642  -37.370  -75.550  5.071 0.0000000000
14423  -36.608  -75.660  4.712 0.0000000000
15272  -34.539  -74.434  4.376 0.0000000000
16095  -33.347  -73.490  4.188 0.0000000000
9711  -38.618  -81.304  -3.880 0.0000000000
9743  -38.883  -81.706  -5.960 0.0000000000
12031  -38.958  -78.660  -5.563 0.0000000000
130467  -37.569  -79.603  -6.312 0.0000000000
16979  -39.442  -72.271  0.043 0.0000000000
17946  -40.754  -72.185  -0.691 0.0000000000
137595  -40.704  -72.543  -1.651 0.0000000000
17957  -42.096  -72.004  -1.973 0.0000000000
17955  -40.209  -71.847  -3.117 0.0000000000
17006  -39.692  -72.001  -4.694 0.0000000000
17038  -39.757  -72.931  -6.248 0.0000000000
16961  -32.289  -72.642  1.687 0.0000000000
135211  -32.493  -72.992  0.941 0.0000000000
8921  -37.440  -82.473  -2.689 0.0000000000
138219  -38.388  -82.167  -2.419 0.0000000000
134166  -38.261  -73.513  -2.438 0.0000000000
16157  -37.695  -73.970  -2.711 0.0000000000
16164  -37.876  -73.214  -3.026 0.0000000000
16997  -38.467  -72.492  -3.577 0.0000000000
11208  -35.906  -79.042  -0.269 0.0000000000
11990  -37.155  -78.836  -0.722 0.0000000000
11989  -36.362  -78.591  -0.526 0.0000000000
16130  -37.154  -73.768  0.129 0.0000000000
15303  -37.852  -74.381  0.346 0.0000000000
16132  -39.066  -73.594  0.587 0.0000000000
16966  -38.351  -72.935  0.460 0.0000000000
8101  -38.938  -84.046  1.610 0.0000000000
8100  -38.372  -83.341  1.981 0.0000000000
11946  -37.038  -78.065  4.083 0.0000000000
11955  -36.444  -78.686  3.544 0.0000000000
12783  -36.277  -77.804  3.751 0.0000000000
12782  -35.559  -77.462  3.483 0.0000000000
13647  -36.075  -77.036  4.038 0.0000000000
13614  -42.085  -76.109  7.206 0.0000000000
13621  -42.287  -76.966  6.831 0.0000000000
12762  -42.596  -77.864  6.450 0.0000000000
13629  -41.024  -76.904  6.006 0.0000000000
13619  -40.681  -76.102  6.291 0.0000000000
17886  -36.711  -72.029  6.032 0.0000000000
16921  -36.967  -72.653  5.921 0.0000000000
16919  -35.551  -72.400  5.515 0.0000000000
134170  -35.817  -71.111  5.755 0.0000000000
12013  -41.159  -78.443  -2.361 0.0000000000
12012  -40.654  -78.952  -3.410 0.0000000000
12842  -40.366  -78.047  -3.072 0.0000000000
17973  -42.997  -71.700  -4.284 0.0000000000
17987  -42.393  -72.074  -5.037 0.0000000000
17988  -43.257  -71.960  -5.297 0.0000000000
128108  -33.686  -76.039  0.665 0.0000000000
14455  -34.051  -75.633  0.089 0.0000000000
16141  -34.285  -73.525  -0.404 0.0000000000
16142  -35.404  -73.302  -0.409 0.0000000000
16974  -34.737  -72.638  -0.473 0.0000000000
11154  -38.118  -79.001  4.256 0.0000000000
11155  -39.008  -79.200  4.413 0.0000000000
14395  -41.652  -75.284  7.141 0.0000000000
15242  -41.584  -74.255  7.270 0.0000000000
15253  -40.295  -74.478  6.563 0.0000000000
121236  -38.002  -71.981  6.230 0.0000000000
8961  -37.770  -82.864  -5.984 0.0000000000
13680  -39.476  -75.874  -1.391 0.0000000000
13690  -38.914  -76.329  -2.347 0.0000000000
14485  -38.301  -75.528  -2.340 0.0000000000
15330  -36.625  -74.932  -3.710 0.0000000000
14490  -36.723  -75.628  -3.647 0.0000000000
14499  -36.246  -75.540  -4.273 0.0000000000
14498  -35.776  -75.270  -4.874 0.0000000000
15352  -35.695  -74.847  -5.245 0.0000000000
16184  -37.248  -73.474  -5.201 0.0000000000
16195  -36.701  -73.827  -5.737 0.0000000000
16196  -37.471  -73.464  -6.140 0.0000000000
16197  -38.365  -73.314  -6.576 0.0000000000
129262  -38.595  -81.442  -0.655 0.0000000000
139964  -39.724  -81.327  -1.446 0.0000000000
11999  -41.106  -78.368  -1.230 0.0000000000
11991  -40.454  -78.039  -0.707 0.0000000000
129129  -35.612  -76.315  -0.416 0.0000000000
13671  -36.687  -76.641  -0.457 0.0000000000
14469  -38.504  -75.614  0.214 0.0000000000
129316  -39.683  -76.204  0.136 0.0000000000
128159  -40.228  -76.049  0.074 0.0000000000
13681  -40.294  -76.490  -0.638 0.0000000000
15305  -40.075  -74.135  0.182 0.0000000000
15314  -40.098  -74.742  0.120 0.0000000000
16145  -40.178  -74.018  0.065 0.0000000000
16151  -39.800  -73.791  -0.632 0.0000000000
16152  -40.267  -73.263  -0.327 0.0000000000
9668  -37.451  -81.808  0.332 0.0000000000
9667  -36.722  -80.930  0.191 0.0000000000
10442  -36.199  -80.148  0.152 0.0000000000
10427  -36.214  -80.580  0.826 0.0000000000
9638  -37.878  -81.298  3.439 0.0000000000
9649  -37.346  -81.737  2.689 0.0000000000
10404  -36.997  -80.884  3.049 0.0000000000
11961  -35.315  -78.695  2.273 0.0000000000
11176  -35.761  -79.534  2.319 0.0000000000
130532  -35.391  -79.376  1.314 0.0000000000
131772  -34.998  -78.687  1.422 0.0000000000
12802  -34.412  -77.728  1.409 0.0000000000
12792  -34.397  -77.454  2.131 0.0000000000
14431  -33.489  -75.600  3.238 0.0000000000
14439  -33.254  -75.958  2.450 0.0000000000
14430  -32.934  -75.298  2.883 0.0000000000
15282  -32.672  -74.633  2.820 0.0000000000
16105  -32.865  -73.985  3.493 0.0000000000
11951  -41.257  -78.933  5.045 0.0000000000
12765  -39.392  -77.035  5.324 0.0000000000
12766  -39.962  -77.573  5.290 0.0000000000
12772  -38.777  -77.114  5.041 0.0000000000
119360  -38.401  -77.605  4.653 0.0000000000
15252  -39.491  -74.133  6.415 0.0000000000
15265  -38.995  -74.867  6.006 0.0000000000
15262  -36.788  -74.075  5.324 0.0000000000
14411  -37.814  -75.090  5.392 0.0000000000
15275  -37.052  -74.899  5.210 0.0000000000
15274  -36.291  -74.721  4.846 0.0000000000
14422  -35.673  -75.426  4.484 0.0000000000
15273  -35.430  -74.582  4.623 0.0000000000
16935  -33.919  -72.274  4.928 0.0000000000
123934  -33.845  -73.019  4.631 0.0000000000
134524  -33.406  -72.048  4.547 0.0000000000
143436  -33.221  -72.643  4.294 0.0000000000
141593  -40.497  -81.221  -2.029 0.0000000000
9704  -39.610  -81.029  -3.025 0.0000000000
11243  -39.801  -79.665  -4.957 0.0000000000
10495  -39.811  -80.087  -4.672 0.0000000000
10514  -39.331  -80.452  -6.001 0.0000000000
10513  -39.117  -81.135  -6.185 0.0000000000
10524  -39.119  -80.649  -6.245 0.0000000000
12840  -38.154  -77.209  -3.990 0.0000000000
12848  -38.864  -77.965  -4.699 0.0000000000
12860  -38.314  -77.985  -5.492 0.0000000000
12045  -37.041  -78.654  -6.621 0.0000000000
12046  -37.911  -78.853  -6.377 0.0000000000
17944  -38.732  -71.564  -0.221 0.0000000000
16981  -41.131  -72.324  -1.027 0.0000000000
16988  -40.788  -72.662  -0.978 0.0000000000
16994  -41.363  -72.245  -1.521 0.0000000000
17962  -42.066  -71.707  -2.944 0.0000000000
17956  -41.313  -72.166  -2.256 0.0000000000
17961  -40.998  -71.692  -3.316 0.0000000000
131671  -39.388  -71.912  -3.776 0.0000000000
17970  -40.302  -71.688  -3.964 0.0000000000
17039  -40.650  -72.838  -6.342 0.0000000000
17024  -40.141  -72.463  -5.572 0.0000000000
15301  -32.660  -74.117  1.161 0.0000000000
15302  -33.167  -74.343  0.449 0.0000000000
16129  -32.757  -73.570  0.674 0.0000000000
16139  -32.840  -72.857  0.244 0.0000000000
16972  -32.839  -72.030  -0.011 0.0000000000
123839  -40.469  -73.110  6.804 0.0000000000
120389  -40.889  -72.453  6.720 0.0000000000
9710  -37.847  -81.743  -4.075 0.0000000000
15326  -37.877  -74.737  -2.490 0.0000000000
15331  -37.193  -74.471  -3.215 0.0000000000
16170  -36.697  -74.171  -3.898 0.0000000000
16171  -37.075  -73.549  -4.242 0.0000000000
16172  -37.624  -73.139  -4.721 0.0000000000
17005  -38.231  -72.689  -4.646 0.0000000000
124481  -37.417  -79.704  -0.688 0.0000000000
127590  -37.929  -78.090  -0.646 0.0000000000
15313  -36.285  -74.889  -0.365 0.0000000000
136709  -38.456  -74.938  0.427 0.0000000000
139331  -38.945  -74.387  0.578 0.0000000000
134163  -39.600  -74.085  0.449 0.0000000000
16133  -39.814  -73.546  0.351 0.0000000000
134694  -37.458  -82.319  1.037 0.0000000000
10403  -36.857  -80.028  3.382 0.0000000000
11962  -35.836  -78.969  2.937 0.0000000000
12793  -35.033  -77.736  2.721 0.0000000000
136758  -35.001  -77.114  3.282 0.0000000000
13645  -34.676  -76.516  3.451 0.0000000000
14432  -34.335  -75.782  3.608 0.0000000000
11944  -42.188  -78.313  5.821 0.0000000000
11943  -41.522  -78.445  5.415 0.0000000000
12767  -41.320  -77.741  5.682 0.0000000000
138462  -39.973  -76.970  5.521 0.0000000000
13627  -39.645  -76.388  5.609 0.0000000000
16069  -38.024  -73.573  6.042 0.0000000000
16085  -37.234  -73.418  5.738 0.0000000000
16084  -36.542  -73.299  5.506 0.0000000000
16083  -35.757  -73.155  5.304 0.0000000000
16918  -34.780  -72.039  5.378 0.0000000000
17899  -34.180  -71.601  5.258 0.0000000000
10474  -40.973  -80.132  -2.325 0.0000000000
10481  -40.153  -80.172  -3.324 0.0000000000
11232  -40.576  -79.514  -3.068 0.0000000000
12859  -37.611  -77.759  -5.817 0.0000000000
18892  -43.803  -70.791  -3.416 0.0000000000
18891  -43.263  -71.069  -2.811 0.0000000000
17964  -43.409  -71.296  -3.485 0.0000000000
122710  -42.754  -71.554  -3.374 0.0000000000
17972  -42.164  -71.693  -4.109 0.0000000000
17007  -40.659  -72.016  -4.846 0.0000000000
17025  -41.833  -72.377  -5.736 0.0000000000
133461  -41.455  -72.723  -6.386 0.0000000000
12813  -34.868  -77.570  0.068 0.0000000000
12814  -35.419  -77.612  -0.271 0.0000000000
129151  -34.996  -76.869  -0.220 0.0000000000
128422  -34.775  -76.000  -0.245 0.0000000000
14466  -35.461  -75.471  -0.411 0.0000000000
14464  -33.825  -74.854  -0.042 0.0000000000
15312  -34.422  -74.404  -0.339 0.0000000000
124252  -35.322  -74.647  -0.409 0.0000000000
119947  -36.107  -74.007  -0.337 0.0000000000
16143  -36.440  -73.176  -0.207 0.0000000000
16976  -36.673  -72.421  -0.209 0.0000000000
8862  -38.677  -82.971  2.632 0.0000000000
10405  -38.542  -80.736  4.016 0.0000000000
11167  -37.509  -79.563  3.882 0.0000000000
11956  -37.293  -78.817  3.992 0.0000000000
14404  -41.020  -75.563  6.689 0.0000000000
14403  -40.440  -75.311  6.440 0.0000000000
16071  -39.721  -73.219  6.599 0.0000000000
16070  -38.893  -73.357  6.415 0.0000000000
17887  -37.373  -71.780  6.139 0.0000000000
12831  -39.712  -77.159  -2.669 0.0000000000
13698  -38.542  -76.819  -3.196 0.0000000000
133958  -37.699  -76.574  -3.529 0.0000000000
13707  -37.167  -76.719  -4.171 0.0000000000
13717  -36.061  -76.609  -5.273 0.0000000000
15353  -36.041  -74.367  -5.416 0.0000000000
15362  -36.177  -74.241  -6.386 0.0000000000
137451  -36.077  -74.377  -7.180 0.0000000000
15373  -36.741  -74.026  -7.209 0.0000000000
15374  -37.286  -74.008  -7.842 0.0000000000
8895  -39.453  -81.777  -1.559 0.0000000000
8922  -39.169  -82.073  -1.842 0.0000000000
9691  -40.301  -81.358  -1.989 0.0000000000
10466  -40.835  -80.726  -1.955 0.0000000000
11210  -39.903  -79.874  -1.192 0.0000000000
11216  -40.874  -79.934  -1.609 0.0000000000
132838  -41.136  -79.158  -1.590 0.0000000000
12005  -41.336  -78.833  -1.797 0.0000000000
12833  -41.195  -77.973  -1.491 0.0000000000
130160  -36.256  -77.686  -0.526 0.0000000000
126346  -37.440  -75.890  -0.274 0.0000000000
13672  -38.121  -76.462  -0.265 0.0000000000
13682  -40.899  -77.199  -1.117 0.0000000000
14470  -40.133  -75.456  0.158 0.0000000000
15321  -39.977  -74.958  -0.283 0.0000000000
16150  -39.262  -74.292  -1.006 0.0000000000
16159  -39.010  -73.475  -1.673 0.0000000000
8894  -38.860  -82.430  -0.917 0.0000000000
10453  -36.802  -80.278  -0.333 0.0000000000
11201  -36.195  -79.669  -0.178 0.0000000000
8861  -37.776  -82.582  2.361 0.0000000000
9657  -37.142  -82.069  1.810 0.0000000000
127086  -36.236  -80.783  1.619 0.0000000000
10416  -36.301  -80.324  2.498 0.0000000000
10441  -35.793  -79.970  0.756 0.0000000000
11979  -34.918  -78.156  0.396 0.0000000000
12807  -34.438  -77.548  0.711 0.0000000000
13663  -34.049  -76.768  0.725 0.0000000000
14447  -33.172  -75.631  1.408 0.0000000000
13653  -33.887  -76.763  2.294 0.0000000000
15295  -32.445  -74.273  2.000 0.0000000000
16113  -32.369  -73.386  2.280 0.0000000000
11950  -40.395  -78.756  4.816 0.0000000000
11949  -39.557  -78.580  4.662 0.0000000000
11948  -38.717  -78.376  4.521 0.0000000000
133507  -37.577  -77.478  4.451 0.0000000000
140055  -37.296  -76.868  4.532 0.0000000000
14414  -40.009  -75.851  6.003 0.0000000000
14413  -39.309  -75.650  5.753 0.0000000000
15264  -38.277  -74.560  5.748 0.0000000000
13625  -38.008  -75.895  5.184 0.0000000000
13636  -37.356  -76.210  4.777 0.0000000000
13635  -36.659  -76.567  4.440 0.0000000000
13634  -35.877  -76.266  4.316 0.0000000000
14421  -34.837  -75.222  4.209 0.0000000000
15284  -34.030  -74.998  3.748 0.0000000000
16097  -35.165  -73.768  4.802 0.0000000000
16096  -34.197  -73.665  4.537 0.0000000000
15271  -33.622  -74.268  4.019 0.0000000000
16944  -32.866  -73.213  3.768 0.0000000000
16943  -32.665  -72.560  3.562 0.0000000000
9703  -39.023  -81.728  -2.666 0.0000000000
9724  -38.311  -81.634  -4.910 0.0000000000
10480  -39.432  -80.613  -4.261 0.0000000000
9725  -38.945  -81.132  -5.036 0.0000000000
128370  -38.300  -82.272  -5.810 0.0000000000
8962  -38.229  -82.347  -6.163 0.0000000000
12849  -39.863  -78.457  -4.091 0.0000000000
138557  -39.524  -78.710  -4.884 0.0000000000
11259  -39.208  -79.360  -5.826 0.0000000000
12047  -38.686  -79.132  -6.127 0.0000000000
11269  -39.110  -79.936  -6.146 0.0000000000
17938  -32.807  -71.182  -0.085 0.0000000000
119356  -35.220  -71.935  -0.498 0.0000000000
121609  -36.009  -71.965  -0.403 0.0000000000
16977  -37.620  -72.186  0.102 0.0000000000
16978  -38.574  -72.258  0.249 0.0000000000
16968  -40.071  -72.941  0.140 0.0000000000
17945  -39.580  -71.518  -0.485 0.0000000000
125239  -40.166  -72.262  -0.339 0.0000000000
16980  -40.463  -72.776  -0.492 0.0000000000
16993  -39.597  -72.727  -2.070 0.0000000000
18884  -42.869  -70.973  -2.293 0.0000000000
17953  -42.327  -71.515  -1.919 0.0000000000
17952  -41.687  -71.954  -1.505 0.0000000000
139412  -40.253  -72.305  -2.382 0.0000000000
16998  -39.299  -72.218  -2.900 0.0000000000
130854  -38.880  -72.177  -4.452 0.0000000000
17023  -39.061  -72.545  -5.383 0.0000000000
17037  -38.917  -73.021  -6.148 0.0000000000
8963  -38.616  -81.707  -6.186 0.0000000000
9726  -39.297  -80.745  -5.581 0.0000000000
11217  -41.276  -79.746  -1.894 0.0000000000
11970  -34.648  -78.245  1.040 0.0000000000
11980  -35.395  -78.644  0.078 0.0000000000
11987  -35.219  -78.079  -0.052 0.0000000000
12030  -38.169  -78.392  -6.074 0.0000000000
12032  -39.547  -79.242  -5.274 0.0000000000
12774  -39.969  -78.164  4.995 0.0000000000
12817  -40.485  -77.379  -0.613 0.0000000000
13644  -33.885  -76.364  3.102 0.0000000000
13646  -35.379  -76.729  3.768 0.0000000000
13658  -33.584  -76.418  1.442 0.0000000000
15296  -32.845  -74.820  1.290 0.0000000000
15311  -33.737  -74.155  -0.184 0.0000000000
16965  -32.450  -72.318  0.758 0.0000000000
121926  -38.759  -80.364  -6.327 0.0000000000
122023  -38.808  -81.055  -6.365 0.0000000000
123232  -39.532  -80.141  -5.431 0.0000000000
124915  -40.554  -77.312  5.587 0.0000000000
136150  -32.515  -73.929  2.749 0.0000000000
137924  -34.513  -77.034  0.254 0.0000000000
