#!ascii label  , from subject sub-v1s6x0051320_ses-1 vox2ras=TkReg
914
52943  5.093  -33.062  79.707 0.0000000000
41419  2.399  -46.167  70.827 0.0000000000
47453  -0.408  -40.107  80.617 0.0000000000
50190  -3.130  -36.594  76.577 0.0000000000
52994  0.624  -33.377  71.146 0.0000000000
50168  0.961  -35.889  78.988 0.0000000000
127812  -0.457  -33.721  79.867 0.0000000000
52033  7.736  -34.673  78.397 0.0000000000
134709  2.917  -35.674  75.845 0.0000000000
47470  2.432  -41.231  79.537 0.0000000000
56726  -2.286  -29.496  78.347 0.0000000000
51166  -2.559  -35.227  73.218 0.0000000000
57658  -1.287  -28.529  75.604 0.0000000000
43141  -1.667  -44.513  80.474 0.0000000000
44062  -3.037  -43.125  77.157 0.0000000000
132659  -3.496  -38.796  79.396 0.0000000000
54808  -2.009  -31.732  80.088 0.0000000000
131155  -2.874  -42.460  73.007 0.0000000000
45858  -2.129  -41.293  69.622 0.0000000000
47613  -1.550  -39.732  65.742 0.0000000000
54875  -0.897  -30.864  68.171 0.0000000000
52962  2.444  -33.183  77.850 0.0000000000
53852  1.851  -32.103  78.701 0.0000000000
52035  6.425  -34.029  78.895 0.0000000000
52059  5.425  -33.880  75.687 0.0000000000
52961  3.708  -33.402  76.919 0.0000000000
50182  1.746  -36.591  77.410 0.0000000000
121057  -2.231  -28.599  76.814 0.0000000000
124651  -1.078  -42.290  81.304 0.0000000000
45770  -2.423  -41.243  79.739 0.0000000000
127204  -2.153  -39.104  80.274 0.0000000000
54798  -0.061  -31.114  81.460 0.0000000000
122839  -1.851  -33.426  79.522 0.0000000000
46567  1.092  -41.439  80.355 0.0000000000
44885  2.272  -42.630  81.704 0.0000000000
45753  1.360  -42.694  81.773 0.0000000000
43135  0.450  -44.501  82.211 0.0000000000
47515  -3.231  -39.603  77.179 0.0000000000
44934  -2.738  -42.622  75.004 0.0000000000
136023  -2.623  -39.659  74.988 0.0000000000
52095  -1.634  -34.478  72.621 0.0000000000
49249  -1.616  -37.636  71.984 0.0000000000
50238  -0.611  -37.692  70.695 0.0000000000
46725  -1.685  -40.071  67.346 0.0000000000
50262  -0.559  -36.894  68.250 0.0000000000
122990  -0.221  -38.079  79.709 0.0000000000
49173  -0.866  -37.179  80.480 0.0000000000
52021  0.309  -34.910  79.522 0.0000000000
54814  0.679  -31.581  79.719 0.0000000000
128700  9.396  -34.964  77.337 0.0000000000
51148  10.151  -34.579  73.987 0.0000000000
52057  7.666  -33.961  75.644 0.0000000000
51152  4.323  -35.490  74.378 0.0000000000
48327  1.943  -39.234  77.692 0.0000000000
125319  0.901  -38.308  79.011 0.0000000000
52966  -2.709  -33.553  76.962 0.0000000000
126256  -2.956  -36.212  75.160 0.0000000000
53863  -2.328  -32.638  75.235 0.0000000000
54829  -1.355  -31.452  74.577 0.0000000000
55862  -0.235  -30.810  73.846 0.0000000000
126895  5.504  -34.648  81.786 0.0000000000
142103  13.360  -36.749  78.164 0.0000000000
50150  12.618  -36.195  80.454 0.0000000000
50167  8.796  -35.725  79.964 0.0000000000
125074  7.512  -35.353  80.494 0.0000000000
41338  -1.608  -46.094  79.322 0.0000000000
142387  -1.607  -45.149  77.698 0.0000000000
141029  -2.113  -43.526  79.171 0.0000000000
137412  -3.434  -40.563  78.737 0.0000000000
129023  -3.572  -37.191  78.353 0.0000000000
50158  -2.556  -36.171  80.325 0.0000000000
51106  -2.886  -35.798  79.482 0.0000000000
52957  -2.991  -34.192  78.200 0.0000000000
130771  -2.495  -31.157  79.295 0.0000000000
42272  -1.917  -44.626  75.702 0.0000000000
42305  -1.675  -44.267  73.883 0.0000000000
42331  -1.146  -44.086  72.166 0.0000000000
119492  -2.079  -38.609  73.316 0.0000000000
45841  -2.664  -42.053  71.434 0.0000000000
43264  -0.563  -43.576  70.471 0.0000000000
44167  0.251  -42.881  68.508 0.0000000000
128664  1.410  -42.350  66.437 0.0000000000
59297  -0.399  -26.725  74.471 0.0000000000
56784  1.426  -29.245  71.666 0.0000000000
58558  0.210  -27.651  70.405 0.0000000000
53908  0.087  -32.336  69.274 0.0000000000
51243  -1.242  -35.016  66.757 0.0000000000
126801  3.506  -32.565  78.454 0.0000000000
53842  3.444  -32.118  79.417 0.0000000000
53833  4.380  -32.524  80.085 0.0000000000
52942  5.771  -33.555  79.283 0.0000000000
52952  5.019  -32.940  77.666 0.0000000000
52960  4.218  -32.908  77.295 0.0000000000
142000  3.013  -33.623  77.327 0.0000000000
128716  2.368  -48.207  68.547 0.0000000000
41430  2.804  -46.212  69.294 0.0000000000
126081  -0.442  -40.752  81.140 0.0000000000
46558  -1.634  -40.804  80.716 0.0000000000
47454  -0.831  -39.535  80.341 0.0000000000
49209  11.887  -37.478  75.057 0.0000000000
46568  0.342  -40.779  80.488 0.0000000000
46555  1.021  -41.866  80.985 0.0000000000
134082  0.285  -41.537  81.331 0.0000000000
45755  0.095  -42.165  81.623 0.0000000000
49207  -3.251  -37.834  76.769 0.0000000000
47523  -2.708  -39.685  75.914 0.0000000000
49212  -2.980  -37.698  75.800 0.0000000000
137542  -0.169  -34.230  71.944 0.0000000000
51184  -0.508  -36.038  71.697 0.0000000000
51183  0.265  -36.253  71.003 0.0000000000
49258  -0.458  -37.642  69.338 0.0000000000
51211  0.121  -35.551  69.805 0.0000000000
143043  0.399  -37.165  79.264 0.0000000000
50156  -0.143  -36.365  79.791 0.0000000000
51105  0.445  -35.766  79.436 0.0000000000
53844  0.985  -32.234  78.883 0.0000000000
119855  1.381  -30.884  81.673 0.0000000000
51120  8.820  -34.869  77.682 0.0000000000
51130  9.073  -34.658  76.640 0.0000000000
124745  7.710  -34.093  77.121 0.0000000000
52061  4.018  -34.570  75.720 0.0000000000
52060  4.732  -34.447  75.368 0.0000000000
50194  3.078  -36.392  75.215 0.0000000000
49206  2.450  -37.449  76.226 0.0000000000
50177  1.204  -36.035  78.477 0.0000000000
49192  0.942  -37.548  78.284 0.0000000000
49187  0.690  -37.287  79.039 0.0000000000
141220  0.202  -38.516  79.530 0.0000000000
125977  -2.530  -31.277  77.405 0.0000000000
128904  -2.683  -33.012  75.960 0.0000000000
55845  -2.586  -30.654  76.583 0.0000000000
57652  -1.977  -28.569  76.059 0.0000000000
125735  -2.169  -29.749  75.756 0.0000000000
131540  -1.109  -30.078  75.299 0.0000000000
55863  -0.701  -31.345  74.179 0.0000000000
55857  -0.684  -29.729  75.000 0.0000000000
50175  9.941  -35.716  79.304 0.0000000000
131263  -1.543  -45.112  80.412 0.0000000000
136778  -1.762  -44.805  79.220 0.0000000000
44050  -1.788  -43.949  79.489 0.0000000000
46580  -2.947  -40.454  79.466 0.0000000000
45780  -3.139  -41.058  79.107 0.0000000000
47484  -3.823  -39.381  78.985 0.0000000000
47494  -3.660  -39.106  78.550 0.0000000000
48329  -3.771  -38.498  78.873 0.0000000000
122853  -0.765  -35.305  80.539 0.0000000000
50144  -1.378  -36.710  80.788 0.0000000000
128813  -1.360  -35.193  80.552 0.0000000000
53837  -2.163  -32.578  79.452 0.0000000000
52938  -2.057  -34.263  79.556 0.0000000000
52947  -2.383  -33.565  79.147 0.0000000000
52038  -2.947  -35.068  78.412 0.0000000000
52956  -2.731  -33.422  78.616 0.0000000000
53853  -2.688  -32.534  78.471 0.0000000000
131674  -2.358  -31.249  79.859 0.0000000000
127465  9.003  -34.730  72.514 0.0000000000
50212  10.388  -36.464  72.109 0.0000000000
46587  3.304  -41.197  79.061 0.0000000000
45764  4.051  -42.606  79.910 0.0000000000
45765  3.324  -42.394  80.278 0.0000000000
44035  2.156  -43.869  82.252 0.0000000000
44040  2.850  -44.140  81.846 0.0000000000
43137  -1.029  -44.484  81.696 0.0000000000
42247  -1.145  -45.610  81.244 0.0000000000
135193  -2.581  -44.259  77.295 0.0000000000
42261  -2.205  -44.998  76.661 0.0000000000
43155  -2.649  -43.737  76.131 0.0000000000
127493  -2.670  -42.756  74.161 0.0000000000
43180  -2.487  -43.542  74.368 0.0000000000
144795  -2.710  -43.247  73.284 0.0000000000
42320  -1.327  -44.152  72.721 0.0000000000
43231  -2.337  -43.293  72.206 0.0000000000
51153  -2.914  -35.540  74.536 0.0000000000
122129  -2.499  -37.375  74.173 0.0000000000
136063  -2.225  -37.223  73.526 0.0000000000
47570  -1.805  -39.420  70.883 0.0000000000
137949  -2.374  -40.596  71.755 0.0000000000
45846  -2.440  -41.831  70.323 0.0000000000
44121  -2.171  -43.063  70.979 0.0000000000
44152  -1.873  -42.642  69.920 0.0000000000
44134  -0.111  -43.387  69.725 0.0000000000
119565  -1.607  -42.091  68.873 0.0000000000
131032  -1.712  -39.638  66.650 0.0000000000
45003  -0.328  -41.783  66.837 0.0000000000
45885  -0.730  -41.077  65.783 0.0000000000
121174  -0.068  -26.154  73.542 0.0000000000
58534  0.741  -27.570  73.624 0.0000000000
58542  0.903  -27.591  72.568 0.0000000000
56796  -0.892  -29.102  68.360 0.0000000000
55886  -0.247  -29.681  69.052 0.0000000000
55885  0.436  -29.945  69.615 0.0000000000
137335  -0.689  -31.528  68.407 0.0000000000
53024  -1.052  -33.634  68.006 0.0000000000
53025  -1.457  -33.189  67.385 0.0000000000
51112  1.290  -35.394  78.482 0.0000000000
52029  1.216  -34.206  78.875 0.0000000000
53851  2.271  -32.600  78.297 0.0000000000
52034  7.123  -34.467  78.688 0.0000000000
52042  6.935  -33.858  77.050 0.0000000000
52950  6.659  -33.648  77.875 0.0000000000
52965  4.680  -33.294  76.731 0.0000000000
51131  3.331  -34.922  76.170 0.0000000000
50189  2.185  -36.564  76.757 0.0000000000
52052  3.007  -34.412  76.851 0.0000000000
51122  2.201  -35.134  77.294 0.0000000000
126244  -2.311  -27.855  78.954 0.0000000000
56733  -2.340  -29.401  77.227 0.0000000000
58494  -2.269  -27.745  78.129 0.0000000000
58501  -2.182  -27.262  77.365 0.0000000000
125466  -1.979  -26.134  77.034 0.0000000000
137354  -1.626  -43.461  80.945 0.0000000000
44892  -1.794  -42.883  80.480 0.0000000000
124633  -1.687  -42.174  80.819 0.0000000000
46569  -2.198  -40.619  80.036 0.0000000000
133196  -2.903  -38.966  79.904 0.0000000000
53846  -0.307  -32.385  79.640 0.0000000000
52937  -1.171  -33.508  79.757 0.0000000000
53835  -0.825  -32.163  80.009 0.0000000000
127361  -1.289  -31.820  80.285 0.0000000000
54807  -1.342  -31.254  80.599 0.0000000000
55812  -2.069  -30.819  80.338 0.0000000000
46566  1.867  -41.654  80.534 0.0000000000
45756  2.566  -42.332  81.403 0.0000000000
46554  1.861  -41.991  81.006 0.0000000000
44886  1.860  -42.694  81.753 0.0000000000
44036  1.590  -43.674  82.365 0.0000000000
131463  0.957  -44.250  82.466 0.0000000000
44038  0.623  -43.710  82.304 0.0000000000
44887  -0.533  -43.025  81.731 0.0000000000
45805  -3.085  -41.065  77.217 0.0000000000
44929  -2.890  -42.474  75.963 0.0000000000
132170  -2.683  -40.969  76.132 0.0000000000
132169  -2.596  -41.169  75.086 0.0000000000
132168  -2.611  -41.414  74.114 0.0000000000
52096  -2.269  -34.818  72.766 0.0000000000
50225  -1.947  -36.332  72.866 0.0000000000
137208  -1.844  -36.106  72.501 0.0000000000
49253  -1.097  -38.161  71.217 0.0000000000
131887  -1.443  -39.587  70.055 0.0000000000
46713  -1.891  -40.744  68.921 0.0000000000
48408  -1.107  -39.302  68.503 0.0000000000
141520  -0.771  -38.614  67.968 0.0000000000
119629  -0.936  -38.014  67.255 0.0000000000
135698  -1.172  -30.522  67.714 0.0000000000
53931  -1.637  -32.337  67.040 0.0000000000
53950  -1.486  -32.281  65.762 0.0000000000
47462  -0.287  -39.729  80.057 0.0000000000
119539  -0.977  -37.909  80.358 0.0000000000
49182  -0.609  -37.342  80.055 0.0000000000
120787  -0.472  -36.280  80.390 0.0000000000
52022  -0.301  -34.662  80.030 0.0000000000
52030  0.766  -34.120  79.287 0.0000000000
52945  0.432  -33.142  79.097 0.0000000000
52946  -0.066  -33.029  79.468 0.0000000000
54805  0.285  -31.500  80.878 0.0000000000
51128  11.040  -35.073  76.514 0.0000000000
119385  11.557  -35.444  75.370 0.0000000000
51136  9.691  -34.592  75.739 0.0000000000
52048  7.114  -33.743  76.184 0.0000000000
52072  6.351  -34.080  74.594 0.0000000000
51165  5.401  -35.508  73.677 0.0000000000
47492  3.153  -40.662  77.970 0.0000000000
47493  2.034  -40.179  78.201 0.0000000000
48337  1.596  -38.211  77.627 0.0000000000
48328  1.228  -38.891  78.211 0.0000000000
47471  1.480  -40.816  79.634 0.0000000000
47472  0.696  -40.149  79.617 0.0000000000
47461  0.206  -40.280  79.882 0.0000000000
51133  -2.979  -35.658  76.789 0.0000000000
50195  -3.082  -36.845  75.825 0.0000000000
52063  -2.886  -34.615  75.625 0.0000000000
52062  -2.833  -33.993  75.108 0.0000000000
52975  -2.407  -33.408  74.656 0.0000000000
132373  -2.491  -30.131  76.057 0.0000000000
54830  -1.975  -31.932  74.724 0.0000000000
53872  -1.809  -33.039  73.652 0.0000000000
53871  -1.317  -32.668  73.628 0.0000000000
54841  -0.549  -32.282  73.474 0.0000000000
54840  0.280  -31.689  72.998 0.0000000000
52020  5.149  -34.109  81.131 0.0000000000
50181  12.912  -36.334  76.821 0.0000000000
125860  15.185  -37.689  80.400 0.0000000000
50136  13.745  -36.742  81.323 0.0000000000
129414  14.006  -37.027  79.728 0.0000000000
50162  13.292  -36.431  79.691 0.0000000000
124973  12.264  -35.875  78.914 0.0000000000
51109  11.768  -35.597  77.689 0.0000000000
122875  8.956  -35.217  78.453 0.0000000000
122856  8.367  -35.287  79.261 0.0000000000
51101  8.132  -35.542  80.146 0.0000000000
51102  7.676  -35.164  79.745 0.0000000000
52027  6.663  -34.743  80.246 0.0000000000
52019  5.816  -34.713  80.727 0.0000000000
125775  -1.784  -44.476  78.719 0.0000000000
44054  -2.593  -42.984  77.965 0.0000000000
44900  -2.450  -42.672  79.257 0.0000000000
44909  -2.803  -42.229  78.451 0.0000000000
45796  -3.037  -41.495  77.807 0.0000000000
142448  -3.264  -39.902  77.707 0.0000000000
48347  -3.319  -38.673  77.211 0.0000000000
133585  -3.500  -36.828  77.885 0.0000000000
124695  -1.359  -37.966  80.419 0.0000000000
49175  -1.952  -37.722  80.473 0.0000000000
50159  -2.906  -36.800  79.999 0.0000000000
52024  -1.740  -34.742  80.150 0.0000000000
51099  -2.669  -35.669  79.964 0.0000000000
50169  -3.338  -36.797  79.372 0.0000000000
50178  -3.476  -36.443  78.635 0.0000000000
119765  -3.530  -36.146  78.010 0.0000000000
51124  -3.277  -35.611  77.670 0.0000000000
52044  -3.030  -34.249  77.565 0.0000000000
54821  -2.615  -32.017  77.795 0.0000000000
55828  -2.434  -30.551  78.737 0.0000000000
133575  -2.199  -30.013  80.089 0.0000000000
56711  -2.168  -29.181  79.777 0.0000000000
57632  -2.242  -28.418  79.385 0.0000000000
43142  4.442  -44.887  79.929 0.0000000000
44883  3.285  -43.216  81.103 0.0000000000
43164  -2.563  -43.687  75.204 0.0000000000
130727  -1.875  -44.436  74.753 0.0000000000
43226  1.124  -44.370  71.583 0.0000000000
49222  -2.701  -37.816  74.917 0.0000000000
47530  -2.374  -39.670  73.973 0.0000000000
141980  -2.646  -40.040  73.312 0.0000000000
48391  -1.761  -38.310  72.575 0.0000000000
47554  -2.657  -40.041  72.853 0.0000000000
44957  -2.640  -42.433  72.169 0.0000000000
44110  -2.215  -43.190  71.533 0.0000000000
43247  -0.924  -43.838  71.099 0.0000000000
43245  1.545  -44.246  70.967 0.0000000000
43261  2.416  -44.218  69.790 0.0000000000
44991  -1.349  -41.883  68.084 0.0000000000
44989  0.950  -42.720  67.208 0.0000000000
60081  -1.875  -25.285  76.909 0.0000000000
120780  -1.400  -24.819  76.279 0.0000000000
59298  -0.758  -26.976  75.233 0.0000000000
57672  0.558  -28.414  74.226 0.0000000000
55869  1.250  -30.200  72.478 0.0000000000
128791  1.273  -32.190  71.232 0.0000000000
57682  1.241  -28.449  71.250 0.0000000000
55884  1.244  -30.640  70.132 0.0000000000
53008  0.657  -33.138  70.159 0.0000000000
53010  -0.207  -33.844  69.049 0.0000000000
50274  -0.932  -36.148  67.302 0.0000000000
49292  -1.551  -37.434  65.944 0.0000000000
121788  -1.260  -37.032  65.606 0.0000000000
53841  4.283  -32.737  79.064 0.0000000000
132376  5.070  -33.023  78.660 0.0000000000
53850  4.264  -32.749  78.045 0.0000000000
40352  2.419  -46.961  70.293 0.0000000000
133258  2.490  -47.126  69.468 0.0000000000
40372  2.474  -47.502  68.609 0.0000000000
41418  2.594  -46.244  70.033 0.0000000000
134706  -1.083  -40.204  80.696 0.0000000000
50186  12.485  -36.444  76.138 0.0000000000
49204  12.275  -37.413  75.742 0.0000000000
50187  12.167  -36.407  75.416 0.0000000000
47452  -0.193  -40.164  80.488 0.0000000000
133597  0.675  -41.350  80.989 0.0000000000
46556  0.127  -40.589  81.037 0.0000000000
48353  -2.987  -38.489  76.219 0.0000000000
131311  -3.203  -37.263  76.432 0.0000000000
52995  0.123  -33.655  72.079 0.0000000000
52105  0.265  -34.667  71.441 0.0000000000
52117  0.432  -35.206  70.641 0.0000000000
52116  0.535  -34.077  70.486 0.0000000000
50155  0.504  -36.567  79.253 0.0000000000
51121  8.266  -34.951  78.423 0.0000000000
52040  8.111  -34.496  77.779 0.0000000000
51139  3.529  -35.373  75.487 0.0000000000
50188  2.581  -36.457  75.987 0.0000000000
127540  0.926  -36.596  78.772 0.0000000000
55837  -2.407  -30.328  77.574 0.0000000000
58517  -1.573  -27.973  76.051 0.0000000000
56751  -1.891  -29.201  75.662 0.0000000000
57666  -0.835  -28.830  75.034 0.0000000000
43143  -1.684  -44.565  79.740 0.0000000000
130664  -1.745  -44.020  80.185 0.0000000000
47473  -3.372  -39.619  79.401 0.0000000000
46588  -3.612  -40.188  79.055 0.0000000000
48322  -3.506  -38.107  79.392 0.0000000000
51097  -1.217  -35.904  81.040 0.0000000000
52023  -1.005  -34.436  80.275 0.0000000000
52948  -2.646  -34.330  78.732 0.0000000000
53847  -2.534  -32.762  79.067 0.0000000000
54816  -2.431  -31.915  79.328 0.0000000000
46578  2.910  -41.551  79.594 0.0000000000
45778  2.975  -41.999  79.896 0.0000000000
43133  1.909  -44.619  82.664 0.0000000000
43132  2.647  -44.881  82.398 0.0000000000
137867  -1.676  -44.101  81.025 0.0000000000
42244  -0.818  -45.291  81.806 0.0000000000
43140  -1.438  -44.865  81.209 0.0000000000
43152  -2.905  -43.813  76.924 0.0000000000
43151  -2.628  -44.340  76.793 0.0000000000
44944  -2.757  -42.297  73.726 0.0000000000
44098  -2.828  -42.897  73.428 0.0000000000
43213  -2.506  -43.446  72.912 0.0000000000
44103  -2.736  -43.042  72.686 0.0000000000
52087  -2.588  -34.969  73.997 0.0000000000
130740  -2.617  -35.761  73.774 0.0000000000
51167  -2.364  -36.016  73.217 0.0000000000
46700  -1.808  -40.199  70.267 0.0000000000
46701  -2.295  -41.048  70.413 0.0000000000
45850  -2.228  -41.874  69.867 0.0000000000
133186  -1.608  -42.465  69.331 0.0000000000
44980  -1.973  -41.983  69.500 0.0000000000
45886  -1.273  -40.703  65.862 0.0000000000
142092  -1.230  -40.253  65.416 0.0000000000
123220  -0.478  -24.746  73.823 0.0000000000
60116  -0.267  -25.313  73.259 0.0000000000
119639  0.432  -26.718  72.830 0.0000000000
55896  -0.718  -29.972  68.415 0.0000000000
56793  -0.554  -29.123  68.952 0.0000000000
143713  -0.609  -30.554  68.498 0.0000000000
128305  -0.219  -30.358  68.886 0.0000000000
53918  -0.842  -32.215  68.162 0.0000000000
53919  -1.218  -32.260  67.629 0.0000000000
52036  1.729  -34.857  77.937 0.0000000000
52954  1.701  -33.846  78.220 0.0000000000
52051  3.890  -34.039  76.348 0.0000000000
51132  2.567  -35.547  76.598 0.0000000000
52043  2.354  -34.181  77.541 0.0000000000
58487  -2.129  -27.094  78.862 0.0000000000
59263  -1.570  -26.481  78.269 0.0000000000
59273  -1.729  -26.428  77.519 0.0000000000
143133  -2.047  -26.728  77.264 0.0000000000
44891  -1.373  -42.922  81.154 0.0000000000
47464  -1.813  -39.971  80.272 0.0000000000
47465  -2.585  -39.796  79.889 0.0000000000
54815  -0.156  -31.770  79.972 0.0000000000
54806  -0.598  -31.524  80.710 0.0000000000
54799  -0.714  -30.957  81.159 0.0000000000
55811  -1.285  -30.536  80.774 0.0000000000
46579  1.109  -41.135  79.941 0.0000000000
45759  1.060  -42.120  81.280 0.0000000000
45758  1.729  -42.309  81.420 0.0000000000
44880  1.450  -43.129  82.083 0.0000000000
44037  1.144  -43.593  82.370 0.0000000000
44881  0.862  -43.088  82.130 0.0000000000
141151  -0.366  -42.382  81.583 0.0000000000
44045  -1.164  -43.662  81.500 0.0000000000
137645  -2.970  -40.822  76.902 0.0000000000
130875  -2.958  -41.607  76.599 0.0000000000
46617  -2.870  -40.149  76.565 0.0000000000
130303  -2.748  -39.062  75.593 0.0000000000
46627  -2.608  -40.333  75.580 0.0000000000
46638  -2.531  -40.458  74.527 0.0000000000
52107  -1.605  -35.493  72.389 0.0000000000
51198  -0.481  -36.885  71.102 0.0000000000
50239  -1.266  -37.262  71.583 0.0000000000
48403  -1.324  -38.925  70.595 0.0000000000
49259  -0.757  -38.462  70.142 0.0000000000
123750  -1.082  -39.160  69.604 0.0000000000
50250  -0.356  -36.607  69.127 0.0000000000
49266  -0.562  -37.893  68.150 0.0000000000
50263  -0.806  -37.208  67.459 0.0000000000
55901  -1.170  -29.705  67.840 0.0000000000
55911  -1.087  -30.396  67.162 0.0000000000
55922  -1.154  -31.198  66.743 0.0000000000
48305  -0.366  -38.945  79.842 0.0000000000
49172  -0.721  -37.963  80.054 0.0000000000
50157  -0.556  -36.757  80.237 0.0000000000
51095  -0.216  -35.643  80.014 0.0000000000
52944  1.124  -33.304  78.744 0.0000000000
52935  0.200  -33.964  79.567 0.0000000000
53845  0.249  -32.218  79.402 0.0000000000
51119  10.075  -35.249  77.461 0.0000000000
51129  9.930  -34.866  76.582 0.0000000000
52056  8.380  -34.305  76.136 0.0000000000
51137  8.865  -34.477  75.603 0.0000000000
52070  8.137  -34.281  75.177 0.0000000000
119450  6.234  -33.626  76.255 0.0000000000
52074  4.726  -34.897  74.833 0.0000000000
52073  5.426  -34.380  74.860 0.0000000000
51151  4.976  -35.084  74.144 0.0000000000
51150  5.764  -34.761  73.972 0.0000000000
50203  3.991  -36.302  73.972 0.0000000000
49211  3.883  -37.990  74.457 0.0000000000
47503  2.635  -39.931  77.431 0.0000000000
47481  2.821  -40.892  78.760 0.0000000000
142606  2.054  -35.902  77.187 0.0000000000
47483  1.314  -39.466  78.996 0.0000000000
143142  1.167  -40.037  79.399 0.0000000000
48321  0.705  -39.028  79.410 0.0000000000
48314  0.100  -39.152  79.662 0.0000000000
52053  -2.839  -34.594  76.616 0.0000000000
53860  -2.574  -32.280  76.117 0.0000000000
135299  -2.638  -33.354  75.395 0.0000000000
136041  -2.457  -29.969  76.697 0.0000000000
56740  -2.302  -29.353  76.223 0.0000000000
138065  -1.475  -30.586  75.150 0.0000000000
55859  -2.002  -31.125  75.205 0.0000000000
53866  -2.075  -32.731  74.204 0.0000000000
54834  -1.660  -32.289  74.040 0.0000000000
54832  -0.348  -31.523  73.597 0.0000000000
53880  0.120  -32.572  72.975 0.0000000000
48332  13.325  -38.201  77.820 0.0000000000
47497  12.743  -39.411  77.202 0.0000000000
49196  13.309  -37.393  77.758 0.0000000000
50180  13.144  -36.273  77.712 0.0000000000
50137  12.619  -36.339  81.441 0.0000000000
50127  13.257  -36.373  82.029 0.0000000000
50149  13.477  -36.621  80.571 0.0000000000
49180  14.373  -37.091  80.484 0.0000000000
50172  12.524  -35.743  78.138 0.0000000000
50173  11.539  -35.760  78.540 0.0000000000
50166  9.575  -35.841  80.046 0.0000000000
50176  9.247  -35.487  79.261 0.0000000000
51093  7.910  -35.625  80.764 0.0000000000
51103  7.210  -34.786  79.546 0.0000000000
122958  7.198  -35.010  80.213 0.0000000000
51089  6.059  -35.197  81.228 0.0000000000
139844  6.210  -35.092  80.799 0.0000000000
52933  5.573  -33.735  80.230 0.0000000000
40267  -1.538  -47.092  79.390 0.0000000000
43146  -1.797  -44.289  79.108 0.0000000000
44053  -2.106  -43.866  78.631 0.0000000000
143815  -2.391  -43.452  78.327 0.0000000000
127393  -2.037  -42.026  80.170 0.0000000000
44894  -2.115  -42.568  79.890 0.0000000000
45779  -2.497  -41.896  79.505 0.0000000000
131147  -2.936  -41.794  79.026 0.0000000000
124328  -3.174  -41.278  78.614 0.0000000000
131489  -3.144  -40.616  77.935 0.0000000000
48338  -3.520  -38.505  78.126 0.0000000000
47504  -3.367  -39.253  77.861 0.0000000000
49200  -3.466  -37.716  77.723 0.0000000000
48307  -1.093  -38.710  80.238 0.0000000000
49174  -1.397  -37.352  80.538 0.0000000000
136669  -1.925  -36.236  80.775 0.0000000000
50145  -2.141  -36.915  80.424 0.0000000000
49176  -2.665  -37.545  80.189 0.0000000000
135623  -1.549  -34.078  79.816 0.0000000000
138369  -2.542  -35.345  79.558 0.0000000000
119660  -2.984  -36.186  79.778 0.0000000000
121031  -3.213  -36.184  79.303 0.0000000000
51113  -3.341  -35.675  78.249 0.0000000000
119580  -3.192  -34.933  77.923 0.0000000000
129967  -3.078  -34.988  77.349 0.0000000000
54818  -2.540  -31.484  78.483 0.0000000000
135179  -1.737  -30.111  80.452 0.0000000000
123170  11.120  -35.028  74.822 0.0000000000
51146  11.517  -35.552  74.517 0.0000000000
51147  11.122  -35.075  73.892 0.0000000000
44888  4.230  -43.220  80.102 0.0000000000
44046  4.575  -43.629  79.777 0.0000000000
44890  3.118  -42.516  81.091 0.0000000000
44884  2.789  -42.727  81.566 0.0000000000
41336  -1.554  -46.458  79.931 0.0000000000
143942  -1.737  -45.359  76.243 0.0000000000
126735  -1.307  -46.161  76.343 0.0000000000
42271  -1.393  -45.281  75.483 0.0000000000
44080  -2.810  -43.029  75.467 0.0000000000
140986  -2.707  -43.397  75.521 0.0000000000
44088  -2.662  -43.206  74.730 0.0000000000
43179  -2.205  -43.875  74.101 0.0000000000
42286  -1.346  -44.768  74.633 0.0000000000
42304  -1.072  -44.527  73.470 0.0000000000
43211  -1.648  -43.839  72.270 0.0000000000
42319  -0.713  -44.455  72.862 0.0000000000
43210  -0.385  -44.307  72.230 0.0000000000
42330  0.645  -44.592  72.243 0.0000000000
43228  -0.899  -44.045  71.636 0.0000000000
134850  -2.722  -37.081  75.043 0.0000000000
49233  -2.235  -38.006  73.712 0.0000000000
136476  -2.500  -38.265  74.352 0.0000000000
48380  -2.281  -38.821  73.831 0.0000000000
124572  -2.450  -39.352  73.338 0.0000000000
49243  -1.748  -37.125  72.758 0.0000000000
123253  -2.537  -41.198  71.398 0.0000000000
47563  -2.305  -40.052  72.158 0.0000000000
46678  -2.491  -40.771  72.235 0.0000000000
45833  -2.601  -41.605  72.132 0.0000000000
44111  -2.493  -42.949  71.846 0.0000000000
135276  -2.547  -42.577  71.472 0.0000000000
44119  -1.216  -43.498  70.682 0.0000000000
43248  -1.466  -43.595  71.126 0.0000000000
127021  -0.201  -43.803  70.863 0.0000000000
43246  0.708  -43.885  70.970 0.0000000000
43244  2.192  -44.560  70.509 0.0000000000
43263  0.311  -43.601  70.323 0.0000000000
44150  0.441  -43.146  68.958 0.0000000000
44166  0.870  -42.958  68.144 0.0000000000
47597  -1.672  -40.136  68.098 0.0000000000
44992  -1.746  -41.494  68.668 0.0000000000
45865  -1.503  -41.205  67.700 0.0000000000
45002  0.508  -42.130  66.430 0.0000000000
45001  1.704  -42.678  67.014 0.0000000000
60093  -0.885  -25.182  75.415 0.0000000000
59290  -0.858  -26.110  75.201 0.0000000000
57665  -0.268  -28.371  74.633 0.0000000000
58527  0.059  -27.631  74.316 0.0000000000
57671  1.053  -28.422  73.297 0.0000000000
56779  1.217  -29.300  72.829 0.0000000000
54839  1.249  -31.086  72.319 0.0000000000
54848  1.527  -31.314  71.141 0.0000000000
57686  -0.066  -28.430  70.043 0.0000000000
58552  0.343  -26.998  71.088 0.0000000000
58557  0.740  -27.827  70.973 0.0000000000
57685  0.769  -28.460  70.631 0.0000000000
55895  0.420  -31.004  69.318 0.0000000000
54873  0.449  -31.809  69.439 0.0000000000
54858  1.158  -31.735  70.079 0.0000000000
135133  0.370  -32.898  69.563 0.0000000000
53009  0.363  -33.601  69.629 0.0000000000
132792  -0.110  -33.022  69.136 0.0000000000
52137  -1.203  -34.216  67.498 0.0000000000
52131  -0.855  -34.476  68.168 0.0000000000
51234  -0.909  -35.145  67.722 0.0000000000
136029  -1.335  -36.999  66.564 0.0000000000
132038  -1.368  -35.971  66.399 0.0000000000
53030  -1.594  -33.690  66.182 0.0000000000
53856  2.848  -32.680  78.121 0.0000000000
53834  3.616  -32.005  80.474 0.0000000000
52951  5.846  -33.311  78.256 0.0000000000
52953  3.435  -32.925  77.630 0.0000000000
123565  2.650  -46.824  68.761 0.0000000000
45760  -0.608  -41.637  81.366 0.0000000000
45768  -1.467  -41.528  81.064 0.0000000000
46557  -1.131  -40.960  81.118 0.0000000000
47455  -1.400  -39.291  80.301 0.0000000000
45754  0.724  -42.485  81.681 0.0000000000
137000  -2.957  -39.276  76.512 0.0000000000
52996  -0.620  -34.122  72.545 0.0000000000
52106  -0.549  -35.023  72.137 0.0000000000
140260  0.103  -35.603  71.514 0.0000000000
129346  -0.314  -37.139  70.140 0.0000000000
51212  -0.055  -36.439  69.997 0.0000000000
133878  -0.273  -35.730  69.012 0.0000000000
123684  -0.119  -37.141  79.637 0.0000000000
54813  1.534  -31.581  79.442 0.0000000000
54804  1.270  -31.206  80.361 0.0000000000
126198  1.740  -31.072  80.937 0.0000000000
52046  8.426  -34.291  77.046 0.0000000000
52047  7.914  -34.048  76.465 0.0000000000
52050  4.670  -33.891  75.990 0.0000000000
51138  4.179  -35.083  75.131 0.0000000000
50204  3.701  -35.868  74.777 0.0000000000
48346  2.585  -38.546  76.391 0.0000000000
48336  2.250  -38.877  77.112 0.0000000000
50183  1.235  -36.581  78.058 0.0000000000
49199  1.459  -37.276  77.651 0.0000000000
49181  0.393  -37.906  79.380 0.0000000000
121405  -2.506  -32.108  76.979 0.0000000000
52963  -2.618  -32.827  76.656 0.0000000000
54823  -2.615  -31.442  76.368 0.0000000000
56761  -1.648  -29.869  75.503 0.0000000000
55858  -0.752  -30.640  74.701 0.0000000000
140993  -0.032  -30.043  74.355 0.0000000000
49191  13.659  -37.348  78.327 0.0000000000
120340  11.786  -36.078  80.988 0.0000000000
50174  10.591  -35.852  78.914 0.0000000000
51094  6.738  -35.244  80.831 0.0000000000
42250  -1.624  -45.426  79.675 0.0000000000
144148  -1.884  -43.933  79.035 0.0000000000
132014  -3.490  -39.836  78.468 0.0000000000
49193  -3.646  -37.795  78.557 0.0000000000
50143  -0.760  -36.508  80.763 0.0000000000
51098  -2.064  -35.526  80.455 0.0000000000
52939  -2.367  -34.670  79.296 0.0000000000
52031  -2.608  -35.248  78.997 0.0000000000
51161  10.172  -35.138  72.908 0.0000000000
132255  3.452  -41.624  79.253 0.0000000000
45777  3.659  -42.120  79.563 0.0000000000
44889  3.623  -42.943  80.500 0.0000000000
132389  -0.120  -44.861  81.938 0.0000000000
42243  -0.234  -45.590  82.182 0.0000000000
42248  -1.329  -45.977  80.504 0.0000000000
42258  -2.262  -44.800  77.336 0.0000000000
41351  -1.897  -45.521  77.237 0.0000000000
43154  -2.296  -44.150  75.936 0.0000000000
127175  -2.605  -43.172  73.888 0.0000000000
43196  -2.463  -43.487  73.611 0.0000000000
43195  -2.165  -43.782  73.293 0.0000000000
42321  -1.726  -44.031  72.984 0.0000000000
43212  -2.091  -43.638  72.552 0.0000000000
50205  -2.698  -36.396  74.336 0.0000000000
50216  -2.444  -36.551  73.628 0.0000000000
48397  -1.552  -38.564  71.531 0.0000000000
47562  -1.861  -39.306  71.937 0.0000000000
46689  -2.199  -40.265  71.213 0.0000000000
144584  -2.626  -41.739  70.851 0.0000000000
44963  -2.590  -42.320  70.927 0.0000000000
44970  -2.343  -42.494  70.536 0.0000000000
44137  -2.067  -42.860  70.470 0.0000000000
44136  -1.556  -43.132  70.294 0.0000000000
44151  -1.274  -42.943  69.574 0.0000000000
133464  -0.459  -43.077  69.093 0.0000000000
44979  -1.101  -42.560  68.656 0.0000000000
119325  -1.660  -39.524  67.231 0.0000000000
45877  -1.549  -40.589  67.344 0.0000000000
46735  -1.568  -40.267  66.584 0.0000000000
45875  -0.894  -41.318  66.297 0.0000000000
140462  -0.186  -41.527  66.077 0.0000000000
60104  -0.513  -25.540  74.323 0.0000000000
59305  0.278  -26.924  73.816 0.0000000000
57678  1.279  -28.417  72.161 0.0000000000
57687  -0.478  -28.407  69.479 0.0000000000
56790  -0.248  -29.111  69.671 0.0000000000
56789  0.497  -29.180  70.248 0.0000000000
136605  -0.454  -30.979  68.687 0.0000000000
54874  -0.174  -31.650  69.008 0.0000000000
53016  -0.721  -33.121  68.524 0.0000000000
53017  -1.084  -32.873  67.945 0.0000000000
52037  1.374  -34.673  78.527 0.0000000000
52955  1.700  -32.827  78.424 0.0000000000
52041  7.458  -34.144  77.856 0.0000000000
142107  6.262  -33.559  76.941 0.0000000000
52959  5.732  -33.287  77.297 0.0000000000
52049  5.499  -33.534  76.441 0.0000000000
51123  1.623  -35.785  77.827 0.0000000000
57638  -2.309  -28.536  78.635 0.0000000000
128496  -2.260  -28.633  77.759 0.0000000000
57645  -2.219  -27.984  77.348 0.0000000000
59274  -2.085  -26.969  77.897 0.0000000000
58509  -2.004  -27.750  76.721 0.0000000000
59283  -2.056  -26.771  77.064 0.0000000000
58508  -1.405  -27.149  76.426 0.0000000000
137839  -1.742  -43.590  80.502 0.0000000000
45769  -1.934  -41.404  80.492 0.0000000000
48315  -3.113  -38.188  79.899 0.0000000000
52936  -0.741  -32.894  79.625 0.0000000000
53836  -1.502  -32.555  79.737 0.0000000000
136209  2.037  -41.300  79.913 0.0000000000
46565  2.436  -41.731  80.274 0.0000000000
45767  2.329  -42.036  81.062 0.0000000000
45757  2.182  -42.336  81.464 0.0000000000
44879  1.893  -43.119  81.992 0.0000000000
133713  1.363  -44.127  82.562 0.0000000000
44882  0.222  -42.753  81.927 0.0000000000
134298  0.241  -43.259  82.147 0.0000000000
44042  -0.209  -43.918  82.042 0.0000000000
44923  -3.182  -42.433  76.817 0.0000000000
130305  -2.735  -41.819  75.565 0.0000000000
130304  -2.684  -42.074  74.558 0.0000000000
45826  -2.734  -41.642  73.352 0.0000000000
52086  -2.384  -34.314  73.322 0.0000000000
51175  -2.226  -35.639  72.807 0.0000000000
50231  -1.697  -36.769  72.276 0.0000000000
51185  -1.425  -36.445  71.961 0.0000000000
125113  -1.911  -40.653  69.505 0.0000000000
45857  -1.982  -41.304  69.208 0.0000000000
142861  -1.384  -39.639  69.283 0.0000000000
47580  -1.628  -40.052  68.802 0.0000000000
125999  -1.471  -39.609  67.963 0.0000000000
138186  -0.680  -38.591  68.909 0.0000000000
48416  -1.280  -38.898  67.333 0.0000000000
48424  -1.672  -38.933  66.391 0.0000000000
49293  -1.508  -38.066  66.480 0.0000000000
55902  -1.100  -30.977  67.777 0.0000000000
54911  -1.263  -31.611  67.408 0.0000000000
54927  -1.525  -31.715  66.850 0.0000000000
54942  -1.194  -31.622  65.598 0.0000000000
41407  2.077  -46.128  71.655 0.0000000000
47463  -0.579  -39.488  80.176 0.0000000000
48306  -0.713  -38.726  80.028 0.0000000000
51096  -0.575  -35.991  80.714 0.0000000000
51104  0.996  -35.003  79.114 0.0000000000
130005  0.889  -30.861  81.359 0.0000000000
51117  11.755  -35.612  76.928 0.0000000000
51127  11.932  -35.745  76.125 0.0000000000
51135  10.688  -34.733  75.661 0.0000000000
120066  10.406  -34.677  74.807 0.0000000000
125144  9.485  -34.378  74.803 0.0000000000
137309  8.720  -34.223  74.742 0.0000000000
51163  7.035  -34.965  73.032 0.0000000000
141014  6.919  -33.712  75.231 0.0000000000
52058  6.201  -33.748  75.429 0.0000000000
52071  7.292  -34.138  74.591 0.0000000000
52085  6.649  -34.636  73.846 0.0000000000
51164  6.150  -35.477  73.303 0.0000000000
47502  3.573  -40.322  77.250 0.0000000000
49198  2.010  -37.619  77.028 0.0000000000
47482  1.822  -40.575  79.075 0.0000000000
129434  -3.038  -36.034  75.923 0.0000000000
144550  -2.832  -35.279  76.052 0.0000000000
51140  -3.023  -35.379  75.296 0.0000000000
52969  -2.842  -33.741  75.997 0.0000000000
52076  -2.986  -34.747  74.777 0.0000000000
52075  -2.541  -34.171  74.267 0.0000000000
121374  -2.533  -30.859  75.852 0.0000000000
55852  -2.138  -30.353  75.545 0.0000000000
54826  -2.349  -31.707  75.591 0.0000000000
52981  -2.160  -33.549  73.807 0.0000000000
52989  -2.010  -33.622  73.217 0.0000000000
131279  -2.113  -34.095  72.826 0.0000000000
52988  -1.400  -33.753  73.043 0.0000000000
54833  -0.994  -31.996  73.972 0.0000000000
53881  -0.831  -33.045  73.355 0.0000000000
53888  -0.253  -33.419  72.882 0.0000000000
53887  0.683  -32.872  72.006 0.0000000000
52934  4.928  -33.199  80.650 0.0000000000
52016  4.876  -34.153  81.897 0.0000000000
142214  13.670  -36.943  79.099 0.0000000000
50171  13.129  -36.289  78.739 0.0000000000
50163  12.482  -36.034  79.591 0.0000000000
51116  12.537  -35.766  77.303 0.0000000000
51118  11.051  -35.434  77.324 0.0000000000
51111  9.791  -35.503  78.441 0.0000000000
121862  9.332  -35.238  77.864 0.0000000000
50153  9.459  -35.765  80.878 0.0000000000
143398  9.087  -35.795  80.377 0.0000000000
50154  8.579  -35.721  80.695 0.0000000000
123931  7.678  -34.964  78.955 0.0000000000
121703  6.767  -34.487  79.444 0.0000000000
52028  6.262  -34.176  79.875 0.0000000000
42252  -1.659  -45.356  78.873 0.0000000000
42255  -1.547  -44.825  78.059 0.0000000000
43149  -2.069  -44.277  77.976 0.0000000000
44061  -2.495  -43.684  77.768 0.0000000000
44047  -1.937  -43.339  79.870 0.0000000000
44051  -2.453  -43.162  78.704 0.0000000000
44917  -2.960  -42.316  77.531 0.0000000000
136655  -3.191  -41.773  77.123 0.0000000000
46607  -3.160  -40.347  77.212 0.0000000000
129755  -3.334  -37.143  77.125 0.0000000000
48308  -1.722  -38.455  80.397 0.0000000000
48309  -2.444  -38.307  80.287 0.0000000000
49183  -3.245  -37.482  79.701 0.0000000000
52025  -2.341  -35.030  79.883 0.0000000000
49188  -3.614  -37.626  79.129 0.0000000000
123532  -3.589  -37.161  78.833 0.0000000000
138078  -3.122  -35.777  78.868 0.0000000000
50184  -3.246  -36.354  77.357 0.0000000000
53854  -2.898  -33.423  77.958 0.0000000000
53857  -2.673  -32.734  77.490 0.0000000000
142176  -2.394  -30.917  78.053 0.0000000000
55821  -2.390  -30.616  79.715 0.0000000000
134321  -2.321  -29.832  79.361 0.0000000000
56720  -2.284  -29.095  79.126 0.0000000000
50193  11.885  -36.381  74.671 0.0000000000
49218  11.547  -37.545  74.279 0.0000000000
141891  11.363  -38.370  74.325 0.0000000000
50211  10.996  -36.247  73.105 0.0000000000
45766  2.779  -42.107  80.824 0.0000000000
44044  3.792  -43.667  80.566 0.0000000000
43138  4.090  -44.348  80.505 0.0000000000
42260  -1.803  -45.910  76.855 0.0000000000
44070  -2.995  -43.191  76.318 0.0000000000
43163  -2.348  -44.061  74.949 0.0000000000
41374  -0.788  -45.560  74.879 0.0000000000
41373  -0.158  -46.306  74.648 0.0000000000
42342  2.050  -45.053  71.259 0.0000000000
48365  -2.753  -38.387  75.240 0.0000000000
130302  -2.563  -38.955  74.588 0.0000000000
46654  -2.589  -40.661  73.672 0.0000000000
50226  -2.054  -36.731  73.212 0.0000000000
49244  -1.930  -37.644  73.228 0.0000000000
47553  -2.229  -39.277  72.746 0.0000000000
46667  -2.613  -40.956  72.910 0.0000000000
137528  -2.745  -41.888  72.710 0.0000000000
43230  -1.961  -43.528  71.867 0.0000000000
43229  -1.447  -43.770  71.597 0.0000000000
43249  -1.866  -43.418  71.317 0.0000000000
43227  -0.073  -44.100  71.507 0.0000000000
42353  2.737  -45.267  69.833 0.0000000000
122949  2.926  -44.705  69.304 0.0000000000
44990  -0.208  -42.581  68.231 0.0000000000
45004  -1.031  -41.538  67.189 0.0000000000
126743  -0.693  -42.126  67.682 0.0000000000
127086  0.432  -42.685  67.902 0.0000000000
44165  1.783  -42.877  67.805 0.0000000000
60069  -1.728  -25.676  77.136 0.0000000000
59282  -1.655  -26.213  76.716 0.0000000000
58516  -1.089  -27.537  75.648 0.0000000000
60094  -1.161  -25.720  76.118 0.0000000000
59291  -1.062  -26.620  75.918 0.0000000000
128653  -0.102  -29.144  74.579 0.0000000000
56771  0.688  -29.307  73.929 0.0000000000
56780  0.516  -30.197  73.418 0.0000000000
55870  0.373  -30.928  73.119 0.0000000000
54849  1.060  -31.987  72.210 0.0000000000
58551  0.927  -27.679  71.641 0.0000000000
129009  1.117  -29.803  70.353 0.0000000000
56788  1.305  -29.192  70.825 0.0000000000
55877  1.488  -30.172  71.179 0.0000000000
53898  0.959  -32.647  70.707 0.0000000000
52123  0.279  -34.525  69.699 0.0000000000
52124  -0.358  -34.741  68.891 0.0000000000
137871  -0.707  -33.955  68.513 0.0000000000
131299  -0.620  -35.206  68.404 0.0000000000
51223  -0.590  -35.944  68.282 0.0000000000
49308  -1.645  -38.218  65.921 0.0000000000
52138  -1.454  -33.941  66.743 0.0000000000
50283  -1.481  -36.350  65.919 0.0000000000
47619  -1.136  -39.277  65.089 0.0000000000
42341  2.453  -45.456  70.510 0.0000000000
43262  1.483  -43.775  70.293 0.0000000000
44120  -1.768  -43.295  70.848 0.0000000000
44122  -2.403  -42.820  71.195 0.0000000000
44135  -0.885  -43.315  70.004 0.0000000000
45866  -1.759  -40.742  68.244 0.0000000000
45876  -1.303  -40.942  66.786 0.0000000000
48375  11.071  -38.288  73.838 0.0000000000
51149  9.089  -34.325  73.678 0.0000000000
53031  -1.697  -33.083  66.608 0.0000000000
53907  0.682  -32.408  69.788 0.0000000000
53909  -0.461  -32.298  68.773 0.0000000000
54892  -0.980  -31.495  67.933 0.0000000000
54926  -1.487  -31.703  66.251 0.0000000000
55912  -1.130  -31.092  67.309 0.0000000000
56750  -1.223  -29.372  75.485 0.0000000000
58528  -0.675  -27.818  74.976 0.0000000000
120471  0.141  -42.325  67.366 0.0000000000
124666  2.938  -43.332  81.567 0.0000000000
125130  -1.090  -30.471  68.020 0.0000000000
135413  -1.075  -28.999  68.021 0.0000000000
136679  -1.595  -40.042  69.571 0.0000000000
139715  -2.185  -42.365  70.091 0.0000000000
139724  0.314  -33.960  71.409 0.0000000000
140185  -1.529  -33.304  73.411 0.0000000000
141778  -2.704  -33.278  76.394 0.0000000000
142836  -1.522  -38.792  65.524 0.0000000000
