#!ascii label  , from subject sub-v1s6x0051320_ses-1 vox2ras=TkReg
1002
98844  43.676  21.321  30.540 0.0000000000
131452  48.668  25.098  32.876 0.0000000000
96586  52.425  18.086  37.321 0.0000000000
98089  40.174  20.215  33.955 0.0000000000
98045  44.511  20.251  37.082 0.0000000000
101165  45.570  25.474  28.104 0.0000000000
140472  46.011  27.414  36.858 0.0000000000
104450  48.088  31.567  33.897 0.0000000000
95802  52.477  17.165  42.170 0.0000000000
125423  50.532  13.384  38.317 0.0000000000
126917  47.700  20.648  26.974 0.0000000000
96620  49.286  17.933  32.457 0.0000000000
98793  51.017  21.558  34.589 0.0000000000
99394  50.917  22.622  41.317 0.0000000000
106383  47.413  35.850  33.812 0.0000000000
102892  49.429  28.343  30.200 0.0000000000
95839  47.174  17.089  38.454 0.0000000000
98824  42.296  21.459  32.555 0.0000000000
98776  42.742  21.359  36.201 0.0000000000
98808  44.770  21.635  33.521 0.0000000000
100044  42.654  22.856  27.315 0.0000000000
98847  41.353  22.227  30.132 0.0000000000
140324  44.043  29.960  37.344 0.0000000000
94491  49.892  15.893  42.776 0.0000000000
92168  53.278  12.976  41.913 0.0000000000
92963  50.472  12.673  43.011 0.0000000000
106959  47.039  37.226  29.726 0.0000000000
99459  47.911  22.748  30.367 0.0000000000
98841  49.645  20.541  30.889 0.0000000000
99432  49.703  22.597  33.911 0.0000000000
102207  50.616  27.471  42.880 0.0000000000
101090  50.583  25.535  40.382 0.0000000000
100528  50.794  24.433  44.217 0.0000000000
99375  49.756  22.320  43.300 0.0000000000
102317  47.910  27.938  32.738 0.0000000000
103954  50.081  30.626  32.008 0.0000000000
101140  49.133  26.587  30.890 0.0000000000
129171  47.579  24.989  28.172 0.0000000000
95873  51.786  17.316  34.545 0.0000000000
96607  48.842  18.500  35.776 0.0000000000
95852  49.801  17.616  37.824 0.0000000000
121288  42.554  18.792  37.731 0.0000000000
95213  43.779  17.090  37.410 0.0000000000
103463  46.340  29.294  26.918 0.0000000000
128802  44.711  28.078  29.762 0.0000000000
101711  47.699  27.018  34.549 0.0000000000
101704  50.503  26.076  36.177 0.0000000000
139324  48.735  32.810  38.986 0.0000000000
105418  48.858  33.570  36.464 0.0000000000
103397  45.864  29.376  34.711 0.0000000000
95817  52.874  17.949  40.344 0.0000000000
139640  51.358  16.136  39.303 0.0000000000
93796  54.040  14.144  39.773 0.0000000000
134753  53.330  11.663  37.292 0.0000000000
98145  45.346  19.933  27.310 0.0000000000
98117  46.303  20.423  31.343 0.0000000000
96642  48.914  17.634  28.499 0.0000000000
96625  51.773  18.003  31.667 0.0000000000
98072  51.580  19.881  35.380 0.0000000000
99983  50.888  24.227  36.730 0.0000000000
98763  49.605  21.694  37.728 0.0000000000
98030  51.657  20.221  39.583 0.0000000000
97299  52.155  19.840  41.795 0.0000000000
143874  49.299  19.127  42.480 0.0000000000
107513  45.742  37.959  31.601 0.0000000000
105924  47.448  34.258  30.894 0.0000000000
104972  49.538  32.666  31.868 0.0000000000
103980  47.815  30.433  28.718 0.0000000000
141462  46.926  27.023  27.400 0.0000000000
100048  45.337  22.803  26.221 0.0000000000
98086  47.187  20.255  34.830 0.0000000000
96591  46.463  18.628  37.739 0.0000000000
94530  44.862  16.094  37.197 0.0000000000
93809  48.542  14.574  38.996 0.0000000000
98834  42.965  21.392  31.173 0.0000000000
98809  43.184  21.728  33.363 0.0000000000
133326  44.380  21.544  32.008 0.0000000000
98858  42.405  22.012  28.739 0.0000000000
142756  41.849  22.659  28.700 0.0000000000
98846  41.958  21.653  30.195 0.0000000000
98836  41.244  20.983  31.457 0.0000000000
124427  48.666  16.167  44.000 0.0000000000
93768  49.883  14.114  43.386 0.0000000000
93769  49.004  13.938  43.639 0.0000000000
95219  42.436  16.106  36.699 0.0000000000
132986  48.339  24.202  31.707 0.0000000000
99447  48.227  22.391  31.937 0.0000000000
100578  48.695  24.162  33.446 0.0000000000
101602  50.707  27.151  45.024 0.0000000000
101074  51.186  26.104  43.397 0.0000000000
101715  48.450  26.330  33.014 0.0000000000
102325  49.038  27.287  31.546 0.0000000000
138273  48.660  25.590  31.928 0.0000000000
122711  48.571  25.174  30.368 0.0000000000
95863  52.198  17.670  36.319 0.0000000000
129411  50.726  17.534  35.832 0.0000000000
95850  52.112  17.373  37.095 0.0000000000
98077  40.077  20.427  35.606 0.0000000000
98076  40.971  20.942  35.956 0.0000000000
98775  43.499  21.445  36.043 0.0000000000
98046  43.111  20.204  37.130 0.0000000000
125707  43.836  19.821  37.278 0.0000000000
96594  43.241  18.615  37.630 0.0000000000
97329  44.619  19.568  37.457 0.0000000000
102354  45.845  27.967  27.475 0.0000000000
102904  45.626  28.639  27.845 0.0000000000
101744  45.288  26.868  28.989 0.0000000000
98099  40.197  20.625  32.938 0.0000000000
98090  39.346  19.879  34.129 0.0000000000
102291  46.880  27.427  35.707 0.0000000000
101696  48.501  26.857  35.999 0.0000000000
122771  46.744  27.205  37.110 0.0000000000
102825  44.329  28.819  36.994 0.0000000000
134791  44.813  30.039  35.829 0.0000000000
102293  45.838  28.209  35.616 0.0000000000
102300  46.638  28.017  34.586 0.0000000000
96552  53.159  17.910  41.124 0.0000000000
95187  53.483  16.362  39.968 0.0000000000
135164  53.816  15.705  40.936 0.0000000000
91349  52.653  11.602  41.179 0.0000000000
92176  53.638  11.978  39.495 0.0000000000
91375  52.859  10.768  37.823 0.0000000000
97417  46.328  19.758  26.439 0.0000000000
97397  47.366  18.613  27.722 0.0000000000
98155  48.354  19.098  27.015 0.0000000000
98106  50.468  20.680  32.281 0.0000000000
98115  51.038  19.489  31.102 0.0000000000
98094  51.902  20.182  33.086 0.0000000000
97359  52.258  19.180  34.151 0.0000000000
125679  51.222  20.721  34.915 0.0000000000
101685  51.467  27.024  37.570 0.0000000000
101114  51.422  25.215  35.940 0.0000000000
101104  51.503  26.461  37.811 0.0000000000
99970  50.250  23.450  40.890 0.0000000000
99975  49.516  23.536  39.111 0.0000000000
99397  50.184  22.159  39.835 0.0000000000
98034  50.701  20.586  38.074 0.0000000000
98751  51.328  21.023  40.122 0.0000000000
98028  52.013  20.578  40.627 0.0000000000
98744  51.923  21.232  41.803 0.0000000000
98730  47.220  21.877  43.793 0.0000000000
98018  49.369  20.636  42.582 0.0000000000
106936  46.488  36.419  33.157 0.0000000000
106395  47.025  35.715  31.395 0.0000000000
106394  47.453  34.928  31.652 0.0000000000
104931  47.949  32.629  35.494 0.0000000000
143153  49.108  33.833  35.733 0.0000000000
104449  48.827  32.667  34.093 0.0000000000
128109  49.781  29.084  31.019 0.0000000000
104476  50.267  31.380  31.985 0.0000000000
103435  49.758  29.896  30.686 0.0000000000
104496  48.420  31.142  30.229 0.0000000000
103444  49.031  29.652  29.927 0.0000000000
133400  47.519  28.939  27.850 0.0000000000
102343  48.266  27.640  29.135 0.0000000000
99472  46.969  22.552  27.463 0.0000000000
100041  46.561  23.631  26.812 0.0000000000
98878  46.206  21.392  26.343 0.0000000000
98879  44.297  21.422  25.872 0.0000000000
97372  47.681  19.291  32.177 0.0000000000
140392  47.013  20.278  33.189 0.0000000000
97365  48.179  19.123  33.739 0.0000000000
96589  48.233  18.252  37.445 0.0000000000
97326  47.094  19.003  37.261 0.0000000000
96574  46.861  17.860  38.189 0.0000000000
141942  45.580  17.866  38.078 0.0000000000
95205  45.916  16.473  38.320 0.0000000000
93799  50.744  14.288  39.519 0.0000000000
95191  49.534  15.633  39.474 0.0000000000
93808  49.321  14.214  39.082 0.0000000000
98088  40.837  20.824  33.505 0.0000000000
142012  41.383  21.378  35.362 0.0000000000
98797  42.710  21.620  34.040 0.0000000000
98785  43.596  21.873  35.257 0.0000000000
98784  44.475  21.651  35.182 0.0000000000
138300  44.390  23.997  28.218 0.0000000000
98110  40.808  20.557  31.893 0.0000000000
95172  50.673  16.362  42.588 0.0000000000
94489  52.683  15.186  42.473 0.0000000000
93779  51.839  14.611  42.840 0.0000000000
92156  51.888  12.400  42.504 0.0000000000
98856  47.890  21.671  29.020 0.0000000000
98865  48.800  20.139  27.958 0.0000000000
98842  48.288  21.360  30.040 0.0000000000
98818  49.721  21.416  32.601 0.0000000000
98805  50.224  21.807  33.494 0.0000000000
102233  51.073  27.773  40.695 0.0000000000
101098  51.096  26.245  39.618 0.0000000000
135054  51.352  27.029  42.031 0.0000000000
132439  50.838  24.836  41.832 0.0000000000
99960  51.303  23.326  42.855 0.0000000000
99381  51.153  22.483  42.867 0.0000000000
99957  50.023  23.176  43.824 0.0000000000
99372  47.691  23.451  44.446 0.0000000000
127569  46.392  22.040  45.009 0.0000000000
106379  47.401  35.780  34.450 0.0000000000
103405  47.486  29.563  33.367 0.0000000000
103944  48.909  31.191  33.176 0.0000000000
102873  48.575  28.595  32.274 0.0000000000
102879  49.597  28.499  31.168 0.0000000000
101733  49.357  27.219  30.587 0.0000000000
131557  48.517  27.011  29.447 0.0000000000
101155  48.640  25.706  29.838 0.0000000000
100028  47.796  23.456  28.885 0.0000000000
95880  50.428  17.575  33.534 0.0000000000
96611  48.565  18.758  34.445 0.0000000000
96606  49.793  17.829  35.228 0.0000000000
96588  49.214  18.077  37.194 0.0000000000
95853  48.697  17.670  37.945 0.0000000000
93005  50.897  12.978  36.451 0.0000000000
138595  49.693  13.344  36.775 0.0000000000
96596  41.179  18.933  38.195 0.0000000000
98064  41.577  20.661  36.738 0.0000000000
97331  42.022  19.209  37.710 0.0000000000
96595  41.905  18.517  37.943 0.0000000000
139501  42.348  17.288  37.611 0.0000000000
133003  43.004  17.255  37.415 0.0000000000
141217  43.271  16.511  36.872 0.0000000000
124767  45.862  29.823  27.099 0.0000000000
103456  45.332  29.392  28.410 0.0000000000
120795  48.221  26.460  33.909 0.0000000000
100572  48.950  24.856  34.102 0.0000000000
101705  48.595  26.509  35.078 0.0000000000
102281  49.747  26.981  37.153 0.0000000000
102252  50.808  27.903  38.497 0.0000000000
101661  49.835  27.454  40.059 0.0000000000
101640  50.040  27.487  42.378 0.0000000000
105412  48.565  33.218  37.797 0.0000000000
135190  48.184  32.713  37.244 0.0000000000
104932  46.954  32.034  35.170 0.0000000000
103934  46.215  30.257  34.383 0.0000000000
102866  46.940  29.162  33.771 0.0000000000
144563  47.668  27.128  33.848 0.0000000000
126271  52.428  18.346  38.870 0.0000000000
95835  52.167  17.116  37.987 0.0000000000
95188  52.997  16.185  39.277 0.0000000000
94508  52.836  15.207  39.408 0.0000000000
128960  52.578  13.639  39.353 0.0000000000
92972  53.813  13.567  41.194 0.0000000000
92982  53.521  13.116  39.092 0.0000000000
92186  52.806  12.440  37.366 0.0000000000
123830  44.185  20.649  28.803 0.0000000000
98126  45.487  20.792  30.826 0.0000000000
98133  46.128  19.768  29.347 0.0000000000
97385  47.384  18.882  30.031 0.0000000000
96628  48.907  17.721  30.555 0.0000000000
97389  50.205  18.113  28.554 0.0000000000
95904  50.652  17.508  29.654 0.0000000000
141071  51.136  17.383  32.065 0.0000000000
95884  51.936  17.619  32.994 0.0000000000
140567  52.413  17.967  35.321 0.0000000000
96587  52.294  18.354  36.809 0.0000000000
100571  49.728  24.262  34.700 0.0000000000
99426  50.716  22.914  34.530 0.0000000000
140618  51.129  23.032  35.514 0.0000000000
100551  49.988  24.579  38.662 0.0000000000
99984  50.015  23.581  37.327 0.0000000000
98782  50.775  21.359  35.317 0.0000000000
98058  50.900  20.414  36.461 0.0000000000
124415  51.342  19.870  37.739 0.0000000000
97313  51.963  18.819  37.751 0.0000000000
97304  52.330  18.997  39.704 0.0000000000
97298  52.534  19.283  41.314 0.0000000000
97288  52.258  19.008  41.848 0.0000000000
120815  50.381  21.170  42.652 0.0000000000
97290  50.776  19.843  42.422 0.0000000000
127451  50.792  18.159  42.347 0.0000000000
95806  49.140  17.797  42.699 0.0000000000
107519  46.515  37.279  30.468 0.0000000000
106403  47.415  35.535  29.787 0.0000000000
105457  47.762  33.409  29.270 0.0000000000
104460  50.029  32.410  33.009 0.0000000000
105917  48.971  34.085  32.561 0.0000000000
105446  47.699  33.435  31.163 0.0000000000
104487  47.791  31.999  29.815 0.0000000000
132278  47.756  31.813  28.625 0.0000000000
103987  47.513  30.384  27.653 0.0000000000
102909  46.498  28.410  27.145 0.0000000000
101757  46.004  26.347  27.276 0.0000000000
101750  47.438  26.210  27.843 0.0000000000
101170  46.171  25.503  27.009 0.0000000000
100619  44.861  23.935  27.264 0.0000000000
100050  43.944  22.488  26.471 0.0000000000
130119  43.328  21.346  27.489 0.0000000000
98109  46.008  20.941  32.189 0.0000000000
98806  46.129  21.262  34.005 0.0000000000
98075  45.714  20.879  35.702 0.0000000000
97354  47.670  19.656  35.105 0.0000000000
141784  46.800  19.793  36.445 0.0000000000
97345  45.794  19.979  37.058 0.0000000000
121066  45.153  18.268  37.874 0.0000000000
95212  44.548  16.874  37.546 0.0000000000
95200  50.901  16.638  39.024 0.0000000000
121997  48.731  16.568  39.032 0.0000000000
94520  47.498  15.389  38.703 0.0000000000
93006  48.086  13.891  37.264 0.0000000000
94528  46.353  15.279  38.066 0.0000000000
92952  48.387  13.399  43.397 0.0000000000
91339  48.876  11.509  42.031 0.0000000000
98823  43.291  21.684  32.165 0.0000000000
98833  43.778  21.476  31.401 0.0000000000
136054  43.123  21.396  29.526 0.0000000000
120065  42.408  21.730  29.636 0.0000000000
98845  42.733  21.498  30.359 0.0000000000
98835  42.013  21.284  31.011 0.0000000000
131720  49.178  14.758  43.650 0.0000000000
100583  48.495  24.340  32.425 0.0000000000
101135  48.621  25.949  32.466 0.0000000000
100589  48.602  25.020  31.615 0.0000000000
95862  52.397  17.734  36.805 0.0000000000
140408  39.775  20.202  34.693 0.0000000000
128585  40.501  20.886  35.036 0.0000000000
98061  44.203  20.899  36.460 0.0000000000
136809  43.807  20.397  36.935 0.0000000000
122346  43.878  19.113  37.545 0.0000000000
101751  45.664  26.530  28.102 0.0000000000
102345  45.608  27.389  28.192 0.0000000000
101156  45.268  26.096  28.854 0.0000000000
120727  40.242  20.480  33.271 0.0000000000
98100  39.686  20.226  33.526 0.0000000000
102283  46.512  27.447  36.377 0.0000000000
102269  45.950  27.240  37.359 0.0000000000
102285  44.895  28.274  36.681 0.0000000000
102835  45.223  28.556  36.024 0.0000000000
102284  45.694  27.836  36.351 0.0000000000
136414  46.262  27.721  35.861 0.0000000000
95809  52.932  17.642  41.667 0.0000000000
95808  53.354  17.101  41.317 0.0000000000
95176  53.092  16.906  41.885 0.0000000000
91366  52.602  11.076  39.437 0.0000000000
98163  47.047  19.748  26.473 0.0000000000
97406  47.643  19.131  26.708 0.0000000000
98156  47.818  19.782  26.597 0.0000000000
98817  50.699  21.023  33.134 0.0000000000
98105  51.339  20.364  32.720 0.0000000000
98095  51.355  20.645  33.444 0.0000000000
122342  51.808  20.079  33.763 0.0000000000
98085  51.343  20.798  34.167 0.0000000000
102265  51.280  27.718  38.039 0.0000000000
126641  51.560  27.434  38.179 0.0000000000
99395  50.158  22.710  40.382 0.0000000000
140067  50.993  21.899  40.583 0.0000000000
98752  50.570  21.514  39.547 0.0000000000
98749  51.842  21.293  41.073 0.0000000000
99393  51.544  21.869  41.644 0.0000000000
98010  46.978  21.065  43.777 0.0000000000
106932  46.649  36.231  34.008 0.0000000000
106937  45.938  36.677  33.635 0.0000000000
106388  47.327  35.777  33.099 0.0000000000
129097  47.397  35.461  32.375 0.0000000000
106387  48.003  35.344  33.108 0.0000000000
104941  47.865  32.253  34.662 0.0000000000
119461  48.714  33.111  34.925 0.0000000000
103443  49.628  29.154  30.572 0.0000000000
131065  49.181  28.868  29.871 0.0000000000
102893  48.739  28.268  29.529 0.0000000000
123826  47.521  21.650  27.810 0.0000000000
133635  46.932  21.536  26.916 0.0000000000
98164  46.250  20.424  26.316 0.0000000000
96621  48.436  18.557  32.288 0.0000000000
97371  48.121  19.127  32.899 0.0000000000
96616  48.659  18.585  33.083 0.0000000000
95854  47.737  17.750  38.099 0.0000000000
96590  47.356  18.413  37.670 0.0000000000
95840  46.387  17.178  38.401 0.0000000000
95204  46.608  16.369  38.475 0.0000000000
92984  50.357  13.705  39.114 0.0000000000
93800  49.847  14.439  39.339 0.0000000000
92995  49.625  13.694  38.411 0.0000000000
98811  41.506  21.166  32.980 0.0000000000
98798  41.840  21.403  34.029 0.0000000000
98810  42.303  21.523  33.423 0.0000000000
120334  44.078  21.716  33.879 0.0000000000
98796  43.388  21.804  34.369 0.0000000000
120588  44.087  21.820  34.639 0.0000000000
98795  44.838  21.659  34.349 0.0000000000
100036  42.817  23.411  27.646 0.0000000000
100611  43.397  23.909  28.304 0.0000000000
100037  42.129  23.307  27.968 0.0000000000
99461  41.374  22.853  29.197 0.0000000000
100029  41.144  23.552  29.149 0.0000000000
142341  41.608  21.066  31.531 0.0000000000
98825  41.369  20.723  31.948 0.0000000000
98098  40.677  20.618  32.546 0.0000000000
95171  51.859  15.874  42.566 0.0000000000
94490  50.789  15.373  42.818 0.0000000000
92950  50.680  13.457  43.213 0.0000000000
92170  51.675  11.828  42.081 0.0000000000
129123  50.152  11.988  42.548 0.0000000000
108127  46.806  38.017  29.981 0.0000000000
108126  47.540  38.770  29.742 0.0000000000
98843  47.793  21.992  30.043 0.0000000000
99441  48.616  22.707  32.645 0.0000000000
98831  48.780  21.596  31.820 0.0000000000
99440  49.332  22.186  33.097 0.0000000000
102227  51.030  28.136  42.096 0.0000000000
101639  51.269  27.245  41.019 0.0000000000
101631  51.091  27.033  42.744 0.0000000000
134795  51.222  25.183  43.931 0.0000000000
139760  51.308  25.294  43.093 0.0000000000
100531  51.235  24.449  43.561 0.0000000000
100535  51.227  24.435  42.788 0.0000000000
125821  51.194  23.795  43.314 0.0000000000
99956  51.047  23.187  43.412 0.0000000000
139345  50.297  23.893  44.255 0.0000000000
99953  48.685  23.843  44.483 0.0000000000
99946  47.289  23.896  45.055 0.0000000000
99373  46.939  22.498  44.356 0.0000000000
99947  46.697  23.124  45.182 0.0000000000
102865  47.581  28.694  33.140 0.0000000000
103415  48.291  29.580  32.733 0.0000000000
101725  49.412  27.183  31.050 0.0000000000
102880  49.148  28.093  31.619 0.0000000000
102330  49.599  27.811  30.912 0.0000000000
101734  48.963  26.496  30.310 0.0000000000
100021  48.116  23.656  30.633 0.0000000000
133364  48.299  24.363  30.116 0.0000000000
100027  48.056  23.529  29.768 0.0000000000
99460  47.793  22.617  29.442 0.0000000000
95874  50.651  17.527  34.376 0.0000000000
95869  50.990  17.345  35.051 0.0000000000
121390  50.337  17.664  36.815 0.0000000000
95837  49.192  17.156  38.603 0.0000000000
97332  41.328  19.658  37.691 0.0000000000
98786  42.221  21.649  35.540 0.0000000000
98777  41.883  21.240  36.170 0.0000000000
97330  42.982  19.403  37.508 0.0000000000
98047  42.145  19.980  37.283 0.0000000000
95842  41.873  17.690  37.941 0.0000000000
119699  42.624  18.026  37.716 0.0000000000
95857  43.495  17.869  37.582 0.0000000000
141715  46.788  29.879  26.885 0.0000000000
102894  45.171  28.615  28.909 0.0000000000
143872  44.986  29.232  29.100 0.0000000000
102895  44.669  29.018  29.779 0.0000000000
101125  48.950  25.749  34.485 0.0000000000
102282  48.596  26.948  36.781 0.0000000000
102266  50.377  27.476  37.825 0.0000000000
142809  48.787  26.938  40.250 0.0000000000
101649  50.151  27.605  41.566 0.0000000000
105409  48.756  32.980  38.749 0.0000000000
104921  48.016  32.635  37.813 0.0000000000
139304  47.413  32.545  36.734 0.0000000000
122300  47.136  32.376  35.978 0.0000000000
136701  45.290  29.673  35.312 0.0000000000
142988  45.603  30.110  34.868 0.0000000000
103935  45.775  30.768  34.908 0.0000000000
136760  46.446  29.522  34.182 0.0000000000
102858  46.465  28.807  34.340 0.0000000000
102299  47.031  27.431  34.948 0.0000000000
123141  47.221  27.573  34.232 0.0000000000
96563  52.568  18.094  39.537 0.0000000000
95834  52.472  17.502  38.495 0.0000000000
95826  52.927  17.120  39.539 0.0000000000
94506  53.975  15.589  40.158 0.0000000000
94507  53.483  15.717  39.650 0.0000000000
133631  53.832  14.962  39.644 0.0000000000
93798  51.903  14.182  39.638 0.0000000000
93797  53.414  14.097  39.380 0.0000000000
93782  53.250  13.852  42.017 0.0000000000
93781  53.801  14.442  41.390 0.0000000000
91374  53.251  11.423  38.059 0.0000000000
129751  53.734  12.600  39.261 0.0000000000
92177  53.510  12.192  38.753 0.0000000000
92185  53.307  12.265  38.015 0.0000000000
92194  52.299  12.450  36.571 0.0000000000
92193  53.151  11.924  36.713 0.0000000000
125814  44.700  20.680  29.400 0.0000000000
97392  45.867  19.861  28.434 0.0000000000
96643  48.179  18.111  28.076 0.0000000000
97390  47.346  18.634  28.856 0.0000000000
96634  48.091  18.166  29.215 0.0000000000
96629  48.111  18.348  30.340 0.0000000000
96633  48.817  17.592  29.497 0.0000000000
98124  49.234  20.496  29.923 0.0000000000
98132  49.339  19.917  28.646 0.0000000000
128219  49.868  19.634  29.366 0.0000000000
97377  51.430  18.445  30.907 0.0000000000
96632  51.072  17.913  30.006 0.0000000000
96626  51.382  17.724  30.796 0.0000000000
142820  50.813  17.202  30.667 0.0000000000
95891  51.710  17.592  32.158 0.0000000000
95885  51.373  17.356  32.802 0.0000000000
96619  52.024  17.891  32.474 0.0000000000
97352  52.099  19.018  34.968 0.0000000000
136507  52.452  18.184  34.521 0.0000000000
97342  51.930  18.834  35.954 0.0000000000
101124  49.715  25.088  34.981 0.0000000000
136912  50.762  25.355  35.650 0.0000000000
122082  51.452  24.740  36.319 0.0000000000
99994  51.250  24.209  35.385 0.0000000000
140977  51.315  23.938  35.839 0.0000000000
120111  51.299  23.277  35.054 0.0000000000
100550  51.061  25.860  38.712 0.0000000000
100548  50.166  25.075  39.581 0.0000000000
99401  49.504  22.708  38.661 0.0000000000
99978  49.669  23.589  38.139 0.0000000000
99406  49.614  22.602  37.640 0.0000000000
99414  50.447  22.060  35.857 0.0000000000
98772  49.851  21.859  36.899 0.0000000000
98771  50.386  21.102  36.355 0.0000000000
98762  50.062  21.102  37.428 0.0000000000
144238  51.316  20.228  38.635 0.0000000000
98033  51.732  19.593  38.669 0.0000000000
97312  52.177  18.918  38.737 0.0000000000
97305  52.033  19.539  39.416 0.0000000000
98024  52.348  20.100  41.165 0.0000000000
98727  50.593  22.020  42.963 0.0000000000
98736  51.208  21.572  42.576 0.0000000000
98737  49.474  21.486  42.819 0.0000000000
97292  48.569  20.067  42.648 0.0000000000
97291  49.504  19.758  42.479 0.0000000000
126308  49.937  19.110  42.396 0.0000000000
96547  50.830  18.948  42.309 0.0000000000
141483  50.109  18.515  42.397 0.0000000000
95805  49.854  17.854  42.491 0.0000000000
108112  45.413  38.065  32.510 0.0000000000
108108  45.111  38.539  33.200 0.0000000000
108597  45.453  38.880  32.671 0.0000000000
131705  47.326  35.180  30.659 0.0000000000
106404  47.089  36.010  30.502 0.0000000000
144150  47.579  34.453  29.705 0.0000000000
105451  47.543  33.503  30.264 0.0000000000
103955  49.105  30.510  32.584 0.0000000000
104461  49.361  32.046  33.411 0.0000000000
104468  49.862  31.510  32.588 0.0000000000
104477  50.000  31.675  31.682 0.0000000000
104971  50.153  32.215  32.253 0.0000000000
104963  49.976  32.864  32.534 0.0000000000
105445  48.633  33.463  31.842 0.0000000000
104973  48.243  32.817  31.298 0.0000000000
103979  48.321  30.444  29.635 0.0000000000
104497  47.866  31.155  29.235 0.0000000000
104504  47.687  31.087  28.204 0.0000000000
102344  47.624  27.629  28.118 0.0000000000
102903  47.262  28.273  27.525 0.0000000000
102352  46.896  27.601  27.354 0.0000000000
141311  46.346  27.094  27.320 0.0000000000
101163  48.329  25.842  29.170 0.0000000000
101749  47.992  26.453  28.782 0.0000000000
101164  47.761  25.661  28.421 0.0000000000
100047  45.933  23.243  26.202 0.0000000000
100617  46.363  24.663  26.769 0.0000000000
100624  45.785  23.730  26.387 0.0000000000
100618  45.599  24.348  26.723 0.0000000000
100625  45.143  23.398  26.538 0.0000000000
100042  44.355  23.034  26.874 0.0000000000
100049  44.631  22.562  26.164 0.0000000000
98158  44.490  20.233  26.830 0.0000000000
98880  43.746  21.003  26.343 0.0000000000
98146  44.528  20.607  27.781 0.0000000000
98147  43.824  21.005  28.099 0.0000000000
98832  45.249  21.219  31.723 0.0000000000
98096  47.139  20.278  33.900 0.0000000000
98097  46.613  20.738  33.555 0.0000000000
98087  46.631  20.745  34.409 0.0000000000
98783  46.021  21.137  34.828 0.0000000000
98074  46.523  20.595  35.348 0.0000000000
136900  48.934  18.451  35.003 0.0000000000
97353  48.263  19.045  35.271 0.0000000000
97344  47.302  19.383  36.520 0.0000000000
97327  46.505  19.526  37.062 0.0000000000
97328  45.545  19.192  37.589 0.0000000000
96592  45.777  18.372  37.898 0.0000000000
95211  45.269  16.639  37.887 0.0000000000
95855  45.104  17.469  37.915 0.0000000000
95218  44.100  16.463  36.948 0.0000000000
94536  44.408  16.058  36.461 0.0000000000
95199  51.981  16.631  38.627 0.0000000000
94511  49.098  14.943  39.445 0.0000000000
95192  48.802  15.798  39.368 0.0000000000
95202  48.072  16.020  38.964 0.0000000000
94519  48.256  15.194  39.142 0.0000000000
93012  48.872  13.525  36.523 0.0000000000
92996  49.001  13.665  37.617 0.0000000000
93013  47.979  13.715  36.244 0.0000000000
127434  42.231  21.296  31.700 0.0000000000
98822  44.164  21.666  32.955 0.0000000000
98868  42.745  21.981  27.698 0.0000000000
99466  42.179  22.701  27.878 0.0000000000
98859  41.888  22.237  29.439 0.0000000000
141489  41.564  21.533  30.808 0.0000000000
95164  49.191  15.805  43.198 0.0000000000
94485  49.888  15.049  43.117 0.0000000000
92951  49.781  13.307  43.295 0.0000000000
100014  48.164  23.747  31.336 0.0000000000
133246  47.946  22.930  31.287 0.0000000000
100009  48.196  23.374  32.074 0.0000000000
100005  48.625  23.471  32.931 0.0000000000
100004  48.922  23.340  33.822 0.0000000000
102193  50.338  27.370  43.996 0.0000000000
101623  50.823  26.835  43.607 0.0000000000
101615  50.771  26.879  44.497 0.0000000000
101070  50.319  25.334  45.033 0.0000000000
102309  48.063  27.082  33.048 0.0000000000
102316  48.545  27.602  32.202 0.0000000000
123187  48.586  26.770  32.247 0.0000000000
101726  48.842  26.492  31.500 0.0000000000
101141  48.747  25.897  31.201 0.0000000000
101146  48.786  25.934  30.608 0.0000000000
132684  48.629  25.369  30.942 0.0000000000
100593  48.407  24.525  30.957 0.0000000000
95867  52.249  17.532  35.639 0.0000000000
95868  51.840  17.274  35.321 0.0000000000
95864  51.736  17.453  36.280 0.0000000000
95851  51.134  17.329  37.402 0.0000000000
98062  43.323  20.869  36.640 0.0000000000
122627  43.926  18.435  37.605 0.0000000000
102910  45.968  28.538  27.163 0.0000000000
102338  45.225  27.716  29.030 0.0000000000
132541  44.729  27.161  29.735 0.0000000000
98812  39.799  20.766  32.898 0.0000000000
98813  39.073  20.651  33.483 0.0000000000
122866  38.759  19.840  34.459 0.0000000000
98078  39.131  19.889  35.007 0.0000000000
101706  47.676  27.105  35.404 0.0000000000
101697  47.507  27.179  36.369 0.0000000000
102268  47.812  27.030  37.255 0.0000000000
103371  44.417  29.671  36.617 0.0000000000
102836  44.686  28.905  36.389 0.0000000000
103386  44.916  29.295  35.874 0.0000000000
103385  45.479  28.915  35.367 0.0000000000
102848  46.073  28.505  34.946 0.0000000000
102292  46.416  27.837  35.264 0.0000000000
95816  53.333  17.172  40.516 0.0000000000
95184  53.629  16.393  40.742 0.0000000000
134928  54.235  14.836  40.054 0.0000000000
92169  53.084  12.171  41.598 0.0000000000
92173  53.469  11.938  40.527 0.0000000000
91359  53.119  11.422  40.015 0.0000000000
91365  53.276  11.466  39.011 0.0000000000
91387  53.194  11.136  37.291 0.0000000000
97398  46.474  19.202  27.327 0.0000000000
128756  47.326  18.850  27.031 0.0000000000
96649  48.976  17.936  27.783 0.0000000000
98116  50.390  20.306  31.376 0.0000000000
98123  50.226  19.765  30.361 0.0000000000
123468  51.054  20.052  31.951 0.0000000000
142514  51.461  19.875  32.298 0.0000000000
98104  51.847  19.686  32.636 0.0000000000
97369  52.046  18.671  32.494 0.0000000000
97364  52.189  19.265  33.291 0.0000000000
98084  51.739  20.006  34.546 0.0000000000
101694  51.223  26.521  36.874 0.0000000000
101115  51.300  25.767  36.342 0.0000000000
100562  51.482  25.300  36.386 0.0000000000
100554  51.459  25.318  37.027 0.0000000000
100542  49.888  24.399  40.427 0.0000000000
126870  49.612  24.199  39.588 0.0000000000
99971  49.612  23.494  40.030 0.0000000000
99398  49.667  22.724  39.556 0.0000000000
98753  49.758  21.984  39.104 0.0000000000
98755  49.995  21.277  38.472 0.0000000000
98031  50.970  20.795  39.086 0.0000000000
139309  52.132  20.808  41.353 0.0000000000
98025  52.071  20.616  41.838 0.0000000000
136612  47.968  22.056  43.512 0.0000000000
98008  48.385  20.879  42.801 0.0000000000
97293  48.076  20.280  42.867 0.0000000000
107507  45.363  37.323  33.766 0.0000000000
123711  45.640  37.236  33.061 0.0000000000
107510  45.767  37.103  32.215 0.0000000000
107512  46.089  37.145  31.294 0.0000000000
106939  46.592  36.246  32.096 0.0000000000
104930  48.812  33.319  36.005 0.0000000000
105422  49.278  33.773  35.128 0.0000000000
103424  49.916  30.060  31.554 0.0000000000
103963  50.115  30.603  31.528 0.0000000000
104485  50.192  31.018  31.476 0.0000000000
104486  49.645  31.089  30.984 0.0000000000
104981  48.595  31.927  31.021 0.0000000000
103973  49.255  30.435  30.450 0.0000000000
103445  48.136  29.857  29.162 0.0000000000
103455  47.716  29.702  28.269 0.0000000000
103454  48.211  29.068  29.110 0.0000000000
102902  47.872  28.285  28.586 0.0000000000
100034  47.355  23.495  27.904 0.0000000000
100616  47.113  24.445  27.528 0.0000000000
99473  46.330  22.492  26.514 0.0000000000
99478  45.561  22.245  26.121 0.0000000000
99479  44.768  22.081  25.793 0.0000000000
125393  45.272  21.248  26.044 0.0000000000
120193  44.804  20.593  26.269 0.0000000000
97373  47.026  19.857  31.683 0.0000000000
130001  46.608  20.369  32.119 0.0000000000
98107  47.084  20.024  32.535 0.0000000000
97366  47.546  19.705  33.227 0.0000000000
97361  47.621  19.715  34.223 0.0000000000
96602  48.620  18.516  36.661 0.0000000000
97343  48.063  18.950  36.160 0.0000000000
96603  47.778  18.796  36.986 0.0000000000
96575  46.123  17.879  38.175 0.0000000000
95841  45.711  17.269  38.255 0.0000000000
94509  51.302  15.215  39.576 0.0000000000
95190  50.421  15.927  39.453 0.0000000000
94510  50.069  15.033  39.540 0.0000000000
98788  41.052  21.146  34.476 0.0000000000
98787  41.804  21.704  34.874 0.0000000000
122319  42.596  21.971  34.860 0.0000000000
126246  42.946  21.742  35.610 0.0000000000
98774  44.133  21.478  35.793 0.0000000000
98773  44.852  21.172  35.831 0.0000000000
100610  45.024  24.531  28.323 0.0000000000
101157  44.753  25.311  29.156 0.0000000000
100602  43.131  24.370  29.087 0.0000000000
99467  41.684  23.177  28.533 0.0000000000
98848  41.095  21.710  31.061 0.0000000000
98837  40.487  21.084  31.624 0.0000000000
98111  40.299  20.662  32.246 0.0000000000
103367  43.990  29.316  37.434 0.0000000000
102271  44.430  28.095  37.348 0.0000000000
126760  51.602  16.835  42.417 0.0000000000
95170  52.801  16.219  42.250 0.0000000000
93778  52.677  14.215  42.564 0.0000000000
140247  52.214  13.737  42.808 0.0000000000
93767  50.805  14.358  43.141 0.0000000000
133775  51.561  13.637  43.043 0.0000000000
92155  52.591  12.617  42.317 0.0000000000
143681  52.115  11.726  41.708 0.0000000000
91350  51.737  11.545  41.445 0.0000000000
98866  48.105  20.796  27.981 0.0000000000
98855  48.554  20.760  28.980 0.0000000000
99452  48.056  21.956  30.988 0.0000000000
122680  48.847  21.115  30.942 0.0000000000
98830  49.620  20.903  31.691 0.0000000000
98804  50.984  21.516  33.938 0.0000000000
102242  51.265  27.896  39.745 0.0000000000
101674  51.561  27.612  39.440 0.0000000000
101659  51.423  27.479  40.099 0.0000000000
101648  51.289  26.676  40.349 0.0000000000
101082  51.097  26.042  41.302 0.0000000000
142931  51.216  26.239  42.692 0.0000000000
101077  51.147  25.661  42.301 0.0000000000
138137  50.573  24.941  41.046 0.0000000000
100541  50.491  24.130  41.351 0.0000000000
99965  50.865  23.324  41.849 0.0000000000
99388  51.269  22.502  42.304 0.0000000000
128011  50.668  22.668  43.358 0.0000000000
99958  48.741  23.304  44.029 0.0000000000
99376  48.770  22.569  43.561 0.0000000000
99377  47.806  22.673  43.850 0.0000000000
98724  46.638  21.573  44.364 0.0000000000
144330  46.371  21.302  44.935 0.0000000000
103945  47.918  30.449  33.365 0.0000000000
103414  49.450  29.660  31.976 0.0000000000
138518  49.366  28.865  31.609 0.0000000000
103425  49.719  29.374  31.317 0.0000000000
102887  49.639  28.456  30.764 0.0000000000
102337  49.142  27.589  29.930 0.0000000000
140257  49.002  26.946  30.041 0.0000000000
101743  48.635  26.404  29.655 0.0000000000
100608  48.207  25.070  29.001 0.0000000000
100599  48.424  24.923  29.708 0.0000000000
100609  47.745  24.275  28.469 0.0000000000
99465  47.548  22.575  28.440 0.0000000000
96615  49.438  18.063  33.312 0.0000000000
124680  48.791  18.527  33.776 0.0000000000
96610  49.446  18.114  34.250 0.0000000000
96601  49.555  18.060  36.272 0.0000000000
95838  48.121  16.987  38.556 0.0000000000
92994  51.360  13.039  37.491 0.0000000000
121488  50.095  13.349  37.534 0.0000000000
96577  40.544  18.346  38.685 0.0000000000
98048  41.276  20.259  37.263 0.0000000000
98063  42.483  20.717  36.743 0.0000000000
96576  41.278  18.100  38.382 0.0000000000
95843  41.324  17.181  38.339 0.0000000000
103464  45.760  29.249  27.352 0.0000000000
121972  45.522  29.976  27.746 0.0000000000
101745  44.738  26.277  29.561 0.0000000000
101130  48.659  25.698  33.478 0.0000000000
101120  49.619  25.829  35.421 0.0000000000
120460  49.399  26.363  36.020 0.0000000000
101695  50.231  26.637  36.709 0.0000000000
101686  50.878  27.162  37.388 0.0000000000
102243  50.937  28.078  39.396 0.0000000000
142055  50.282  27.695  40.838 0.0000000000
143008  49.946  27.464  42.952 0.0000000000
105415  48.735  33.137  37.164 0.0000000000
104914  48.446  32.799  38.330 0.0000000000
104920  48.566  32.884  37.601 0.0000000000
104926  48.780  33.001  36.956 0.0000000000
104927  48.239  32.764  36.499 0.0000000000
104942  46.992  31.523  34.531 0.0000000000
103910  44.619  30.423  36.312 0.0000000000
104451  46.234  31.389  35.051 0.0000000000
129260  46.342  31.015  34.506 0.0000000000
103933  46.975  30.829  34.025 0.0000000000
103406  46.897  30.000  33.766 0.0000000000
102857  47.032  28.340  33.924 0.0000000000
140528  47.506  27.796  33.454 0.0000000000
96573  52.372  18.161  38.046 0.0000000000
95849  52.339  17.566  37.489 0.0000000000
95198  52.396  16.767  38.864 0.0000000000
95189  52.203  16.038  39.203 0.0000000000
122985  51.548  13.589  39.402 0.0000000000
95169  53.216  15.518  42.094 0.0000000000
92175  53.905  12.610  39.857 0.0000000000
92981  53.826  13.297  39.493 0.0000000000
92983  52.936  13.044  38.702 0.0000000000
92993  51.753  13.089  38.518 0.0000000000
98857  44.090  21.070  29.727 0.0000000000
144445  44.318  21.221  30.360 0.0000000000
98127  44.838  21.058  30.135 0.0000000000
98134  45.461  20.422  29.612 0.0000000000
98125  46.203  20.181  30.264 0.0000000000
97391  46.616  19.165  28.538 0.0000000000
97386  46.725  19.375  29.662 0.0000000000
97379  46.873  19.701  30.707 0.0000000000
97378  47.552  19.170  31.085 0.0000000000
96622  48.248  18.531  31.371 0.0000000000
96627  49.085  17.827  31.549 0.0000000000
98143  49.147  19.175  27.624 0.0000000000
96648  49.593  18.139  28.032 0.0000000000
95912  49.635  17.584  28.323 0.0000000000
97384  50.476  18.672  29.403 0.0000000000
96640  50.450  17.746  29.128 0.0000000000
95905  50.193  17.389  29.013 0.0000000000
95894  49.932  17.302  30.650 0.0000000000
95893  50.301  17.390  31.620 0.0000000000
95886  50.343  17.501  32.638 0.0000000000
95879  51.548  17.461  33.689 0.0000000000
96609  52.479  18.316  33.928 0.0000000000
143353  52.468  17.839  34.310 0.0000000000
95872  52.318  17.559  34.818 0.0000000000
96600  52.334  17.843  36.129 0.0000000000
100577  48.992  23.932  34.233 0.0000000000
99999  49.648  23.427  34.417 0.0000000000
100570  50.715  24.608  35.172 0.0000000000
99998  50.855  23.802  34.840 0.0000000000
99425  51.023  22.348  34.602 0.0000000000
99420  51.109  22.408  35.045 0.0000000000
135438  51.074  25.385  37.909 0.0000000000
100555  50.453  24.450  37.619 0.0000000000
99415  50.466  23.014  36.497 0.0000000000
98073  50.952  20.553  35.739 0.0000000000
98057  51.371  19.857  36.224 0.0000000000
98043  50.764  20.521  37.157 0.0000000000
98042  51.237  20.026  36.916 0.0000000000
97325  51.709  19.302  36.908 0.0000000000
142032  52.609  18.643  40.293 0.0000000000
97302  52.235  19.846  40.231 0.0000000000
97301  52.556  19.322  40.671 0.0000000000
96554  52.882  18.675  40.965 0.0000000000
136730  52.718  18.468  41.441 0.0000000000
96545  52.381  18.139  41.988 0.0000000000
99387  51.465  21.714  42.272 0.0000000000
98735  51.742  21.075  42.271 0.0000000000
98016  51.701  20.326  42.244 0.0000000000
123903  50.257  20.438  42.522 0.0000000000
97289  51.647  19.461  42.190 0.0000000000
96546  51.673  18.600  42.192 0.0000000000
95803  51.630  17.713  42.290 0.0000000000
95804  50.657  17.303  42.460 0.0000000000
95173  49.529  16.879  42.733 0.0000000000
95165  48.859  16.677  43.312 0.0000000000
106941  46.572  36.473  30.976 0.0000000000
106947  46.831  36.657  30.272 0.0000000000
106946  47.252  36.399  29.716 0.0000000000
106410  47.824  35.143  28.999 0.0000000000
124206  47.989  34.025  28.635 0.0000000000
105462  47.997  33.197  28.175 0.0000000000
106378  48.204  35.483  34.285 0.0000000000
106382  48.165  35.455  33.720 0.0000000000
122518  50.134  32.085  32.451 0.0000000000
105910  49.245  34.493  33.294 0.0000000000
105911  48.272  34.819  32.658 0.0000000000
105918  47.885  34.146  31.815 0.0000000000
104982  47.745  32.730  30.594 0.0000000000
128655  47.636  32.820  29.809 0.0000000000
104988  47.787  32.592  28.895 0.0000000000
104995  47.801  32.375  27.825 0.0000000000
133132  47.653  31.675  27.726 0.0000000000
103462  47.188  29.621  27.197 0.0000000000
134386  46.996  28.890  27.147 0.0000000000
102353  46.084  27.811  27.200 0.0000000000
127794  45.967  27.118  27.470 0.0000000000
101758  45.908  26.231  27.372 0.0000000000
134940  47.938  27.129  28.717 0.0000000000
134681  47.435  26.933  27.796 0.0000000000
101169  47.004  25.468  27.425 0.0000000000
133893  46.739  26.419  27.382 0.0000000000
101171  45.861  25.387  26.983 0.0000000000
143157  45.477  24.764  27.268 0.0000000000
100035  43.916  23.470  27.643 0.0000000000
100043  43.391  22.892  27.035 0.0000000000
99480  44.038  22.101  25.892 0.0000000000
99474  43.299  22.280  26.667 0.0000000000
99475  42.686  22.361  27.181 0.0000000000
98867  43.140  21.381  28.458 0.0000000000
98135  43.596  20.915  28.965 0.0000000000
98118  44.533  21.245  31.020 0.0000000000
98821  45.195  21.456  32.736 0.0000000000
98108  46.579  20.595  32.783 0.0000000000
98820  46.054  21.190  33.151 0.0000000000
98807  45.475  21.505  33.690 0.0000000000
124526  45.279  21.403  35.070 0.0000000000
98060  45.239  20.530  36.610 0.0000000000
97360  48.057  19.279  34.567 0.0000000000
140551  47.690  19.430  35.783 0.0000000000
97355  47.112  19.982  35.804 0.0000000000
98059  46.279  20.258  36.357 0.0000000000
98044  45.180  19.986  37.266 0.0000000000
96593  44.587  18.757  37.696 0.0000000000
95856  44.365  17.813  37.684 0.0000000000
129205  51.723  16.981  38.017 0.0000000000
95836  50.389  17.148  38.491 0.0000000000
95201  49.655  16.500  39.185 0.0000000000
95203  47.347  16.228  38.642 0.0000000000
141353  48.895  14.056  38.492 0.0000000000
93816  48.255  14.221  38.184 0.0000000000
93817  47.479  14.435  37.899 0.0000000000
93810  47.781  14.767  38.634 0.0000000000
94521  46.784  15.589  38.449 0.0000000000
94522  46.214  15.842  38.296 0.0000000000
94529  45.671  15.790  37.811 0.0000000000
142008  49.101  13.151  43.341 0.0000000000
92964  48.710  12.606  42.988 0.0000000000
92157  51.081  12.144  42.585 0.0000000000
92158  49.221  11.957  42.512 0.0000000000
92172  53.701  12.717  40.915 0.0000000000
92960  52.700  13.360  42.510 0.0000000000
92961  52.108  13.056  42.806 0.0000000000
92962  51.366  12.848  42.985 0.0000000000
92974  54.081  13.406  40.149 0.0000000000
93777  53.257  14.726  42.118 0.0000000000
93788  54.167  14.253  40.459 0.0000000000
94486  48.740  15.351  44.024 0.0000000000
94493  53.640  15.267  41.527 0.0000000000
94500  54.159  15.050  40.700 0.0000000000
95175  53.413  16.179  41.621 0.0000000000
95878  52.205  17.712  33.986 0.0000000000
95892  51.396  17.441  31.219 0.0000000000
95897  51.075  17.409  30.338 0.0000000000
95898  50.492  17.337  29.948 0.0000000000
95899  49.663  17.363  29.714 0.0000000000
95906  49.493  17.385  28.889 0.0000000000
96614  52.226  18.159  33.197 0.0000000000
96641  50.065  17.685  28.511 0.0000000000
96650  48.172  18.516  27.268 0.0000000000
97370  51.613  19.176  31.852 0.0000000000
97396  48.845  18.466  27.504 0.0000000000
97407  46.799  19.306  26.696 0.0000000000
97408  45.936  19.606  26.661 0.0000000000
98017  51.143  20.772  42.514 0.0000000000
98131  49.890  18.933  28.475 0.0000000000
98144  48.409  19.898  27.155 0.0000000000
98157  45.197  20.056  26.649 0.0000000000
98159  43.794  20.610  27.014 0.0000000000
98165  45.622  20.226  26.350 0.0000000000
98166  44.144  20.674  26.439 0.0000000000
98720  46.345  21.423  45.632 0.0000000000
98728  48.633  21.782  43.170 0.0000000000
98729  47.708  21.354  43.343 0.0000000000
98756  49.521  21.969  38.347 0.0000000000
98794  45.579  21.441  34.389 0.0000000000
98819  48.834  22.010  32.470 0.0000000000
98873  47.056  20.520  26.480 0.0000000000
98874  43.007  21.790  26.854 0.0000000000
99433  48.969  22.817  33.311 0.0000000000
99991  51.491  24.725  35.903 0.0000000000
100529  50.809  23.786  43.812 0.0000000000
100566  51.255  24.836  35.622 0.0000000000
100600  48.162  24.268  29.300 0.0000000000
100613  41.703  23.684  28.697 0.0000000000
100623  46.076  24.031  26.364 0.0000000000
101069  50.776  25.244  44.572 0.0000000000
101106  51.593  26.129  36.965 0.0000000000
101177  45.947  24.598  26.625 0.0000000000
101660  51.542  27.144  39.668 0.0000000000
102185  50.290  27.790  45.152 0.0000000000
102220  51.175  27.704  42.217 0.0000000000
102226  51.183  27.810  41.647 0.0000000000
102234  50.890  27.963  40.341 0.0000000000
102336  49.513  27.874  30.506 0.0000000000
103434  49.961  29.836  31.118 0.0000000000
103922  44.901  30.677  35.856 0.0000000000
103972  50.045  30.478  31.049 0.0000000000
103993  46.290  30.261  26.821 0.0000000000
106386  48.777  35.048  33.542 0.0000000000
106927  46.608  35.975  34.683 0.0000000000
119540  45.015  20.368  28.569 0.0000000000
126741  52.356  11.996  41.965 0.0000000000
128970  49.250  26.725  36.540 0.0000000000
130627  50.910  27.937  41.252 0.0000000000
131041  43.613  21.670  26.252 0.0000000000
133416  51.054  26.061  44.229 0.0000000000
134442  45.515  28.078  28.278 0.0000000000
135235  52.957  10.999  38.590 0.0000000000
136035  51.643  27.154  38.888 0.0000000000
136150  48.722  19.173  42.677 0.0000000000
137975  50.513  27.499  44.720 0.0000000000
138664  50.862  23.982  42.161 0.0000000000
138667  49.588  12.556  43.007 0.0000000000
139055  43.462  21.227  26.776 0.0000000000
140664  49.486  27.749  31.174 0.0000000000
141624  45.762  20.853  31.537 0.0000000000
141976  50.657  22.218  34.158 0.0000000000
142001  47.232  35.720  34.927 0.0000000000
142599  52.251  16.527  42.372 0.0000000000
142896  48.649  25.029  32.198 0.0000000000
143819  50.951  18.837  30.328 0.0000000000
