#!ascii label  , from subject sub-v1s6x0051320_ses-1 vox2ras=TkReg
1101
13365  36.140  -75.199  -2.023 0.3000000119
119259  36.417  -65.467  -6.143 0.6000000238
26061  35.609  -62.853  -9.573 0.6999999881
121524  34.489  -61.860  -9.287 0.6999999881
15231  35.379  -74.232  -1.960 0.4000000060
19232  35.097  -69.247  -1.907 0.4000000060
14261  35.780  -74.394  -0.842 0.5000000000
14260  36.609  -74.343  -0.762 0.5000000000
23063  37.532  -66.195  -5.707 0.6999999881
24102  37.052  -64.904  -8.068 0.6999999881
23081  37.935  -65.310  -7.404 0.5000000000
24117  37.847  -64.356  -9.361 0.6000000238
129521  36.287  -63.356  -9.603 0.6000000238
126618  36.295  -62.250  -9.572 0.6999999881
142661  34.648  -61.145  -9.110 0.6999999881
129363  34.663  -72.901  -1.605 0.5000000000
15215  35.204  -73.771  -0.518 0.6000000238
20240  36.198  -68.116  -2.894 0.4000000060
125171  36.625  -67.598  -3.161 0.5000000000
15202  34.870  -72.552  0.314 0.6000000238
131708  36.688  -67.293  -3.827 0.6000000238
22169  37.647  -67.109  -4.598 0.6000000238
15201  35.374  -73.092  0.217 0.6000000238
22179  37.985  -66.977  -5.137 0.6000000238
24101  37.803  -64.927  -8.268 0.6000000238
24116  38.690  -64.305  -9.092 0.6000000238
28029  38.224  -61.065  -8.998 0.6999999881
26060  37.316  -62.762  -9.571 0.6999999881
27053  37.215  -61.359  -9.516 0.6999999881
27054  36.031  -61.212  -9.507 0.6999999881
28031  34.199  -60.007  -8.734 0.6999999881
29052  37.301  -59.355  -9.430 0.6999999881
29053  36.291  -59.367  -9.535 0.6999999881
29054  35.133  -59.463  -9.268 0.6999999881
30077  36.953  -58.451  -9.434 0.6999999881
144382  34.567  -72.258  -1.705 0.5000000000
18221  34.484  -70.979  -1.821 0.5000000000
122525  34.621  -70.172  -1.631 0.5000000000
20241  35.522  -68.517  -2.489 0.4000000060
16170  34.501  -72.248  0.082 0.5000000000
135418  36.428  -67.781  -2.818 0.5000000000
22157  37.290  -67.146  -3.643 0.6000000238
17152  35.419  -71.720  0.794 0.6000000238
16154  34.856  -71.916  0.574 0.5000000000
140723  35.098  -70.176  1.085 0.5000000000
22167  38.243  -66.003  -5.633 0.6999999881
24094  38.754  -65.211  -6.905 0.6000000238
23072  38.025  -65.710  -6.420 0.6999999881
26052  38.858  -62.975  -8.614 0.6000000238
25117  38.873  -63.835  -8.097 0.6000000238
27040  38.284  -61.217  -8.551 0.6000000238
26058  38.713  -62.892  -9.080 0.6000000238
28030  38.095  -60.264  -8.857 0.6000000238
28033  37.986  -60.165  -9.104 0.6999999881
29048  34.299  -59.025  -8.923 0.6999999881
29043  37.583  -58.938  -8.551 0.6000000238
30078  35.946  -58.480  -9.503 0.6999999881
30079  35.057  -58.549  -9.212 0.6999999881
30076  37.552  -58.684  -9.106 0.6999999881
121624  35.464  -68.526  -1.900 0.4000000060
17189  34.468  -71.655  -1.328 0.5000000000
125859  34.523  -70.096  -0.605 0.4000000060
21237  35.873  -67.998  -2.310 0.5000000000
22143  36.716  -67.133  -2.827 0.6000000238
18199  34.305  -70.372  -0.070 0.4000000060
22156  37.943  -66.854  -4.173 0.6000000238
17153  34.526  -71.393  0.350 0.4000000060
19216  34.361  -69.612  0.092 0.4000000060
19205  34.761  -69.501  0.747 0.4000000060
20196  34.614  -68.773  0.381 0.4000000060
23051  38.209  -66.605  -4.597 0.6999999881
24089  38.501  -65.248  -6.053 0.6000000238
25108  38.592  -64.246  -6.160 0.6000000238
26046  38.125  -62.328  -7.259 0.6000000238
26041  38.702  -63.082  -7.654 0.6000000238
28018  37.395  -61.075  -7.096 0.6000000238
30074  33.548  -57.961  -8.510 0.6999999881
31127  35.614  -57.701  -9.337 0.6999999881
31121  37.137  -57.353  -8.807 0.6000000238
31126  36.595  -57.568  -9.329 0.6000000238
20227  34.817  -68.537  -0.888 0.4000000060
21219  35.239  -67.894  -1.315 0.4000000060
23044  37.362  -66.279  -3.281 0.6999999881
21182  34.586  -68.139  -0.016 0.4000000060
24073  38.075  -65.820  -3.982 0.8000000119
20195  34.987  -68.722  0.957 0.5000000000
24083  38.386  -65.802  -4.982 0.6999999881
24090  38.395  -64.640  -5.222 0.6000000238
27033  37.545  -61.813  -6.497 0.5000000000
25114  38.216  -63.024  -6.472 0.6000000238
31125  33.190  -57.221  -8.276 0.6999999881
29026  36.000  -59.515  -6.583 0.6000000238
29040  36.698  -59.693  -7.219 0.6000000238
31124  34.310  -56.960  -8.804 0.8000000119
32204  33.638  -56.311  -8.439 0.8000000119
30064  36.532  -58.866  -7.404 0.6000000238
30067  37.229  -58.269  -8.086 0.6000000238
22132  35.490  -67.245  -1.487 0.5000000000
22144  36.078  -67.428  -2.351 0.6000000238
22116  34.926  -67.116  -0.465 0.5000000000
128199  35.092  -67.114  0.435 0.6999999881
22105  34.770  -67.361  0.092 0.4000000060
119989  38.187  -64.954  -4.457 0.6999999881
25101  37.784  -63.943  -4.561 0.6999999881
26031  37.454  -62.417  -5.545 0.6000000238
26018  37.252  -62.916  -4.746 0.6000000238
27024  36.857  -61.524  -5.632 0.6000000238
32199  33.085  -55.898  -7.920 0.6000000238
28019  36.455  -60.285  -6.393 0.6000000238
128872  35.577  -56.324  -8.956 0.6999999881
32203  34.761  -55.939  -8.689 0.6999999881
125537  35.715  -57.528  -7.050 0.6999999881
31116  36.618  -56.879  -7.883 0.6999999881
32202  36.282  -56.241  -8.662 0.6999999881
121777  35.165  -66.402  -0.618 0.5000000000
134303  35.683  -66.509  -1.778 0.6000000238
22998  35.489  -65.663  0.274 0.6999999881
22104  35.057  -66.506  0.139 0.6000000238
22103  35.689  -66.488  0.616 0.6999999881
21181  35.589  -67.442  0.881 0.6999999881
24074  37.278  -65.042  -3.238 0.6999999881
25093  36.882  -64.085  -3.343 0.6999999881
26019  36.583  -62.519  -4.297 0.5000000000
25102  36.829  -63.415  -3.986 0.6000000238
138424  31.805  -55.403  -7.254 0.5000000000
27996  35.481  -60.461  -4.590 0.6000000238
27995  36.143  -61.151  -4.984 0.6000000238
33167  32.655  -55.319  -7.559 0.6000000238
33168  32.027  -54.812  -7.072 0.5000000000
29027  35.154  -59.202  -6.048 0.6000000238
28004  35.809  -60.159  -5.580 0.6000000238
33170  35.209  -55.307  -8.353 0.6000000238
138696  33.907  -54.248  -7.630 0.5000000000
36293  33.893  -53.072  -7.027 0.5000000000
30052  34.749  -58.252  -6.337 0.6999999881
30065  35.741  -58.576  -6.886 0.6999999881
32193  35.691  -56.510  -7.232 0.6999999881
33169  35.872  -55.422  -8.225 0.6999999881
34229  35.042  -54.485  -7.445 0.5000000000
31113  34.746  -57.325  -6.364 0.6999999881
120778  35.186  -54.815  -6.272 0.6000000238
23035  36.296  -65.975  -2.403 0.6000000238
139022  35.314  -65.766  -0.854 0.6999999881
23025  35.559  -65.410  -1.571 0.6000000238
122331  35.938  -64.698  0.463 0.6999999881
24061  36.720  -65.265  -2.730 0.6999999881
123345  36.391  -63.312  -3.069 0.6999999881
25079  36.381  -64.213  -2.726 0.6999999881
26002  36.152  -62.482  -3.532 0.6000000238
34228  31.589  -54.529  -6.360 0.4000000060
27016  36.151  -61.814  -4.244 0.5000000000
35284  33.328  -52.718  -6.652 0.4000000060
29028  34.357  -58.734  -5.524 0.6000000238
29018  34.970  -59.615  -5.031 0.6000000238
35286  34.834  -53.744  -7.062 0.5000000000
35287  34.206  -53.615  -7.330 0.5000000000
123522  35.271  -54.931  -7.419 0.5000000000
35282  35.143  -53.177  -6.109 0.4000000060
31102  34.113  -57.343  -5.647 0.6000000238
33159  34.884  -56.016  -5.735 0.6999999881
33162  35.205  -55.460  -6.466 0.6000000238
34223  35.518  -54.439  -5.443 0.5000000000
127389  35.525  -64.873  0.118 0.6000000238
24046  35.428  -64.426  -1.286 0.6999999881
24062  35.791  -64.843  -2.203 0.6999999881
24009  35.710  -63.776  0.439 0.6999999881
122457  35.552  -63.862  -2.059 0.6000000238
139269  35.849  -63.385  -2.551 0.6000000238
27004  34.896  -61.164  -3.113 0.6000000238
141590  35.147  -61.751  -2.903 0.5000000000
27983  35.227  -60.770  -3.796 0.6000000238
29019  34.117  -59.084  -4.548 0.6000000238
27997  34.777  -59.991  -4.122 0.6000000238
36285  34.860  -52.430  -6.355 0.5000000000
140927  34.372  -51.825  -6.482 0.4000000060
31103  33.662  -57.828  -5.145 0.6000000238
36284  36.054  -52.121  -5.811 0.4000000060
32189  34.416  -56.655  -5.336 0.6000000238
33158  35.304  -55.333  -5.356 0.5000000000
24031  35.388  -64.111  -0.215 0.6999999881
25038  35.956  -63.130  1.052 0.6999999881
25068  35.212  -63.412  -0.985 0.6000000238
25080  35.359  -63.003  -2.025 0.6000000238
25019  36.736  -63.210  1.208 0.6999999881
28996  33.958  -59.927  -2.670 0.6000000238
27970  34.416  -60.751  -2.517 0.6000000238
27984  34.580  -60.380  -3.301 0.6000000238
29010  34.145  -59.583  -3.581 0.5000000000
31088  33.506  -57.703  -4.336 0.6000000238
32175  34.194  -56.448  -4.434 0.6000000238
33148  35.335  -55.302  -4.358 0.5000000000
25942  34.987  -62.606  0.605 0.6999999881
25955  34.820  -62.690  -0.314 0.6999999881
25971  34.601  -61.806  -1.588 0.6000000238
26986  34.295  -61.119  -1.766 0.5000000000
27971  33.619  -59.796  -1.894 0.6000000238
126310  33.891  -60.454  -1.874 0.6000000238
30022  33.461  -58.453  -3.041 0.6000000238
31078  33.450  -57.653  -3.486 0.6000000238
33137  34.676  -55.758  -3.964 0.5000000000
19203  37.925  -69.818  0.331 0.5000000000
136754  37.149  -67.998  0.834 0.5000000000
20192  38.668  -68.220  0.226 0.5000000000
20193  37.845  -68.426  0.550 0.5000000000
21180  36.721  -67.179  0.799 0.6999999881
123273  38.624  -66.749  0.333 0.6999999881
21179  38.010  -67.542  0.523 0.5000000000
21178  39.043  -67.484  0.141 0.5000000000
22102  36.898  -66.178  0.626 0.6999999881
123787  37.688  -66.708  0.551 0.6999999881
22997  36.202  -65.534  0.576 0.6999999881
13364  36.822  -75.200  -1.970 0.3000000119
126555  35.351  -62.023  -9.484 0.6999999881
23088  37.336  -64.830  -9.116 0.6000000238
28036  35.643  -60.316  -9.436 0.6999999881
141043  34.905  -67.925  0.542 0.6000000238
27034  36.917  -60.997  -6.369 0.6000000238
32197  36.813  -56.779  -8.553 0.6999999881
143527  33.343  -55.440  -7.886 0.6000000238
33165  34.582  -54.811  -7.905 0.6000000238
125854  35.611  -55.623  -7.408 0.6999999881
35288  33.361  -53.648  -7.069 0.5000000000
122091  32.532  -53.273  -6.460 0.5000000000
25986  35.766  -62.736  -2.755 0.5000000000
25056  35.217  -63.300  0.163 0.6999999881
25987  35.152  -62.211  -2.293 0.5000000000
30033  33.450  -58.209  -3.852 0.6000000238
32163  33.641  -56.968  -3.965 0.6000000238
25970  34.906  -62.535  -1.328 0.6000000238
28997  33.534  -59.168  -2.362 0.6000000238
25956  34.440  -62.042  -0.726 0.5000000000
23010  40.290  -65.185  -0.534 0.6000000238
27003  42.000  -61.496  -3.883 0.6000000238
27994  41.740  -59.925  -4.745 0.4000000060
25066  41.237  -63.732  -1.568 0.5000000000
140084  39.027  -65.137  0.271 0.6000000238
23052  35.783  -66.343  -5.002 0.5000000000
28001  42.593  -60.092  -6.156 0.4000000060
22180  36.786  -67.015  -4.759 0.5000000000
23074  35.466  -65.001  -6.444 0.5000000000
139717  41.823  -63.181  -2.399 0.5000000000
30050  42.551  -58.457  -6.325 0.4000000060
132459  36.569  -66.356  -5.402 0.5000000000
24103  35.737  -64.919  -8.288 0.5000000000
26001  41.858  -61.957  -3.206 0.6000000238
24095  36.183  -64.905  -7.120 0.5000000000
25067  40.764  -64.019  -1.168 0.5000000000
22995  38.153  -65.027  0.489 0.6000000238
32188  43.586  -57.068  -6.508 0.4000000060
31110  44.922  -57.177  -7.146 0.4000000060
134051  41.547  -61.175  -3.439 0.4000000060
23092  33.046  -65.412  -9.098 0.5000000000
25985  41.517  -62.407  -2.399 0.5000000000
24104  34.460  -65.092  -8.507 0.5000000000
23101  33.291  -65.132  -9.357 0.5000000000
130148  39.757  -63.969  -0.215 0.6000000238
24005  39.312  -64.362  0.204 0.6000000238
22996  37.265  -65.335  0.557 0.6000000238
24118  36.763  -64.546  -9.368 0.5000000000
25131  33.898  -63.917  -9.598 0.5000000000
24122  32.746  -64.831  -9.577 0.4000000060
140710  40.283  -62.508  -0.822 0.5000000000
125873  40.831  -63.222  -1.283 0.5000000000
25034  39.234  -63.642  0.318 0.6000000238
25035  38.594  -63.344  0.760 0.6000000238
24006  38.580  -64.249  0.539 0.6000000238
124701  37.950  -63.687  0.984 0.6000000238
24007  37.504  -64.487  0.657 0.6000000238
30051  41.977  -58.852  -5.655 0.4000000060
136505  43.126  -57.083  -5.807 0.4000000060
26063  33.934  -62.840  -9.425 0.5000000000
136749  33.309  -63.276  -9.513 0.5000000000
26065  31.627  -63.186  -9.345 0.4000000060
25130  34.685  -63.964  -9.641 0.6000000238
25132  32.204  -64.085  -9.612 0.4000000060
144329  40.537  -61.003  -2.177 0.6000000238
25954  39.427  -62.136  -0.130 0.6000000238
26960  38.700  -62.144  0.658 0.6000000238
26949  38.131  -62.293  1.250 0.6000000238
32187  44.894  -55.917  -6.078 0.4000000060
27048  32.804  -62.115  -8.855 0.5000000000
26053  31.935  -62.303  -8.934 0.4000000060
27050  30.650  -61.965  -8.215 0.4000000060
27982  40.757  -59.873  -3.302 0.6000000238
29008  41.179  -59.579  -4.142 0.4000000060
27958  40.094  -60.605  -1.791 0.6000000238
26995  41.003  -60.840  -2.845 0.6000000238
26971  39.920  -61.680  -0.749 0.5000000000
26973  38.791  -61.409  0.171 0.6000000238
26985  39.808  -60.966  -1.092 0.5000000000
25929  37.350  -62.578  1.415 0.6000000238
33156  46.047  -56.119  -6.240 0.4000000060
31101  42.122  -58.143  -5.575 0.4000000060
27047  33.121  -61.238  -8.538 0.6000000238
28028  31.777  -60.873  -7.933 0.5000000000
141045  30.259  -61.667  -7.609 0.5000000000
127798  29.557  -61.803  -7.288 0.5000000000
30032  40.756  -58.556  -3.746 0.4000000060
30039  41.593  -58.508  -4.911 0.4000000060
30020  40.264  -58.571  -3.058 0.5000000000
132304  39.542  -60.159  -1.412 0.5000000000
27959  38.988  -59.794  -0.875 0.5000000000
26961  38.133  -61.489  0.962 0.6000000238
26950  37.594  -61.882  1.405 0.6000000238
25930  36.375  -62.529  1.410 0.6000000238
33134  43.709  -55.757  -3.819 0.4000000060
125147  43.842  -56.495  -5.893 0.4000000060
33133  44.683  -55.239  -4.027 0.4000000060
33147  45.299  -55.555  -5.277 0.4000000060
29049  33.533  -59.393  -8.537 0.6000000238
33135  43.004  -55.903  -3.256 0.4000000060
32174  43.062  -56.707  -5.063 0.4000000060
140109  30.667  -60.565  -7.140 0.5000000000
121562  30.149  -61.149  -7.004 0.4000000060
31076  41.453  -57.609  -3.864 0.4000000060
27969  39.839  -59.755  -2.121 0.5000000000
129491  38.327  -60.834  0.344 0.5000000000
27940  37.718  -60.629  0.766 0.6000000238
138388  35.978  -61.817  1.522 0.6000000238
26952  35.261  -61.694  1.320 0.6000000238
33123  44.651  -54.885  -2.933 0.4000000060
137724  33.079  -58.764  -8.283 0.6000000238
28027  32.053  -59.951  -7.764 0.6000000238
121989  31.295  -60.298  -7.451 0.5000000000
28005  29.071  -60.448  -5.490 0.5000000000
32150  42.303  -56.267  -2.763 0.4000000060
31077  40.749  -58.009  -3.506 0.4000000060
30021  39.835  -58.295  -2.269 0.5000000000
28981  38.829  -58.966  -1.121 0.5000000000
27927  36.419  -61.132  1.492 0.5000000000
121536  45.545  -54.695  -3.636 0.4000000060
129576  32.248  -58.896  -7.803 0.6000000238
30071  30.995  -58.942  -6.849 0.5000000000
29041  30.444  -59.469  -6.329 0.5000000000
30011  39.352  -58.649  -1.691 0.5000000000
28969  38.373  -59.313  -0.437 0.4000000060
144429  37.039  -59.526  1.015 0.4000000060
128800  35.535  -61.084  1.484 0.4000000060
27941  34.619  -61.102  1.238 0.6000000238
137236  34.145  -61.570  -0.321 0.4000000060
128243  45.373  -54.498  -2.582 0.4000000060
33124  43.808  -55.308  -2.953 0.4000000060
30075  32.745  -58.050  -8.042 0.6000000238
33125  42.851  -55.432  -2.353 0.4000000060
31117  32.366  -57.390  -7.805 0.5000000000
30070  31.535  -58.452  -7.356 0.5000000000
30066  30.574  -58.564  -6.266 0.5000000000
133572  29.746  -59.510  -5.201 0.4000000060
31119  31.029  -58.028  -6.799 0.4000000060
31056  38.984  -58.262  -1.065 0.5000000000
29999  38.467  -58.566  -0.521 0.5000000000
28970  37.935  -58.809  0.015 0.6000000238
133255  35.978  -60.329  1.522 0.4000000060
27928  35.022  -60.293  1.492 0.4000000060
27942  33.913  -60.757  0.708 0.4000000060
29970  36.041  -58.750  1.420 0.5000000000
124227  31.966  -56.833  -7.601 0.5000000000
31118  31.570  -57.487  -7.359 0.6000000238
33163  31.385  -55.829  -6.957 0.4000000060
27930  33.696  -59.921  0.895 0.5000000000
27960  33.870  -60.844  -1.229 0.5000000000
31037  36.695  -57.996  1.227 0.5000000000
29986  37.466  -58.444  0.619 0.5000000000
28949  35.524  -59.513  1.530 0.5000000000
28950  34.554  -59.416  1.496 0.5000000000
34190  43.602  -54.810  -2.085 0.4000000060
31068  33.408  -57.712  -2.702 0.5000000000
27961  33.635  -60.099  -1.019 0.4000000060
120421  33.564  -60.081  0.141 0.5000000000
29971  35.071  -58.679  1.642 0.5000000000
123678  35.630  -57.924  1.581 0.5000000000
34225  31.142  -55.070  -6.041 0.4000000060
126759  33.447  -57.288  -2.041 0.4000000060
31057  33.403  -57.658  -1.151 0.4000000060
30012  33.383  -58.290  -1.935 0.5000000000
30000  33.395  -58.481  -0.814 0.5000000000
140922  33.459  -58.685  0.892 0.5000000000
120840  33.362  -58.607  0.174 0.5000000000
29972  34.140  -58.518  1.507 0.5000000000
31022  33.911  -57.641  1.483 0.5000000000
31023  33.510  -57.395  1.102 0.4000000060
130996  35.187  -64.426  -9.497 0.5000000000
27057  33.626  -61.960  -8.962 0.6000000238
24110  36.259  -65.022  -8.933 0.6000000238
27056  34.056  -61.015  -8.738 0.6000000238
22170  35.599  -66.660  -4.329 0.5000000000
32201  32.062  -56.062  -7.552 0.5000000000
25932  34.789  -61.921  0.971 0.6000000238
26962  34.099  -61.354  0.269 0.4000000060
23091  33.840  -65.256  -9.177 0.5000000000
23090  35.525  -64.932  -9.151 0.5000000000
24120  34.394  -64.583  -9.480 0.5000000000
26064  32.569  -63.052  -9.432 0.4000000060
26054  31.100  -62.478  -8.852 0.4000000060
130141  40.397  -60.235  -2.514 0.6000000238
123975  32.246  -61.453  -8.467 0.6000000238
31086  42.272  -57.087  -4.281 0.4000000060
128047  33.347  -60.299  -8.461 0.6000000238
28032  32.542  -60.559  -8.217 0.6000000238
27042  30.904  -61.177  -7.668 0.5000000000
27035  29.350  -61.333  -6.662 0.5000000000
26048  29.051  -62.526  -7.639 0.5000000000
28021  29.357  -60.777  -6.087 0.5000000000
29045  31.487  -59.383  -7.370 0.5000000000
28020  30.192  -60.418  -6.484 0.5000000000
29046  30.832  -59.828  -6.967 0.5000000000
28958  37.514  -59.825  0.620 0.5000000000
29042  29.801  -60.000  -5.706 0.5000000000
123115  40.068  -57.668  -1.990 0.5000000000
30069  32.048  -58.053  -7.716 0.6000000238
27929  34.129  -60.146  1.238 0.3000000119
132061  33.316  -57.839  -0.194 0.4000000060
133855  36.809  -80.841  -1.554 0.3000000119
8330  37.471  -81.522  -2.386 0.3000000119
8308  37.432  -81.346  -1.176 0.3000000119
9151  38.686  -81.085  -2.505 0.3000000119
8329  38.101  -81.555  -1.975 0.3000000119
8315  38.937  -81.269  -1.525 0.3000000119
9150  39.228  -80.369  -3.062 0.3000000119
9140  39.493  -80.498  -2.187 0.3000000119
127412  40.415  -80.000  1.081 0.3000000119
8305  39.368  -81.129  -0.672 0.3000000119
9982  40.070  -79.895  -1.974 0.3000000119
9990  39.916  -79.803  -2.728 0.3000000119
9128  40.015  -80.421  -0.265 0.3000000119
130470  40.704  -78.913  0.862 0.3000000119
10806  40.561  -78.956  0.100 0.3000000119
129836  40.489  -78.899  -0.773 0.4000000060
126104  40.407  -78.812  -1.556 0.4000000060
125334  40.356  -78.223  -2.130 0.4000000060
10841  40.507  -78.118  -3.824 0.3000000119
12504  40.523  -76.603  1.452 0.3000000119
137463  40.306  -77.413  0.725 0.4000000060
129869  39.888  -77.163  0.035 0.4000000060
10825  40.336  -78.137  -1.217 0.4000000060
142056  41.203  -77.187  1.892 0.3000000119
11701  40.656  -77.413  -2.807 0.4000000060
144679  43.238  -75.334  2.472 0.4000000060
13333  41.916  -75.651  2.175 0.4000000060
136928  40.761  -77.488  -3.520 0.4000000060
143519  41.790  -76.066  -3.202 0.3000000119
13334  40.829  -75.564  1.765 0.4000000060
12511  39.884  -76.466  0.576 0.3000000119
12520  39.815  -76.443  -0.433 0.4000000060
14239  41.348  -74.705  1.881 0.4000000060
13349  40.368  -75.624  -1.100 0.5000000000
12531  40.322  -76.452  -1.537 0.4000000060
16169  36.405  -73.105  0.242 0.5000000000
15177  42.954  -74.049  2.161 0.4000000060
12539  41.065  -76.443  -2.606 0.4000000060
14293  37.641  -74.895  -2.181 0.3000000119
15229  38.374  -73.359  -1.306 0.4000000060
14334  41.935  -75.081  -3.955 0.3000000119
22158  35.317  -67.162  -3.724 0.4000000060
22171  34.449  -66.295  -4.142 0.4000000060
136426  35.998  -69.742  1.239 0.4000000060
19204  37.145  -69.749  0.810 0.4000000060
17136  35.731  -70.820  1.066 0.4000000060
14240  40.637  -74.670  1.326 0.4000000060
13335  40.158  -75.584  1.098 0.3000000119
12512  39.901  -75.577  0.062 0.5000000000
124732  36.682  -70.982  0.789 0.4000000060
17150  37.233  -71.456  0.406 0.4000000060
137022  41.911  -74.067  1.914 0.4000000060
15230  37.560  -74.039  -0.902 0.4000000060
13363  41.302  -75.685  -2.105 0.4000000060
16179  38.900  -72.420  -1.426 0.5000000000
13382  42.051  -75.555  -2.920 0.5000000000
15228  39.049  -73.094  -1.859 0.4000000060
14292  38.560  -74.437  -2.592 0.4000000060
14310  42.412  -74.969  -3.175 0.3000000119
144460  39.351  -73.999  -2.637 0.4000000060
23053  34.818  -65.854  -4.779 0.4000000060
20194  36.248  -68.042  1.136 0.4000000060
15188  41.185  -73.758  1.389 0.4000000060
15189  40.723  -73.911  0.637 0.4000000060
18177  37.496  -70.546  0.446 0.4000000060
17172  37.777  -72.057  -0.072 0.5000000000
15200  41.138  -73.268  0.669 0.4000000060
15211  40.691  -74.110  -0.228 0.4000000060
18220  38.839  -70.992  -0.781 0.5000000000
17135  42.538  -71.727  1.100 0.4000000060
16150  41.999  -71.999  0.433 0.4000000060
142186  41.325  -73.386  -0.440 0.4000000060
15227  42.307  -73.941  -1.805 0.5000000000
14270  42.374  -74.315  -2.609 0.5000000000
18197  38.498  -70.252  -0.195 0.4000000060
18219  39.375  -70.912  -1.364 0.5000000000
17134  42.979  -71.016  0.813 0.4000000060
14288  42.430  -74.661  -2.957 0.5000000000
17187  39.519  -71.993  -1.853 0.4000000060
15259  42.426  -74.443  -3.074 0.4000000060
15247  40.864  -73.418  -2.876 0.4000000060
14290  40.305  -74.053  -3.134 0.4000000060
132068  40.317  -72.899  -2.426 0.4000000060
19215  38.481  -69.399  0.051 0.4000000060
20210  39.411  -68.164  -0.264 0.3000000119
16166  42.154  -72.215  -0.651 0.4000000060
16177  42.689  -72.521  -1.967 0.4000000060
18196  39.270  -70.315  -0.906 0.4000000060
26056  29.494  -62.967  -8.341 0.4000000060
18194  43.940  -69.828  -0.095 0.4000000060
17148  42.948  -70.826  -0.258 0.4000000060
15226  42.485  -73.604  -2.263 0.5000000000
16192  42.409  -73.020  -2.464 0.5000000000
19230  40.281  -69.889  -1.987 0.5000000000
18238  39.843  -71.296  -2.000 0.4000000060
18216  43.723  -70.037  -1.462 0.4000000060
15246  42.092  -73.645  -3.007 0.4000000060
16195  40.284  -72.200  -2.339 0.4000000060
16194  41.289  -72.829  -2.709 0.4000000060
17201  40.754  -71.474  -2.727 0.4000000060
21197  39.783  -67.403  -0.372 0.4000000060
20226  39.652  -68.901  -0.685 0.3000000119
17169  43.190  -70.870  -1.352 0.4000000060
17186  42.948  -71.498  -2.106 0.4000000060
126648  40.299  -69.042  -1.366 0.3000000119
17185  43.290  -70.823  -2.116 0.4000000060
17199  42.985  -71.015  -2.813 0.4000000060
17200  42.599  -71.944  -2.597 0.4000000060
16211  42.298  -72.208  -2.853 0.5000000000
19228  44.383  -69.333  -1.815 0.4000000060
19249  43.782  -69.996  -3.056 0.4000000060
17217  41.996  -71.231  -3.529 0.4000000060
16212  41.738  -72.119  -2.929 0.4000000060
18253  41.010  -70.574  -3.452 0.4000000060
22115  39.732  -66.202  -0.166 0.4000000060
17216  42.426  -71.156  -3.378 0.4000000060
11766  37.844  -76.878  -8.529 0.3000000119
132440  40.737  -79.452  1.614 0.3000000119
11667  41.254  -77.709  2.004 0.3000000119
12502  42.332  -76.354  2.407 0.4000000060
15187  43.260  -73.122  2.035 0.4000000060
16133  43.481  -72.084  1.746 0.4000000060
16132  44.631  -72.021  2.259 0.4000000060
18175  44.302  -70.136  0.881 0.4000000060
128676  40.818  -67.677  -1.281 0.3000000119
19213  44.663  -69.338  -0.611 0.4000000060
21218  40.482  -67.220  -0.831 0.4000000060
20224  41.400  -67.732  -1.859 0.4000000060
20238  41.352  -68.593  -2.541 0.4000000060
20237  44.657  -68.914  -3.252 0.4000000060
134248  43.364  -70.040  -3.888 0.4000000060
18250  42.681  -70.178  -4.496 0.4000000060
18251  42.141  -70.427  -4.304 0.4000000060
19267  41.364  -70.051  -4.171 0.3000000119
131209  40.763  -70.087  -3.085 0.4000000060
19266  44.041  -69.504  -3.609 0.4000000060
15212  37.754  -73.334  -0.605 0.4000000060
130979  40.249  -65.947  -0.480 0.4000000060
8341  37.150  -81.642  -3.276 0.3000000119
8317  37.731  -81.554  -1.548 0.3000000119
9157  38.445  -80.903  -3.382 0.3000000119
11747  37.112  -77.458  -7.870 0.3000000119
11746  38.106  -77.511  -7.792 0.3000000119
9139  39.877  -80.364  -1.228 0.3000000119
137306  40.654  -79.328  1.047 0.3000000119
9972  40.388  -79.642  -0.523 0.4000000060
9989  40.304  -79.142  -2.283 0.4000000060
120051  40.633  -78.307  0.770 0.3000000119
11668  40.817  -77.667  1.434 0.3000000119
126738  40.337  -78.065  -0.161 0.4000000060
11693  40.293  -77.319  -1.881 0.4000000060
12503  41.803  -77.047  2.318 0.3000000119
14231  43.591  -74.873  2.492 0.4000000060
14258  41.396  -74.244  -1.229 0.4000000060
14289  42.386  -74.878  -2.833 0.5000000000
15260  41.613  -74.142  -3.347 0.3000000119
14271  42.177  -74.592  -2.219 0.5000000000
18164  43.974  -71.045  1.455 0.4000000060
16193  42.263  -73.050  -2.684 0.4000000060
18252  41.646  -70.430  -4.084 0.4000000060
24072  42.867  -64.142  -3.333 0.4000000060
24059  42.420  -64.439  -2.590 0.4000000060
25099  43.304  -62.707  -5.616 0.4000000060
128099  42.622  -61.363  -5.445 0.3000000119
25984  42.137  -62.772  -3.005 0.5000000000
24060  41.956  -64.844  -1.968 0.4000000060
24045  40.780  -64.816  -1.076 0.4000000060
25052  47.791  -63.416  -0.809 0.3000000119
25951  47.870  -63.246  -1.157 0.3000000119
124820  45.308  -59.894  -4.598 0.3000000119
29024  45.581  -59.266  -6.705 0.3000000119
30060  45.235  -58.025  -6.970 0.3000000119
31112  43.384  -58.000  -6.940 0.3000000119
26981  47.058  -61.747  -1.796 0.3000000119
124197  46.227  -61.479  -2.325 0.3000000119
27980  44.853  -60.306  -3.625 0.3000000119
24028  46.138  -64.348  -0.413 0.3000000119
25953  46.193  -62.531  -0.426 0.3000000119
30049  45.461  -58.631  -6.317 0.3000000119
31098  45.802  -57.260  -6.472 0.3000000119
26982  46.128  -61.677  -1.448 0.3000000119
28992  44.423  -60.278  -2.845 0.3000000119
29015  44.823  -59.084  -4.935 0.3000000119
26970  44.922  -61.492  -0.332 0.3000000119
26983  45.141  -61.422  -1.196 0.3000000119
30010  43.622  -58.740  -2.379 0.3000000119
27957  43.919  -60.251  -1.358 0.3000000119
29998  43.362  -58.792  -1.232 0.3000000119
26958  45.485  -62.070  0.217 0.3000000119
30029  44.411  -58.135  -4.226 0.3000000119
31084  45.781  -56.943  -4.897 0.3000000119
33145  46.947  -55.605  -4.703 0.3000000119
143399  43.633  -60.468  0.273 0.3000000119
30030  43.934  -58.430  -3.388 0.3000000119
130887  46.547  -56.571  -3.575 0.3000000119
28968  43.447  -59.598  -0.848 0.3000000119
31054  43.691  -57.974  -1.593 0.3000000119
31065  44.037  -57.829  -2.554 0.3000000119
31052  45.263  -56.890  -2.088 0.3000000119
34200  46.385  -54.647  -4.127 0.3000000119
32171  47.169  -56.003  -4.646 0.3000000119
34208  47.372  -55.111  -4.432 0.3000000119
123556  46.256  -54.377  -2.578 0.3000000119
119403  44.394  -54.596  -2.162 0.3000000119
34176  45.740  -54.253  -1.817 0.3000000119
34177  44.822  -54.284  -1.624 0.3000000119
34178  43.920  -54.248  -1.394 0.3000000119
126431  42.786  -61.000  -6.136 0.3000000119
25100  42.989  -62.955  -4.588 0.4000000060
121621  44.431  -57.912  -7.147 0.3000000119
32172  46.397  -56.307  -5.408 0.3000000119
25090  43.207  -63.871  -4.282 0.5000000000
26968  46.707  -62.105  -1.128 0.3000000119
29006  44.199  -59.566  -3.816 0.3000000119
29014  45.670  -59.515  -5.866 0.3000000119
28015  44.776  -60.130  -7.256 0.3000000119
28016  43.751  -59.988  -7.046 0.3000000119
26993  45.315  -60.961  -2.841 0.3000000119
26969  45.821  -61.880  -0.641 0.3000000119
31099  45.708  -57.950  -5.937 0.3000000119
27968  44.060  -60.117  -2.114 0.3000000119
31043  43.475  -57.978  -0.514 0.3000000119
31042  44.137  -57.202  -1.039 0.3000000119
31074  45.548  -57.010  -3.699 0.3000000119
28957  43.303  -59.772  0.072 0.3000000119
32149  45.864  -56.703  -2.764 0.3000000119
20255  41.709  -68.883  -3.810 0.3000000119
20254  42.167  -68.781  -4.768 0.4000000060
21261  44.227  -67.818  -5.688 0.4000000060
123462  43.928  -67.484  -5.807 0.4000000060
21246  41.954  -67.889  -2.774 0.3000000119
23060  44.502  -65.699  -6.102 0.4000000060
23059  44.922  -65.812  -5.927 0.3000000119
21245  42.323  -68.016  -3.886 0.4000000060
22165  43.691  -66.596  -5.425 0.4000000060
23070  45.023  -65.128  -6.475 0.3000000119
22155  42.949  -66.633  -3.696 0.3000000119
22154  43.385  -66.359  -4.421 0.4000000060
131860  44.041  -65.085  -6.035 0.4000000060
23033  42.523  -65.302  -2.589 0.3000000119
23043  43.140  -65.692  -3.502 0.4000000060
127234  43.482  -63.596  -5.354 0.4000000060
21236  41.898  -66.834  -2.083 0.3000000119
23034  42.002  -65.762  -1.964 0.3000000119
128007  41.364  -66.151  -1.394 0.3000000119
22130  41.164  -67.007  -1.323 0.3000000119
144288  43.753  -65.180  -5.169 0.4000000060
21263  42.678  -68.109  -5.194 0.4000000060
12496  42.682  -76.797  2.718 0.3000000119
18267  42.755  -69.712  -5.193 0.3000000119
10766  42.716  -78.488  5.252 0.3000000119
11645  43.259  -77.585  3.985 0.3000000119
11657  43.304  -76.876  3.187 0.3000000119
13328  43.667  -75.646  2.744 0.3000000119
21271  42.968  -68.618  -5.805 0.3000000119
130423  43.678  -69.536  -4.533 0.3000000119
11637  44.150  -77.083  5.268 0.3000000119
12491  44.079  -76.468  3.601 0.3000000119
12485  44.332  -76.622  4.477 0.3000000119
13327  44.557  -75.015  2.995 0.3000000119
14230  44.175  -74.017  2.528 0.3000000119
20294  43.680  -68.633  -5.652 0.3000000119
13311  42.570  -76.265  6.272 0.3000000119
13309  44.545  -75.721  4.823 0.3000000119
13310  43.842  -76.203  5.442 0.3000000119
13322  45.015  -75.347  3.737 0.3000000119
13317  44.987  -75.466  4.351 0.3000000119
14229  44.991  -74.272  3.062 0.3000000119
14207  43.958  -75.346  5.073 0.3000000119
14214  44.838  -74.807  4.558 0.3000000119
14223  45.233  -74.597  3.604 0.3000000119
13316  45.320  -74.752  4.172 0.3000000119
17122  45.607  -72.090  2.806 0.3000000119
18163  44.875  -70.566  1.501 0.3000000119
20208  45.650  -68.868  -0.397 0.3000000119
137087  42.703  -75.659  5.643 0.3000000119
15175  45.721  -72.943  3.413 0.3000000119
16106  46.243  -72.598  4.010 0.3000000119
18162  45.711  -70.451  1.948 0.3000000119
20276  44.399  -68.491  -5.062 0.3000000119
15152  43.794  -73.371  4.653 0.3000000119
14216  42.993  -74.082  4.814 0.3000000119
15151  44.906  -73.823  4.586 0.3000000119
139108  45.735  -73.513  4.125 0.3000000119
18152  46.225  -71.195  2.861 0.3000000119
19200  46.303  -68.973  0.522 0.3000000119
20222  45.493  -68.328  -1.784 0.3000000119
20252  44.969  -68.280  -3.862 0.3000000119
21260  44.880  -67.757  -4.818 0.3000000119
19290  41.909  -70.014  -4.780 0.3000000119
16097  45.791  -72.375  4.428 0.3000000119
139821  46.557  -71.337  3.683 0.3000000119
19190  46.197  -69.632  1.443 0.3000000119
139479  45.788  -68.435  -1.012 0.3000000119
12495  43.558  -76.301  2.999 0.3000000119
11644  43.803  -77.457  4.709 0.3000000119
11649  43.689  -77.080  3.844 0.3000000119
8316  38.177  -81.697  -1.174 0.3000000119
8318  37.199  -81.378  -1.983 0.3000000119
9116  40.476  -79.672  0.378 0.3000000119
9117  39.953  -80.586  0.515 0.3000000119
9981  40.320  -79.486  -1.389 0.3000000119
9999  38.941  -80.125  -3.904 0.3000000119
10776  43.070  -78.060  4.527 0.3000000119
10784  42.609  -77.948  3.722 0.3000000119
10802  40.885  -78.318  1.468 0.3000000119
10832  40.489  -78.308  -2.983 0.4000000060
11682  40.049  -77.289  -0.851 0.4000000060
12480  44.351  -76.441  5.065 0.3000000119
12490  44.748  -76.002  3.991 0.3000000119
13323  44.350  -75.822  3.328 0.3000000119
13329  42.872  -75.730  2.434 0.4000000060
13362  42.011  -75.097  -2.470 0.5000000000
13366  35.755  -74.908  -2.207 0.3000000119
13381  42.351  -75.164  -3.187 0.5000000000
13384  36.572  -75.368  -2.657 0.3000000119
13401  42.122  -75.415  -3.690 0.3000000119
14208  42.896  -74.846  5.175 0.3000000119
14215  44.010  -74.394  4.814 0.3000000119
14222  45.618  -74.059  4.003 0.3000000119
14228  45.459  -73.847  3.539 0.3000000119
14238  42.588  -74.939  2.228 0.4000000060
14249  40.341  -74.741  0.485 0.4000000060
14259  40.565  -74.821  -0.663 0.4000000060
14262  35.273  -74.215  -1.135 0.6000000238
14272  41.450  -75.023  -1.685 0.4000000060
14273  38.060  -74.222  -1.717 0.3000000119
14274  37.190  -74.682  -1.416 0.3000000119
14275  36.339  -74.832  -1.386 0.3000000119
14276  35.741  -74.713  -1.534 0.3000000119
14311  42.148  -74.830  -3.517 0.3000000119
15149  45.992  -72.897  4.193 0.3000000119
15150  45.404  -74.020  4.272 0.3000000119
15164  45.914  -73.346  3.966 0.3000000119
15176  45.085  -73.546  2.880 0.3000000119
15210  42.318  -73.108  -1.444 0.5000000000
15213  36.986  -73.639  -0.313 0.5000000000
15214  35.992  -73.829  -0.241 0.5000000000
15216  34.709  -73.048  -0.238 0.6000000238
15232  34.794  -73.547  -1.142 0.6000000238
15245  42.395  -73.939  -2.692 0.5000000000
15248  39.706  -73.393  -2.415 0.4000000060
15249  38.810  -73.708  -2.108 0.4000000060
16117  45.167  -72.770  2.706 0.3000000119
16118  44.349  -72.954  2.379 0.4000000060
16134  41.917  -72.418  1.102 0.4000000060
16135  41.458  -72.982  1.094 0.4000000060
16151  41.533  -72.630  0.280 0.4000000060
16152  36.859  -72.285  0.381 0.4000000060
16153  35.216  -72.362  0.544 0.6000000238
16167  38.176  -72.648  -0.661 0.4000000060
16168  37.406  -72.901  -0.039 0.5000000000
16178  39.577  -72.645  -2.074 0.4000000060
16180  34.473  -72.572  -0.847 0.5000000000
16196  34.773  -72.508  -2.369 0.5000000000
17092  45.414  -71.515  4.505 0.3000000119
17107  46.506  -71.787  4.032 0.3000000119
17121  46.210  -72.043  3.535 0.3000000119
17133  45.198  -71.244  2.148 0.3000000119
17149  42.371  -71.398  0.122 0.4000000060
17151  36.305  -71.632  0.741 0.6000000238
17170  42.695  -71.519  -1.134 0.4000000060
17171  38.531  -71.803  -0.721 0.5000000000
17173  34.368  -71.629  -0.372 0.5000000000
17188  39.169  -71.556  -1.373 0.5000000000
17215  42.878  -70.576  -3.608 0.4000000060
17218  41.446  -71.128  -3.426 0.4000000060
18174  45.170  -69.927  1.125 0.3000000119
18176  43.515  -70.407  0.458 0.4000000060
18178  36.603  -70.382  0.955 0.4000000060
18179  34.936  -71.096  0.872 0.5000000000
18180  34.559  -70.435  0.478 0.4000000060
18195  43.431  -70.340  -0.541 0.4000000060
18198  38.114  -71.185  -0.112 0.5000000000
18217  43.510  -70.406  -2.534 0.4000000060
18218  39.817  -70.464  -1.642 0.5000000000
18236  43.326  -70.453  -3.173 0.4000000060
18237  40.381  -70.633  -2.494 0.4000000060
18268  42.329  -69.929  -4.926 0.4000000060
19191  35.258  -69.380  1.154 0.5000000000
19201  45.431  -69.373  0.424 0.3000000119
19202  44.667  -69.665  0.378 0.4000000060
19214  39.118  -69.556  -0.493 0.3000000119
19227  45.113  -68.813  -1.329 0.4000000060
19229  43.928  -69.846  -2.353 0.4000000060
19231  39.771  -69.699  -1.133 0.4000000060
19248  44.295  -69.422  -2.745 0.4000000060
19250  41.190  -69.479  -3.362 0.4000000060
19287  43.826  -69.103  -5.186 0.3000000119
19288  43.257  -69.504  -5.294 0.3000000119
19289  42.489  -69.535  -5.249 0.3000000119
19306  43.306  -69.123  -5.663 0.3000000119
19307  42.915  -69.338  -5.654 0.3000000119
20181  35.769  -68.796  1.240 0.4000000060
20209  40.221  -68.121  -0.864 0.3000000119
20211  38.968  -68.835  -0.150 0.4000000060
20212  34.477  -68.864  -0.183 0.4000000060
20221  46.233  -67.977  -1.239 0.3000000119
20223  44.833  -68.804  -2.281 0.3000000119
20225  40.843  -68.394  -1.638 0.4000000060
20239  40.792  -69.252  -2.280 0.4000000060
20253  44.314  -69.003  -4.267 0.4000000060
20277  42.482  -69.039  -5.459 0.3000000119
20278  41.911  -69.587  -4.800 0.4000000060
20295  43.114  -68.902  -5.854 0.3000000119
20296  42.816  -69.134  -5.707 0.3000000119
21161  35.431  -68.153  1.055 0.4000000060
21198  39.426  -66.766  -0.012 0.4000000060
21199  34.774  -67.753  -0.426 0.4000000060
21235  42.480  -67.160  -3.100 0.3000000119
21262  43.452  -67.677  -5.682 0.4000000060
21269  44.782  -67.206  -5.375 0.3000000119
21270  43.488  -68.245  -5.788 0.4000000060
22100  39.152  -66.058  0.180 0.6999999881
22101  38.164  -65.889  0.458 0.6999999881
22114  40.072  -66.663  -0.443 0.4000000060
22131  40.718  -66.438  -0.867 0.4000000060
22142  42.550  -66.220  -2.733 0.3000000119
22153  45.324  -67.062  -4.646 0.3000000119
22164  45.122  -66.540  -5.380 0.3000000119
22166  43.179  -67.154  -4.857 0.4000000060
22168  38.105  -67.038  -4.774 0.6000000238
22177  44.466  -66.736  -5.752 0.4000000060
22178  44.070  -66.638  -5.780 0.4000000060
23008  46.855  -64.722  -0.417 0.3000000119
23011  39.716  -65.555  -0.128 0.6000000238
23012  35.205  -65.699  -0.056 0.6999999881
23023  41.377  -65.265  -1.467 0.3000000119
23024  40.807  -65.633  -0.949 0.4000000060
23042  43.623  -65.722  -4.715 0.4000000060
23061  43.972  -65.815  -5.788 0.4000000060
23062  38.051  -66.242  -5.636 0.6999999881
23064  35.370  -65.520  -5.585 0.5000000000
23071  38.287  -65.633  -6.278 0.6999999881
23073  37.349  -65.482  -6.826 0.5000000000
23080  38.391  -65.423  -6.932 0.6000000238
23089  36.485  -64.883  -9.115 0.5000000000
23100  34.107  -64.990  -9.350 0.5000000000
24008  36.690  -64.352  0.660 0.6000000238
24027  47.010  -63.868  -0.653 0.3000000119
24029  40.288  -64.379  -0.631 0.5000000000
24030  39.747  -64.771  -0.154 0.6000000238
24044  41.323  -64.424  -1.541 0.4000000060
24071  43.399  -64.839  -4.066 0.4000000060
24082  43.631  -64.474  -5.175 0.4000000060
24087  44.622  -64.773  -6.502 0.3000000119
24088  43.925  -64.220  -6.169 0.4000000060
24096  35.046  -64.793  -7.248 0.5000000000
24100  38.400  -64.905  -7.752 0.6000000238
24107  38.780  -64.418  -8.527 0.6000000238
24108  38.133  -64.817  -8.859 0.6000000238
24109  37.255  -64.986  -8.873 0.6000000238
24111  34.676  -65.048  -9.197 0.5000000000
24119  35.794  -64.677  -9.333 0.5000000000
24121  33.577  -64.733  -9.513 0.5000000000
25018  38.073  -62.982  1.248 0.6000000238
25036  37.132  -63.817  0.927 0.6999999881
25037  36.315  -63.811  0.733 0.6999999881
25054  40.300  -63.526  -0.705 0.5000000000
25055  39.709  -63.097  -0.176 0.6000000238
25077  42.325  -63.604  -2.769 0.5000000000
25078  41.794  -63.908  -2.066 0.5000000000
25091  42.676  -63.258  -3.600 0.5000000000
25092  37.544  -64.532  -3.882 0.6999999881
25109  37.998  -63.492  -5.394 0.6000000238
25113  38.946  -64.007  -7.099 0.6000000238
25121  39.003  -63.736  -8.968 0.6000000238
25126  38.560  -63.639  -9.274 0.6000000238
25127  37.854  -63.539  -9.515 0.6000000238
25128  37.041  -63.912  -9.597 0.6000000238
25129  36.069  -64.218  -9.536 0.5000000000
25931  35.496  -62.435  1.198 0.6000000238
25940  39.083  -62.834  0.450 0.6000000238
25941  38.533  -62.707  0.921 0.6000000238
25943  34.449  -61.993  0.245 0.5000000000
25952  47.173  -62.746  -1.025 0.3000000119
25967  47.378  -62.369  -1.514 0.3000000119
25968  41.405  -63.140  -1.832 0.5000000000
25969  40.921  -62.431  -1.635 0.5000000000
26000  42.446  -62.250  -3.936 0.6000000238
26017  42.774  -62.089  -5.019 0.3000000119
26032  36.701  -62.050  -4.910 0.5000000000
26045  38.526  -62.175  -8.162 0.6000000238
26047  29.905  -62.273  -7.917 0.5000000000
26059  38.251  -62.789  -9.386 0.6000000238
26062  34.804  -62.938  -9.549 0.6000000238
26951  36.841  -61.877  1.539 0.6000000238
26972  39.371  -61.225  -0.478 0.5000000000
26974  34.094  -61.435  -1.014 0.4000000060
26984  40.389  -61.562  -1.464 0.5000000000
26994  45.366  -61.388  -1.981 0.3000000119
26996  40.960  -61.665  -2.198 0.6000000238
26997  34.743  -61.475  -2.377 0.6000000238
27014  42.322  -61.392  -4.645 0.3000000119
27015  41.806  -60.706  -4.289 0.4000000060
27017  35.716  -61.164  -4.237 0.6000000238
27023  43.075  -61.844  -5.957 0.3000000119
27025  28.496  -60.825  -5.768 0.5000000000
27041  37.910  -61.531  -7.600 0.6000000238
27049  31.421  -61.680  -8.390 0.5000000000
27051  38.320  -61.963  -9.149 0.6999999881
27052  37.993  -61.067  -9.237 0.6999999881
27055  35.134  -61.163  -9.336 0.6999999881
27926  36.920  -60.321  1.241 0.4000000060
27939  38.169  -60.056  0.090 0.5000000000
27948  44.180  -60.970  -0.047 0.3000000119
27949  43.753  -60.332  -0.491 0.3000000119
27950  38.773  -60.555  -0.316 0.5000000000
27951  33.820  -60.919  -0.345 0.5000000000
27956  44.374  -60.897  -0.906 0.3000000119
27967  44.591  -60.847  -1.918 0.3000000119
27981  41.299  -60.357  -3.707 0.4000000060
27992  46.093  -60.247  -5.466 0.3000000119
27993  42.277  -60.557  -5.294 0.4000000060
28000  45.970  -60.022  -6.361 0.3000000119
28002  42.068  -59.588  -5.554 0.4000000060
28003  36.425  -60.826  -5.745 0.6000000238
28025  37.821  -60.521  -8.023 0.6000000238
28026  37.405  -59.722  -7.914 0.6000000238
28034  37.655  -60.211  -9.355 0.6999999881
28035  36.740  -60.271  -9.555 0.6999999881
28037  34.807  -60.511  -9.114 0.6999999881
28948  36.406  -59.552  1.331 0.5000000000
28959  36.854  -58.867  1.041 0.5000000000
28960  33.482  -59.309  0.581 0.5000000000
28971  33.434  -59.298  -0.376 0.4000000060
28979  43.636  -59.516  -1.771 0.3000000119
28980  39.344  -59.345  -1.631 0.5000000000
28982  33.473  -59.192  -1.408 0.6000000238
28993  43.849  -59.576  -2.715 0.3000000119
28994  40.225  -59.391  -2.846 0.5000000000
28995  39.700  -58.986  -2.350 0.5000000000
29007  43.766  -59.055  -3.375 0.3000000119
29009  40.611  -59.106  -3.629 0.4000000060
29011  33.671  -58.843  -3.786 0.5000000000
29016  41.581  -59.182  -4.903 0.4000000060
29017  41.099  -58.850  -4.275 0.4000000060
29025  42.464  -59.241  -6.266 0.4000000060
29029  30.184  -59.131  -5.695 0.5000000000
29037  45.252  -59.035  -7.050 0.3000000119
29038  44.306  -59.240  -7.167 0.3000000119
29039  43.496  -59.257  -6.995 0.3000000119
29044  37.100  -59.104  -7.861 0.6000000238
29047  37.858  -59.370  -9.005 0.6999999881
29050  32.784  -59.635  -8.174 0.6000000238
29051  37.754  -59.508  -9.170 0.6999999881
29973  33.624  -58.252  1.194 0.5000000000
29987  33.379  -58.002  0.663 0.4000000060
30031  41.205  -58.244  -4.192 0.4000000060
30037  44.868  -58.427  -5.072 0.3000000119
30038  44.135  -58.829  -4.112 0.3000000119
30040  33.794  -58.340  -5.171 0.6000000238
30041  33.599  -58.337  -4.513 0.6000000238
30048  45.437  -57.822  -6.700 0.3000000119
30054  30.030  -58.955  -4.947 0.4000000060
30061  44.703  -58.502  -7.187 0.3000000119
30062  43.837  -58.589  -7.117 0.3000000119
30063  43.021  -58.853  -6.835 0.3000000119
30068  36.642  -57.845  -7.608 0.6999999881
30072  37.463  -58.071  -8.776 0.6999999881
30073  34.509  -58.008  -8.936 0.6999999881
31038  33.345  -57.208  0.375 0.4000000060
31044  39.319  -57.538  -0.796 0.5000000000
31045  38.681  -57.863  -0.360 0.5000000000
31046  38.099  -58.163  0.128 0.6000000238
31047  33.362  -57.054  -0.532 0.4000000060
31053  44.466  -57.298  -1.874 0.3000000119
31055  39.544  -57.924  -1.557 0.5000000000
31064  44.879  -57.182  -2.704 0.3000000119
31067  40.352  -57.814  -2.727 0.4000000060
31075  44.485  -57.662  -3.459 0.3000000119
31085  45.176  -57.709  -5.082 0.3000000119
31087  41.727  -57.820  -4.765 0.4000000060
31100  42.861  -57.645  -6.261 0.4000000060
31109  45.614  -57.271  -6.672 0.3000000119
31111  44.089  -57.383  -6.946 0.4000000060
31115  37.105  -57.439  -8.343 0.6000000238
31120  37.182  -57.767  -9.099 0.6000000238
31122  36.781  -57.042  -8.949 0.6000000238
31123  35.294  -57.083  -9.158 0.6999999881
32133  45.027  -56.768  -1.403 0.3000000119
32136  40.044  -57.157  -1.262 0.5000000000
32137  33.470  -56.913  -1.368 0.4000000060
32158  46.551  -56.465  -4.419 0.3000000119
32159  43.103  -56.379  -4.095 0.4000000060
32160  42.488  -56.522  -3.537 0.4000000060
32161  41.834  -56.938  -3.326 0.4000000060
32173  44.080  -56.018  -4.865 0.4000000060
32176  33.799  -57.182  -4.866 0.6000000238
32185  46.426  -56.063  -5.514 0.3000000119
32186  46.072  -56.670  -6.262 0.3000000119
32191  45.581  -56.665  -6.616 0.4000000060
32192  44.627  -56.620  -6.634 0.4000000060
32194  34.927  -56.430  -6.286 0.6999999881
32195  31.424  -56.594  -7.158 0.5000000000
32198  36.318  -56.078  -8.169 0.6999999881
32200  32.736  -56.640  -7.888 0.5000000000
33144  47.663  -55.617  -4.349 0.3000000119
33146  46.229  -55.670  -5.369 0.3000000119
33149  34.978  -56.027  -4.845 0.5000000000
33157  45.455  -56.141  -6.429 0.4000000060
33164  31.147  -55.601  -6.335 0.4000000060
33166  34.014  -55.456  -8.318 0.6000000238
34189  46.331  -54.504  -3.420 0.3000000119
34198  47.747  -55.189  -4.222 0.3000000119
34199  47.181  -54.692  -4.090 0.3000000119
34209  46.717  -55.047  -4.581 0.3000000119
34210  45.867  -55.107  -4.540 0.4000000060
34213  35.740  -54.771  -4.656 0.5000000000
34227  32.381  -54.120  -6.703 0.5000000000
34230  34.547  -54.207  -7.497 0.5000000000
34231  32.993  -54.551  -7.302 0.5000000000
35237  44.453  -53.918  -0.985 0.3000000119
35283  34.462  -53.033  -6.812 0.5000000000
36286  34.052  -52.457  -6.739 0.4000000060
120991  43.017  -59.166  0.680 0.3000000119
121412  43.174  -58.947  -0.251 0.3000000119
121574  44.671  -76.016  4.532 0.3000000119
122267  45.699  -55.807  -6.097 0.4000000060
122588  45.586  -73.269  4.344 0.3000000119
122641  42.605  -72.479  1.538 0.4000000060
122674  42.444  -57.408  -5.322 0.4000000060
122860  33.573  -56.857  -2.953 0.5000000000
123013  35.359  -65.020  -0.560 0.6999999881
124082  38.899  -64.580  -7.500 0.6000000238
124316  37.880  -59.381  0.136 0.5000000000
124608  33.747  -59.195  1.198 0.5000000000
124616  45.585  -59.928  -6.919 0.3000000119
124816  34.003  -57.961  -5.756 0.6000000238
125217  34.476  -70.841  -0.823 0.4000000060
125819  42.085  -73.212  1.645 0.4000000060
125838  34.283  -70.915  -0.013 0.4000000060
125985  37.283  -61.231  1.301 0.6000000238
126218  36.854  -68.844  1.020 0.5000000000
126881  37.432  -59.105  0.536 0.5000000000
127700  35.426  -63.719  -9.632 0.5000000000
128663  37.932  -61.965  -9.404 0.6999999881
128803  34.912  -64.804  -9.310 0.5000000000
129334  43.134  -69.861  -4.781 0.3000000119
129834  37.836  -59.714  -8.591 0.6000000238
129851  42.969  -64.877  -3.108 0.3000000119
129990  34.681  -69.458  -0.868 0.4000000060
130361  33.712  -59.218  -3.101 0.6000000238
130377  37.808  -69.168  0.503 0.5000000000
130394  33.044  -64.030  -9.640 0.4000000060
131257  35.897  -72.412  0.583 0.6000000238
131700  46.864  -63.155  -0.732 0.3000000119
131713  31.449  -55.188  -6.681 0.5000000000
132312  45.418  -58.548  -6.859 0.3000000119
133020  41.362  -76.659  -3.502 0.3000000119
133034  43.074  -76.187  2.656 0.3000000119
133722  44.945  -57.532  -4.252 0.3000000119
134053  41.401  -61.615  -2.774 0.6000000238
134749  35.720  -55.698  -8.633 0.6999999881
135332  36.191  -56.838  -9.218 0.6999999881
135334  38.909  -64.774  -6.796 0.6000000238
135385  42.731  -67.380  -4.102 0.4000000060
135505  46.068  -57.100  -5.964 0.3000000119
136170  34.336  -61.439  0.754 0.4000000060
136560  41.450  -76.462  2.062 0.3000000119
136663  48.513  -63.764  -0.778 0.3000000119
136759  39.338  -60.534  -0.812 0.5000000000
137289  37.072  -60.414  -7.140 0.6000000238
137320  38.183  -66.671  -5.121 0.6999999881
137598  38.387  -68.807  0.242 0.5000000000
137780  35.554  -62.167  -3.024 0.5000000000
137986  35.338  -55.042  -7.932 0.6999999881
138805  41.496  -60.117  -4.235 0.4000000060
139672  36.681  -64.887  0.565 0.6999999881
140144  37.498  -63.256  1.231 0.6000000238
140187  37.467  -66.970  -5.123 0.5000000000
140429  35.483  -63.018  0.769 0.6999999881
140779  33.579  -54.981  -7.797 0.5000000000
141525  41.753  -72.776  -0.532 0.4000000060
141561  33.234  -62.641  -9.282 0.5000000000
141837  41.474  -69.632  -4.171 0.3000000119
142157  41.017  -72.200  -2.631 0.4000000060
142179  37.674  -58.716  -8.922 0.6999999881
142209  43.455  -57.517  -6.733 0.4000000060
142314  38.516  -62.045  -8.844 0.6000000238
142325  35.325  -65.093  -9.024 0.5000000000
143159  43.167  -71.402  1.301 0.4000000060
143190  44.114  -54.911  -2.498 0.3000000119
143417  38.559  -59.920  -0.421 0.5000000000
143592  29.796  -60.926  -6.520 0.5000000000
143627  35.562  -61.613  -3.553 0.5000000000
143709  34.324  -63.418  -9.550 0.6000000238
144692  33.739  -58.648  -8.653 0.6999999881
144877  42.493  -70.540  -3.955 0.4000000060
