#!ascii label  , from subject sub-v1s6x0051362_ses-1 vox2ras=TkReg
976
36198  -5.693  -40.280  80.318 0.0000000000
40821  -32.475  -34.665  71.368 0.0000000000
46261  -30.336  -29.961  69.055 0.0000000000
39831  -24.467  -35.640  74.870 0.0000000000
53603  -37.055  -20.836  60.255 0.0000000000
108509  -31.479  -22.868  62.780 0.0000000000
40720  -32.579  -33.929  76.480 0.0000000000
38964  -29.815  -36.592  74.034 0.0000000000
55329  -42.787  -19.673  62.521 0.0000000000
58964  -45.662  -15.663  60.494 0.0000000000
104427  -47.420  -11.854  59.225 0.0000000000
50719  -32.300  -24.689  70.603 0.0000000000
49871  -28.970  -25.325  66.347 0.0000000000
52629  -34.069  -21.201  67.307 0.0000000000
51701  -37.370  -22.794  65.545 0.0000000000
103796  -17.717  -34.158  74.592 0.0000000000
33409  -2.740  -42.447  83.217 0.0000000000
119181  -33.608  -32.468  69.755 0.0000000000
48017  -33.683  -27.585  72.986 0.0000000000
41735  -20.523  -34.554  71.466 0.0000000000
40836  -25.957  -35.170  70.071 0.0000000000
62484  -45.512  -11.001  52.712 0.0000000000
63320  -50.127  -10.227  55.595 0.0000000000
50855  -35.294  -23.626  60.595 0.0000000000
50794  -40.007  -23.084  64.024 0.0000000000
119550  -7.802  -38.853  77.328 0.0000000000
120479  -1.075  -46.631  81.685 0.0000000000
56243  -44.444  -18.000  61.352 0.0000000000
52592  -32.051  -22.301  69.442 0.0000000000
40767  -15.036  -34.408  73.192 0.0000000000
34389  -4.374  -41.779  81.904 0.0000000000
41780  -32.994  -34.052  68.556 0.0000000000
41756  -33.704  -33.817  70.671 0.0000000000
40797  -22.607  -34.973  72.917 0.0000000000
117467  -22.954  -34.377  70.643 0.0000000000
105870  -25.043  -34.571  72.875 0.0000000000
38984  -30.654  -35.451  72.560 0.0000000000
105457  -29.623  -35.421  70.897 0.0000000000
39906  -30.938  -35.510  70.417 0.0000000000
39795  -22.519  -35.470  76.365 0.0000000000
40750  -20.701  -35.264  74.756 0.0000000000
59009  -41.728  -14.880  56.980 0.0000000000
61628  -44.134  -11.915  54.142 0.0000000000
121658  -48.688  -11.306  57.170 0.0000000000
50774  -29.612  -23.705  64.547 0.0000000000
50807  -34.260  -23.213  61.706 0.0000000000
49879  -38.847  -24.068  64.468 0.0000000000
40728  -11.628  -34.908  75.332 0.0000000000
39776  -9.901  -35.697  77.056 0.0000000000
38863  -8.233  -36.643  78.953 0.0000000000
38014  -8.858  -38.063  76.291 0.0000000000
30662  -2.489  -47.236  79.890 0.0000000000
40778  -32.745  -34.392  73.363 0.0000000000
41728  -34.176  -33.093  72.314 0.0000000000
41698  -34.253  -32.952  75.179 0.0000000000
38912  -26.519  -35.858  77.318 0.0000000000
121432  -27.084  -35.491  75.246 0.0000000000
38038  -29.032  -36.224  76.250 0.0000000000
38938  -31.018  -35.253  74.884 0.0000000000
54482  -39.666  -19.926  61.516 0.0000000000
56255  -41.118  -17.748  60.318 0.0000000000
58078  -42.915  -15.727  59.105 0.0000000000
59877  -44.133  -14.262  58.450 0.0000000000
60804  -45.074  -12.670  57.506 0.0000000000
60773  -46.379  -13.452  59.907 0.0000000000
48046  -30.812  -26.721  70.048 0.0000000000
119441  -29.277  -28.125  67.478 0.0000000000
49864  -29.961  -25.144  68.621 0.0000000000
51669  -30.509  -22.609  67.612 0.0000000000
52644  -33.331  -21.859  65.434 0.0000000000
51717  -34.843  -22.588  64.013 0.0000000000
51670  -35.463  -21.860  66.427 0.0000000000
103768  -15.711  -33.571  75.759 0.0000000000
114894  -13.615  -34.544  74.127 0.0000000000
65101  -48.680  -7.851  51.807 0.0000000000
34376  -1.508  -42.179  83.245 0.0000000000
42698  -32.430  -33.251  67.632 0.0000000000
45326  -32.612  -31.691  69.368 0.0000000000
44372  -34.541  -31.970  71.951 0.0000000000
46242  -33.237  -30.820  71.482 0.0000000000
124209  -31.620  -28.855  70.789 0.0000000000
48941  -32.802  -26.262  71.833 0.0000000000
40802  -27.534  -35.128  72.346 0.0000000000
40719  -19.785  -34.559  76.326 0.0000000000
104345  -19.123  -34.656  72.761 0.0000000000
62456  -46.764  -11.365  55.500 0.0000000000
63325  -47.700  -10.606  54.517 0.0000000000
64183  -48.126  -9.352  52.641 0.0000000000
65088  -50.538  -8.445  54.376 0.0000000000
34435  -5.891  -42.261  78.326 0.0000000000
33466  -4.551  -43.015  79.816 0.0000000000
51803  -36.123  -22.719  60.474 0.0000000000
50790  -36.971  -24.205  63.666 0.0000000000
50836  -38.280  -23.869  62.721 0.0000000000
52691  -39.063  -22.029  62.365 0.0000000000
53546  -40.801  -21.357  63.807 0.0000000000
37096  -6.741  -39.097  79.311 0.0000000000
32507  -3.408  -43.823  81.587 0.0000000000
32491  -1.890  -44.293  82.209 0.0000000000
114521  -0.789  -44.976  81.614 0.0000000000
119526  -4.712  -41.167  81.568 0.0000000000
40839  -32.476  -34.597  70.604 0.0000000000
40858  -33.138  -34.225  70.215 0.0000000000
122617  -33.056  -34.360  70.877 0.0000000000
40774  -23.610  -35.430  73.897 0.0000000000
40798  -23.454  -34.923  73.118 0.0000000000
39849  -24.985  -35.431  74.243 0.0000000000
39887  -31.694  -35.240  71.743 0.0000000000
39886  -30.978  -35.580  71.382 0.0000000000
39907  -31.448  -35.286  71.247 0.0000000000
39927  -31.311  -35.329  69.803 0.0000000000
109459  -24.300  -35.823  76.892 0.0000000000
38909  -23.780  -35.734  77.015 0.0000000000
39811  -23.793  -35.644  75.433 0.0000000000
39829  -22.897  -35.658  75.046 0.0000000000
118579  -43.599  -12.395  54.464 0.0000000000
45324  -30.841  -31.005  68.737 0.0000000000
46276  -30.054  -30.448  68.200 0.0000000000
50787  -30.532  -23.398  63.185 0.0000000000
50806  -30.816  -23.709  62.248 0.0000000000
51763  -33.030  -23.071  61.576 0.0000000000
39805  -10.802  -35.717  75.533 0.0000000000
39777  -10.669  -35.004  76.891 0.0000000000
38906  -10.200  -36.478  75.810 0.0000000000
37998  -9.124  -37.206  76.627 0.0000000000
38033  -9.800  -37.922  75.159 0.0000000000
40754  -32.274  -33.983  74.525 0.0000000000
41706  -33.599  -33.343  74.580 0.0000000000
40721  -32.778  -33.448  75.840 0.0000000000
38892  -27.970  -36.465  77.778 0.0000000000
38914  -28.266  -36.219  76.584 0.0000000000
38004  -28.963  -36.285  77.460 0.0000000000
39796  -31.604  -34.896  77.173 0.0000000000
115995  -30.606  -35.549  76.285 0.0000000000
39815  -31.508  -34.830  75.980 0.0000000000
39835  -31.242  -34.820  74.263 0.0000000000
122049  -41.551  -19.671  61.971 0.0000000000
55356  -40.179  -19.125  60.854 0.0000000000
55357  -41.820  -18.902  61.402 0.0000000000
58054  -44.503  -16.587  60.509 0.0000000000
57124  -42.949  -17.084  60.011 0.0000000000
58066  -44.116  -15.960  59.969 0.0000000000
58985  -43.431  -14.979  58.564 0.0000000000
58987  -45.008  -14.604  59.336 0.0000000000
59878  -45.292  -13.996  59.061 0.0000000000
58972  -45.772  -14.966  60.256 0.0000000000
48963  -31.368  -26.021  70.229 0.0000000000
48982  -30.690  -25.980  69.657 0.0000000000
50722  -30.917  -24.440  69.420 0.0000000000
106233  -32.928  -21.476  68.739 0.0000000000
51657  -30.766  -22.600  68.559 0.0000000000
52628  -32.516  -21.549  66.894 0.0000000000
51695  -32.064  -22.041  65.571 0.0000000000
52639  -33.078  -21.417  66.073 0.0000000000
51685  -34.959  -22.191  65.992 0.0000000000
52630  -35.106  -21.508  67.163 0.0000000000
40718  -17.892  -34.043  76.265 0.0000000000
104554  -17.342  -34.059  76.816 0.0000000000
103657  -16.277  -33.632  75.116 0.0000000000
40766  -14.097  -34.672  73.518 0.0000000000
65921  -49.897  -6.929  52.278 0.0000000000
66701  -50.439  -6.201  51.687 0.0000000000
33407  -1.851  -42.221  83.402 0.0000000000
42692  -33.289  -33.070  69.131 0.0000000000
41788  -32.584  -33.509  67.529 0.0000000000
108793  -33.214  -32.726  69.211 0.0000000000
123755  -32.783  -32.489  68.849 0.0000000000
44386  -33.194  -31.902  69.659 0.0000000000
42654  -35.118  -32.332  73.220 0.0000000000
42659  -34.767  -32.463  72.374 0.0000000000
44358  -35.174  -31.379  73.376 0.0000000000
47155  -34.246  -29.281  73.749 0.0000000000
105921  -33.803  -29.839  73.127 0.0000000000
46225  -33.289  -29.268  72.617 0.0000000000
116296  -32.603  -30.330  71.320 0.0000000000
47167  -32.809  -28.530  72.063 0.0000000000
48036  -32.115  -27.118  71.010 0.0000000000
48926  -33.209  -26.834  72.387 0.0000000000
41754  -24.582  -34.680  70.316 0.0000000000
38963  -28.462  -35.424  74.234 0.0000000000
39867  -27.272  -35.384  73.044 0.0000000000
39853  -28.694  -35.572  73.363 0.0000000000
39883  -28.856  -35.116  70.973 0.0000000000
39792  -20.238  -34.916  76.843 0.0000000000
105087  -20.465  -35.038  73.036 0.0000000000
40770  -19.875  -34.924  73.410 0.0000000000
40794  -19.887  -34.690  72.311 0.0000000000
40815  -18.590  -34.543  70.986 0.0000000000
61598  -46.295  -12.191  58.149 0.0000000000
61611  -45.461  -11.975  56.624 0.0000000000
61613  -47.166  -11.584  57.028 0.0000000000
63315  -49.605  -10.948  56.276 0.0000000000
62458  -48.433  -11.410  55.929 0.0000000000
63326  -48.538  -10.529  54.798 0.0000000000
63342  -47.716  -9.874  53.081 0.0000000000
63327  -49.058  -9.962  54.419 0.0000000000
64175  -49.315  -9.278  53.822 0.0000000000
120511  -50.108  -9.846  55.061 0.0000000000
49006  -29.209  -27.049  67.135 0.0000000000
48095  -29.072  -27.997  66.437 0.0000000000
51801  -35.025  -23.453  58.934 0.0000000000
50856  -36.167  -23.555  61.305 0.0000000000
50759  -36.289  -22.965  64.839 0.0000000000
50789  -35.620  -23.103  63.580 0.0000000000
50775  -36.870  -23.818  64.344 0.0000000000
49896  -39.289  -23.907  64.206 0.0000000000
49911  -38.516  -24.486  63.530 0.0000000000
50812  -39.050  -24.134  63.003 0.0000000000
51764  -38.312  -23.663  62.454 0.0000000000
51751  -39.742  -23.092  62.892 0.0000000000
52692  -39.843  -21.687  62.610 0.0000000000
52678  -40.358  -22.124  63.528 0.0000000000
37990  -8.196  -37.670  77.882 0.0000000000
37980  -7.461  -37.906  79.194 0.0000000000
37089  -6.986  -38.338  79.681 0.0000000000
36221  -7.274  -39.228  78.019 0.0000000000
36220  -7.175  -40.011  77.735 0.0000000000
36235  -7.601  -40.061  76.928 0.0000000000
32542  -3.911  -44.736  78.807 0.0000000000
33465  -4.042  -43.547  80.297 0.0000000000
112749  -3.352  -44.799  80.074 0.0000000000
30653  -1.614  -46.500  81.416 0.0000000000
31564  -2.562  -45.112  81.434 0.0000000000
30645  -1.277  -45.919  81.740 0.0000000000
32490  -1.415  -44.527  81.999 0.0000000000
30644  -0.809  -46.250  81.725 0.0000000000
38895  -30.130  -35.936  78.514 0.0000000000
55331  -44.265  -18.953  62.627 0.0000000000
55359  -43.378  -18.944  61.748 0.0000000000
55348  -45.157  -18.710  62.214 0.0000000000
51644  -31.974  -23.188  69.794 0.0000000000
40769  -17.612  -34.104  73.429 0.0000000000
40747  -16.785  -33.915  73.759 0.0000000000
35261  -4.190  -41.235  83.379 0.0000000000
34377  -3.633  -42.336  82.845 0.0000000000
40868  -32.587  -34.397  68.780 0.0000000000
41770  -33.539  -33.685  69.879 0.0000000000
109272  -34.059  -32.682  70.402 0.0000000000
48927  -33.756  -26.510  72.999 0.0000000000
41724  -21.408  -34.737  72.109 0.0000000000
41752  -22.102  -34.456  70.558 0.0000000000
41726  -23.112  -34.564  72.241 0.0000000000
41739  -24.440  -34.448  71.169 0.0000000000
41755  -25.401  -34.693  70.829 0.0000000000
116219  -30.200  -35.429  73.279 0.0000000000
39870  -29.602  -35.466  72.299 0.0000000000
118717  -30.563  -35.646  71.853 0.0000000000
39885  -30.581  -35.562  71.168 0.0000000000
39926  -30.824  -35.680  69.006 0.0000000000
38907  -22.441  -35.251  77.035 0.0000000000
39808  -21.222  -35.185  75.981 0.0000000000
39809  -21.827  -35.523  75.797 0.0000000000
40751  -21.447  -35.466  74.290 0.0000000000
58994  -40.533  -15.774  56.748 0.0000000000
62475  -44.725  -11.491  52.809 0.0000000000
61591  -48.137  -11.649  59.737 0.0000000000
62440  -48.407  -11.288  57.850 0.0000000000
50773  -28.969  -24.300  64.919 0.0000000000
105569  -34.173  -23.788  60.439 0.0000000000
50832  -34.757  -23.628  61.235 0.0000000000
106497  -38.628  -22.868  66.254 0.0000000000
50761  -38.504  -23.914  65.051 0.0000000000
50747  -39.544  -23.398  65.800 0.0000000000
40700  -12.987  -33.725  76.577 0.0000000000
40699  -11.622  -34.651  76.926 0.0000000000
40678  -9.982  -34.746  78.588 0.0000000000
39767  -9.535  -35.790  77.997 0.0000000000
38885  -8.718  -37.140  77.493 0.0000000000
37115  -8.255  -38.639  76.781 0.0000000000
36252  -8.087  -40.070  76.185 0.0000000000
37132  -8.679  -38.878  75.846 0.0000000000
40803  -32.775  -34.582  72.643 0.0000000000
40804  -33.173  -34.135  72.324 0.0000000000
40779  -33.175  -34.153  73.092 0.0000000000
41707  -34.360  -33.060  74.156 0.0000000000
39813  -25.406  -35.854  76.023 0.0000000000
39832  -25.441  -35.687  75.067 0.0000000000
125125  -26.590  -35.699  76.306 0.0000000000
38934  -28.165  -35.617  75.880 0.0000000000
38949  -29.596  -35.846  74.830 0.0000000000
38023  -29.610  -35.914  76.695 0.0000000000
38040  -29.859  -36.030  75.549 0.0000000000
38951  -30.001  -36.071  74.718 0.0000000000
38953  -30.711  -35.040  73.870 0.0000000000
39854  -31.529  -34.838  73.275 0.0000000000
104373  -25.376  -35.709  77.810 0.0000000000
54481  -38.835  -20.321  61.343 0.0000000000
55365  -37.538  -19.721  59.592 0.0000000000
55355  -39.261  -19.452  60.782 0.0000000000
56253  -39.410  -18.030  59.655 0.0000000000
57122  -40.759  -17.280  59.414 0.0000000000
57110  -42.743  -17.833  60.591 0.0000000000
57123  -42.184  -17.311  59.939 0.0000000000
58077  -41.194  -16.281  58.508 0.0000000000
58996  -42.048  -15.098  57.666 0.0000000000
59886  -42.443  -14.565  57.274 0.0000000000
59903  -43.673  -13.553  56.977 0.0000000000
60812  -43.814  -13.039  56.216 0.0000000000
60788  -44.613  -13.137  57.975 0.0000000000
60780  -45.486  -13.363  58.676 0.0000000000
60774  -46.844  -12.569  59.622 0.0000000000
58965  -46.889  -14.531  61.410 0.0000000000
61590  -47.604  -12.282  60.112 0.0000000000
47195  -30.490  -28.231  69.765 0.0000000000
46260  -29.742  -29.410  68.421 0.0000000000
114153  -29.834  -27.688  69.173 0.0000000000
48995  -29.588  -26.484  68.001 0.0000000000
49872  -29.308  -25.089  67.233 0.0000000000
113051  -30.624  -23.690  68.900 0.0000000000
50734  -30.287  -23.519  68.146 0.0000000000
50744  -29.373  -24.167  66.579 0.0000000000
105083  -30.048  -23.098  66.016 0.0000000000
51714  -31.110  -22.720  64.572 0.0000000000
51715  -31.988  -22.260  64.234 0.0000000000
120304  -33.177  -22.439  63.268 0.0000000000
51697  -33.785  -22.382  64.930 0.0000000000
107626  -35.160  -22.247  65.637 0.0000000000
122606  -36.522  -22.129  65.847 0.0000000000
52632  -36.476  -21.798  67.250 0.0000000000
51672  -38.059  -22.308  66.469 0.0000000000
41677  -14.855  -33.799  77.072 0.0000000000
40730  -15.169  -33.721  74.866 0.0000000000
40715  -14.531  -33.892  75.432 0.0000000000
41696  -13.679  -34.128  75.436 0.0000000000
40729  -12.679  -34.342  75.111 0.0000000000
44394  -32.324  -31.987  68.685 0.0000000000
46262  -31.106  -30.538  69.579 0.0000000000
41741  -34.114  -33.126  71.607 0.0000000000
42675  -34.187  -32.633  71.018 0.0000000000
44379  -33.984  -32.155  70.848 0.0000000000
45301  -33.972  -31.371  71.947 0.0000000000
44378  -33.799  -31.972  70.511 0.0000000000
45308  -33.110  -31.157  70.740 0.0000000000
46249  -32.291  -30.711  70.654 0.0000000000
46248  -31.442  -29.903  70.392 0.0000000000
47182  -31.603  -27.867  70.676 0.0000000000
48952  -32.013  -26.101  70.833 0.0000000000
49847  -32.309  -25.329  70.941 0.0000000000
49835  -33.335  -25.960  72.356 0.0000000000
50716  -32.843  -24.816  71.681 0.0000000000
39850  -25.928  -35.293  74.184 0.0000000000
40801  -26.750  -34.960  72.477 0.0000000000
114183  -26.300  -34.805  70.877 0.0000000000
107359  -28.805  -35.240  71.978 0.0000000000
40838  -27.850  -34.911  70.608 0.0000000000
113801  -19.373  -34.510  76.793 0.0000000000
40731  -18.307  -34.178  75.513 0.0000000000
124804  -20.218  -34.956  75.094 0.0000000000
106002  -19.570  -34.719  74.973 0.0000000000
103795  -18.340  -34.317  74.042 0.0000000000
40793  -18.343  -34.411  71.925 0.0000000000
109127  -44.795  -11.944  55.866 0.0000000000
61629  -45.032  -11.671  54.876 0.0000000000
62476  -45.303  -11.160  53.514 0.0000000000
62450  -47.897  -11.608  56.423 0.0000000000
62467  -47.195  -10.912  55.101 0.0000000000
63334  -46.421  -10.614  53.187 0.0000000000
63341  -46.861  -10.269  52.428 0.0000000000
64182  -47.446  -9.691  52.124 0.0000000000
64194  -47.784  -8.942  51.206 0.0000000000
65095  -48.333  -8.700  52.082 0.0000000000
65097  -49.740  -7.771  52.939 0.0000000000
35332  -5.740  -40.950  79.591 0.0000000000
35312  -5.290  -41.297  80.301 0.0000000000
106610  -5.468  -42.198  78.918 0.0000000000
46275  -29.615  -29.747  67.525 0.0000000000
106439  -36.564  -21.507  59.911 0.0000000000
51732  -34.869  -22.876  63.120 0.0000000000
50809  -35.920  -23.799  62.636 0.0000000000
49924  -36.305  -23.855  62.394 0.0000000000
49893  -38.078  -24.637  63.883 0.0000000000
49926  -37.701  -24.190  63.154 0.0000000000
50835  -36.901  -23.698  62.171 0.0000000000
50858  -37.620  -23.537  62.176 0.0000000000
118910  -37.341  -22.171  61.522 0.0000000000
124018  -37.777  -21.536  61.502 0.0000000000
53575  -39.465  -20.813  62.085 0.0000000000
53576  -40.313  -20.623  62.433 0.0000000000
54461  -42.133  -20.145  62.778 0.0000000000
37081  -5.769  -39.102  81.469 0.0000000000
37088  -6.516  -38.801  80.192 0.0000000000
36199  -6.295  -39.602  79.874 0.0000000000
35333  -6.251  -40.737  78.818 0.0000000000
106309  -6.330  -42.155  77.627 0.0000000000
35294  -4.698  -41.783  81.011 0.0000000000
33441  -3.639  -43.042  81.909 0.0000000000
33440  -3.198  -43.371  82.239 0.0000000000
31573  -2.806  -45.472  80.657 0.0000000000
32492  -2.813  -44.173  81.926 0.0000000000
33424  -2.515  -42.836  82.860 0.0000000000
33423  -1.774  -42.783  82.816 0.0000000000
32475  -1.337  -43.886  82.075 0.0000000000
30651  -0.476  -46.546  81.366 0.0000000000
31572  -0.530  -45.757  81.514 0.0000000000
36190  -5.469  -39.930  81.195 0.0000000000
103961  -5.080  -40.785  80.998 0.0000000000
39830  -23.673  -35.613  74.610 0.0000000000
40753  -24.223  -35.506  74.228 0.0000000000
39888  -31.943  -34.931  71.483 0.0000000000
39908  -31.892  -34.849  70.979 0.0000000000
39812  -24.653  -35.755  75.706 0.0000000000
38930  -23.958  -35.695  76.341 0.0000000000
60819  -42.931  -13.158  54.296 0.0000000000
45333  -30.530  -31.501  67.753 0.0000000000
51747  -31.815  -23.277  61.904 0.0000000000
51748  -32.580  -22.608  62.538 0.0000000000
38928  -10.482  -36.597  74.899 0.0000000000
38927  -9.918  -37.165  75.437 0.0000000000
40735  -32.362  -33.723  75.508 0.0000000000
38893  -28.493  -36.436  77.243 0.0000000000
103153  -28.745  -36.318  77.942 0.0000000000
39797  -32.050  -34.419  76.784 0.0000000000
39816  -31.966  -34.148  75.718 0.0000000000
38879  -28.212  -36.413  78.550 0.0000000000
54474  -42.107  -19.695  62.199 0.0000000000
55345  -41.331  -19.392  61.635 0.0000000000
114837  -42.049  -19.324  61.749 0.0000000000
58055  -45.358  -16.475  60.790 0.0000000000
58067  -44.926  -15.799  60.214 0.0000000000
58970  -44.612  -15.248  59.582 0.0000000000
58971  -45.282  -15.065  59.896 0.0000000000
49854  -31.866  -25.289  70.395 0.0000000000
49853  -31.237  -25.234  69.839 0.0000000000
50723  -31.739  -24.360  69.972 0.0000000000
53513  -33.538  -21.330  68.133 0.0000000000
53512  -32.633  -21.436  67.824 0.0000000000
105314  -33.554  -21.361  66.687 0.0000000000
52641  -34.651  -21.620  66.494 0.0000000000
118655  -17.316  -33.974  75.472 0.0000000000
65917  -50.487  -7.176  53.237 0.0000000000
66697  -50.699  -6.377  52.600 0.0000000000
107208  -3.271  -41.714  84.000 0.0000000000
115867  -2.664  -42.065  83.788 0.0000000000
34360  -2.030  -41.882  84.092 0.0000000000
33408  -2.297  -42.318  83.377 0.0000000000
42684  -33.737  -32.746  69.789 0.0000000000
44396  -33.143  -32.374  69.341 0.0000000000
44387  -33.699  -32.155  69.987 0.0000000000
43548  -35.065  -32.158  72.897 0.0000000000
47154  -33.684  -28.743  73.236 0.0000000000
47153  -33.346  -28.326  72.647 0.0000000000
48016  -33.126  -27.669  72.378 0.0000000000
41751  -20.122  -34.677  70.576 0.0000000000
107709  -20.751  -34.598  70.678 0.0000000000
118286  -29.152  -35.423  74.143 0.0000000000
40795  -20.705  -34.854  72.437 0.0000000000
40816  -19.532  -34.495  71.082 0.0000000000
62492  -45.568  -11.261  51.574 0.0000000000
60782  -46.770  -12.229  58.756 0.0000000000
121789  -46.523  -11.740  57.507 0.0000000000
61599  -47.037  -11.582  57.904 0.0000000000
62469  -48.870  -10.929  55.468 0.0000000000
118817  -49.208  -10.479  55.081 0.0000000000
111923  -49.720  -10.192  55.061 0.0000000000
64167  -49.777  -9.609  54.513 0.0000000000
117789  -28.990  -26.311  66.509 0.0000000000
49005  -28.941  -27.065  66.033 0.0000000000
49014  -28.739  -26.139  65.651 0.0000000000
50871  -34.803  -23.860  59.304 0.0000000000
50872  -35.392  -23.387  60.192 0.0000000000
51700  -36.473  -22.615  65.396 0.0000000000
107185  -37.053  -23.568  64.931 0.0000000000
50793  -39.612  -23.571  64.100 0.0000000000
118824  -39.299  -23.917  63.668 0.0000000000
115755  -39.501  -23.798  63.651 0.0000000000
51750  -39.255  -23.651  62.781 0.0000000000
51733  -39.800  -23.361  63.331 0.0000000000
51734  -40.014  -22.911  63.696 0.0000000000
122378  -40.249  -22.768  64.184 0.0000000000
37114  -8.002  -38.332  77.560 0.0000000000
37989  -7.655  -38.112  78.251 0.0000000000
37097  -7.236  -38.689  78.666 0.0000000000
37104  -7.549  -38.736  77.859 0.0000000000
105802  -7.541  -39.347  77.478 0.0000000000
108120  -3.736  -44.358  79.779 0.0000000000
109509  -1.236  -47.264  81.373 0.0000000000
51642  -32.519  -23.146  70.446 0.0000000000
105932  -16.805  -34.082  72.775 0.0000000000
35277  -4.599  -41.042  82.241 0.0000000000
35262  -4.548  -40.850  82.977 0.0000000000
35276  -4.166  -41.670  82.746 0.0000000000
40856  -31.999  -34.597  69.080 0.0000000000
41769  -33.137  -34.098  69.399 0.0000000000
123299  -33.627  -33.195  69.620 0.0000000000
41771  -33.948  -33.195  70.173 0.0000000000
118491  -21.909  -34.981  72.790 0.0000000000
41725  -22.269  -34.675  72.186 0.0000000000
40775  -24.425  -35.033  73.504 0.0000000000
40799  -24.170  -34.486  72.344 0.0000000000
40817  -25.181  -34.553  71.933 0.0000000000
38983  -30.119  -35.490  72.771 0.0000000000
39905  -30.403  -35.492  70.373 0.0000000000
39925  -30.260  -35.770  69.204 0.0000000000
39941  -31.451  -35.261  68.723 0.0000000000
38929  -23.306  -35.535  76.598 0.0000000000
117824  -23.669  -35.688  77.697 0.0000000000
38908  -23.179  -35.373  77.097 0.0000000000
119989  -22.423  -35.649  75.652 0.0000000000
40752  -22.368  -35.603  74.308 0.0000000000
40772  -22.060  -35.290  73.516 0.0000000000
58995  -41.270  -15.368  57.262 0.0000000000
49892  -28.853  -24.996  64.351 0.0000000000
50785  -29.313  -24.318  64.193 0.0000000000
50831  -33.747  -23.480  60.947 0.0000000000
51673  -39.241  -23.041  66.423 0.0000000000
114884  -40.423  -23.015  64.965 0.0000000000
40713  -12.109  -34.151  76.089 0.0000000000
125068  -12.395  -34.336  77.020 0.0000000000
39768  -10.297  -34.986  77.662 0.0000000000
37997  -8.513  -37.849  77.125 0.0000000000
119257  -8.253  -39.338  76.226 0.0000000000
38933  -26.060  -35.684  76.628 0.0000000000
38935  -29.016  -35.897  75.659 0.0000000000
38936  -29.522  -35.948  75.464 0.0000000000
38896  -30.648  -35.897  78.506 0.0000000000
38006  -29.513  -35.972  77.552 0.0000000000
106074  -30.954  -35.400  75.653 0.0000000000
103913  -30.146  -35.751  76.483 0.0000000000
38937  -30.400  -35.855  75.366 0.0000000000
38952  -30.100  -35.598  74.440 0.0000000000
39836  -31.934  -34.436  73.782 0.0000000000
39855  -32.362  -34.706  72.816 0.0000000000
38891  -27.056  -36.343  77.682 0.0000000000
38911  -25.673  -35.683  77.353 0.0000000000
38932  -25.323  -35.767  76.721 0.0000000000
54480  -38.145  -19.854  60.603 0.0000000000
56239  -40.656  -18.349  60.713 0.0000000000
56238  -39.864  -18.431  60.417 0.0000000000
56254  -40.219  -17.715  60.062 0.0000000000
56226  -43.940  -18.573  61.573 0.0000000000
56242  -43.081  -18.512  61.226 0.0000000000
106637  -43.579  -17.998  61.013 0.0000000000
58064  -42.463  -16.510  59.511 0.0000000000
58063  -41.541  -16.772  59.319 0.0000000000
115737  -42.018  -16.010  58.903 0.0000000000
58983  -41.626  -15.667  58.100 0.0000000000
58984  -42.488  -15.400  58.393 0.0000000000
58997  -42.746  -14.847  57.931 0.0000000000
110762  -43.340  -14.314  57.753 0.0000000000
59902  -42.951  -14.046  56.837 0.0000000000
122834  -43.539  -13.879  57.352 0.0000000000
59887  -44.022  -13.605  57.854 0.0000000000
59879  -45.862  -13.605  59.229 0.0000000000
60781  -46.082  -12.885  58.734 0.0000000000
61579  -47.991  -12.799  60.754 0.0000000000
118718  -30.431  -27.365  69.774 0.0000000000
49865  -30.512  -25.230  69.253 0.0000000000
48981  -29.902  -25.974  68.942 0.0000000000
49868  -29.639  -25.545  67.963 0.0000000000
51643  -31.164  -23.437  69.432 0.0000000000
52591  -31.477  -22.411  69.174 0.0000000000
51682  -29.883  -23.216  67.189 0.0000000000
118631  -31.018  -22.585  65.417 0.0000000000
122368  -31.780  -22.315  64.913 0.0000000000
51696  -32.709  -22.301  64.876 0.0000000000
51716  -33.145  -22.487  64.150 0.0000000000
122039  -35.465  -22.060  65.967 0.0000000000
51686  -35.946  -22.078  65.809 0.0000000000
51671  -36.025  -21.916  66.442 0.0000000000
52617  -36.669  -21.549  68.232 0.0000000000
51658  -37.067  -21.734  67.540 0.0000000000
110571  -37.263  -21.872  66.766 0.0000000000
51660  -38.747  -22.375  66.990 0.0000000000
40717  -16.430  -33.795  76.586 0.0000000000
40701  -15.854  -33.749  77.072 0.0000000000
40716  -15.252  -33.668  76.400 0.0000000000
40768  -15.989  -34.201  72.939 0.0000000000
40746  -15.804  -33.677  74.046 0.0000000000
40745  -14.252  -34.297  74.550 0.0000000000
103343  -13.682  -34.407  74.840 0.0000000000
40744  -12.896  -34.696  74.246 0.0000000000
34375  -1.077  -42.116  83.098 0.0000000000
43577  -32.328  -33.029  67.802 0.0000000000
44395  -32.793  -32.148  69.062 0.0000000000
45325  -31.803  -31.392  69.103 0.0000000000
45315  -31.953  -31.137  69.941 0.0000000000
41727  -33.647  -33.535  72.706 0.0000000000
41740  -33.697  -33.553  71.911 0.0000000000
43554  -34.633  -32.177  72.088 0.0000000000
42667  -34.419  -32.544  71.672 0.0000000000
43562  -34.254  -32.292  71.348 0.0000000000
43561  -34.036  -32.417  70.616 0.0000000000
46234  -33.430  -30.363  72.341 0.0000000000
46235  -34.040  -30.752  72.650 0.0000000000
45300  -33.721  -31.199  71.744 0.0000000000
45310  -33.919  -31.759  71.190 0.0000000000
45309  -33.595  -31.503  70.899 0.0000000000
45317  -33.479  -31.725  70.265 0.0000000000
46241  -32.462  -29.314  71.573 0.0000000000
46240  -32.021  -29.614  71.080 0.0000000000
47181  -31.119  -28.614  70.298 0.0000000000
48037  -32.406  -26.472  71.337 0.0000000000
48953  -32.506  -25.802  71.337 0.0000000000
48910  -34.204  -26.241  73.650 0.0000000000
121746  -33.809  -25.626  73.018 0.0000000000
41767  -22.761  -34.594  69.816 0.0000000000
39833  -26.472  -35.460  74.792 0.0000000000
40819  -27.117  -34.778  71.462 0.0000000000
39869  -29.042  -35.437  72.544 0.0000000000
39884  -29.436  -35.386  71.707 0.0000000000
104286  -18.872  -34.183  76.299 0.0000000000
40732  -19.258  -34.390  75.611 0.0000000000
39827  -21.298  -35.456  75.239 0.0000000000
40734  -20.699  -35.061  75.506 0.0000000000
40749  -20.028  -34.973  74.382 0.0000000000
105460  -19.203  -34.510  73.972 0.0000000000
104107  -18.383  -34.337  73.086 0.0000000000
61610  -44.654  -12.559  56.603 0.0000000000
123889  -44.209  -12.422  55.852 0.0000000000
61620  -46.211  -11.613  56.019 0.0000000000
61619  -45.493  -11.675  55.726 0.0000000000
61630  -45.973  -11.540  55.153 0.0000000000
62465  -45.590  -11.298  54.338 0.0000000000
61600  -48.002  -11.546  57.241 0.0000000000
62451  -48.604  -11.429  56.591 0.0000000000
62468  -48.080  -10.998  55.276 0.0000000000
62478  -46.823  -10.711  54.198 0.0000000000
63335  -47.287  -10.359  53.579 0.0000000000
64174  -48.524  -9.571  53.541 0.0000000000
64193  -47.352  -9.495  51.240 0.0000000000
106145  -47.813  -9.240  51.873 0.0000000000
64184  -48.766  -8.895  53.089 0.0000000000
64176  -49.952  -8.912  54.059 0.0000000000
65091  -49.523  -8.557  53.374 0.0000000000
65092  -50.191  -8.131  53.637 0.0000000000
35352  -5.800  -41.537  78.931 0.0000000000
47204  -29.570  -28.396  68.400 0.0000000000
124152  -29.430  -28.938  67.763 0.0000000000
51802  -35.461  -22.871  59.625 0.0000000000
52724  -35.830  -22.108  59.538 0.0000000000
52725  -36.476  -22.097  60.770 0.0000000000
51731  -33.997  -22.576  63.603 0.0000000000
108339  -36.236  -23.773  63.250 0.0000000000
50788  -35.549  -23.465  62.956 0.0000000000
50810  -36.692  -24.113  63.034 0.0000000000
50777  -38.246  -24.337  64.435 0.0000000000
49894  -38.646  -24.478  63.972 0.0000000000
49927  -38.351  -24.155  63.130 0.0000000000
49910  -37.940  -24.446  63.445 0.0000000000
49942  -37.612  -23.934  62.785 0.0000000000
105504  -37.487  -23.734  62.405 0.0000000000
50857  -36.873  -23.479  61.809 0.0000000000
51765  -38.785  -23.206  62.379 0.0000000000
51784  -37.878  -23.040  61.994 0.0000000000
52707  -38.301  -22.263  61.924 0.0000000000
110737  -38.638  -21.305  61.734 0.0000000000
53560  -40.530  -21.299  63.013 0.0000000000
53577  -41.261  -20.192  62.542 0.0000000000
53561  -41.349  -20.624  63.217 0.0000000000
36209  -6.526  -39.865  79.079 0.0000000000
36208  -6.111  -40.267  79.555 0.0000000000
35370  -7.337  -40.984  76.982 0.0000000000
35353  -6.699  -41.075  77.803 0.0000000000
115412  -6.844  -42.063  76.779 0.0000000000
34410  -4.922  -42.199  80.150 0.0000000000
33455  -4.374  -42.720  80.664 0.0000000000
33454  -3.846  -43.299  81.125 0.0000000000
33426  -3.489  -42.826  82.467 0.0000000000
113463  -2.656  -46.369  79.916 0.0000000000
31582  -3.126  -45.684  79.729 0.0000000000
31563  -2.206  -44.736  81.953 0.0000000000
108211  -2.352  -44.041  82.236 0.0000000000
32478  -2.719  -43.447  82.406 0.0000000000
32477  -2.155  -43.404  82.528 0.0000000000
119206  -1.093  -44.651  81.861 0.0000000000
115703  -1.002  -44.153  81.793 0.0000000000
33439  -1.130  -43.211  82.113 0.0000000000
29751  -0.445  -47.458  81.073 0.0000000000
40857  -32.585  -34.489  69.725 0.0000000000
40773  -22.850  -35.340  73.660 0.0000000000
40776  -25.449  -34.995  73.515 0.0000000000
38985  -31.347  -35.457  72.150 0.0000000000
38998  -31.164  -35.577  71.735 0.0000000000
122367  -31.513  -35.194  70.567 0.0000000000
39928  -31.902  -34.945  70.019 0.0000000000
38889  -24.735  -35.649  77.872 0.0000000000
39810  -23.118  -35.630  75.938 0.0000000000
39848  -23.066  -35.611  74.282 0.0000000000
59901  -41.966  -14.528  56.307 0.0000000000
45334  -31.477  -31.813  68.312 0.0000000000
51713  -30.414  -23.261  64.126 0.0000000000
50786  -29.787  -23.920  63.693 0.0000000000
49908  -29.962  -24.457  62.706 0.0000000000
40712  -11.168  -34.938  76.167 0.0000000000
39791  -10.433  -35.739  76.337 0.0000000000
38905  -9.730  -36.430  76.493 0.0000000000
38015  -9.468  -37.635  75.863 0.0000000000
38032  -9.337  -38.391  75.525 0.0000000000
40755  -33.126  -33.961  73.992 0.0000000000
40736  -32.809  -33.499  74.950 0.0000000000
41697  -33.354  -33.108  75.562 0.0000000000
124239  -27.350  -36.132  77.063 0.0000000000
38913  -27.842  -36.420  77.192 0.0000000000
38021  -28.865  -36.366  76.908 0.0000000000
38916  -30.618  -35.537  77.408 0.0000000000
38917  -31.063  -35.237  76.672 0.0000000000
116820  -31.225  -35.051  75.094 0.0000000000
111390  -31.624  -34.486  74.867 0.0000000000
54473  -40.843  -19.888  62.026 0.0000000000
123521  -39.926  -19.537  61.150 0.0000000000
110725  -41.013  -18.941  61.232 0.0000000000
56240  -41.485  -18.330  60.949 0.0000000000
57111  -44.061  -17.342  60.805 0.0000000000
124081  -43.378  -17.424  60.514 0.0000000000
57125  -43.690  -16.751  60.262 0.0000000000
58065  -43.329  -16.248  59.662 0.0000000000
58079  -43.808  -15.473  59.302 0.0000000000
58986  -44.332  -14.804  58.996 0.0000000000
118706  -44.757  -14.281  58.869 0.0000000000
59888  -44.793  -13.684  58.486 0.0000000000
59867  -45.572  -14.344  59.659 0.0000000000
122671  -45.860  -13.933  59.714 0.0000000000
107951  -32.076  -21.730  68.896 0.0000000000
52614  -31.523  -21.821  68.428 0.0000000000
52627  -31.407  -21.849  67.490 0.0000000000
51683  -30.956  -22.395  66.501 0.0000000000
52638  -32.093  -21.805  66.386 0.0000000000
122120  -32.653  -21.663  65.810 0.0000000000
52640  -34.113  -21.713  65.935 0.0000000000
119213  -17.180  -33.925  76.274 0.0000000000
117032  -16.647  -33.733  75.890 0.0000000000
65920  -49.268  -7.555  52.299 0.0000000000
65924  -49.202  -7.172  51.578 0.0000000000
65925  -49.757  -6.572  51.273 0.0000000000
66706  -50.339  -6.135  50.746 0.0000000000
41789  -32.997  -33.490  68.432 0.0000000000
42699  -32.840  -33.076  68.433 0.0000000000
43578  -32.728  -32.779  68.549 0.0000000000
41718  -34.720  -32.805  72.751 0.0000000000
44365  -34.817  -31.724  72.593 0.0000000000
46226  -34.451  -30.256  73.445 0.0000000000
103691  -32.900  -29.803  71.971 0.0000000000
47166  -32.163  -28.328  71.284 0.0000000000
48028  -32.593  -27.264  71.789 0.0000000000
50701  -34.060  -25.073  73.464 0.0000000000
41753  -23.713  -34.520  70.301 0.0000000000
39834  -27.474  -35.367  74.488 0.0000000000
39852  -27.830  -35.535  73.566 0.0000000000
39868  -28.175  -35.495  72.669 0.0000000000
40771  -20.617  -35.185  73.859 0.0000000000
109955  -19.057  -34.448  71.780 0.0000000000
124213  -19.617  -34.836  70.440 0.0000000000
60805  -45.855  -12.120  57.488 0.0000000000
61612  -46.355  -11.665  56.844 0.0000000000
61621  -47.070  -11.591  56.220 0.0000000000
62459  -49.153  -11.237  56.097 0.0000000000
63336  -48.162  -10.168  53.992 0.0000000000
64168  -50.318  -9.238  54.748 0.0000000000
33491  -5.841  -43.009  77.565 0.0000000000
51782  -36.135  -23.199  60.874 0.0000000000
51718  -35.623  -22.691  64.438 0.0000000000
103912  -36.337  -23.460  63.993 0.0000000000
49912  -39.005  -24.185  63.608 0.0000000000
49928  -38.860  -24.281  63.204 0.0000000000
50811  -38.734  -24.116  62.936 0.0000000000
50837  -38.741  -23.938  62.718 0.0000000000
51766  -39.511  -22.793  62.659 0.0000000000
52677  -40.047  -22.437  63.029 0.0000000000
38874  -8.466  -36.991  78.217 0.0000000000
37981  -7.875  -37.400  78.650 0.0000000000
38849  -7.653  -37.003  79.669 0.0000000000
36210  -6.913  -39.463  78.484 0.0000000000
104185  -6.698  -40.181  78.371 0.0000000000
33477  -4.228  -43.827  79.369 0.0000000000
32524  -3.600  -44.212  80.749 0.0000000000
30661  -1.931  -47.322  80.868 0.0000000000
30654  -2.364  -46.305  80.979 0.0000000000
30646  -1.958  -45.619  81.606 0.0000000000
31562  -1.579  -45.090  81.914 0.0000000000
31561  -0.983  -45.360  81.808 0.0000000000
38894  -29.372  -36.118  78.072 0.0000000000
39782  -31.661  -35.236  78.113 0.0000000000
55347  -43.492  -19.218  62.276 0.0000000000
55346  -42.735  -19.296  61.964 0.0000000000
120610  -44.324  -18.888  62.069 0.0000000000
56227  -44.854  -18.579  61.849 0.0000000000
58056  -46.094  -16.278  61.174 0.0000000000
108221  -46.321  -15.374  60.973 0.0000000000
113543  -32.308  -23.964  70.340 0.0000000000
120707  -32.341  -22.492  69.867 0.0000000000
53495  -32.572  -21.797  69.511 0.0000000000
52615  -34.496  -21.270  68.000 0.0000000000
34362  -3.748  -41.742  83.394 0.0000000000
34361  -3.193  -42.229  83.347 0.0000000000
41781  -33.360  -33.586  69.162 0.0000000000
43568  -33.910  -32.425  70.153 0.0000000000
41736  -21.321  -34.489  71.076 0.0000000000
116852  -21.950  -34.533  71.488 0.0000000000
41737  -22.655  -34.420  71.415 0.0000000000
41738  -23.522  -34.356  71.346 0.0000000000
38965  -29.719  -35.555  73.694 0.0000000000
38981  -29.438  -35.572  73.279 0.0000000000
38982  -29.905  -35.562  72.599 0.0000000000
38997  -30.060  -35.560  71.620 0.0000000000
103155  -30.126  -35.498  70.876 0.0000000000
39793  -21.050  -35.106  76.647 0.0000000000
39794  -21.758  -35.306  76.459 0.0000000000
39828  -22.004  -35.683  75.064 0.0000000000
40796  -21.226  -35.126  73.159 0.0000000000
58089  -40.049  -16.321  57.186 0.0000000000
61646  -44.888  -11.734  51.798 0.0000000000
61594  -47.575  -11.508  58.288 0.0000000000
62433  -48.152  -11.323  58.791 0.0000000000
63317  -50.491  -10.123  56.737 0.0000000000
49878  -28.722  -25.172  65.282 0.0000000000
50833  -35.533  -23.748  61.444 0.0000000000
51688  -38.147  -22.916  65.860 0.0000000000
50745  -38.157  -23.550  65.479 0.0000000000
50746  -38.793  -23.456  65.724 0.0000000000
50762  -39.171  -23.743  65.109 0.0000000000
49880  -39.197  -23.844  64.577 0.0000000000
49881  -39.698  -23.422  64.704 0.0000000000
50778  -40.141  -23.065  64.632 0.0000000000
51719  -40.613  -22.867  64.703 0.0000000000
106264  -11.017  -34.565  77.428 0.0000000000
39766  -8.845  -36.267  78.498 0.0000000000
38886  -9.294  -36.483  77.247 0.0000000000
38875  -9.003  -36.599  77.908 0.0000000000
37131  -7.852  -39.331  76.853 0.0000000000
118423  -32.747  -34.552  72.010 0.0000000000
41716  -33.708  -33.513  73.609 0.0000000000
41717  -34.327  -33.119  73.148 0.0000000000
41708  -34.942  -32.709  73.678 0.0000000000
41688  -33.944  -32.730  76.157 0.0000000000
39814  -26.276  -35.771  75.708 0.0000000000
105739  -27.124  -35.709  76.670 0.0000000000
121037  -27.215  -35.602  75.873 0.0000000000
38948  -27.957  -35.390  75.153 0.0000000000
105445  -29.062  -35.567  74.861 0.0000000000
38022  -29.191  -36.170  76.806 0.0000000000
38039  -29.396  -36.127  76.116 0.0000000000
38950  -30.016  -35.865  74.441 0.0000000000
122413  -29.775  -36.747  73.970 0.0000000000
38966  -29.942  -36.498  74.043 0.0000000000
38967  -30.248  -35.353  73.551 0.0000000000
118736  -31.054  -35.189  72.884 0.0000000000
39871  -31.771  -35.070  72.399 0.0000000000
39872  -32.309  -34.854  72.029 0.0000000000
38910  -24.880  -35.776  77.199 0.0000000000
38931  -24.751  -35.806  76.480 0.0000000000
54489  -37.470  -20.266  60.314 0.0000000000
54488  -37.104  -20.401  59.679 0.0000000000
55366  -38.358  -19.084  59.992 0.0000000000
121095  -39.646  -18.967  60.555 0.0000000000
55367  -39.170  -18.688  60.184 0.0000000000
56252  -38.703  -18.546  59.238 0.0000000000
55358  -42.570  -18.918  61.526 0.0000000000
56241  -42.276  -18.402  61.049 0.0000000000
117962  -41.903  -17.833  60.476 0.0000000000
113041  -41.535  -17.426  59.883 0.0000000000
57133  -40.792  -16.767  58.790 0.0000000000
58076  -40.416  -16.507  58.060 0.0000000000
58090  -40.792  -15.943  57.664 0.0000000000
60802  -43.130  -13.543  56.245 0.0000000000
60803  -44.326  -13.072  57.251 0.0000000000
60789  -45.077  -13.065  58.249 0.0000000000
60790  -45.610  -12.694  58.189 0.0000000000
104249  -46.173  -14.365  60.376 0.0000000000
60766  -46.732  -13.809  60.854 0.0000000000
60767  -47.259  -13.129  60.536 0.0000000000
46247  -30.721  -29.361  69.749 0.0000000000
47194  -29.931  -28.868  69.238 0.0000000000
48078  -29.525  -27.421  68.151 0.0000000000
48062  -30.189  -26.739  69.454 0.0000000000
48061  -29.721  -26.848  68.790 0.0000000000
112844  -29.269  -25.979  67.209 0.0000000000
50735  -30.329  -24.449  68.727 0.0000000000
50738  -29.737  -24.439  67.831 0.0000000000
50757  -29.045  -24.517  65.726 0.0000000000
50758  -29.446  -23.736  65.459 0.0000000000
121832  -30.174  -23.059  64.995 0.0000000000
51729  -31.269  -22.788  63.729 0.0000000000
51730  -32.249  -22.417  63.429 0.0000000000
124856  -34.103  -22.492  64.365 0.0000000000
51684  -34.497  -22.123  65.466 0.0000000000
51698  -34.831  -22.305  64.905 0.0000000000
114654  -35.749  -22.325  65.511 0.0000000000
103231  -35.439  -21.433  67.947 0.0000000000
52631  -35.837  -21.807  67.217 0.0000000000
51687  -36.857  -21.980  66.294 0.0000000000
122136  -37.575  -22.305  66.118 0.0000000000
121031  -16.821  -33.904  74.647 0.0000000000
107532  -14.749  -33.970  74.053 0.0000000000
41686  -14.047  -33.768  76.238 0.0000000000
40714  -13.094  -33.973  75.864 0.0000000000
40743  -12.095  -35.192  74.527 0.0000000000
44403  -31.858  -32.484  67.879 0.0000000000
40822  -33.277  -34.148  71.478 0.0000000000
109606  -33.908  -33.577  71.270 0.0000000000
42666  -34.395  -32.807  72.019 0.0000000000
119965  -34.248  -32.840  71.439 0.0000000000
41757  -34.143  -33.134  70.905 0.0000000000
44388  -33.908  -32.270  70.361 0.0000000000
45302  -34.550  -31.585  72.362 0.0000000000
44371  -34.269  -31.910  71.562 0.0000000000
45316  -32.868  -31.454  70.076 0.0000000000
113101  -30.962  -27.581  70.238 0.0000000000
48047  -31.491  -26.879  70.508 0.0000000000
112884  -33.670  -24.953  72.748 0.0000000000
109018  -33.319  -25.208  72.283 0.0000000000
49843  -32.889  -25.523  71.813 0.0000000000
49848  -32.601  -25.259  71.381 0.0000000000
50720  -32.529  -24.855  71.140 0.0000000000
122651  -32.644  -24.140  71.084 0.0000000000
39851  -26.930  -35.215  73.913 0.0000000000
40777  -26.407  -35.071  73.327 0.0000000000
40800  -25.857  -34.731  72.682 0.0000000000
40818  -26.117  -34.668  71.736 0.0000000000
40820  -28.128  -34.962  71.743 0.0000000000
40837  -26.885  -34.932  70.282 0.0000000000
103352  -18.326  -34.182  76.868 0.0000000000
39807  -20.542  -34.870  76.226 0.0000000000
40733  -20.061  -34.696  75.658 0.0000000000
40748  -18.713  -34.452  74.824 0.0000000000
40792  -17.429  -34.379  72.153 0.0000000000
61617  -43.546  -12.622  55.263 0.0000000000
61618  -44.128  -11.956  55.153 0.0000000000
61639  -44.780  -11.499  53.805 0.0000000000
62457  -47.618  -11.400  55.726 0.0000000000
62466  -46.389  -11.131  54.723 0.0000000000
62477  -45.978  -10.890  53.832 0.0000000000
62485  -46.087  -10.720  52.251 0.0000000000
62493  -46.219  -10.733  51.292 0.0000000000
63348  -46.896  -10.099  51.361 0.0000000000
65100  -48.226  -8.365  51.079 0.0000000000
65096  -49.037  -8.214  52.650 0.0000000000
65918  -51.258  -6.931  53.780 0.0000000000
34424  -5.392  -41.780  79.570 0.0000000000
34423  -5.019  -42.554  79.303 0.0000000000
33490  -5.308  -42.996  78.361 0.0000000000
115820  -4.833  -43.797  78.032 0.0000000000
33478  -4.750  -43.401  78.909 0.0000000000
114629  -28.573  -26.990  65.040 0.0000000000
51749  -33.865  -22.729  62.563 0.0000000000
50808  -35.010  -23.422  62.375 0.0000000000
124901  -34.903  -23.624  61.832 0.0000000000
103718  -35.436  -23.792  61.995 0.0000000000
50834  -36.133  -23.803  61.873 0.0000000000
50760  -37.816  -23.887  64.981 0.0000000000
50776  -37.525  -24.286  64.267 0.0000000000
50791  -37.584  -24.482  63.695 0.0000000000
49909  -37.354  -24.315  63.305 0.0000000000
49925  -37.127  -24.138  62.873 0.0000000000
49941  -36.870  -23.893  62.480 0.0000000000
51783  -36.936  -22.800  61.450 0.0000000000
118788  -37.013  -21.358  61.038 0.0000000000
53590  -37.793  -20.715  61.085 0.0000000000
54472  -40.126  -20.115  61.955 0.0000000000
52664  -40.571  -22.383  64.245 0.0000000000
36191  -5.976  -39.344  80.675 0.0000000000
37082  -6.255  -38.519  80.992 0.0000000000
118499  -6.248  -41.559  78.349 0.0000000000
35371  -7.820  -40.890  76.194 0.0000000000
34398  -4.148  -42.511  81.495 0.0000000000
34388  -3.902  -42.391  82.284 0.0000000000
33425  -3.119  -42.817  82.767 0.0000000000
32523  -3.192  -44.881  80.535 0.0000000000
32506  -3.135  -44.626  81.214 0.0000000000
120215  -2.088  -42.692  82.978 0.0000000000
32476  -1.671  -43.630  82.312 0.0000000000
33422  -1.436  -42.864  82.584 0.0000000000
116510  -1.005  -42.496  82.567 0.0000000000
30652  -0.878  -47.171  81.542 0.0000000000
115092  -0.821  -48.278  81.269 0.0000000000
36168  -4.424  -40.660  83.736 0.0000000000
38005  -29.146  -36.189  77.359 0.0000000000
49895  -39.054  -24.063  64.014 0.0000000000
50792  -39.198  -24.106  63.394 0.0000000000
50813  -39.438  -23.828  62.978 0.0000000000
51699  -35.556  -22.404  65.189 0.0000000000
55344  -40.454  -19.550  61.491 0.0000000000
63319  -49.607  -10.728  55.683 0.0000000000
105617  -46.365  -12.990  59.184 0.0000000000
107283  -29.856  -36.050  78.831 0.0000000000
107740  -50.533  -9.600  55.463 0.0000000000
115537  -9.656  -36.978  76.021 0.0000000000
