#!ascii label  , from subject sub-v1s6x0051362_ses-1 vox2ras=TkReg
866
62948  -21.486  -11.571  4.796 0.5555555820
119669  -22.006  -11.266  4.297 0.6666666865
63823  -22.683  -10.824  2.983 0.7777777910
125049  -23.343  -11.123  2.593 0.7777777910
65584  -22.810  -8.827  2.541 0.8888888955
65587  -25.055  -8.761  2.475 0.8888888955
62936  -21.029  -11.825  5.494 0.5555555820
63801  -20.838  -11.045  5.209 0.5555555820
106965  -21.431  -10.890  4.414 0.6666666865
63813  -21.489  -10.214  3.879 0.8888888955
63824  -23.286  -10.548  2.453 0.8888888955
65585  -23.578  -9.138  2.217 0.8888888955
65586  -24.251  -8.473  2.316 1.0000000000
66390  -25.511  -7.166  2.703 1.0000000000
63800  -20.354  -10.340  5.357 0.7777777910
65570  -21.202  -8.712  3.696 1.0000000000
109586  -21.393  -7.800  3.327 1.0000000000
124322  -22.057  -7.609  2.836 1.0000000000
119531  -22.527  -6.990  2.533 1.0000000000
112923  -23.322  -7.228  2.394 1.0000000000
66387  -22.273  -6.154  2.560 1.0000000000
67180  -23.156  -6.209  2.383 1.0000000000
67181  -24.012  -6.584  2.399 1.0000000000
114068  -25.441  -6.348  2.669 1.0000000000
120363  -23.367  -5.372  2.397 1.0000000000
67992  -23.953  -5.675  2.395 1.0000000000
67994  -25.387  -5.497  2.705 1.0000000000
68817  -24.559  -4.319  2.503 1.0000000000
68818  -25.281  -4.628  2.769 0.7777777910
67169  -20.204  -6.344  3.791 0.8888888955
66376  -21.682  -6.838  2.968 1.0000000000
67991  -22.716  -5.447  2.453 1.0000000000
67179  -21.618  -6.017  2.821 1.0000000000
67990  -21.964  -5.414  2.628 1.0000000000
68815  -23.126  -4.786  2.413 1.0000000000
68816  -23.874  -4.777  2.366 1.0000000000
69682  -25.121  -3.784  2.845 1.0000000000
68804  -25.884  -4.108  3.337 0.8888888955
69669  -25.677  -3.233  3.454 1.0000000000
69653  -26.682  -3.469  3.857 0.7777777910
115591  -19.523  -4.924  4.353 0.5555555820
108475  -20.902  -2.978  3.398 0.7777777910
68802  -20.745  -4.671  3.382 0.8888888955
69678  -22.219  -3.858  2.635 1.0000000000
68814  -22.415  -4.738  2.534 1.0000000000
69679  -23.020  -3.598  2.434 1.0000000000
69680  -23.723  -3.520  2.394 1.0000000000
107631  -24.071  -2.835  2.484 1.0000000000
70521  -24.814  -2.867  2.971 0.8888888955
70522  -25.431  -2.456  3.641 0.8888888955
71342  -26.154  -1.927  4.495 0.7777777910
122278  -27.175  -2.334  5.133 0.6666666865
118275  -26.827  -1.908  5.128 0.6666666865
69651  -19.329  -3.340  4.970 0.4444444478
114007  -20.254  -3.035  3.891 0.7777777910
70519  -20.310  -2.131  3.811 0.6666666865
70520  -21.183  -2.118  3.047 0.7777777910
70531  -22.070  -2.146  2.606 0.8888888955
112003  -22.903  -2.138  2.394 0.8888888955
70533  -23.677  -2.111  2.464 1.0000000000
70534  -24.314  -2.090  2.704 1.0000000000
71355  -24.713  -1.199  3.561 0.8888888955
71341  -25.375  -1.667  3.991 0.7777777910
106395  -25.734  -1.012  4.574 0.7777777910
107761  -27.539  -2.026  5.483 0.5555555820
71331  -26.354  -1.162  5.162 0.7777777910
71332  -27.130  -1.228  5.564 0.6666666865
71352  -19.837  -1.173  4.176 0.6666666865
71353  -20.572  -1.138  3.229 0.7777777910
71366  -21.558  -1.333  2.659 0.8888888955
71367  -22.470  -1.390  2.439 0.8888888955
72207  -22.064  -0.630  2.435 1.0000000000
72208  -22.916  -0.681  2.414 1.0000000000
72209  -23.632  -0.681  2.618 1.0000000000
71354  -24.411  -1.464  2.932 0.8888888955
124919  -24.660  -0.499  3.748 0.8888888955
72179  -25.506  -0.241  4.568 0.8888888955
122904  -24.625  0.463  3.988 0.8888888955
72178  -25.027  0.189  4.256 0.7777777910
73055  -25.637  0.398  4.853 0.7777777910
72170  -26.699  -0.407  5.575 0.7777777910
72171  -27.643  -0.448  5.899 0.6666666865
72177  -19.403  -0.511  4.641 0.6666666865
71340  -19.263  -1.213  4.997 0.5555555820
72189  -19.908  -0.412  3.755 0.7777777910
72206  -21.139  -0.505  2.708 0.8888888955
73072  -21.742  0.230  2.493 0.8888888955
73073  -22.640  0.754  2.554 1.0000000000
113804  -22.565  -0.055  2.447 1.0000000000
72191  -23.817  0.006  3.092 1.0000000000
72192  -24.381  0.008  3.663 0.8888888955
73045  -25.802  0.962  5.108 0.7777777910
73848  -26.215  1.357  5.548 0.7777777910
73849  -26.891  0.958  5.968 0.6666666865
73035  -27.625  0.443  6.220 0.5555555820
72158  -28.310  -0.101  6.300 0.5555555820
109209  -19.504  0.137  4.222 0.7777777910
73059  -19.640  0.790  3.986 0.6666666865
73071  -20.801  0.270  2.816 0.8888888955
112401  -21.845  1.004  2.522 1.0000000000
73060  -23.468  0.854  3.044 1.0000000000
73854  -24.365  1.329  4.143 0.8888888955
73061  -24.162  0.691  3.730 0.8888888955
73855  -24.842  1.677  4.729 0.8888888955
73054  -25.293  0.933  4.751 0.8888888955
73847  -25.533  1.602  5.209 0.7777777910
74602  -25.830  2.270  5.735 0.7777777910
73837  -26.663  1.797  6.061 0.7777777910
73838  -27.534  1.341  6.498 0.5555555820
122861  -25.454  2.880  5.667 0.7777777910
74595  -27.062  2.292  6.571 0.5555555820
74594  -26.268  2.558  6.251 0.6666666865
73853  -19.128  1.198  4.983 0.4444444478
73858  -19.595  1.535  4.211 0.5555555820
73860  -20.579  1.860  3.186 0.7777777910
73870  -21.351  1.584  2.718 1.0000000000
74625  -22.451  2.239  2.758 1.0000000000
74626  -23.100  2.157  3.182 0.8888888955
74618  -23.429  2.665  3.690 0.8888888955
74619  -24.089  2.081  4.198 0.8888888955
74609  -24.620  2.521  4.768 0.8888888955
74610  -25.223  2.523  5.266 0.8888888955
75345  -25.689  3.131  6.082 0.6666666865
74578  -27.403  2.842  7.109 0.5555555820
114946  -20.439  3.827  4.228 0.6666666865
74607  -20.347  3.352  3.813 0.6666666865
76095  -21.635  4.291  3.484 0.7777777910
74617  -22.703  2.916  3.118 0.8888888955
75367  -22.146  3.707  3.012 0.7777777910
75368  -22.965  3.642  3.747 0.7777777910
74608  -23.957  3.119  4.465 0.8888888955
103503  -23.533  3.965  4.453 0.7777777910
75362  -24.309  3.847  4.904 0.7777777910
75363  -24.779  3.199  5.090 0.7777777910
75355  -25.279  3.369  5.594 0.6666666865
76083  -24.845  5.024  5.630 0.6666666865
76072  -25.615  4.199  6.058 0.6666666865
75344  -25.488  3.742  5.931 0.6666666865
76840  -25.767  5.561  6.323 0.6666666865
76073  -26.105  4.706  6.381 0.5555555820
76062  -26.697  4.159  6.713 0.5555555820
75336  -27.325  3.663  7.118 0.4444444478
76061  -26.883  4.949  6.916 0.5555555820
108207  -21.041  5.612  5.666 0.3333333433
76857  -21.057  5.273  4.636 0.5555555820
76089  -21.294  4.846  3.980 0.6666666865
76858  -21.649  5.507  4.290 0.5555555820
76866  -21.957  5.004  3.740 0.7777777910
76090  -22.803  4.682  4.132 0.7777777910
76860  -23.189  5.434  4.717 0.6666666865
76091  -23.751  4.606  4.769 0.6666666865
76861  -24.099  5.284  5.125 0.6666666865
76853  -25.119  5.730  5.933 0.6666666865
76841  -26.403  5.547  6.758 0.5555555820
77606  -27.215  6.200  7.459 0.5555555820
77605  -26.650  6.234  7.154 0.6666666865
77624  -21.408  6.367  5.809 0.4444444478
77623  -21.054  6.179  6.318 0.4444444478
78367  -21.611  7.227  5.800 0.5555555820
76850  -21.463  5.958  4.968 0.5555555820
77637  -22.002  6.180  4.719 0.6666666865
76859  -22.305  5.575  4.298 0.6666666865
77638  -22.722  6.275  4.818 0.6666666865
76852  -24.423  5.979  5.463 0.6666666865
77612  -25.437  6.468  6.212 0.6666666865
78363  -26.437  6.990  6.997 0.6666666865
109601  -27.074  6.806  7.485 0.5555555820
77626  -23.076  7.160  5.051 0.6666666865
76851  -23.600  6.193  5.049 0.6666666865
77627  -24.008  6.954  5.285 0.6666666865
78362  -25.845  7.183  6.440 0.6666666865
119517  -22.261  -9.372  2.874 0.8888888955
64666  -20.980  -9.585  4.085 1.0000000000
65571  -21.981  -8.533  2.972 1.0000000000
66388  -22.685  -7.892  2.567 1.0000000000
106841  -24.131  -7.529  2.399 1.0000000000
70518  -19.615  -1.861  4.545 0.5555555820
72210  -24.236  -0.732  3.055 0.8888888955
72176  -19.206  -0.057  5.068 0.5555555820
109836  -19.443  2.157  4.622 0.5555555820
73869  -20.609  1.040  2.978 0.7777777910
73872  -22.921  1.535  2.824 1.0000000000
73844  -19.105  1.689  5.125 0.2222222239
114326  -26.565  3.230  6.603 0.6666666865
77625  -22.305  6.964  5.203 0.6666666865
124774  -22.621  7.517  5.198 0.6666666865
72165  -18.988  -0.606  5.353 0.4444444478
77607  -27.817  6.477  7.867 0.5555555820
119325  -27.573  5.847  7.558 0.5555555820
77611  -20.799  6.568  6.597 0.2222222239
78360  -20.977  6.963  6.333 0.3333333433
78354  -27.578  7.371  7.956 0.5555555820
111615  -21.991  -13.025  5.404 0.5555555820
62074  -22.424  -12.785  4.853 0.5555555820
62949  -22.242  -11.989  4.373 0.6666666865
62962  -22.493  -11.389  3.735 0.5555555820
62963  -23.009  -11.631  3.037 0.5555555820
63834  -25.250  -10.676  2.294 0.7777777910
64686  -25.169  -9.748  2.368 0.8888888955
62058  -21.360  -12.884  5.836 0.5555555820
62973  -23.817  -10.893  2.097 0.6666666865
63833  -24.456  -10.368  2.107 0.8888888955
103213  -25.984  -9.095  2.790 0.7777777910
66391  -26.157  -7.334  3.020 0.8888888955
62057  -20.757  -12.269  6.166 0.4444444478
62934  -20.348  -10.800  5.861 0.5555555820
67183  -25.955  -6.682  2.867 1.0000000000
64656  -20.032  -9.729  5.555 0.2222222239
65558  -20.440  -8.924  4.340 0.6666666865
67983  -26.112  -5.950  3.030 0.8888888955
112251  -26.702  -5.388  3.516 0.6666666865
68792  -27.404  -4.126  4.140 0.6666666865
65556  -19.162  -7.664  5.085 0.5555555820
69654  -27.400  -3.378  4.550 0.6666666865
67160  -19.415  -6.315  4.369 0.4444444478
70492  -27.500  -2.748  5.220 0.5555555820
124621  -28.127  -1.920  5.674 0.5555555820
108427  -19.007  -4.102  5.523 0.2222222239
111495  -27.974  -1.352  5.742 0.5555555820
70503  -19.135  -2.185  5.288 0.4444444478
107679  -18.597  -0.787  5.734 0.3333333433
121303  -28.718  0.100  6.622 0.5555555820
73822  -28.334  1.273  7.079 0.4444444478
73816  -17.816  1.438  8.009 0.3333333433
74579  -28.557  2.003  7.478 0.5555555820
119515  -27.817  3.242  7.491 0.4444444478
76070  -20.667  5.340  5.788 0.3333333433
76080  -19.616  4.282  5.965 0.4444444478
108655  -27.447  4.449  7.283 0.4444444478
76832  -28.193  5.706  7.888 0.4444444478
77591  -28.740  6.366  8.296 0.2222222239
78351  -20.860  7.268  6.607 0.3333333433
113170  -22.281  7.759  5.500 0.6666666865
78369  -23.587  7.912  5.276 0.6666666865
78371  -25.150  7.417  5.978 0.6666666865
79118  -25.562  8.067  6.229 0.6666666865
112052  -26.326  7.859  6.648 0.6666666865
78353  -26.920  7.623  7.322 0.6666666865
78355  -28.453  7.156  8.313 0.3333333433
62073  -21.625  -12.335  5.184 0.5555555820
62950  -22.896  -11.925  3.796 0.6666666865
63814  -22.103  -10.752  3.832 0.7777777910
63822  -22.066  -10.149  3.108 0.8888888955
118177  -22.938  -9.839  2.615 0.8888888955
64685  -24.347  -9.437  2.174 0.8888888955
122213  -21.155  -12.310  5.663 0.5555555820
62922  -20.423  -11.692  6.821 0.4444444478
62935  -20.501  -11.445  5.993 0.5555555820
63812  -20.864  -10.349  4.590 0.8888888955
64676  -21.656  -9.443  3.421 0.8888888955
63832  -23.711  -10.068  2.122 0.8888888955
66389  -24.908  -7.805  2.529 1.0000000000
104394  -23.472  -8.180  2.376 1.0000000000
115718  -25.682  -8.040  2.798 1.0000000000
67182  -24.803  -6.891  2.520 1.0000000000
64665  -20.386  -9.698  4.806 0.6666666865
65569  -20.570  -8.016  3.940 0.8888888955
66375  -20.800  -7.083  3.587 1.0000000000
110450  -24.721  -6.005  2.484 1.0000000000
67993  -24.635  -5.138  2.487 1.0000000000
67982  -25.996  -5.010  3.177 0.8888888955
66366  -19.850  -7.241  4.275 0.6666666865
67170  -21.000  -6.217  3.248 1.0000000000
114603  -21.227  -5.435  3.013 1.0000000000
67981  -20.474  -5.564  3.486 0.8888888955
68803  -21.635  -4.665  2.809 1.0000000000
118589  -22.852  -4.231  2.473 1.0000000000
115709  -24.008  -4.068  2.336 1.0000000000
69681  -24.387  -3.566  2.533 1.0000000000
70505  -26.149  -2.663  3.980 0.7777777910
70506  -26.896  -2.629  4.505 0.6666666865
67973  -19.141  -5.535  4.658 0.5555555820
68791  -19.435  -4.187  4.687 0.6666666865
115312  -19.970  -4.370  3.961 0.6666666865
67974  -19.748  -5.623  4.010 0.7777777910
115955  -20.064  -5.043  3.792 0.7777777910
69667  -20.502  -3.754  3.644 0.7777777910
69668  -21.330  -3.825  3.150 0.8888888955
112605  -21.740  -2.980  2.898 0.8888888955
70532  -22.552  -2.931  2.522 0.8888888955
107902  -23.327  -2.859  2.407 1.0000000000
111510  -24.799  -1.978  3.313 0.8888888955
122747  -25.772  -2.212  4.055 0.8888888955
70493  -28.233  -2.516  5.593 0.5555555820
70504  -19.722  -2.691  4.451 0.5555555820
69650  -19.014  -3.235  5.534 0.3333333433
69652  -19.834  -3.580  4.237 0.6666666865
71368  -23.295  -1.390  2.433 1.0000000000
72193  -25.150  -0.737  4.131 0.7777777910
72180  -26.007  -0.284  5.028 0.7777777910
73046  -26.330  0.484  5.429 0.7777777910
73047  -27.013  0.233  5.896 0.6666666865
71326  -18.590  -1.216  5.536 0.4444444478
113881  -23.237  0.041  2.597 1.0000000000
73036  -28.239  0.592  6.617 0.5555555820
73052  -19.309  0.606  4.675 0.5555555820
73859  -20.036  1.286  3.547 0.6666666865
111833  -21.257  0.826  2.673 0.8888888955
73861  -23.385  1.577  3.255 1.0000000000
74596  -27.811  2.040  7.065 0.5555555820
74614  -20.047  2.013  3.677 0.5555555820
74624  -21.846  2.203  2.627 1.0000000000
74616  -21.215  2.477  2.919 0.7777777910
74615  -20.482  2.657  3.453 0.7777777910
75373  -21.931  2.910  2.696 0.7777777910
120347  -28.094  2.648  7.501 0.5555555820
76087  -20.438  4.050  4.610 0.5555555820
76088  -20.753  4.515  4.391 0.4444444478
76094  -20.917  4.082  3.834 0.6666666865
75366  -21.215  3.418  3.237 0.7777777910
74606  -19.828  2.567  3.983 0.7777777910
75361  -19.864  3.133  4.324 0.6666666865
76096  -22.276  4.331  3.504 0.7777777910
76082  -24.564  4.416  5.297 0.6666666865
121050  -24.912  3.765  5.391 0.6666666865
75354  -25.228  4.133  5.733 0.6666666865
111588  -25.473  4.830  6.011 0.6666666865
110981  -25.949  3.869  6.263 0.5555555820
76831  -27.572  5.226  7.451 0.4444444478
75337  -27.999  3.888  7.664 0.4444444478
76830  -27.012  5.657  7.247 0.5555555820
76081  -20.614  4.968  5.034 0.4444444478
77613  -26.086  6.319  6.624 0.6666666865
124907  -21.778  6.556  5.262 0.5555555820
77628  -24.779  6.703  5.724 0.6666666865
116255  -18.815  -0.246  5.488 0.4444444478
112696  -19.447  2.402  4.823 0.3333333433
70488  -18.686  -1.702  5.690 0.4444444478
110781  -18.607  -0.633  5.701 0.4444444478
79100  -28.203  8.022  8.314 0.3333333433
105487  -25.932  -10.183  2.495 0.6666666865
115624  -20.935  -13.030  6.457 0.4444444478
62047  -20.558  -12.709  7.080 0.3333333433
62921  -20.309  -10.888  6.500 0.4444444478
68805  -26.727  -4.481  3.621 0.6666666865
65557  -19.816  -8.259  4.666 0.7777777910
68790  -19.093  -4.760  5.119 0.3333333433
113352  -18.809  -5.029  5.378 0.1111111119
69630  -18.938  -3.098  5.669 0.1111111119
71325  -18.504  -1.122  5.833 0.4444444478
73041  -18.632  -0.111  5.647 0.3333333433
75360  -19.619  3.615  5.510 0.3333333433
79099  -27.401  8.241  7.794 0.6666666865
60459  -25.715  -14.319  3.787 0.4444444478
60430  -26.909  -14.263  5.436 0.2222222239
61289  -23.102  -13.412  4.622 0.4444444478
60446  -23.671  -14.068  4.349 0.4444444478
62090  -23.161  -12.590  4.227 0.4444444478
61302  -23.939  -12.897  3.710 0.4444444478
61304  -25.647  -13.528  3.461 0.4444444478
62103  -26.416  -12.986  2.942 0.4444444478
62091  -27.692  -12.864  3.511 0.2222222239
62101  -24.433  -12.372  3.231 0.4444444478
62102  -25.369  -12.671  3.108 0.4444444478
62092  -28.414  -12.496  4.021 0.1111111119
62113  -25.894  -12.233  2.528 0.4444444478
62115  -27.170  -12.020  2.556 0.3333333433
62964  -23.961  -11.619  2.711 0.4444444478
62112  -24.954  -11.939  2.579 0.4444444478
62114  -26.674  -12.354  2.584 0.3333333433
104178  -27.252  -11.308  2.606 0.3333333433
122644  -28.346  -11.942  3.130 0.2222222239
62975  -25.496  -11.469  2.364 0.4444444478
62976  -26.432  -11.621  2.427 0.3333333433
122675  -27.903  -10.136  3.242 0.2222222239
122388  -28.450  -10.691  3.432 0.1111111119
64680  -29.088  -9.641  4.077 0.1111111119
64688  -27.307  -10.453  2.800 0.3333333433
64678  -27.346  -9.703  3.099 0.3333333433
65572  -26.492  -8.146  3.186 0.5555555820
66379  -28.113  -7.602  3.956 0.4444444478
66368  -28.899  -6.980  4.681 0.3333333433
67171  -26.464  -6.671  3.265 0.6666666865
67161  -27.753  -6.417  4.116 0.5555555820
120446  -26.714  -6.093  3.481 0.6666666865
67984  -27.265  -5.842  3.854 0.5555555820
67975  -27.890  -5.618  4.368 0.5555555820
67162  -28.388  -6.303  4.617 0.4444444478
68794  -28.547  -5.461  5.028 0.3333333433
112418  -27.834  -3.964  4.776 0.4444444478
69634  -27.962  -3.385  5.314 0.5555555820
68793  -27.992  -4.726  4.644 0.4444444478
78370  -24.404  7.689  5.544 0.5555555820
79126  -23.955  8.766  5.448 0.5555555820
118871  -24.739  8.426  5.778 0.5555555820
124550  -25.077  8.887  6.127 0.5555555820
79119  -25.938  8.735  6.498 0.5555555820
79922  -27.262  9.140  7.468 0.5555555820
60458  -24.961  -14.161  3.735 0.4444444478
61293  -27.143  -13.411  3.993 0.2222222239
62977  -27.906  -11.887  2.795 0.2222222239
63836  -27.938  -11.010  2.913 0.2222222239
62965  -28.873  -11.172  3.787 0.1111111119
107539  -27.882  -9.131  3.567 0.4444444478
64677  -26.966  -8.986  3.180 0.4444444478
66377  -26.849  -7.350  3.482 0.6666666865
66378  -27.598  -7.168  3.852 0.4444444478
122519  -28.479  -4.797  5.111 0.3333333433
71333  -28.721  -1.694  5.815 0.4444444478
79117  -24.239  9.601  5.368 0.5555555820
62100  -23.529  -12.155  3.421 0.4444444478
65559  -28.720  -7.601  4.245 0.2222222239
79098  -26.764  8.516  7.010 0.5555555820
59541  -23.426  -15.766  4.989 0.4444444478
59560  -24.204  -15.253  4.558 0.4444444478
59561  -24.756  -15.338  4.802 0.4444444478
60429  -26.066  -14.511  5.242 0.2222222239
60420  -27.289  -14.593  6.329 0.1111111119
61270  -21.903  -13.681  5.682 0.4444444478
59559  -23.575  -14.932  4.558 0.4444444478
61294  -27.926  -13.104  4.422 0.1111111119
62075  -28.813  -12.979  4.754 0.1111111119
60431  -27.757  -14.028  5.689 0.1111111119
62093  -29.337  -12.294  4.472 0.1111111119
62953  -29.925  -10.969  4.566 0.1111111119
63815  -29.645  -10.101  4.403 0.1111111119
64667  -29.584  -9.011  4.357 0.1111111119
66369  -29.355  -7.640  4.621 0.2222222239
68773  -28.972  -4.795  5.420 0.2222222239
68772  -28.456  -4.149  5.263 0.3333333433
71334  -29.446  -1.828  6.148 0.3333333433
72172  -28.510  -0.844  6.029 0.4444444478
71320  -29.136  -1.139  6.216 0.3333333433
76063  -28.346  4.788  7.915 0.3333333433
79123  -21.755  8.097  6.067 0.4444444478
79923  -27.993  8.869  8.113 0.5555555820
79125  -23.233  8.769  5.361 0.5555555820
79944  -23.873  9.452  5.260 0.5555555820
79921  -26.334  9.471  6.938 0.5555555820
79938  -24.217  9.378  5.511 0.5555555820
61271  -22.528  -13.593  5.162 0.4444444478
62974  -24.622  -11.199  2.237 0.5555555820
68806  -27.380  -5.000  3.967 0.5555555820
72159  -28.911  -0.460  6.418 0.4444444478
63835  -26.596  -10.739  2.530 0.3333333433
124911  -25.937  -10.960  2.325 0.3333333433
61305  -26.436  -13.672  3.556 0.4444444478
123914  -25.709  -14.631  4.333 0.3333333433
61292  -26.461  -14.113  4.383 0.3333333433
61272  -27.352  -13.636  4.924 0.1111111119
60445  -23.048  -14.323  4.777 0.4444444478
61290  -23.637  -13.326  4.170 0.4444444478
60447  -24.296  -14.543  4.197 0.4444444478
61291  -24.212  -13.761  3.869 0.4444444478
61303  -24.760  -13.233  3.507 0.4444444478
61306  -27.093  -13.260  3.191 0.4444444478
62104  -27.390  -12.648  2.798 0.4444444478
62951  -28.699  -11.902  3.670 0.1111111119
62978  -28.412  -11.492  3.218 0.2222222239
64679  -28.508  -9.818  3.700 0.1111111119
63825  -28.962  -10.383  3.971 0.1111111119
65575  -28.791  -8.968  3.931 0.1111111119
64687  -26.694  -9.849  2.783 0.3333333433
65573  -27.448  -8.093  3.625 0.4444444478
65574  -28.388  -8.239  3.889 0.3333333433
66367  -28.259  -7.006  4.247 0.4444444478
67172  -27.098  -6.591  3.690 0.5555555820
69635  -28.776  -3.261  5.545 0.4444444478
60448  -24.996  -14.823  4.206 0.4444444478
119779  -29.346  -10.848  4.241 0.1111111119
116819  -24.407  9.679  5.835 0.5555555820
65560  -29.123  -8.244  4.218 0.2222222239
60428  -25.377  -14.956  5.019 0.4444444478
60427  -22.447  -14.458  5.355 0.4444444478
60426  -21.772  -14.541  5.902 0.4444444478
61273  -28.219  -13.474  5.210 0.1111111119
54979  -24.380  -20.537  9.326 0.1111111119
55943  -22.107  -19.086  6.866 0.3333333433
55925  -23.223  -19.298  7.679 0.2222222239
55912  -23.775  -19.606  8.410 0.2222222239
54996  -24.276  -19.880  9.002 0.1111111119
55913  -24.624  -19.143  8.776 0.1111111119
58585  -20.913  -16.809  7.217 0.3333333433
57672  -20.905  -17.661  7.319 0.3333333433
56782  -21.521  -19.068  7.111 0.3333333433
56802  -23.088  -18.322  6.632 0.3333333433
56784  -23.854  -18.081  6.988 0.2222222239
56768  -24.029  -18.947  7.967 0.2222222239
119341  -24.179  -18.418  7.571 0.2222222239
59517  -20.196  -15.386  8.390 0.2222222239
115836  -20.863  -16.067  7.213 0.2222222239
58575  -20.391  -16.231  8.020 0.2222222239
57673  -21.435  -17.354  6.529 0.3333333433
56799  -21.461  -18.194  6.787 0.3333333433
56801  -22.365  -18.413  6.525 0.3333333433
57658  -24.641  -17.817  7.542 0.1111111119
60417  -20.725  -14.691  7.297 0.2222222239
59518  -20.574  -15.435  7.644 0.3333333433
60418  -21.219  -14.587  6.569 0.3333333433
58586  -21.386  -16.348  6.423 0.3333333433
59528  -21.599  -15.425  6.112 0.3333333433
58602  -21.965  -16.175  5.664 0.3333333433
121281  -22.345  -16.613  5.585 0.3333333433
57693  -23.315  -17.186  5.875 0.3333333433
114931  -22.931  -16.550  5.442 0.3333333433
57694  -24.079  -16.794  6.100 0.3333333433
58587  -24.665  -16.799  6.493 0.3333333433
57677  -25.046  -17.116  7.101 0.1111111119
61259  -20.774  -13.736  7.027 0.2222222239
59539  -22.238  -15.335  5.520 0.3333333433
113082  -22.629  -15.990  5.307 0.3333333433
58603  -23.724  -16.411  5.514 0.3333333433
58588  -25.364  -16.426  6.632 0.1111111119
114688  -20.387  -13.343  7.709 0.3333333433
59540  -22.887  -15.215  4.966 0.3333333433
59542  -24.279  -15.834  5.118 0.3333333433
59543  -25.130  -15.650  5.569 0.3333333433
113883  -29.369  -3.929  5.689 0.2222222239
70494  -29.127  -2.461  5.753 0.2222222239
69636  -29.446  -3.081  5.776 0.2222222239
73021  -28.844  0.572  7.041 0.3333333433
73037  -29.212  -0.066  6.869 0.2222222239
56783  -22.744  -18.930  6.949 0.3333333433
56769  -24.623  -18.414  8.194 0.1111111119
60405  -20.345  -14.851  7.932 0.3333333433
57692  -22.463  -17.194  5.764 0.3333333433
57675  -23.410  -17.769  6.416 0.3333333433
57676  -24.174  -17.402  6.604 0.3333333433
61260  -21.338  -13.721  6.261 0.3333333433
54075  -23.818  -21.037  9.191 0.1111111119
108880  -20.905  -19.252  7.601 0.3333333433
55923  -21.846  -19.792  7.326 0.3333333433
55911  -22.888  -19.920  8.198 0.3333333433
108067  -25.140  -20.754  9.712 0.1111111119
55894  -25.000  -19.809  9.486 0.1111111119
56770  -25.242  -18.409  8.759 0.1111111119
60404  -20.194  -14.647  8.464 0.2222222239
57659  -25.390  -17.355  7.940 0.1111111119
105353  -25.756  -16.660  7.540 0.1111111119
61247  -20.387  -14.171  7.803 0.2222222239
122792  -25.231  -16.049  6.117 0.1111111119
59544  -25.923  -15.170  5.775 0.1111111119
62046  -20.267  -12.994  8.119 0.1111111119
73823  -29.201  1.308  7.538 0.2222222239
73022  -29.553  0.440  7.352 0.2222222239
65547  -19.896  -9.085  5.176 0.5555555820
122830  -20.356  -12.762  7.690 0.2222222239
71321  -29.639  -1.326  6.528 0.2222222239
54995  -23.586  -20.379  8.781 0.1111111119
56800  -21.899  -18.534  6.625 0.3333333433
55924  -22.416  -19.573  7.356 0.3333333433
115093  -20.448  -17.091  7.897 0.2222222239
57642  -20.261  -17.871  8.168 0.2222222239
56781  -20.881  -18.515  7.470 0.3333333433
118289  -23.521  -18.671  7.281 0.3333333433
57674  -21.987  -17.831  6.187 0.3333333433
108011  -22.713  -17.808  6.153 0.3333333433
57643  -25.089  -17.910  8.266 0.1111111119
59527  -21.047  -15.434  6.836 0.3333333433
57691  -21.880  -16.992  5.858 0.3333333433
58604  -24.632  -16.287  5.938 0.3333333433
61246  -20.251  -13.840  8.359 0.2222222239
59529  -25.738  -15.773  6.300 0.1111111119
54095  -23.145  -21.171  8.766 0.1111111119
55922  -21.249  -19.858  7.558 0.3333333433
56767  -20.327  -18.878  8.249 0.2222222239
55003  -21.487  -20.566  7.610 0.3333333433
55004  -22.143  -20.469  7.714 0.3333333433
54994  -22.754  -20.581  8.423 0.3333333433
58555  -19.923  -16.914  8.664 0.2222222239
70482  -29.762  -2.546  6.140 0.1111111119
69625  -29.969  -3.324  6.076 0.1111111119
115424  -31.058  -3.113  6.983 0.1111111119
70483  -30.385  -2.782  6.565 0.1111111119
71307  -30.748  -1.421  7.384 0.1111111119
72160  -29.456  -0.727  6.692 0.1111111119
72147  -29.815  -0.303  7.231 0.1111111119
108278  -30.623  -0.512  7.572 0.1111111119
123111  -28.708  2.608  7.801 0.2222222239
73023  -30.301  0.246  7.629 0.1111111119
76064  -28.853  3.918  8.177 0.1111111119
121352  -29.258  3.025  8.267 0.1111111119
76049  -30.517  4.657  8.608 0.1111111119
78368  -22.829  8.033  5.179 0.4444444478
76814  -29.090  5.585  8.379 0.1111111119
79115  -21.967  8.865  6.367 0.4444444478
79116  -23.054  9.307  5.787 0.4444444478
77592  -29.642  6.358  8.544 0.1111111119
79939  -25.136  9.601  6.326 0.4444444478
115801  -29.181  7.795  8.571 0.1111111119
110520  -29.223  6.969  8.475 0.1111111119
114798  -30.135  7.921  8.450 0.1111111119
80692  -24.869  10.392  6.407 0.4444444478
121873  -25.427  11.024  7.059 0.4444444478
79920  -25.611  10.189  6.772 0.4444444478
80678  -26.333  10.334  7.267 0.4444444478
80679  -27.238  10.478  7.621 0.4444444478
80665  -28.001  10.586  8.163 0.4444444478
79909  -27.832  9.765  7.914 0.2222222239
121250  -28.542  9.958  8.402 0.2222222239
121072  -28.433  9.330  8.409 0.2222222239
114736  -29.254  10.045  8.437 0.2222222239
79911  -29.762  9.382  8.330 0.2222222239
83482  -29.867  14.843  5.825 0.1111111119
82820  -30.265  13.134  6.927 0.1111111119
119728  -30.388  10.243  7.521 0.1111111119
79937  -22.369  9.590  6.744 0.4444444478
79919  -23.221  9.959  6.513 0.4444444478
114143  -24.112  10.337  6.246 0.3333333433
112603  -26.488  11.096  7.532 0.4444444478
82161  -26.051  12.729  7.314 0.3333333433
82147  -27.750  11.848  7.969 0.3333333433
82148  -28.479  12.052  8.115 0.1111111119
81432  -28.999  11.405  8.241 0.1111111119
81445  -29.604  11.319  7.868 0.1111111119
81446  -30.091  11.556  7.432 0.1111111119
79918  -22.642  9.980  7.513 0.2222222239
80677  -24.444  11.080  6.710 0.3333333433
116146  -24.832  11.597  7.129 0.3333333433
81443  -25.913  11.608  7.395 0.3333333433
81444  -26.761  12.003  7.568 0.4444444478
104779  -26.989  12.829  7.394 0.2222222239
82162  -27.764  12.534  7.793 0.2222222239
82163  -28.665  12.877  7.828 0.2222222239
83463  -27.200  14.198  7.161 0.1111111119
82817  -27.784  13.437  7.529 0.1111111119
83464  -28.345  14.226  7.299 0.1111111119
82819  -29.588  13.194  7.422 0.1111111119
83465  -29.263  14.095  7.214 0.1111111119
80676  -23.447  10.738  7.230 0.3333333433
80663  -23.681  10.832  8.347 0.3333333433
80664  -24.266  11.231  7.631 0.3333333433
119178  -25.336  11.722  7.265 0.3333333433
111124  -25.697  12.155  7.394 0.3333333433
82816  -26.431  13.489  7.211 0.1111111119
83472  -27.805  14.873  6.881 0.1111111119
83473  -28.826  14.788  6.864 0.1111111119
84816  -28.481  16.569  5.439 0.1111111119
81426  -23.458  11.175  10.236 0.1111111119
113064  -24.075  11.781  9.583 0.1111111119
81429  -24.078  11.521  8.558 0.2222222239
82146  -24.350  12.280  8.621 0.2222222239
81441  -24.673  11.838  7.848 0.3333333433
82159  -24.915  12.618  7.839 0.2222222239
82814  -25.071  13.305  7.349 0.2222222239
82815  -25.414  13.281  7.190 0.1111111119
83461  -24.877  13.844  6.842 0.1111111119
108861  -25.507  13.759  6.931 0.1111111119
83471  -26.458  14.790  6.731 0.1111111119
84135  -27.369  15.540  6.522 0.1111111119
84136  -28.388  15.465  6.469 0.1111111119
84146  -29.551  15.527  5.478 0.1111111119
83483  -30.266  14.426  5.384 0.1111111119
82138  -24.628  12.254  10.275 0.1111111119
82142  -24.470  12.625  9.313 0.1111111119
82798  -24.782  13.322  9.017 0.1111111119
82804  -24.894  13.423  7.989 0.1111111119
83460  -24.454  14.202  6.916 0.1111111119
120211  -24.809  13.796  7.185 0.1111111119
84125  -24.170  14.690  6.681 0.1111111119
119186  -24.625  14.394  6.444 0.1111111119
103075  -24.237  15.114  6.057 0.1111111119
84134  -25.099  14.829  6.117 0.1111111119
82792  -24.996  12.975  9.902 0.1111111119
82139  -25.218  12.684  10.869 0.1111111119
82799  -25.284  13.751  9.631 0.1111111119
83445  -25.087  14.026  8.717 0.1111111119
84109  -24.913  14.818  8.613 0.1111111119
84117  -24.357  14.777  7.556 0.1111111119
83440  -25.826  14.145  10.269 0.1111111119
82794  -26.288  13.750  11.028 0.1111111119
69626  -30.587  -3.600  6.496 0.1111111119
103800  -30.138  -1.876  6.657 0.1111111119
70470  -30.857  -2.300  7.194 0.1111111119
109871  -30.048  0.974  7.851 0.1111111119
114120  -29.854  1.746  8.208 0.1111111119
76048  -29.475  4.741  8.449 0.1111111119
79910  -29.014  9.344  8.584 0.2222222239
79082  -28.713  8.676  8.538 0.1111111119
79083  -29.511  8.630  8.515 0.1111111119
78336  -29.929  7.138  8.628 0.1111111119
80680  -30.027  10.807  7.728 0.2222222239
82149  -29.416  12.134  7.794 0.1111111119
82164  -30.179  12.430  7.218 0.1111111119
81455  -30.460  11.710  6.767 0.1111111119
83474  -29.585  14.504  6.537 0.1111111119
108994  -24.647  12.890  8.575 0.2222222239
84110  -25.281  15.494  9.534 0.1111111119
117376  -32.307  -2.660  7.963 0.1111111119
70471  -31.520  -2.683  7.500 0.1111111119
109159  -28.433  3.219  7.841 0.2222222239
81430  -27.427  11.229  7.856 0.4444444478
82135  -24.692  12.052  11.309 0.1111111119
82789  -25.897  13.064  11.424 0.1111111119
83446  -25.350  14.580  9.529 0.1111111119
69613  -31.851  -3.438  7.475 0.1111111119
115833  -32.817  -3.349  7.916 0.1111111119
69614  -32.433  -3.940  7.584 0.1111111119
71309  -32.831  -1.894  8.411 0.1111111119
72148  -31.408  -0.909  7.990 0.1111111119
72133  -32.034  -0.305  8.460 0.1111111119
115231  -31.248  -0.270  8.137 0.1111111119
73824  -30.642  1.473  8.406 0.1111111119
73825  -30.766  0.713  8.226 0.1111111119
74581  -30.509  2.284  8.526 0.1111111119
75328  -30.850  3.831  8.638 0.1111111119
79124  -22.485  8.542  5.626 0.4444444478
115504  -31.053  5.228  8.594 0.1111111119
76815  -30.233  5.583  8.594 0.1111111119
112423  -30.714  7.232  8.345 0.1111111119
79097  -21.908  9.299  7.021 0.4444444478
79925  -31.165  9.092  7.131 0.1111111119
80693  -30.618  10.836  6.108 0.1111111119
80662  -23.028  10.321  8.322 0.2222222239
81457  -30.652  11.879  5.884 0.1111111119
80659  -23.021  10.700  9.779 0.1111111119
109170  -30.438  13.987  5.081 0.1111111119
83489  -30.315  14.482  4.562 0.1111111119
80656  -23.180  10.592  10.635 0.1111111119
81419  -24.045  11.537  11.759 0.1111111119
84153  -29.758  15.745  4.703 0.1111111119
81420  -24.761  11.858  12.229 0.1111111119
82132  -25.490  12.233  12.795 0.1111111119
106137  -23.279  15.651  5.638 0.1111111119
84814  -25.576  16.519  5.670 0.1111111119
114094  -26.539  16.625  5.871 0.1111111119
84815  -27.515  16.870  5.637 0.1111111119
82136  -25.311  12.492  11.894 0.1111111119
84770  -24.699  15.809  8.566 0.1111111119
105073  -23.501  16.082  6.202 0.1111111119
84100  -25.822  15.030  10.240 0.1111111119
74580  -29.214  2.185  7.927 0.1111111119
109993  -27.054  9.834  7.374 0.4444444478
72161  -30.021  -1.050  7.043 0.1111111119
71308  -31.652  -1.872  7.918 0.1111111119
75327  -29.855  3.881  8.527 0.1111111119
74564  -30.216  3.062  8.580 0.1111111119
77593  -30.502  6.478  8.530 0.1111111119
78337  -30.973  7.978  7.996 0.1111111119
81431  -28.246  11.318  8.198 0.2222222239
80666  -28.734  10.677  8.352 0.2222222239
80668  -29.952  10.125  8.110 0.2222222239
79924  -30.517  9.461  7.692 0.1111111119
83475  -30.140  14.175  6.088 0.1111111119
84137  -29.234  15.220  6.234 0.1111111119
82172  -30.483  12.578  6.478 0.1111111119
82825  -29.959  13.798  6.792 0.1111111119
82826  -30.405  13.424  6.159 0.1111111119
82175  -30.651  12.734  5.629 0.1111111119
79940  -30.833  9.965  6.880 0.1111111119
115401  -30.442  10.858  7.110 0.2222222239
82818  -28.782  13.610  7.538 0.1111111119
81442  -25.109  12.109  7.420 0.3333333433
82160  -25.351  12.691  7.444 0.2222222239
83462  -26.149  14.129  6.991 0.1111111119
84802  -27.973  16.173  6.139 0.1111111119
84145  -28.841  15.899  5.850 0.1111111119
81428  -23.551  11.099  9.284 0.1111111119
83470  -25.296  14.251  6.602 0.1111111119
84801  -26.977  16.169  6.209 0.1111111119
107814  -26.363  15.496  6.420 0.1111111119
81423  -24.094  11.623  10.738 0.1111111119
83451  -24.712  14.132  7.740 0.1111111119
84133  -24.398  14.725  6.174 0.1111111119
84786  -23.989  15.183  6.275 0.1111111119
84799  -24.673  15.412  5.727 0.1111111119
84800  -25.899  15.888  6.093 0.1111111119
82793  -25.662  13.340  10.463 0.1111111119
84778  -24.099  15.445  7.351 0.1111111119
124899  -29.781  2.437  8.371 0.1111111119
79084  -30.316  8.683  8.124 0.1111111119
124454  -23.691  15.132  5.581 0.1111111119
79101  -30.898  8.690  7.619 0.1111111119
82182  -30.680  12.874  4.772 0.1111111119
113624  -23.294  10.519  9.050 0.1111111119
80655  -22.700  10.134  10.013 0.1111111119
82832  -30.535  13.439  5.310 0.1111111119
81422  -23.532  11.108  11.261 0.1111111119
84813  -24.431  16.106  5.225 0.1111111119
111928  -23.981  16.355  7.195 0.1111111119
67144  -18.667  -7.073  5.439 0.2222222239
67159  -18.766  -6.213  5.062 0.2222222239
63799  -20.118  -10.139  6.215 0.3333333433
109847  -19.111  -6.912  4.805 0.4444444478
79114  -21.457  8.202  6.523 0.3333333433
78352  -21.206  7.825  6.576 0.2222222239
79081  -22.053  8.441  8.463 0.1111111119
110502  -22.404  9.513  7.889 0.1111111119
124474  -22.240  9.598  7.299 0.2222222239
65546  -19.245  -8.497  5.533 0.2222222239
75353  -19.408  3.566  6.433 0.1111111119
76826  -19.881  5.711  7.970 0.1111111119
78332  -21.061  7.270  8.015 0.1111111119
78361  -21.167  7.649  6.407 0.2222222239
77604  -19.969  6.570  8.008 0.1111111119
63790  -20.182  -10.372  6.835 0.2222222239
64655  -19.473  -9.327  6.086 0.2222222239
70502  -18.865  -2.372  5.631 0.2222222239
70487  -18.661  -1.737  5.742 0.3333333433
79096  -21.608  8.525  6.670 0.3333333433
78331  -20.390  7.011  7.812 0.1111111119
78333  -21.985  7.540  8.414 0.1111111119
76808  -20.017  6.136  8.185 0.1111111119
79080  -21.665  8.015  7.741 0.1111111119
77587  -21.394  6.685  8.253 0.1111111119
77586  -20.341  6.622  8.153 0.1111111119
111072  -29.672  -8.246  4.579 0.1111111119
54107  -21.166  -21.316  7.642 0.1111111119
54108  -21.680  -21.169  7.727 0.1111111119
54094  -22.279  -21.342  8.235 0.1111111119
54992  -19.651  -20.413  9.149 0.1111111119
55909  -19.924  -19.642  8.720 0.1111111119
55910  -20.609  -19.798  8.013 0.1111111119
122685  -19.925  -18.305  8.610 0.1111111119
57641  -19.688  -17.812  8.892 0.1111111119
116103  -20.313  -10.781  7.147 0.1111111119
67143  -18.508  -6.527  5.564 0.1111111119
73029  -17.663  0.698  7.180 0.2222222239
73843  -18.783  0.769  5.415 0.2222222239
72141  -17.432  0.628  8.272 0.2222222239
54993  -20.327  -20.509  8.391 0.1111111119
67955  -18.589  -5.761  5.388 0.1111111119
54092  -20.057  -21.275  8.747 0.1111111119
53196  -20.943  -21.944  7.729 0.1111111119
53197  -21.490  -21.936  7.837 0.1111111119
56766  -19.621  -18.729  9.057 0.1111111119
57628  -19.616  -17.219  9.317 0.1111111119
58574  -20.010  -15.995  8.803 0.1111111119
62877  -20.406  -11.447  7.411 0.1111111119
63771  -20.057  -9.985  6.994 0.1111111119
123127  -18.917  -8.658  6.219 0.1111111119
66329  -18.411  -7.288  5.919 0.1111111119
72142  -17.714  0.162  8.413 0.2222222239
73817  -18.378  1.696  8.592 0.2222222239
73804  -18.777  2.259  8.318 0.1111111119
74572  -18.573  2.160  7.955 0.2222222239
74590  -18.997  2.687  6.942 0.1111111119
72152  -18.560  -0.469  5.778 0.2222222239
67972  -18.759  -5.414  5.200 0.1111111119
104539  -20.326  -10.993  6.975 0.1111111119
59499  -20.048  -15.256  8.870 0.1111111119
62904  -20.389  -11.503  7.322 0.1111111119
55002  -20.887  -20.599  7.744 0.1111111119
66352  -18.647  -7.916  5.920 0.1111111119
54093  -20.685  -21.323  8.004 0.1111111119
53177  -20.520  -22.049  8.352 0.1111111119
55893  -19.393  -19.584  9.548 0.1111111119
106767  -20.366  -10.856  8.283 0.1111111119
73016  -17.555  0.917  9.248 0.1111111119
56746  -19.271  -18.874  9.944 0.1111111119
56747  -19.498  -18.076  9.604 0.1111111119
64642  -19.737  -9.713  6.727 0.1111111119
73818  -19.121  2.123  8.191 0.1111111119
74573  -19.038  2.569  7.795 0.1111111119
76069  -19.666  4.238  6.833 0.1111111119
71303  -18.488  -1.089  7.403 0.1111111119
75333  -19.584  3.310  7.151 0.1111111119
76825  -19.901  4.841  7.339 0.1111111119
76839  -20.859  5.757  6.389 0.1111111119
62105  -28.147  -12.305  3.197 0.1111111119
71369  -23.990  -1.387  2.604 0.8888888955
72190  -20.440  -0.288  3.121 0.7777777910
73024  -30.859  0.081  8.028 0.1111111119
73051  -18.949  0.306  5.321 0.3333333433
73053  -24.784  0.881  4.273 0.8888888955
73862  -23.824  1.399  3.704 0.8888888955
73871  -22.202  1.570  2.582 1.0000000000
74589  -18.320  2.055  7.045 0.2222222239
80667  -29.441  10.737  8.195 0.2222222239
110019  -18.032  -0.610  7.630 0.1111111119
110935  -18.061  0.275  8.695 0.1111111119
111000  -23.450  -4.164  2.401 1.0000000000
114002  -23.580  1.972  3.606 0.8888888955
116171  -19.142  -3.985  5.284 0.3333333433
116503  -20.064  0.402  3.433 0.7777777910
117056  -30.366  13.897  5.616 0.1111111119
