#!ascii label  , from subject sub-v1s6x0051362_ses-1 vox2ras=TkReg
1619
121268  -37.761  -73.785  5.445 0.1000000015
117351  -37.825  -73.869  4.552 0.1000000015
107451  -37.867  -74.458  3.433 0.1000000015
7736  -38.184  -73.955  3.369 0.1000000015
116004  -38.125  -73.632  2.677 0.1000000015
8439  -37.699  -72.846  2.649 0.1000000015
114340  -37.509  -73.525  1.150 0.1000000015
9146  -37.670  -71.817  1.395 0.1000000015
9888  -37.415  -71.157  1.068 0.1000000015
9145  -37.415  -71.729  0.722 0.1000000015
9905  -37.148  -71.144  0.400 0.1000000015
106498  -37.391  -70.817  1.674 0.1000000015
9887  -36.931  -70.751  0.811 0.1000000015
9157  -37.023  -71.604  0.022 0.1000000015
115252  -36.207  -70.608  0.126 0.1000000015
9846  -33.854  -71.123  3.358 0.1000000015
9904  -36.673  -70.923  -0.118 0.1000000015
9886  -35.239  -70.670  0.155 0.1000000015
8371  -35.938  -73.117  6.762 0.1000000015
8400  -36.891  -73.603  5.300 0.1000000015
8386  -36.426  -73.422  6.100 0.1000000015
8419  -37.657  -73.663  4.005 0.1000000015
9100  -36.109  -72.363  5.429 0.1000000015
8418  -36.793  -73.246  4.338 0.1000000015
8430  -37.180  -73.096  3.344 0.1000000015
9113  -36.434  -72.399  4.433 0.1000000015
9135  -37.780  -72.066  2.029 0.1000000015
9849  -37.513  -71.049  2.986 0.1000000015
9870  -37.598  -71.181  2.200 0.1000000015
9869  -36.920  -70.492  1.915 0.1000000015
13777  -32.770  -66.962  6.708 0.1000000015
11341  -32.006  -69.326  6.666 0.1000000015
10566  -32.323  -70.054  6.223 0.1000000015
10567  -33.150  -69.645  6.332 0.1000000015
9831  -33.244  -71.087  4.207 0.1000000015
9847  -34.945  -70.674  3.172 0.1000000015
109204  -34.697  -71.005  2.454 0.1000000015
9868  -35.805  -70.772  1.365 0.1000000015
9060  -35.797  -71.961  8.771 0.1000000015
115486  -35.719  -70.903  7.627 0.2000000030
9781  -35.502  -71.397  8.232 0.2000000030
116213  -35.595  -72.260  7.946 0.1000000015
10568  -36.258  -70.971  6.780 0.1000000015
9077  -35.662  -72.501  7.224 0.1000000015
118973  -36.317  -71.542  5.538 0.1000000015
15652  -42.445  -65.264  5.145 0.1000000015
14702  -41.707  -65.593  4.642 0.1000000015
9800  -37.434  -70.605  5.224 0.1000000015
9815  -36.775  -71.325  4.731 0.1000000015
9833  -37.276  -71.048  3.828 0.1000000015
14700  -40.016  -65.825  3.864 0.1000000015
15651  -39.287  -65.329  4.814 0.1000000015
15632  -37.632  -65.021  5.999 0.1000000015
15610  -37.293  -65.117  6.670 0.1000000015
14649  -35.398  -65.937  7.088 0.1000000015
9816  -37.823  -70.275  4.438 0.1000000015
10602  -37.531  -70.221  3.611 0.1000000015
10616  -37.329  -70.502  2.566 0.1000000015
14681  -38.238  -65.287  5.144 0.1000000015
14680  -36.372  -65.410  5.879 0.1000000015
14664  -35.833  -65.575  6.667 0.1000000015
13779  -34.371  -66.337  7.047 0.1000000015
109004  -34.390  -66.825  7.365 0.1000000015
12101  -34.753  -67.901  7.112 0.1000000015
11342  -35.121  -68.942  6.107 0.1000000015
124469  -36.988  -70.243  2.533 0.1000000015
14678  -34.935  -65.920  6.411 0.1000000015
13761  -33.024  -66.984  7.130 0.1000000015
12932  -33.246  -67.435  7.265 0.1000000015
12115  -34.338  -68.454  6.784 0.1000000015
10583  -35.502  -69.820  4.400 0.1000000015
9832  -34.473  -70.587  3.921 0.1000000015
12100  -32.918  -68.111  7.177 0.1000000015
124117  -33.415  -68.472  6.988 0.1000000015
118267  -33.779  -68.994  6.545 0.1000000015
10601  -33.777  -70.491  4.785 0.1000000015
10614  -35.964  -69.951  3.376 0.1000000015
9848  -36.139  -70.365  2.547 0.1000000015
10547  -35.500  -70.634  8.556 0.1000000015
9774  -35.518  -71.145  9.113 0.1000000015
9763  -35.728  -70.887  9.921 0.2000000030
9764  -36.660  -71.437  10.226 0.2000000030
114424  -36.087  -70.243  7.808 0.1000000015
10554  -36.993  -70.466  6.936 0.1000000015
16543  -43.241  -63.848  4.632 0.1000000015
15653  -42.809  -64.686  4.862 0.1000000015
10569  -37.652  -70.287  5.915 0.1000000015
10585  -38.223  -69.954  5.019 0.1000000015
115750  -38.219  -69.783  5.500 0.1000000015
14683  -41.315  -65.672  5.105 0.1000000015
15633  -38.843  -65.008  5.651 0.1000000015
15611  -38.056  -64.970  6.662 0.1000000015
15598  -37.825  -65.401  7.182 0.1000000015
15597  -37.015  -65.436  7.103 0.1000000015
13763  -35.342  -66.532  7.322 0.1000000015
12102  -36.115  -67.802  6.842 0.1000000015
11343  -37.090  -68.844  5.411 0.1000000015
11357  -37.177  -69.351  4.547 0.1000000015
11368  -37.973  -69.785  4.342 0.1000000015
12915  -35.553  -67.694  9.969 0.1000000015
12066  -35.354  -68.538  10.175 0.1000000015
12079  -36.024  -68.457  9.186 0.1000000015
11302  -35.559  -69.068  9.416 0.1000000015
118404  -35.358  -69.448  9.867 0.1000000015
11287  -35.600  -70.002  10.422 0.2000000030
10510  -36.349  -70.166  11.092 0.2000000030
12088  -36.060  -69.150  8.663 0.1000000015
11313  -37.038  -69.577  7.722 0.1000000015
11326  -38.072  -69.460  6.612 0.1000000015
15637  -43.449  -64.115  5.382 0.1000000015
15635  -42.625  -65.091  6.009 0.1000000015
110836  -42.654  -65.032  6.912 0.1000000015
105646  -42.088  -65.264  7.169 0.1000000015
11325  -37.553  -69.985  7.028 0.1000000015
16544  -43.996  -63.152  4.786 0.1000000015
120751  -44.546  -62.637  4.872 0.1000000015
14684  -42.101  -65.541  5.492 0.1000000015
119839  -41.575  -65.467  5.909 0.1000000015
15600  -39.674  -65.173  7.245 0.1000000015
15599  -38.700  -65.209  7.165 0.1000000015
120787  -38.312  -66.141  7.446 0.1000000015
12935  -37.793  -67.326  7.274 0.1000000015
12117  -37.460  -68.545  6.165 0.1000000015
11327  -38.222  -68.801  6.674 0.1000000015
11358  -38.056  -69.567  4.997 0.1000000015
17405  -43.959  -62.514  4.290 0.1000000015
13764  -36.043  -66.088  7.335 0.1000000015
18252  -43.940  -61.793  3.791 0.1000000015
18251  -42.894  -61.355  3.256 0.1000000015
17415  -41.927  -61.758  2.762 0.1000000015
19117  -42.824  -60.635  2.919 0.1000000015
13742  -36.708  -66.868  9.578 0.1000000015
13741  -35.893  -67.027  9.884 0.1000000015
14623  -37.075  -65.953  9.761 0.1000000015
12917  -37.548  -67.599  9.051 0.1000000015
12899  -35.343  -67.763  10.663 0.1000000015
12058  -35.341  -68.196  11.018 0.1000000015
11276  -35.446  -69.028  10.687 0.2000000030
113141  -37.795  -66.874  9.371 0.1000000015
12923  -37.369  -68.236  8.612 0.1000000015
11277  -35.954  -69.476  11.258 0.2000000030
124110  -38.873  -66.871  9.272 0.1000000015
19096  -45.233  -60.745  4.505 0.1000000015
17393  -44.778  -62.258  4.962 0.1000000015
17360  -44.496  -62.456  5.373 0.1000000015
16519  -43.837  -63.567  5.685 0.1000000015
15617  -43.426  -64.159  6.086 0.1000000015
15604  -43.362  -64.276  6.716 0.1000000015
110886  -39.527  -66.441  9.304 0.1000000015
114031  -39.234  -67.422  8.655 0.1000000015
12089  -37.340  -68.915  8.131 0.1000000015
17392  -44.320  -62.966  5.256 0.1000000015
15601  -41.445  -65.493  7.712 0.1000000015
14653  -40.435  -65.907  7.775 0.1000000015
12091  -38.910  -68.243  7.614 0.1000000015
12104  -38.572  -68.416  7.278 0.1000000015
19109  -45.808  -60.069  4.131 0.1000000015
15614  -41.222  -65.180  6.774 0.1000000015
120746  -40.587  -65.210  7.288 0.1000000015
106133  -39.867  -66.588  7.831 0.1000000015
107462  -38.927  -67.216  7.560 0.1000000015
12936  -38.726  -67.896  7.350 0.1000000015
18242  -44.967  -61.429  4.603 0.1000000015
18253  -44.715  -61.290  3.970 0.1000000015
19108  -45.331  -60.712  4.122 0.1000000015
19107  -43.774  -60.984  3.401 0.1000000015
19885  -42.740  -59.925  2.683 0.1000000015
105382  -41.933  -60.393  2.583 0.1000000015
13730  -35.433  -66.933  10.653 0.1000000015
122974  -38.068  -66.188  9.506 0.1000000015
15578  -37.923  -65.375  9.676 0.1000000015
14610  -36.251  -65.324  10.439 0.1000000015
12884  -35.369  -67.379  11.277 0.1000000015
14624  -38.833  -65.932  9.498 0.1000000015
15579  -38.824  -64.968  9.624 0.1000000015
15581  -40.534  -65.187  9.336 0.1000000015
14625  -39.828  -65.718  9.459 0.1000000015
12059  -35.745  -68.626  11.476 0.2000000030
18229  -44.938  -61.626  4.930 0.1000000015
122738  -44.206  -62.737  5.831 0.1000000015
17359  -43.860  -62.882  6.385 0.1000000015
14626  -40.534  -65.898  9.165 0.1000000015
13743  -39.609  -66.959  8.947 0.1000000015
12048  -35.612  -67.807  11.732 0.1000000015
12049  -36.308  -68.254  12.210 0.2000000030
18211  -44.563  -61.570  5.469 0.1000000015
15603  -43.031  -64.644  7.292 0.1000000015
15591  -42.493  -64.594  8.022 0.1000000015
14654  -40.947  -65.852  8.286 0.1000000015
13769  -40.360  -66.487  8.185 0.1000000015
12926  -39.581  -67.392  8.234 0.1000000015
19875  -45.670  -60.016  3.692 0.1000000015
19874  -44.654  -60.462  3.424 0.1000000015
122178  -45.072  -59.832  3.006 0.1000000015
115530  -44.558  -59.103  2.563 0.1000000015
19886  -43.807  -59.656  2.795 0.1000000015
117408  -42.596  -59.167  2.674 0.1000000015
113280  -38.881  -63.980  9.806 0.1000000015
15570  -37.833  -64.376  9.973 0.1000000015
16480  -39.651  -63.673  9.631 0.1000000015
15569  -36.818  -64.494  10.442 0.1000000015
14609  -35.463  -65.922  10.913 0.1000000015
15580  -39.737  -64.638  9.594 0.1000000015
13716  -35.387  -66.473  11.600 0.1000000015
15589  -41.158  -64.698  9.052 0.1000000015
108776  -40.390  -64.252  9.406 0.1000000015
19068  -45.237  -59.947  4.996 0.1000000015
19067  -45.102  -60.743  5.045 0.1000000015
114766  -44.271  -60.664  5.612 0.1000000015
18210  -44.171  -62.236  5.938 0.1000000015
17358  -42.988  -62.356  7.041 0.1000000015
16498  -43.022  -64.100  7.579 0.1000000015
16497  -42.445  -63.912  8.071 0.1000000015
16490  -41.761  -64.081  8.610 0.1000000015
14598  -35.403  -65.587  11.748 0.1000000015
12876  -35.484  -67.042  12.015 0.1000000015
19082  -45.568  -60.084  4.492 0.1000000015
17347  -43.396  -63.474  7.072 0.1000000015
15602  -42.301  -65.189  7.790 0.1000000015
14627  -41.088  -65.530  8.810 0.1000000015
12877  -36.029  -67.459  12.501 0.1000000015
19864  -46.133  -59.548  4.158 0.1000000015
19876  -46.244  -59.512  3.888 0.1000000015
19887  -45.767  -59.247  3.101 0.1000000015
20739  -45.113  -58.628  2.412 0.1000000015
21617  -44.341  -57.227  2.156 0.1000000015
20738  -44.049  -58.104  2.390 0.1000000015
21613  -43.402  -57.247  2.692 0.1000000015
17321  -39.640  -62.704  9.566 0.1000000015
16479  -38.966  -63.092  9.933 0.1000000015
16470  -38.143  -63.384  10.232 0.1000000015
16469  -37.231  -63.715  10.556 0.1000000015
17322  -40.392  -62.848  9.121 0.1000000015
18177  -39.968  -61.935  9.047 0.1000000015
114653  -36.402  -64.002  10.933 0.1000000015
15568  -35.594  -65.087  11.156 0.1000000015
17335  -41.094  -63.000  8.649 0.1000000015
113445  -40.580  -62.222  8.654 0.1000000015
19853  -45.618  -59.442  4.635 0.1000000015
18209  -43.626  -62.027  6.494 0.1000000015
17346  -42.635  -63.215  7.597 0.1000000015
17336  -41.838  -63.083  8.138 0.1000000015
18187  -41.178  -62.110  8.192 0.1000000015
15558  -35.778  -64.364  11.401 0.1000000015
122563  -35.484  -66.518  12.216 0.1000000015
20717  -46.229  -58.966  4.293 0.1000000015
19852  -44.747  -59.242  5.289 0.1000000015
19841  -44.548  -60.046  5.414 0.1000000015
19066  -43.762  -61.224  6.129 0.1000000015
116139  -42.910  -61.321  6.678 0.1000000015
14589  -35.414  -65.254  12.460 0.1000000015
124097  -46.452  -59.100  4.031 0.1000000015
21619  -46.335  -57.488  2.623 0.1000000015
21614  -46.635  -57.936  3.331 0.1000000015
21618  -45.380  -57.183  2.099 0.1000000015
20740  -45.963  -58.259  2.653 0.1000000015
119972  -45.000  -57.933  2.117 0.1000000015
22486  -43.709  -56.471  2.330 0.1000000015
22487  -44.558  -56.408  1.872 0.1000000015
123007  -40.654  -60.496  8.013 0.1000000015
18186  -40.459  -61.289  8.409 0.1000000015
18185  -39.621  -60.985  8.915 0.1000000015
17304  -38.352  -62.533  10.308 0.1000000015
19047  -41.082  -60.064  7.617 0.1000000015
17302  -37.372  -62.771  10.703 0.1000000015
121673  -42.323  -60.666  6.820 0.1000000015
19058  -42.164  -61.319  7.172 0.1000000015
18198  -41.269  -61.104  7.702 0.1000000015
16468  -36.662  -63.337  10.989 0.1000000015
21589  -46.026  -58.164  4.373 0.1000000015
20705  -45.404  -58.683  4.812 0.1000000015
103093  -43.591  -60.239  6.053 0.1000000015
106868  -41.967  -62.175  7.615 0.1000000015
16458  -36.007  -63.603  11.521 0.1000000015
21601  -46.569  -58.350  3.953 0.1000000015
15557  -35.439  -64.845  11.949 0.1000000015
113861  -35.486  -65.930  12.493 0.1000000015
21620  -46.944  -57.117  2.992 0.1000000015
22488  -46.173  -56.591  2.303 0.1000000015
120794  -45.264  -56.261  1.825 0.1000000015
23324  -44.709  -55.646  1.776 0.1000000015
23323  -43.939  -55.688  1.967 0.1000000015
18176  -39.209  -61.640  9.617 0.1000000015
17320  -38.959  -62.338  9.937 0.1000000015
18164  -38.091  -61.101  10.414 0.1000000015
17303  -37.806  -61.878  10.595 0.1000000015
21588  -44.881  -57.730  5.077 0.1000000015
19839  -42.958  -59.601  6.406 0.1000000015
19057  -41.744  -60.404  7.213 0.1000000015
21590  -46.604  -57.453  4.028 0.1000000015
20704  -44.544  -58.414  5.355 0.1000000015
20703  -43.827  -58.624  5.708 0.1000000015
19065  -42.925  -60.470  6.502 0.1000000015
21615  -46.786  -57.294  3.613 0.1000000015
22489  -47.097  -56.342  2.751 0.1000000015
22494  -47.109  -55.741  2.682 0.1000000015
123316  -46.466  -55.937  2.379 0.1000000015
23326  -46.448  -55.327  2.461 0.1000000015
23325  -45.597  -55.619  1.917 0.1000000015
24155  -45.586  -54.876  2.103 0.1000000015
107370  -44.819  -54.994  1.823 0.1000000015
24154  -44.078  -54.473  2.058 0.1000000015
19821  -40.513  -59.752  8.056 0.1000000015
19038  -39.344  -60.065  8.849 0.1000000015
105892  -38.975  -60.641  9.473 0.1000000015
18175  -38.636  -61.105  9.955 0.1000000015
19037  -38.765  -59.741  9.434 0.1000000015
19828  -40.955  -59.221  7.678 0.1000000015
19838  -42.224  -59.912  6.754 0.1000000015
22473  -47.052  -56.471  3.763 0.1000000015
22462  -46.313  -56.523  4.148 0.1000000015
22481  -47.274  -56.492  3.243 0.1000000015
23327  -47.367  -55.110  2.853 0.1000000015
114130  -44.841  -54.517  2.129 0.1000000015
25082  -43.762  -53.736  2.338 0.1000000015
19046  -40.066  -60.337  8.434 0.1000000015
19812  -39.242  -59.163  8.948 0.1000000015
19829  -41.602  -59.497  7.232 0.1000000015
106669  -45.640  -57.187  4.475 0.1000000015
21587  -43.890  -57.854  5.670 0.1000000015
115682  -43.326  -58.090  6.131 0.1000000015
20691  -42.209  -58.897  6.707 0.1000000015
22482  -47.477  -55.785  3.367 0.1000000015
23318  -47.644  -55.290  3.099 0.1000000015
110943  -45.464  -54.469  2.576 0.1000000015
25083  -44.692  -53.909  2.925 0.1000000015
26011  -43.313  -52.806  2.653 0.1000000015
20678  -40.823  -58.407  7.787 0.1000000015
21577  -42.653  -58.017  6.486 0.1000000015
21576  -41.866  -57.921  6.881 0.1000000015
20679  -41.466  -58.613  7.327 0.1000000015
22461  -45.404  -56.324  4.542 0.1000000015
22459  -43.931  -57.024  5.599 0.1000000015
109084  -43.156  -57.313  6.200 0.1000000015
23308  -46.908  -55.858  4.161 0.1000000015
25084  -45.804  -53.646  3.441 0.1000000015
106848  -44.980  -52.993  3.609 0.1000000015
26003  -44.433  -52.204  3.735 0.1000000015
26012  -44.091  -53.016  3.268 0.1000000015
118164  -42.673  -56.637  6.434 0.1000000015
22460  -44.713  -56.693  5.061 0.1000000015
22450  -43.262  -56.443  6.044 0.1000000015
23309  -47.169  -55.629  4.114 0.1000000015
119540  -46.537  -54.566  2.921 0.1000000015
26013  -45.528  -52.124  3.792 0.1000000015
108956  -47.588  -55.136  3.511 0.1000000015
24148  -47.556  -54.774  3.293 0.1000000015
24156  -47.425  -54.348  3.381 0.1000000015
123750  -45.667  -52.914  3.662 0.1000000015
26014  -46.585  -52.737  3.625 0.1000000015
119775  -47.343  -55.055  4.181 0.1000000015
25086  -47.700  -53.715  3.738 0.1000000015
25085  -46.899  -53.739  3.429 0.1000000015
26015  -47.627  -52.905  3.707 0.1000000015
8420  -37.953  -73.871  3.992 0.1000000015
7746  -38.076  -74.214  2.621 0.1000000015
8431  -37.924  -73.540  3.148 0.1000000015
8450  -38.144  -73.367  1.894 0.1000000015
115265  -37.920  -72.534  1.763 0.1000000015
8449  -37.702  -72.568  1.233 0.1000000015
8399  -36.338  -73.076  5.314 0.1000000015
9087  -35.764  -72.248  6.356 0.1000000015
9124  -37.359  -72.179  2.686 0.1000000015
12944  -32.595  -67.591  6.950 0.1000000015
10581  -32.657  -70.950  5.009 0.1000000015
9789  -35.627  -71.631  7.225 0.1000000015
9799  -36.411  -71.171  6.123 0.1000000015
15636  -43.019  -64.700  5.670 0.1000000015
14666  -40.698  -65.301  5.862 0.1000000015
120630  -33.690  -67.964  7.248 0.1000000015
117302  -36.118  -67.262  7.214 0.1000000015
12116  -35.807  -68.363  6.409 0.1000000015
10582  -34.203  -69.905  5.449 0.1000000015
11356  -35.634  -69.342  5.296 0.1000000015
10615  -37.030  -70.002  3.019 0.1000000015
10584  -37.095  -69.683  3.782 0.1000000015
106143  -35.628  -69.773  8.822 0.1000000015
10534  -35.451  -70.306  9.461 0.2000000030
10555  -38.000  -69.837  6.208 0.1000000015
15613  -40.064  -64.969  6.678 0.1000000015
107305  -36.618  -66.816  7.314 0.1000000015
12945  -37.552  -67.930  6.820 0.1000000015
11344  -38.019  -69.389  5.822 0.1000000015
17406  -44.599  -62.016  4.498 0.1000000015
120652  -38.640  -65.734  7.393 0.1000000015
14652  -39.185  -66.516  7.588 0.1000000015
13766  -38.028  -66.735  7.399 0.1000000015
12946  -38.430  -68.229  6.987 0.1000000015
103972  -43.016  -62.215  3.571 0.1000000015
14611  -37.152  -65.063  10.001 0.1000000015
13731  -36.033  -66.292  10.171 0.1000000015
12916  -36.417  -67.652  9.391 0.1000000015
12918  -38.556  -67.562  8.830 0.1000000015
12090  -38.539  -68.482  7.820 0.1000000015
13744  -40.124  -66.429  9.108 0.1000000015
12925  -39.069  -67.982  8.124 0.1000000015
12103  -38.322  -68.952  7.214 0.1000000015
15590  -41.812  -65.010  8.489 0.1000000015
13767  -39.522  -67.229  7.836 0.1000000015
13752  -40.049  -66.769  8.535 0.1000000015
13707  -35.781  -66.612  12.769 0.1000000015
20737  -43.357  -58.650  2.651 0.1000000015
16489  -40.856  -63.748  9.096 0.1000000015
111299  -44.038  -55.079  1.876 0.1000000015
20692  -43.134  -58.755  6.280 0.1000000015
19700  -48.264  -59.725  18.029 0.5000000000
12840  -45.617  -68.202  18.504 0.5000000000
13653  -45.963  -67.660  19.094 0.5000000000
19712  -47.332  -59.353  17.303 0.5000000000
120369  -48.735  -60.115  18.397 0.5000000000
18940  -49.101  -60.462  18.339 0.5000000000
13667  -45.937  -67.289  18.439 0.5000000000
20562  -46.371  -59.005  16.483 0.5000000000
13668  -46.239  -66.373  18.221 0.5000000000
19713  -48.647  -59.453  17.323 0.5000000000
19721  -47.590  -59.130  16.458 0.5000000000
19714  -49.463  -59.824  16.981 0.4000000060
13665  -43.811  -66.798  17.058 0.5000000000
14559  -43.989  -65.550  17.015 0.5000000000
14558  -43.018  -65.812  16.532 0.5000000000
15518  -42.340  -64.931  16.146 0.5000000000
105323  -43.176  -64.947  16.624 0.5000000000
16415  -42.104  -63.939  16.108 0.4000000060
17240  -42.694  -62.598  15.812 0.4000000060
13627  -43.939  -66.494  19.570 0.1000000015
12805  -45.768  -67.611  19.268 0.5000000000
19711  -46.104  -59.280  17.148 0.5000000000
19699  -47.041  -59.682  17.874 0.5000000000
18928  -48.502  -60.599  18.823 0.5000000000
18064  -48.732  -61.310  19.146 0.4000000060
13631  -46.323  -66.832  19.101 0.5000000000
20561  -45.327  -58.801  16.487 0.5000000000
20571  -44.751  -58.217  15.961 0.5000000000
21464  -44.237  -57.477  15.548 0.5000000000
21465  -45.075  -57.956  15.203 0.5000000000
20572  -45.614  -58.554  15.777 0.5000000000
21474  -44.717  -57.215  14.718 0.4000000060
20573  -46.665  -58.851  15.624 0.5000000000
19738  -47.710  -58.962  15.619 0.4000000060
19722  -48.941  -59.160  16.214 0.4000000060
20584  -46.000  -58.448  14.883 0.3000000119
18079  -48.847  -61.228  16.547 0.6999999881
103744  -48.663  -61.582  17.638 0.5000000000
21475  -45.518  -57.659  14.409 0.3000000119
20585  -47.245  -58.692  14.749 0.3000000119
18948  -49.540  -60.260  16.920 0.5000000000
17229  -47.472  -62.680  17.247 0.6000000238
16396  -47.007  -64.302  18.276 0.6000000238
14550  -45.683  -66.617  17.684 0.5000000000
118697  -44.550  -67.169  17.391 0.3000000119
21476  -46.465  -58.069  14.076 0.3000000119
19739  -48.405  -58.885  15.250 0.3000000119
18961  -49.857  -59.637  15.355 0.4000000060
17244  -47.440  -62.125  15.546 0.5000000000
17243  -46.960  -63.000  15.862 0.6000000238
16404  -46.177  -64.184  16.181 0.6000000238
14560  -45.182  -65.763  17.252 0.5000000000
20586  -48.568  -58.619  14.528 0.4000000060
18095  -49.373  -60.511  15.764 0.5000000000
123057  -45.529  -64.363  16.478 0.5000000000
20587  -49.594  -58.738  14.377 0.4000000060
19724  -49.852  -59.245  14.825 0.4000000060
18988  -49.224  -60.452  13.875 0.5000000000
17255  -47.150  -62.243  14.486 0.5000000000
16429  -46.322  -63.135  14.707 0.4000000060
16403  -44.610  -63.970  16.545 0.5000000000
15509  -43.813  -64.483  16.742 0.5000000000
18975  -49.874  -59.623  14.598 0.4000000060
18126  -48.123  -61.281  13.515 0.5000000000
17254  -46.613  -62.665  14.228 0.5000000000
16417  -45.851  -63.160  14.787 0.4000000060
17228  -44.342  -63.179  16.159 0.4000000060
16402  -43.618  -63.662  16.496 0.5000000000
18125  -46.896  -61.919  13.102 0.5000000000
18107  -45.878  -62.279  13.478 0.4000000060
17241  -43.798  -62.504  15.675 0.4000000060
18124  -46.334  -62.003  12.890 0.3000000119
18106  -45.154  -61.734  13.571 0.4000000060
109701  -44.420  -61.483  14.100 0.3000000119
18105  -43.518  -61.309  14.555 0.3000000119
103267  -42.201  -61.790  15.425 0.3000000119
14514  -43.432  -65.729  19.798 0.1000000015
14495  -43.995  -65.289  20.542 0.1000000015
14515  -44.488  -66.036  20.059 0.1000000015
14497  -45.844  -65.273  20.710 0.4000000060
14516  -45.506  -66.262  20.182 0.4000000060
13629  -45.747  -67.052  19.600 0.4000000060
14517  -46.220  -66.257  20.091 0.4000000060
14518  -46.646  -66.139  19.778 0.5000000000
13630  -46.079  -66.957  19.489 0.5000000000
19698  -45.825  -59.736  17.576 0.5000000000
18938  -46.706  -60.189  18.273 0.5000000000
18939  -47.929  -60.097  18.476 0.5000000000
15469  -47.241  -65.040  19.971 0.5000000000
14538  -46.708  -65.886  19.038 0.5000000000
19710  -45.037  -59.222  16.956 0.5000000000
21455  -43.553  -57.506  16.080 0.5000000000
16387  -47.583  -64.165  19.596 0.6000000238
22335  -43.989  -56.607  14.925 0.4000000060
124283  -44.573  -56.605  14.322 0.2000000030
22343  -44.279  -55.962  14.282 0.2000000030
21485  -45.922  -57.314  13.630 0.3000000119
23195  -45.297  -55.854  13.502 0.3000000119
22360  -46.465  -56.710  13.206 0.4000000060
21486  -46.945  -57.571  13.394 0.4000000060
20600  -48.805  -58.266  13.725 0.4000000060
19741  -50.088  -59.210  14.272 0.4000000060
18989  -49.827  -59.589  13.751 0.4000000060
107510  -47.998  -57.761  13.308 0.3000000119
20601  -49.640  -58.477  13.514 0.3000000119
19004  -48.900  -60.115  12.850 0.3000000119
18987  -48.188  -60.920  12.811 0.4000000060
19771  -48.702  -59.961  11.712 0.3000000119
19003  -47.618  -61.236  11.986 0.3000000119
18986  -45.544  -61.673  12.848 0.4000000060
114967  -48.197  -60.059  10.852 0.2000000030
19014  -47.221  -60.711  11.406 0.2000000030
19001  -45.294  -61.022  12.186 0.3000000119
122376  -43.747  -60.962  13.840 0.3000000119
19785  -46.926  -59.584  10.382 0.1000000015
19769  -44.994  -60.315  11.696 0.2000000030
18123  -44.428  -61.051  13.053 0.4000000060
22404  -46.688  -57.120  9.843 0.1000000015
15446  -44.679  -64.775  21.140 0.1000000015
14496  -44.924  -65.539  20.593 0.1000000015
15468  -46.706  -65.222  20.343 0.4000000060
18937  -45.420  -60.378  17.943 0.5000000000
18927  -47.579  -60.651  18.978 0.4000000060
18062  -47.167  -61.355  19.573 0.4000000060
17209  -48.074  -62.552  20.415 0.4000000060
121753  -47.678  -64.014  20.366 0.5000000000
20560  -44.440  -58.576  16.508 0.5000000000
122887  -42.750  -56.260  15.853 0.4000000060
22327  -42.957  -56.845  16.030 0.4000000060
21456  -44.094  -57.982  16.161 0.5000000000
22333  -42.589  -55.731  15.731 0.4000000060
21463  -43.585  -56.934  15.615 0.5000000000
22334  -43.226  -56.184  15.446 0.4000000060
23175  -42.281  -54.952  15.626 0.3000000119
23176  -42.998  -55.217  15.112 0.3000000119
23179  -43.472  -55.141  14.666 0.3000000119
24018  -43.365  -54.603  14.596 0.2000000030
23194  -44.739  -55.485  13.734 0.2000000030
24935  -43.320  -53.803  14.456 0.1000000015
24026  -44.772  -54.471  13.613 0.3000000119
124224  -44.354  -53.919  13.776 0.1000000015
103174  -46.000  -55.850  13.229 0.3000000119
120426  -45.586  -54.509  13.151 0.2000000030
23196  -46.883  -55.969  12.831 0.2000000030
21487  -49.062  -57.639  12.958 0.2000000030
21488  -49.872  -57.939  12.717 0.2000000030
23216  -47.849  -56.060  12.454 0.2000000030
21503  -49.616  -57.259  12.274 0.2000000030
20621  -49.777  -58.488  12.417 0.2000000030
21502  -48.749  -56.755  12.399 0.2000000030
21504  -49.940  -57.435  12.045 0.1000000015
19787  -48.825  -59.453  10.639 0.2000000030
19786  -47.467  -60.220  10.803 0.2000000030
109006  -49.894  -56.901  11.666 0.1000000015
20646  -49.228  -58.669  10.150 0.1000000015
20644  -47.509  -58.964  9.762 0.1000000015
112068  -45.792  -59.248  10.941 0.1000000015
21544  -49.295  -57.480  9.190 0.1000000015
21532  -48.098  -58.304  9.340 0.1000000015
20643  -46.499  -58.607  10.254 0.1000000015
22405  -47.636  -57.431  9.272 0.1000000015
23244  -47.244  -56.346  9.440 0.1000000015
23254  -47.472  -55.349  9.365 0.1000000015
15447  -45.569  -64.374  21.260 0.3000000119
15448  -46.550  -64.440  20.990 0.3000000119
114930  -44.600  -62.972  20.835 0.3000000119
17191  -45.539  -63.421  21.111 0.3000000119
17192  -46.499  -63.288  21.068 0.3000000119
18046  -45.134  -62.393  19.874 0.3000000119
17207  -46.021  -62.889  20.693 0.3000000119
16349  -47.056  -63.646  21.018 0.5000000000
15449  -47.297  -64.266  20.645 0.5000000000
18936  -44.178  -60.532  17.718 0.4000000060
18925  -44.904  -61.104  18.419 0.5000000000
18048  -47.787  -61.901  20.251 0.4000000060
16370  -47.765  -63.405  20.732 0.5000000000
119085  -42.436  -57.037  16.490 0.4000000060
20558  -42.777  -58.202  16.767 0.4000000060
19709  -44.055  -59.074  16.883 0.5000000000
19697  -44.681  -59.777  17.332 0.5000000000
23170  -41.023  -54.846  16.587 0.4000000060
23172  -42.066  -55.514  16.124 0.4000000060
21454  -42.905  -57.587  16.455 0.5000000000
23171  -41.659  -54.895  16.171 0.4000000060
24920  -40.837  -53.530  16.411 0.3000000119
24011  -41.858  -54.179  15.679 0.3000000119
24012  -42.624  -54.202  15.052 0.3000000119
24928  -42.113  -53.399  15.380 0.3000000119
25875  -42.983  -52.378  14.440 0.1000000015
107667  -43.344  -53.092  14.308 0.1000000015
25884  -44.416  -52.786  13.485 0.1000000015
24944  -44.693  -53.558  13.496 0.1000000015
25885  -45.248  -52.928  13.036 0.1000000015
110598  -46.266  -55.022  12.855 0.2000000030
24028  -46.054  -54.089  12.711 0.2000000030
24046  -46.874  -54.356  12.458 0.2000000030
111282  -48.639  -56.055  12.091 0.1000000015
103348  -48.117  -55.342  12.158 0.1000000015
22378  -49.912  -56.124  11.380 0.1000000015
23217  -49.124  -55.510  11.702 0.1000000015
22392  -50.026  -56.567  10.848 0.1000000015
23245  -49.945  -56.147  9.702 0.1000000015
121258  -49.562  -56.772  9.135 0.1000000015
23256  -49.233  -55.873  8.626 0.1000000015
24083  -49.280  -55.034  8.506 0.1000000015
24082  -48.399  -55.252  8.873 0.1000000015
105264  -48.369  -53.515  9.122 0.1000000015
123290  -48.156  -52.886  9.236 0.1000000015
25939  -47.956  -52.266  9.284 0.1000000015
26825  -48.349  -51.548  9.255 0.1000000015
17177  -44.604  -63.530  21.298 0.2000000030
18045  -43.931  -62.202  19.963 0.3000000119
18060  -44.383  -61.675  19.122 0.4000000060
18924  -43.695  -61.115  18.368 0.3000000119
21445  -42.126  -57.689  16.822 0.3000000119
19696  -43.596  -59.731  17.285 0.4000000060
18935  -43.085  -60.455  17.786 0.3000000119
119286  -40.716  -55.332  16.930 0.3000000119
21453  -41.764  -56.807  16.750 0.3000000119
19695  -42.595  -59.576  17.421 0.4000000060
18922  -42.132  -60.180  18.072 0.3000000119
24900  -40.257  -53.776  16.966 0.3000000119
24004  -40.753  -54.200  16.622 0.3000000119
121623  -39.976  -53.211  17.019 0.3000000119
114335  -40.312  -52.988  16.658 0.3000000119
24921  -41.433  -53.444  15.858 0.3000000119
25869  -41.645  -52.778  15.551 0.3000000119
25870  -42.254  -52.551  15.087 0.1000000015
26763  -42.350  -51.680  14.751 0.1000000015
27678  -42.507  -50.854  14.388 0.1000000015
27679  -43.063  -50.784  13.858 0.1000000015
115507  -43.476  -51.954  13.909 0.1000000015
25883  -44.079  -52.016  13.517 0.1000000015
24959  -46.606  -53.405  12.410 0.2000000030
25886  -46.033  -52.724  12.563 0.2000000030
24048  -48.388  -54.597  11.865 0.1000000015
25893  -47.269  -52.857  12.048 0.1000000015
24961  -48.691  -53.762  11.713 0.1000000015
23218  -50.003  -55.257  11.316 0.1000000015
24962  -49.706  -53.724  11.512 0.1000000015
23231  -50.248  -55.120  9.870 0.1000000015
103415  -50.316  -54.409  11.275 0.1000000015
121602  -50.116  -55.626  8.883 0.1000000015
23246  -50.382  -54.765  8.758 0.1000000015
25008  -49.196  -54.196  8.575 0.1000000015
123108  -49.064  -53.635  8.699 0.1000000015
25021  -50.607  -53.278  8.410 0.1000000015
25940  -48.909  -52.977  8.952 0.1000000015
25941  -49.766  -52.932  8.480 0.1000000015
111553  -48.786  -52.262  9.138 0.1000000015
26826  -49.502  -52.042  8.740 0.1000000015
27750  -48.881  -50.877  9.175 0.1000000015
28691  -49.314  -50.144  8.937 0.1000000015
18012  -43.029  -62.764  22.106 0.2000000030
117271  -43.722  -63.345  21.651 0.2000000030
18029  -42.668  -61.835  21.303 0.2000000030
18900  -42.255  -60.992  20.612 0.2000000030
18044  -43.031  -61.657  20.258 0.3000000119
18059  -43.332  -61.435  19.255 0.3000000119
110997  -41.501  -58.162  17.153 0.3000000119
20549  -42.147  -58.666  17.119 0.3000000119
18923  -42.704  -60.845  18.612 0.3000000119
22319  -40.596  -55.927  17.230 0.3000000119
22320  -40.945  -56.645  17.073 0.3000000119
21444  -41.234  -57.474  17.091 0.3000000119
20548  -41.318  -58.762  17.401 0.3000000119
19694  -41.654  -59.407  17.618 0.3000000119
23988  -39.728  -54.443  17.527 0.3000000119
19687  -40.833  -59.139  17.821 0.3000000119
19688  -41.321  -59.786  18.398 0.3000000119
18911  -41.859  -60.419  18.990 0.2000000030
25832  -39.079  -52.896  17.695 0.2000000030
24899  -39.625  -53.467  17.392 0.2000000030
25847  -39.716  -52.639  17.077 0.3000000119
25860  -39.689  -51.734  16.897 0.3000000119
109551  -40.265  -52.164  16.539 0.3000000119
25861  -40.961  -52.624  16.066 0.3000000119
26750  -40.770  -51.605  16.079 0.2000000030
108828  -41.565  -51.865  15.459 0.1000000015
27661  -40.542  -50.666  16.333 0.2000000030
108123  -41.232  -50.888  15.700 0.1000000015
27673  -41.554  -50.140  15.299 0.1000000015
28622  -41.723  -49.360  14.865 0.1000000015
30459  -41.618  -47.685  15.083 0.1000000015
30446  -41.940  -46.840  15.114 0.1000000015
28623  -42.250  -49.313  14.130 0.1000000015
29565  -42.480  -48.451  13.786 0.1000000015
31370  -42.655  -46.563  14.613 0.1000000015
113371  -42.616  -46.348  15.492 0.1000000015
31338  -44.132  -46.339  16.289 0.1000000015
27691  -43.536  -50.192  13.384 0.1000000015
29577  -43.201  -48.399  13.219 0.1000000015
30461  -42.923  -46.969  13.846 0.1000000015
31371  -43.264  -46.166  14.124 0.1000000015
32273  -43.949  -45.470  15.003 0.1000000015
26773  -44.497  -51.399  13.163 0.1000000015
27693  -44.969  -50.759  12.699 0.1000000015
26774  -45.087  -51.545  12.786 0.1000000015
105975  -46.389  -51.898  12.348 0.2000000030
25892  -46.659  -52.617  12.296 0.1000000015
106681  -47.727  -52.173  11.821 0.1000000015
25895  -49.143  -52.960  11.632 0.1000000015
24963  -50.487  -53.680  11.303 0.1000000015
24072  -50.636  -54.426  9.631 0.1000000015
25009  -51.001  -53.885  9.063 0.1000000015
25010  -51.339  -53.172  9.059 0.1000000015
117202  -50.513  -53.927  8.591 0.1000000015
25953  -51.250  -52.763  8.176 0.1000000015
25952  -50.458  -52.744  8.309 0.1000000015
26837  -50.668  -52.176  8.212 0.1000000015
19640  -41.402  -59.300  21.306 0.2000000030
18912  -42.433  -60.993  19.610 0.3000000119
20494  -40.938  -58.590  21.770 0.2000000030
18899  -41.764  -60.359  20.014 0.2000000030
22318  -39.794  -56.015  17.670 0.3000000119
21442  -39.730  -56.905  17.817 0.3000000119
21432  -39.820  -57.787  17.950 0.3000000119
20545  -40.197  -58.598  18.267 0.3000000119
23161  -39.559  -55.268  17.762 0.3000000119
23144  -39.190  -55.715  18.270 0.3000000119
20527  -39.660  -58.037  18.907 0.3000000119
19672  -40.666  -59.259  18.773 0.3000000119
106360  -38.289  -52.742  18.864 0.2000000030
24879  -38.987  -53.872  18.105 0.3000000119
19673  -41.173  -59.861  19.403 0.2000000030
25831  -38.623  -52.253  18.137 0.2000000030
25846  -39.178  -52.058  17.476 0.2000000030
26731  -38.783  -51.550  17.801 0.3000000119
117968  -40.208  -51.407  16.526 0.2000000030
26732  -39.247  -51.250  17.344 0.3000000119
27652  -39.289  -50.405  17.334 0.2000000030
28601  -39.972  -49.922  16.821 0.2000000030
108171  -40.652  -49.821  16.374 0.2000000030
113780  -40.954  -48.690  16.226 0.1000000015
119980  -44.645  -49.252  12.607 0.1000000015
29578  -43.942  -48.183  12.665 0.1000000015
30475  -44.032  -47.200  12.787 0.1000000015
31389  -44.233  -46.388  13.000 0.1000000015
111683  -45.207  -49.860  12.518 0.1000000015
28638  -45.427  -49.054  12.382 0.1000000015
30485  -45.593  -47.147  12.352 0.1000000015
27694  -45.822  -50.434  12.409 0.1000000015
27702  -46.566  -50.135  12.157 0.1000000015
29581  -46.240  -48.813  12.165 0.1000000015
30486  -46.548  -47.903  12.052 0.1000000015
26783  -46.490  -50.947  12.243 0.1000000015
26784  -47.249  -51.415  11.911 0.1000000015
111552  -47.747  -50.008  11.810 0.1000000015
112921  -48.379  -50.171  11.705 0.1000000015
25894  -48.628  -52.185  11.677 0.1000000015
26786  -49.147  -51.460  11.632 0.1000000015
108671  -49.611  -52.206  11.581 0.1000000015
25896  -50.243  -52.969  11.439 0.1000000015
24981  -51.029  -53.320  11.105 0.1000000015
24996  -51.317  -53.357  9.808 0.1000000015
25942  -51.071  -53.260  8.548 0.1000000015
21371  -41.076  -57.698  23.108 0.3000000119
20493  -40.370  -58.020  21.272 0.3000000119
20512  -40.842  -58.830  20.808 0.2000000030
19660  -41.242  -59.643  20.400 0.2000000030
20511  -40.211  -58.460  20.282 0.3000000119
19659  -40.634  -59.196  19.834 0.3000000119
23143  -38.670  -55.420  18.853 0.3000000119
22293  -39.115  -56.726  19.704 0.3000000119
21411  -39.463  -57.505  19.721 0.3000000119
20528  -40.161  -58.639  19.307 0.3000000119
24862  -38.237  -53.417  19.434 0.2000000030
23119  -38.729  -55.832  19.748 0.3000000119
25796  -37.946  -52.768  19.606 0.2000000030
25813  -37.953  -51.914  19.159 0.2000000030
26713  -38.356  -51.332  18.471 0.2000000030
124249  -38.422  -50.472  18.293 0.2000000030
28592  -38.722  -49.993  17.867 0.2000000030
28593  -39.307  -49.473  17.466 0.2000000030
28652  -49.076  -50.051  11.641 0.1000000015
26800  -50.139  -51.554  11.525 0.1000000015
25914  -51.152  -52.651  11.178 0.1000000015
25915  -51.459  -52.995  10.511 0.1000000015
123814  -41.151  -57.704  24.193 0.1000000015
114635  -40.683  -57.520  23.627 0.2000000030
21370  -40.395  -57.445  22.740 0.3000000119
22243  -39.852  -57.290  22.299 0.3000000119
22268  -39.694  -57.229  21.746 0.3000000119
22282  -39.056  -56.472  20.512 0.3000000119
113160  -39.412  -56.903  21.208 0.3000000119
23938  -38.335  -54.501  20.459 0.3000000119
107011  -38.621  -55.071  20.133 0.3000000119
23118  -38.689  -55.820  20.568 0.3000000119
24841  -37.558  -53.167  20.784 0.2000000030
25812  -37.619  -52.096  19.933 0.2000000030
26693  -37.595  -51.272  19.693 0.1000000015
27617  -38.032  -50.472  18.819 0.2000000030
27601  -37.369  -50.593  20.213 0.1000000015
27616  -37.680  -50.491  19.470 0.2000000030
28579  -38.280  -49.744  18.517 0.2000000030
28556  -37.880  -49.727  19.198 0.2000000030
29522  -38.224  -48.842  18.950 0.3000000119
22227  -39.928  -57.171  22.945 0.3000000119
117159  -39.317  -56.820  22.044 0.3000000119
22281  -38.941  -56.375  21.175 0.3000000119
24825  -37.794  -54.034  20.938 0.3000000119
113487  -38.465  -55.229  20.700 0.3000000119
23102  -38.526  -55.725  21.213 0.3000000119
122181  -36.682  -52.193  21.556 0.1000000015
27588  -36.775  -50.769  20.989 0.1000000015
28536  -37.153  -49.820  20.704 0.1000000015
122612  -37.932  -49.132  19.716 0.1000000015
22226  -39.214  -56.944  22.949 0.3000000119
22225  -38.426  -56.651  23.111 0.2000000030
22242  -38.646  -56.402  22.396 0.3000000119
22267  -38.703  -56.244  21.731 0.3000000119
23083  -38.277  -55.568  21.993 0.3000000119
23923  -37.657  -54.330  21.590 0.2000000030
23906  -37.819  -54.851  21.927 0.3000000119
24803  -36.834  -53.519  22.225 0.2000000030
23905  -37.275  -54.290  22.256 0.2000000030
25754  -35.638  -51.807  22.836 0.1000000015
25776  -36.340  -52.103  22.122 0.1000000015
25737  -35.488  -52.291  23.620 0.1000000015
26659  -36.117  -51.326  22.197 0.1000000015
27587  -36.352  -50.603  21.902 0.1000000015
27573  -35.771  -50.670  22.587 0.1000000015
28527  -36.685  -49.817  21.505 0.1000000015
28515  -36.977  -48.972  22.054 0.1000000015
23069  -37.951  -56.001  22.737 0.2000000030
23068  -37.274  -55.584  23.213 0.2000000030
23887  -36.868  -54.788  22.956 0.2000000030
23082  -37.602  -55.178  22.513 0.2000000030
24782  -35.936  -53.550  23.307 0.1000000015
23904  -36.524  -53.945  22.779 0.2000000030
27572  -35.405  -50.838  23.230 0.1000000015
27562  -35.594  -49.986  23.276 0.1000000015
28514  -36.268  -49.655  22.519 0.1000000015
29446  -36.804  -48.716  23.008 0.1000000015
103186  -35.044  -50.909  24.456 0.1000000015
27561  -35.283  -50.455  23.929 0.1000000015
28490  -35.578  -49.656  24.179 0.1000000015
28502  -36.157  -49.204  23.571 0.1000000015
27550  -35.205  -50.235  24.743 0.1000000015
28477  -35.645  -49.650  25.079 0.1000000015
28491  -36.233  -49.192  24.510 0.1000000015
19701  -49.159  -59.930  17.952 0.5000000000
111905  -49.012  -61.130  18.384 0.4000000060
18074  -49.474  -60.153  17.713 0.5000000000
18073  -49.322  -60.692  17.704 0.6000000238
16388  -47.900  -63.257  18.985 0.5000000000
18049  -48.291  -61.846  19.885 0.4000000060
13666  -45.361  -67.569  17.767 0.5000000000
17217  -48.411  -62.317  19.724 0.4000000060
123336  -47.603  -62.826  18.107 0.6000000238
14551  -45.964  -65.895  17.452 0.5000000000
12849  -43.711  -67.960  16.920 0.5000000000
11985  -45.123  -69.014  18.497 0.5000000000
106257  -46.466  -65.367  17.817 0.5000000000
18960  -49.836  -59.883  16.051 0.4000000060
14549  -44.714  -66.555  17.354 0.4000000060
16401  -42.746  -63.406  16.271 0.4000000060
120756  -43.413  -63.019  16.202 0.4000000060
18091  -43.157  -61.830  15.295 0.3000000119
17225  -48.504  -62.116  18.615 0.4000000060
19723  -49.688  -59.554  15.781 0.3000000119
113981  -47.707  -62.068  16.582 0.6000000238
118791  -45.117  -56.964  13.967 0.3000000119
19740  -49.385  -58.995  15.223 0.4000000060
16405  -46.676  -63.699  16.363 0.6000000238
15512  -46.540  -64.519  16.954 0.6000000238
16397  -47.112  -63.592  17.568 0.6000000238
18974  -49.709  -60.111  15.099 0.4000000060
18094  -48.128  -61.402  15.139 0.5000000000
16418  -46.357  -63.504  15.421 0.6000000238
112383  -46.706  -62.897  14.920 0.5000000000
15511  -45.946  -65.130  16.798 0.5000000000
15510  -44.818  -64.859  16.864 0.5000000000
20599  -47.603  -58.240  13.894 0.4000000060
18110  -48.803  -60.922  14.543 0.5000000000
16416  -45.639  -63.593  15.724 0.4000000060
18109  -47.684  -61.657  14.054 0.5000000000
18108  -46.998  -62.181  13.733 0.5000000000
124366  -47.338  -61.725  13.376 0.5000000000
17253  -46.144  -62.800  14.126 0.4000000060
17242  -44.933  -62.710  15.377 0.4000000060
18093  -45.304  -62.297  14.357 0.4000000060
18141  -46.867  -61.639  12.430 0.4000000060
18142  -47.437  -61.486  12.816 0.4000000060
17265  -46.505  -62.354  13.577 0.4000000060
18092  -44.228  -61.937  14.967 0.4000000060
18926  -46.257  -60.889  18.709 0.5000000000
18063  -48.140  -61.245  19.493 0.4000000060
15490  -46.982  -64.955  18.940 0.5000000000
16371  -48.092  -63.281  20.177 0.5000000000
22342  -43.621  -55.707  14.745 0.3000000119
23180  -44.064  -55.052  14.281 0.2000000030
22358  -44.854  -56.253  13.781 0.3000000119
22359  -45.577  -56.501  13.520 0.3000000119
24027  -45.460  -55.176  13.372 0.3000000119
22361  -47.655  -56.966  12.826 0.3000000119
19772  -49.643  -59.258  12.825 0.3000000119
19753  -50.110  -59.059  13.753 0.3000000119
20602  -49.914  -58.650  13.321 0.3000000119
109615  -48.307  -60.761  12.027 0.3000000119
19770  -47.956  -60.560  11.432 0.3000000119
20620  -49.274  -59.154  11.777 0.2000000030
19002  -46.590  -61.111  11.785 0.3000000119
18140  -46.123  -61.556  12.264 0.4000000060
19013  -46.470  -60.293  11.121 0.2000000030
19012  -45.795  -60.683  11.642 0.3000000119
19000  -44.389  -60.406  12.262 0.2000000030
19798  -47.939  -59.696  10.162 0.2000000030
115077  -45.871  -56.961  10.524 0.1000000015
22414  -48.196  -56.918  8.958 0.1000000015
17208  -47.288  -62.802  20.774 0.4000000060
20559  -43.561  -58.240  16.555 0.5000000000
22326  -42.306  -56.281  16.280 0.4000000060
24019  -43.993  -54.210  14.126 0.2000000030
24936  -43.938  -53.440  13.870 0.1000000015
24934  -42.734  -53.250  14.742 0.1000000015
107604  -45.368  -53.820  13.134 0.2000000030
23215  -47.240  -55.219  12.511 0.2000000030
110785  -49.935  -57.891  11.892 0.2000000030
20636  -49.494  -58.637  11.300 0.2000000030
22377  -49.406  -56.512  11.876 0.1000000015
21519  -49.856  -57.357  11.144 0.1000000015
21534  -49.535  -57.879  10.003 0.1000000015
21533  -48.947  -58.264  9.383 0.1000000015
20645  -48.480  -59.004  9.723 0.1000000015
117415  -49.759  -57.064  9.966 0.1000000015
21531  -47.101  -58.068  9.675 0.1000000015
21530  -46.330  -57.725  10.252 0.1000000015
23255  -48.291  -56.123  8.920 0.1000000015
24081  -47.671  -54.630  9.316 0.1000000015
16347  -45.139  -63.818  21.392 0.3000000119
16348  -46.127  -63.799  21.253 0.3000000119
18047  -46.614  -62.156  20.138 0.3000000119
18061  -45.714  -61.665  19.222 0.3000000119
20550  -43.122  -58.892  16.984 0.4000000060
22325  -41.389  -55.787  16.647 0.4000000060
24005  -41.287  -54.167  16.258 0.3000000119
25876  -43.669  -52.622  13.874 0.1000000015
108780  -44.823  -52.131  13.125 0.1000000015
24945  -45.843  -53.403  12.723 0.2000000030
24047  -47.618  -54.650  12.225 0.1000000015
24049  -49.364  -54.549  11.569 0.1000000015
23230  -50.236  -55.718  10.750 0.1000000015
22416  -49.694  -56.148  8.817 0.1000000015
23257  -49.855  -55.399  8.619 0.1000000015
119316  -49.946  -54.593  8.469 0.1000000015
18030  -43.470  -62.545  21.011 0.2000000030
16333  -44.214  -63.795  21.521 0.2000000030
23162  -40.188  -55.268  17.390 0.3000000119
23989  -40.459  -54.640  17.012 0.3000000119
27677  -41.874  -50.930  15.034 0.1000000015
109643  -42.069  -50.130  14.574 0.1000000015
27690  -42.665  -50.115  13.888 0.1000000015
26764  -43.025  -51.476  14.191 0.1000000015
26772  -43.681  -51.236  13.567 0.1000000015
27692  -44.247  -50.720  13.150 0.1000000015
26775  -45.537  -52.096  12.695 0.1000000015
24960  -47.612  -53.797  12.043 0.1000000015
105069  -48.135  -52.951  11.767 0.1000000015
24062  -50.671  -54.492  10.553 0.1000000015
112671  -40.308  -56.547  17.455 0.3000000119
21443  -40.433  -57.285  17.468 0.3000000119
20547  -40.688  -58.239  17.512 0.3000000119
23972  -39.066  -54.891  18.216 0.3000000119
110897  -38.652  -53.083  18.297 0.3000000119
27662  -41.097  -50.059  15.957 0.1000000015
28614  -41.360  -49.412  15.590 0.1000000015
29554  -41.486  -48.627  15.283 0.1000000015
29564  -41.887  -48.481  14.505 0.1000000015
30460  -42.271  -47.491  14.326 0.1000000015
28635  -42.945  -49.284  13.484 0.1000000015
30473  -42.799  -47.740  13.617 0.1000000015
31352  -43.211  -45.931  14.825 0.1000000015
105211  -43.544  -45.987  15.580 0.1000000015
28636  -43.782  -49.161  12.864 0.1000000015
30474  -43.380  -47.508  13.216 0.1000000015
122225  -44.238  -48.780  12.633 0.1000000015
31388  -43.566  -46.637  13.425 0.1000000015
114799  -43.866  -45.824  13.664 0.1000000015
32274  -44.599  -45.109  15.171 0.1000000015
28637  -44.393  -50.001  12.832 0.1000000015
113608  -45.712  -51.282  12.540 0.1000000015
121270  -47.039  -52.199  12.070 0.1000000015
24980  -50.932  -53.928  10.971 0.1000000015
19661  -41.796  -60.129  20.958 0.2000000030
21391  -40.644  -57.939  22.268 0.3000000119
22306  -39.342  -56.410  18.233 0.3000000119
22292  -38.876  -56.252  18.860 0.3000000119
21431  -39.309  -57.139  18.693 0.3000000119
21412  -39.763  -58.134  19.788 0.3000000119
24878  -38.453  -53.670  18.846 0.3000000119
124318  -38.316  -52.059  18.661 0.2000000030
23971  -38.579  -54.558  18.830 0.3000000119
27635  -38.754  -50.839  17.810 0.3000000119
26749  -39.782  -50.902  16.801 0.2000000030
28603  -41.006  -49.335  16.139 0.1000000015
28602  -40.493  -49.040  16.613 0.2000000030
29579  -44.798  -48.539  12.528 0.1000000015
30476  -44.770  -47.691  12.551 0.1000000015
28639  -46.001  -49.620  12.266 0.1000000015
29580  -45.593  -48.200  12.339 0.1000000015
27703  -47.171  -50.518  11.924 0.1000000015
27704  -47.905  -50.710  11.720 0.1000000015
26785  -48.205  -51.438  11.688 0.1000000015
27705  -48.720  -50.744  11.662 0.1000000015
25913  -50.462  -52.236  11.442 0.1000000015
20483  -41.239  -58.307  22.594 0.3000000119
21390  -40.112  -57.554  21.945 0.3000000119
117698  -39.807  -57.423  21.226 0.3000000119
21399  -39.806  -57.774  20.526 0.3000000119
21398  -39.443  -57.123  20.525 0.3000000119
23959  -38.464  -54.229  19.660 0.3000000119
24842  -38.107  -53.555  20.174 0.3000000119
110632  -38.549  -55.004  19.475 0.3000000119
26694  -37.856  -51.095  19.081 0.2000000030
28580  -38.709  -49.089  18.108 0.2000000030
29532  -39.456  -48.461  17.712 0.2000000030
21346  -41.566  -57.770  24.643 0.1000000015
21349  -39.824  -57.364  23.741 0.2000000030
123264  -37.715  -52.791  20.211 0.2000000030
26681  -37.284  -51.469  20.416 0.2000000030
28555  -37.612  -49.782  19.972 0.2000000030
23924  -38.131  -54.903  21.243 0.3000000119
24824  -37.317  -53.538  21.593 0.2000000030
25777  -37.099  -52.654  21.246 0.2000000030
25795  -37.368  -52.334  20.610 0.2000000030
26667  -36.868  -51.822  21.017 0.1000000015
26666  -36.496  -51.467  21.617 0.1000000015
25756  -36.745  -52.842  21.882 0.1000000015
119141  -37.187  -49.165  21.254 0.1000000015
25755  -36.241  -52.945  22.611 0.1000000015
25738  -35.721  -52.748  23.234 0.1000000015
116559  -43.790  -68.814  16.972 0.3000000119
11232  -43.270  -70.247  16.818 0.3000000119
12018  -43.434  -69.569  16.684 0.3000000119
8299  -40.174  -74.131  15.117 0.2000000030
8309  -38.029  -74.934  13.828 0.2000000030
9686  -42.238  -71.325  16.589 0.4000000060
9707  -41.657  -72.027  16.089 0.3000000119
12848  -43.054  -68.261  16.117 0.4000000060
9708  -42.112  -71.590  15.924 0.3000000119
8994  -40.759  -72.882  15.829 0.3000000119
11250  -42.678  -70.128  15.304 0.4000000060
9009  -41.191  -72.678  15.776 0.3000000119
7621  -39.634  -74.900  14.428 0.2000000030
110368  -42.829  -68.912  15.466 0.4000000060
115296  -41.443  -72.423  14.964 0.4000000060
13675  -42.884  -66.948  16.246 0.4000000060
9723  -42.168  -71.334  15.050 0.4000000060
9008  -41.044  -73.071  14.974 0.3000000119
7622  -40.138  -74.582  14.560 0.3000000119
12854  -42.616  -67.913  14.955 0.4000000060
10487  -42.395  -70.525  14.536 0.4000000060
9734  -41.804  -71.730  14.360 0.3000000119
116045  -40.922  -73.255  14.224 0.4000000060
13680  -42.314  -66.679  15.407 0.4000000060
121783  -42.507  -69.743  14.370 0.4000000060
9021  -41.392  -72.468  13.954 0.3000000119
14563  -42.262  -65.981  15.842 0.4000000060
114052  -42.555  -68.398  14.552 0.4000000060
12044  -42.403  -69.120  13.683 0.4000000060
10496  -42.136  -70.592  13.585 0.4000000060
11259  -42.308  -69.868  13.614 0.4000000060
10503  -41.824  -70.858  12.958 0.3000000119
12860  -42.305  -67.693  14.142 0.4000000060
12871  -42.363  -68.386  13.860 0.4000000060
10504  -42.043  -70.107  12.920 0.4000000060
13690  -42.220  -67.023  14.623 0.4000000060
12870  -41.790  -67.696  13.562 0.4000000060
12043  -42.062  -68.584  13.186 0.4000000060
11258  -42.143  -69.339  12.997 0.4000000060
9743  -41.308  -71.238  12.363 0.3000000119
13679  -41.874  -66.222  14.974 0.4000000060
12042  -41.291  -68.287  13.079 0.4000000060
12054  -41.615  -69.007  12.751 0.4000000060
118166  -41.428  -70.326  12.390 0.3000000119
9755  -40.746  -71.254  11.570 0.2000000030
14562  -41.681  -65.397  15.345 0.3000000119
13689  -41.618  -66.476  14.328 0.4000000060
14574  -41.353  -65.781  14.657 0.4000000060
13700  -41.181  -66.755  13.856 0.4000000060
11270  -41.087  -69.562  12.413 0.4000000060
119269  -40.944  -70.724  11.905 0.2000000030
10514  -40.454  -70.748  11.581 0.2000000030
9767  -40.069  -71.937  10.472 0.3000000119
15517  -41.529  -64.505  15.573 0.3000000119
107134  -41.110  -66.102  14.268 0.3000000119
12053  -40.736  -68.882  12.690 0.3000000119
11281  -40.717  -70.206  12.067 0.2000000030
9754  -40.297  -71.283  11.031 0.2000000030
9054  -39.944  -72.617  10.167 0.2000000030
106590  -41.954  -63.103  15.944 0.3000000119
15531  -41.109  -65.011  14.914 0.3000000119
12869  -40.750  -67.500  13.438 0.4000000060
11269  -40.245  -69.543  12.360 0.1000000015
16414  -41.335  -63.614  15.625 0.3000000119
15530  -40.356  -64.825  14.770 0.3000000119
13699  -40.105  -66.779  13.814 0.2000000030
12868  -39.615  -67.504  13.476 0.2000000030
10513  -39.706  -70.746  11.383 0.1000000015
113192  -39.591  -72.411  10.102 0.2000000030
14572  -39.920  -65.441  14.444 0.2000000030
13687  -39.438  -66.147  14.214 0.2000000030
12040  -39.096  -68.205  13.168 0.1000000015
11268  -39.234  -69.542  12.328 0.1000000015
9753  -39.479  -71.327  10.885 0.1000000015
107506  -41.857  -62.405  15.669 0.2000000030
15516  -40.779  -64.234  15.243 0.3000000119
18104  -42.595  -61.189  14.846 0.2000000030
17239  -41.333  -61.877  15.496 0.1000000015
115050  -41.210  -62.727  15.614 0.3000000119
15529  -39.432  -64.737  14.704 0.2000000030
13698  -38.977  -66.838  13.836 0.1000000015
10512  -38.689  -70.777  11.363 0.1000000015
9766  -39.131  -71.907  10.410 0.1000000015
18090  -41.628  -61.080  15.047 0.2000000030
16413  -40.413  -63.281  15.421 0.2000000030
16412  -39.461  -63.337  15.321 0.2000000030
14571  -38.852  -65.439  14.432 0.1000000015
12867  -38.503  -67.527  13.482 0.1000000015
12879  -37.992  -68.152  13.120 0.1000000015
117240  -37.987  -70.227  11.720 0.1000000015
9752  -38.365  -71.354  10.896 0.1000000015
108796  -38.314  -72.822  9.193 0.1000000015
117645  -39.804  -62.724  15.434 0.1000000015
16428  -38.975  -64.018  15.042 0.2000000030
15528  -38.379  -64.657  14.617 0.1000000015
103434  -37.736  -66.892  13.793 0.1000000015
12050  -37.383  -68.625  12.537 0.1000000015
10511  -37.421  -70.669  11.244 0.1000000015
9052  -37.817  -72.368  9.720 0.1000000015
9070  -37.809  -73.133  8.543 0.1000000015
13685  -37.368  -66.207  14.086 0.1000000015
12878  -36.959  -67.859  12.845 0.1000000015
11266  -36.670  -69.060  11.926 0.1000000015
9775  -36.118  -71.636  9.534 0.1000000015
9061  -36.965  -72.496  9.246 0.1000000015
29498  -38.590  -48.081  19.188 0.2000000030
18973  -42.971  -60.765  14.083 0.2000000030
18103  -42.147  -60.644  14.312 0.1000000015
17238  -40.416  -62.215  15.501 0.1000000015
18088  -39.832  -61.489  15.455 0.1000000015
16427  -38.007  -63.867  14.851 0.1000000015
17237  -39.088  -62.605  15.437 0.1000000015
14570  -37.597  -65.425  14.352 0.1000000015
108786  -36.861  -66.500  13.739 0.1000000015
9776  -37.042  -72.008  9.869 0.1000000015
10522  -37.332  -71.263  10.736 0.1000000015
11278  -37.021  -69.851  11.618 0.1000000015
12866  -36.665  -67.084  13.266 0.1000000015
11244  -42.781  -70.555  16.366 0.3000000119
12028  -42.896  -69.796  15.958 0.4000000060
8290  -40.591  -73.338  15.453 0.3000000119
9722  -41.715  -71.979  15.479 0.3000000119
8300  -40.579  -73.798  14.853 0.3000000119
12034  -42.641  -69.207  14.711 0.4000000060
106560  -42.562  -67.340  15.446 0.4000000060
9735  -42.134  -71.076  14.200 0.4000000060
9744  -41.664  -71.596  13.298 0.3000000119
13688  -40.460  -66.112  14.201 0.3000000119
12041  -40.220  -68.211  13.114 0.2000000030
14573  -40.760  -65.519  14.496 0.3000000119
12052  -39.711  -68.856  12.713 0.2000000030
9053  -38.878  -72.446  9.759 0.1000000015
12051  -38.561  -68.822  12.704 0.1000000015
11279  -38.938  -70.177  11.834 0.1000000015
15515  -39.911  -64.096  15.128 0.3000000119
11267  -37.940  -69.530  12.210 0.1000000015
9765  -37.891  -71.877  10.294 0.1000000015
18089  -40.705  -61.312  15.348 0.1000000015
13686  -38.316  -66.193  14.199 0.1000000015
113386  -37.561  -67.531  13.348 0.1000000015
8359  -37.332  -73.434  7.735 0.1000000015
14579  -36.499  -65.806  13.969 0.1000000015
16411  -38.564  -63.237  15.253 0.1000000015
11982  -43.367  -69.264  18.241 0.3000000119
11211  -42.881  -69.911  17.709 0.2000000030
10443  -42.634  -70.626  17.259 0.2000000030
12804  -45.405  -67.918  19.283 0.4000000060
11983  -44.101  -69.090  18.587 0.2000000030
12822  -45.096  -68.736  18.936 0.4000000060
11194  -43.947  -69.610  18.305 0.3000000119
10442  -41.656  -70.795  17.129 0.2000000030
12823  -45.529  -68.291  19.022 0.4000000060
11212  -43.908  -69.876  18.084 0.2000000030
10464  -41.020  -71.061  16.761 0.1000000015
11213  -44.301  -69.785  17.997 0.3000000119
10463  -40.055  -70.943  16.711 0.1000000015
10465  -42.041  -71.345  16.908 0.2000000030
10477  -39.586  -71.435  16.338 0.1000000015
111283  -40.189  -72.342  16.021 0.1000000015
9683  -40.604  -71.821  16.428 0.1000000015
9706  -40.871  -72.521  16.177 0.1000000015
9720  -37.878  -71.788  14.702 0.1000000015
9705  -39.192  -71.910  15.826 0.1000000015
8992  -39.781  -72.922  15.578 0.1000000015
9005  -38.345  -72.968  14.489 0.1000000015
9721  -38.814  -72.429  15.209 0.1000000015
12003  -44.940  -69.464  17.965 0.3000000119
10466  -42.910  -70.613  17.121 0.2000000030
9685  -41.590  -71.687  16.560 0.2000000030
9684  -41.296  -71.884  16.501 0.2000000030
9733  -37.402  -72.251  13.992 0.1000000015
109696  -44.513  -68.959  17.512 0.2000000030
12019  -44.185  -69.608  17.602 0.3000000119
9006  -39.404  -73.622  15.024 0.1000000015
9018  -36.862  -72.831  13.446 0.1000000015
9019  -37.760  -73.516  13.856 0.1000000015
11233  -43.612  -69.964  17.442 0.3000000119
12838  -44.554  -67.875  17.413 0.2000000030
8289  -40.429  -73.395  15.468 0.2000000030
9007  -40.163  -73.763  15.368 0.1000000015
8308  -37.123  -74.007  13.281 0.1000000015
122027  -38.823  -74.482  14.445 0.1000000015
8298  -39.727  -74.511  14.816 0.1000000015
8319  -36.436  -74.309  12.660 0.1000000015
7630  -38.834  -75.689  14.158 0.1000000015
7620  -39.312  -75.200  14.364 0.1000000015
8320  -37.364  -75.172  13.175 0.1000000015
116101  -39.172  -75.774  14.112 0.1000000015
123655  -38.829  -76.056  13.950 0.1000000015
6931  -39.289  -75.777  13.535 0.1000000015
7650  -35.791  -75.186  11.486 0.1000000015
7640  -37.630  -75.931  12.960 0.1000000015
7629  -38.346  -75.887  13.544 0.1000000015
6930  -38.722  -76.089  13.481 0.1000000015
8310  -40.587  -73.910  14.002 0.3000000119
6950  -37.902  -76.576  12.160 0.1000000015
12839  -45.219  -68.723  17.945 0.3000000119
11984  -44.760  -69.247  18.544 0.3000000119
11196  -44.737  -69.498  18.275 0.2000000030
8979  -41.149  -72.266  16.251 0.2000000030
10444  -43.364  -70.022  17.594 0.2000000030
8993  -40.526  -73.069  15.716 0.1000000015
7638  -36.070  -74.930  12.091 0.1000000015
7651  -36.502  -75.775  11.959 0.1000000015
6940  -38.135  -76.316  12.932 0.1000000015
8327  -35.410  -74.352  11.665 0.1000000015
6939  -37.339  -76.158  12.400 0.1000000015
7642  -40.152  -74.589  13.882 0.2000000030
6963  -38.722  -76.237  10.819 0.1000000015
6977  -38.449  -76.260  9.963 0.1000000015
6964  -39.410  -75.517  10.448 0.2000000030
108362  -38.112  -76.223  9.091 0.1000000015
7652  -39.531  -75.221  12.214 0.2000000030
111391  -39.661  -75.151  11.054 0.2000000030
6978  -39.111  -75.821  9.868 0.2000000030
7662  -39.903  -74.453  10.154 0.1000000015
8321  -40.326  -73.833  12.927 0.2000000030
108253  -40.098  -74.257  11.014 0.1000000015
6992  -39.070  -75.633  8.903 0.1000000015
7675  -39.656  -74.812  9.344 0.1000000015
9020  -40.878  -72.882  13.068 0.2000000030
8328  -39.982  -73.959  11.990 0.2000000030
8352  -39.876  -73.767  9.370 0.1000000015
8329  -40.511  -72.827  11.711 0.1000000015
8341  -40.056  -73.377  10.214 0.1000000015
9032  -41.340  -72.047  12.867 0.2000000030
8342  -40.383  -73.359  10.988 0.1000000015
9031  -40.849  -71.941  12.046 0.2000000030
9055  -40.339  -72.584  10.641 0.1000000015
8362  -39.781  -73.975  8.713 0.1000000015
7641  -39.841  -74.851  13.165 0.1000000015
12803  -44.795  -68.181  19.210 0.2000000030
15433  -43.960  -64.163  21.550 0.1000000015
19634  -41.474  -59.010  22.196 0.1000000015
18011  -42.364  -61.913  22.258 0.1000000015
20484  -41.715  -58.644  22.866 0.2000000030
19635  -41.893  -59.328  22.788 0.1000000015
18004  -42.024  -61.797  22.987 0.1000000015
19641  -41.746  -59.821  21.862 0.1000000015
18881  -41.924  -60.293  22.442 0.1000000015
119200  -42.115  -61.114  22.461 0.1000000015
13628  -44.907  -67.077  19.628 0.2000000030
15434  -44.717  -64.153  21.455 0.1000000015
115407  -42.145  -60.851  21.673 0.1000000015
111080  -42.455  -62.830  22.841 0.1000000015
13652  -44.003  -67.365  19.221 0.1000000015
114691  -43.464  -68.488  18.558 0.1000000015
22216  -38.181  -57.015  23.753 0.1000000015
21344  -38.913  -57.519  24.097 0.1000000015
21336  -39.796  -58.035  24.600 0.1000000015
21337  -40.890  -58.017  24.946 0.1000000015
21348  -38.928  -57.134  23.497 0.1000000015
21335  -38.547  -58.122  24.776 0.1000000015
20453  -39.138  -58.559  25.361 0.1000000015
20442  -40.352  -58.904  25.836 0.1000000015
21343  -37.897  -57.441  24.411 0.1000000015
20454  -40.186  -58.510  25.311 0.1000000015
20443  -41.874  -58.322  25.662 0.1000000015
22215  -37.349  -56.751  24.129 0.1000000015
19602  -39.674  -59.464  26.463 0.1000000015
21334  -37.454  -57.961  25.112 0.1000000015
20452  -38.004  -58.529  25.604 0.1000000015
20440  -38.495  -58.876  26.161 0.1000000015
20441  -39.447  -58.878  25.969 0.1000000015
22207  -36.921  -57.286  24.732 0.1000000015
112503  -40.601  -59.437  26.409 0.1000000015
23059  -36.911  -56.020  23.872 0.1000000015
23067  -36.562  -55.214  23.670 0.1000000015
112673  -37.594  -58.742  26.495 0.1000000015
19601  -38.748  -59.421  26.642 0.1000000015
110260  -37.026  -58.344  25.954 0.1000000015
22214  -36.492  -56.501  24.479 0.1000000015
29523  -38.863  -48.246  18.511 0.1000000015
30423  -40.114  -47.669  17.676 0.1000000015
23050  -35.695  -56.185  24.911 0.1000000015
23886  -36.237  -54.398  23.476 0.1000000015
29497  -38.303  -48.326  19.917 0.1000000015
28594  -39.874  -49.031  17.126 0.1000000015
29533  -40.183  -48.290  17.107 0.1000000015
30385  -38.907  -47.718  19.746 0.1000000015
121671  -41.138  -46.959  18.077 0.1000000015
31312  -40.753  -47.132  17.625 0.1000000015
19588  -37.970  -59.279  26.834 0.1000000015
107815  -38.984  -60.010  27.139 0.1000000015
29540  -40.713  -48.124  16.544 0.1000000015
21345  -40.719  -57.717  24.332 0.1000000015
22224  -37.655  -56.369  23.444 0.1000000015
112517  -41.581  -57.932  25.158 0.1000000015
20455  -41.039  -58.371  25.433 0.1000000015
22206  -36.160  -56.900  25.166 0.1000000015
30422  -39.606  -47.696  18.361 0.1000000015
30429  -40.577  -47.516  17.047 0.1000000015
18999  -43.758  -60.374  12.726 0.1000000015
19752  -43.041  -60.031  12.798 0.1000000015
19768  -44.368  -59.855  11.846 0.1000000015
13649  -41.053  -66.406  18.203 0.1000000015
13664  -40.481  -67.149  17.815 0.1000000015
12837  -40.939  -68.195  17.634 0.1000000015
111645  -40.120  -66.369  18.068 0.1000000015
12836  -39.808  -67.886  17.642 0.1000000015
12818  -41.539  -67.537  17.962 0.1000000015
111269  -40.234  -65.693  18.402 0.1000000015
13650  -42.172  -66.954  18.464 0.1000000015
13648  -39.346  -65.950  18.272 0.1000000015
15488  -39.510  -64.993  18.653 0.1000000015
15487  -38.735  -64.571  18.767 0.1000000015
15489  -40.457  -65.046  18.862 0.1000000015
12752  -41.818  -68.113  24.565 0.1000000015
12751  -40.833  -67.735  24.362 0.1000000015
124341  -38.911  -68.223  22.511 0.1000000015
11944  -38.401  -68.405  22.446 0.1000000015
12765  -37.683  -67.794  22.366 0.1000000015
11957  -36.808  -67.963  22.097 0.1000000015
12819  -42.598  -68.089  18.317 0.1000000015
111445  -35.950  -68.839  21.693 0.1000000015
12780  -37.037  -67.095  21.944 0.1000000015
111018  -38.540  -65.345  18.540 0.1000000015
14535  -37.566  -65.338  18.691 0.1000000015
104085  -41.528  -69.319  17.551 0.1000000015
11955  -35.411  -68.393  21.327 0.1000000015
12791  -35.268  -67.275  20.413 0.1000000015
13615  -36.117  -65.845  20.087 0.1000000015
14512  -37.249  -64.858  19.115 0.1000000015
15486  -37.977  -64.614  18.837 0.1000000015
108919  -41.983  -70.237  17.410 0.1000000015
11954  -34.821  -68.796  20.973 0.1000000015
13614  -35.566  -66.646  19.715 0.1000000015
15462  -37.763  -64.179  19.513 0.1000000015
12756  -39.718  -67.678  23.308 0.1000000015
12755  -39.152  -67.260  22.897 0.1000000015
14537  -41.803  -65.927  18.756 0.1000000015
13651  -42.979  -66.435  19.089 0.1000000015
12766  -38.586  -67.621  22.551 0.1000000015
12002  -42.124  -68.714  17.843 0.1000000015
13606  -35.814  -66.620  20.809 0.1000000015
14511  -36.674  -65.308  19.520 0.1000000015
14493  -36.725  -65.192  20.339 0.1000000015
15442  -37.135  -64.663  19.830 0.1000000015
15463  -38.487  -64.051  19.134 0.1000000015
12739  -41.361  -67.368  25.032 0.1000000015
13584  -40.426  -66.984  24.805 0.1000000015
122281  -41.611  -66.394  25.818 0.1000000015
13557  -42.393  -66.346  26.041 0.1000000015
107227  -42.349  -65.454  19.516 0.1000000015
12750  -40.077  -67.339  24.010 0.1000000015
13583  -39.693  -66.612  24.428 0.1000000015
14536  -40.963  -65.610  18.635 0.1000000015
13587  -39.467  -66.927  23.570 0.1000000015
12820  -43.206  -67.576  18.710 0.1000000015
13591  -37.777  -66.933  22.389 0.1000000015
13608  -37.196  -66.150  21.787 0.1000000015
13607  -36.512  -65.870  20.942 0.1000000015
110671  -36.506  -66.549  21.409 0.1000000015
15443  -37.557  -64.154  20.348 0.1000000015
16366  -37.969  -63.728  20.164 0.1000000015
14485  -37.170  -65.172  21.232 0.1000000015
14494  -37.198  -64.687  20.565 0.1000000015
14444  -41.789  -65.378  26.563 0.1000000015
13574  -40.946  -66.481  25.525 0.1000000015
14457  -41.251  -65.854  26.106 0.1000000015
15398  -42.400  -64.843  27.026 0.1000000015
14430  -43.628  -65.191  26.973 0.1000000015
15465  -40.719  -64.567  19.521 0.1000000015
14513  -41.322  -65.191  19.214 0.1000000015
13573  -39.949  -66.191  25.257 0.1000000015
104315  -39.989  -64.496  19.099 0.1000000015
13586  -38.950  -66.605  23.196 0.1000000015
13582  -39.055  -66.086  23.950 0.1000000015
16367  -38.341  -63.751  19.707 0.1000000015
15464  -39.283  -64.192  19.061 0.1000000015
13592  -38.480  -66.756  22.749 0.1000000015
15430  -37.489  -64.331  21.119 0.1000000015
14474  -37.809  -66.065  22.584 0.1000000015
14473  -37.535  -65.291  22.127 0.1000000015
14456  -40.367  -65.553  25.842 0.1000000015
16369  -39.961  -63.948  19.682 0.1000000015
16326  -37.953  -63.633  21.037 0.1000000015
16344  -38.633  -63.455  20.406 0.1000000015
114113  -38.385  -65.988  23.243 0.1000000015
14463  -37.835  -65.063  23.083 0.1000000015
16346  -40.294  -63.693  20.490 0.1000000015
15445  -41.761  -64.181  20.881 0.1000000015
16345  -39.515  -63.510  20.306 0.1000000015
105711  -39.264  -63.272  20.945 0.1000000015
121584  -39.361  -65.930  24.852 0.1000000015
15421  -37.672  -64.424  22.435 0.1000000015
16315  -37.719  -63.911  21.848 0.1000000015
15408  -37.828  -64.151  23.130 0.1000000015
14460  -38.450  -65.234  23.913 0.1000000015
15444  -40.926  -64.114  20.299 0.1000000015
16328  -39.567  -63.184  21.695 0.1000000015
15402  -39.987  -64.623  26.095 0.1000000015
116087  -38.563  -63.022  23.052 0.1000000015
17166  -39.062  -62.982  22.298 0.1000000015
16301  -37.927  -63.677  22.687 0.1000000015
16316  -38.273  -63.366  22.056 0.1000000015
16330  -41.140  -63.729  21.380 0.1000000015
16329  -40.536  -63.380  21.998 0.1000000015
14443  -40.801  -64.994  26.419 0.1000000015
15409  -38.137  -64.325  23.832 0.1000000015
14461  -38.923  -65.299  24.722 0.1000000015
121500  -41.268  -63.561  22.251 0.1000000015
14455  -39.493  -65.220  25.444 0.1000000015
14445  -43.013  -65.786  26.569 0.1000000015
16288  -46.914  -63.706  27.191 0.1000000015
16287  -45.048  -63.755  27.378 0.1000000015
15388  -44.259  -64.487  27.260 0.1000000015
12767  -39.342  -68.110  22.732 0.1000000015
11956  -36.067  -68.124  21.652 0.1000000015
12779  -36.235  -67.264  21.546 0.1000000015
12778  -35.535  -67.556  21.164 0.1000000015
13626  -36.211  -66.018  19.269 0.1000000015
14534  -36.819  -65.544  18.902 0.1000000015
121934  -37.188  -66.008  18.599 0.1000000015
16368  -39.021  -63.678  19.603 0.1000000015
121236  -37.523  -64.626  21.735 0.1000000015
108038  -40.015  -63.395  21.091 0.1000000015
16327  -38.735  -63.221  21.389 0.1000000015
16302  -38.177  -63.564  23.507 0.1000000015
107921  -46.204  -64.245  27.155 0.1000000015
4003  -34.761  -80.573  7.719 0.1000000015
3992  -34.408  -80.340  8.426 0.1000000015
4032  -31.990  -80.940  4.786 0.1000000015
121657  -32.820  -81.437  4.867 0.1000000015
4033  -33.307  -81.038  4.062 0.1000000015
3548  -33.705  -81.677  4.555 0.1000000015
113869  -34.497  -81.753  6.953 0.1000000015
4548  -31.156  -80.321  4.334 0.1000000015
5132  -30.315  -79.034  3.460 0.1000000015
5150  -29.665  -78.799  2.733 0.1000000015
4519  -34.300  -79.958  7.992 0.1000000015
118828  -33.438  -79.513  9.121 0.1000000015
113296  -34.570  -80.162  6.961 0.1000000015
3535  -34.100  -82.008  5.221 0.1000000015
3519  -34.493  -81.785  6.150 0.1000000015
4002  -34.937  -81.089  6.921 0.1000000015
4510  -33.939  -79.931  8.992 0.1000000015
3518  -33.653  -82.323  5.859 0.1000000015
4047  -32.447  -80.309  3.935 0.1000000015
5133  -31.289  -78.641  3.400 0.1000000015
5151  -30.192  -78.165  3.087 0.1000000015
6960  -30.185  -75.081  9.785 0.1000000015
5693  -30.086  -77.619  10.643 0.1000000015
6972  -30.992  -74.979  9.095 0.1000000015
4509  -33.589  -79.481  8.369 0.1000000015
5084  -32.975  -79.140  8.699 0.1000000015
5070  -32.131  -79.081  9.048 0.1000000015
5069  -31.223  -78.838  9.484 0.1000000015
5068  -30.456  -78.376  10.058 0.1000000015
5702  -30.017  -77.577  9.629 0.1000000015
4518  -33.794  -79.475  7.415 0.1000000015
4496  -32.067  -79.389  10.009 0.1000000015
4528  -33.997  -79.456  6.442 0.1000000015
4498  -33.617  -79.760  9.735 0.1000000015
120874  -34.958  -80.995  5.394 0.1000000015
4012  -35.033  -80.963  6.164 0.1000000015
119500  -31.558  -79.523  3.740 0.1000000015
7670  -31.563  -74.408  9.253 0.1000000015
6311  -29.818  -76.055  9.890 0.1000000015
7669  -30.782  -74.313  9.566 0.1000000015
5083  -31.351  -78.563  8.515 0.1000000015
5709  -30.833  -78.058  8.036 0.1000000015
5082  -30.582  -78.073  8.950 0.1000000015
111310  -32.181  -78.765  8.125 0.1000000015
5085  -33.012  -78.977  7.786 0.1000000015
4023  -34.418  -81.493  4.615 0.1000000015
4034  -33.998  -81.420  3.873 0.1000000015
4048  -33.454  -80.489  3.338 0.1000000015
4561  -33.069  -79.879  3.000 0.1000000015
4529  -34.757  -80.183  5.913 0.1000000015
6303  -29.689  -76.278  10.665 0.1000000015
6312  -29.882  -76.742  9.244 0.1000000015
4539  -34.762  -80.498  4.845 0.1000000015
5685  -29.823  -76.818  11.097 0.1000000015
5096  -33.199  -78.878  6.889 0.1000000015
5106  -33.378  -78.754  6.003 0.1000000015
6296  -29.692  -76.043  11.350 0.1000000015
5114  -33.715  -78.516  5.235 0.1000000015
5740  -33.926  -77.745  4.897 0.1000000015
6383  -34.324  -77.131  4.788 0.1000000015
6320  -30.398  -76.716  8.498 0.1000000015
5094  -31.475  -78.237  7.630 0.1000000015
5104  -31.780  -77.901  6.886 0.1000000015
5113  -32.940  -78.159  5.830 0.1000000015
5722  -32.526  -77.550  6.309 0.1000000015
5731  -33.192  -77.628  5.568 0.1000000015
6348  -31.821  -77.144  6.951 0.1000000015
5714  -30.797  -76.873  7.887 0.1000000015
5715  -31.186  -77.462  7.549 0.1000000015
6349  -32.531  -76.723  6.544 0.1000000015
5105  -32.613  -78.290  6.473 0.1000000015
3520  -34.644  -81.518  5.510 0.1000000015
3981  -34.306  -80.511  9.113 0.1000000015
4049  -33.853  -80.788  3.436 0.1000000015
4497  -33.039  -79.445  9.608 0.1000000015
5095  -32.269  -78.499  7.233 0.1000000015
5692  -29.749  -76.881  10.190 0.1000000015
5708  -30.577  -77.414  8.218 0.1000000015
6952  -39.059  -76.090  11.686 0.1000000015
7631  -39.678  -75.227  14.138 0.1000000015
7639  -36.852  -75.448  12.541 0.1000000015
8348  -31.317  -73.843  9.571 0.1000000015
8385  -35.982  -72.930  6.057 0.1000000015
8401  -37.549  -73.745  4.783 0.1000000015
8440  -38.084  -73.039  2.290 0.1000000015
9078  -36.156  -73.098  7.573 0.1000000015
9114  -36.827  -72.397  3.470 0.1000000015
9871  -37.598  -71.302  1.655 0.1000000015
10478  -42.468  -70.951  15.689 0.3000000119
10495  -41.940  -71.181  13.621 0.3000000119
10521  -36.411  -70.749  10.650 0.2000000030
11195  -44.447  -69.629  18.266 0.3000000119
11271  -41.708  -69.651  12.644 0.4000000060
11280  -39.905  -70.185  11.934 0.1000000015
11355  -34.324  -69.437  6.018 0.1000000015
12114  -32.215  -68.410  6.851 0.1000000015
12821  -44.112  -68.331  18.879 0.1000000015
12859  -41.890  -67.066  13.989 0.4000000060
12924  -38.345  -68.074  8.452 0.1000000015
12933  -34.038  -67.379  7.369 0.1000000015
12934  -35.036  -67.298  7.301 0.1000000015
12937  -39.188  -67.824  7.791 0.1000000015
13745  -40.567  -66.204  8.718 0.1000000015
13762  -33.636  -66.831  7.256 0.1000000015
13765  -36.950  -66.275  7.354 0.1000000015
13768  -39.971  -67.008  8.053 0.1000000015
14650  -36.361  -65.696  7.170 0.1000000015
14651  -37.329  -65.825  7.332 0.1000000015
14655  -41.602  -65.491  8.282 0.1000000015
14665  -36.590  -65.326  6.671 0.1000000015
14679  -35.631  -65.647  5.917 0.1000000015
14682  -40.342  -65.547  4.892 0.1000000015
14701  -40.957  -65.902  4.202 0.1000000015
15389  -45.394  -64.691  27.009 0.1000000015
15397  -41.345  -64.467  26.890 0.1000000015
15508  -42.913  -64.192  16.516 0.5000000000
15612  -38.974  -64.885  6.516 0.1000000015
15615  -42.148  -65.350  6.391 0.1000000015
15616  -43.100  -64.675  6.502 0.1000000015
15634  -39.649  -65.094  5.748 0.1000000015
16481  -40.200  -63.448  9.396 0.1000000015
16499  -43.396  -64.126  7.051 0.1000000015
16533  -43.894  -63.562  5.233 0.1000000015
17348  -43.644  -63.682  6.394 0.1000000015
17376  -44.109  -63.100  5.776 0.1000000015
18985  -43.379  -60.547  13.301 0.2000000030
19784  -45.582  -60.033  11.357 0.2000000030
19840  -43.755  -59.494  5.789 0.1000000015
20588  -50.059  -58.873  14.098 0.4000000060
20730  -46.446  -58.800  3.620 0.1000000015
21543  -48.620  -57.612  9.024 0.1000000015
22415  -49.072  -56.793  8.782 0.1000000015
22490  -47.546  -55.799  2.985 0.1000000015
23219  -50.503  -55.047  10.946 0.1000000015
24140  -47.620  -54.431  3.715 0.1000000015
24995  -50.966  -53.908  10.110 0.1000000015
25007  -48.381  -54.391  8.995 0.1000000015
25075  -47.654  -54.067  3.736 0.1000000015
104736  -49.788  -53.726  8.453 0.1000000015
106394  -30.147  -77.340  8.846 0.1000000015
107745  -43.229  -63.077  4.047 0.1000000015
109253  -33.009  -70.367  5.641 0.1000000015
111866  -39.466  -65.830  7.524 0.1000000015
112181  -32.820  -68.832  6.869 0.1000000015
112218  -44.678  -68.854  18.825 0.2000000030
112675  -32.090  -70.567  5.664 0.1000000015
113840  -41.218  -48.837  15.851 0.1000000015
115382  -38.567  -61.763  10.196 0.1000000015
116544  -38.302  -64.939  6.017 0.1000000015
117022  -41.974  -63.672  22.460 0.1000000015
119216  -49.625  -58.073  10.920 0.1000000015
120015  -36.975  -65.154  6.119 0.1000000015
120331  -43.559  -60.329  3.014 0.1000000015
120993  -51.188  -53.488  10.517 0.1000000015
122664  -44.316  -54.246  2.272 0.1000000015
122947  -39.608  -62.153  15.489 0.1000000015
123312  -36.086  -64.621  10.820 0.1000000015
123672  -45.939  -61.161  11.912 0.3000000119
124163  -49.232  -52.549  8.840 0.1000000015
124198  -46.116  -63.449  15.038 0.4000000060
124978  -43.980  -60.087  5.682 0.1000000015
125113  -33.377  -79.711  10.095 0.1000000015
