#!ascii label  , from subject sub-v1s6x0051362_ses-1 vox2ras=TkReg
804
55912  -23.775  -19.606  8.410 0.4285714328
57658  -24.641  -17.817  7.542 0.2857142985
119341  -24.179  -18.418  7.571 0.4285714328
57643  -25.089  -17.910  8.266 0.4285714328
57644  -25.686  -17.753  8.593 0.4285714328
57677  -25.046  -17.116  7.101 0.2857142985
57659  -25.390  -17.355  7.940 0.4285714328
105353  -25.756  -16.660  7.540 0.4285714328
122792  -25.231  -16.049  6.117 0.4285714328
58589  -26.174  -16.039  7.024 0.4285714328
59544  -25.923  -15.170  5.775 0.4285714328
60419  -26.574  -14.793  5.884 0.4285714328
123914  -25.709  -14.631  4.333 0.5714285970
60429  -26.066  -14.511  5.242 0.5714285970
60430  -26.909  -14.263  5.436 0.4285714328
60431  -27.757  -14.028  5.689 0.2857142985
61293  -27.143  -13.411  3.993 0.7142857313
61272  -27.352  -13.636  4.924 0.7142857313
62075  -28.813  -12.979  4.754 0.7142857313
61294  -27.926  -13.104  4.422 0.7142857313
62093  -29.337  -12.294  4.472 0.5714285970
62092  -28.414  -12.496  4.021 0.5714285970
62951  -28.699  -11.902  3.670 0.5714285970
62965  -28.873  -11.172  3.787 0.5714285970
62952  -29.364  -11.537  4.275 0.5714285970
122644  -28.346  -11.942  3.130 0.5714285970
62937  -30.034  -11.738  4.750 0.4285714328
63815  -29.645  -10.101  4.403 0.5714285970
64668  -30.353  -9.498  4.699 0.5714285970
122388  -28.450  -10.691  3.432 0.7142857313
64657  -30.996  -9.021  5.165 0.5714285970
63825  -28.962  -10.383  3.971 0.5714285970
64688  -27.307  -10.453  2.800 0.5714285970
65575  -28.791  -8.968  3.931 0.8571428657
65561  -30.237  -8.610  4.811 0.7142857313
107539  -27.882  -9.131  3.567 0.7142857313
66370  -29.986  -7.836  4.990 0.7142857313
65549  -31.263  -8.309  5.664 0.5714285970
65560  -29.123  -8.244  4.218 0.7142857313
66354  -30.401  -7.378  5.451 0.5714285970
66369  -29.355  -7.640  4.621 0.7142857313
66355  -30.975  -6.990  5.854 0.5714285970
65559  -28.720  -7.601  4.245 0.5714285970
66353  -29.638  -7.004  5.185 0.7142857313
67957  -30.162  -5.635  5.905 0.7142857313
67146  -30.284  -6.571  5.678 0.7142857313
67162  -28.388  -6.303  4.617 0.7142857313
67145  -29.038  -6.286  5.154 0.7142857313
112611  -29.684  -6.219  5.492 0.7142857313
68775  -30.334  -4.843  6.154 0.7142857313
66367  -28.259  -7.006  4.247 0.5714285970
68764  -30.774  -4.393  6.465 0.5714285970
69626  -30.587  -3.600  6.496 0.5714285970
68794  -28.547  -5.461  5.028 0.8571428657
113883  -29.369  -3.929  5.689 0.7142857313
68773  -28.972  -4.795  5.420 0.8571428657
71334  -29.446  -1.828  6.148 0.8571428657
70483  -30.385  -2.782  6.565 0.5714285970
69636  -29.446  -3.081  5.776 0.8571428657
69635  -28.776  -3.261  5.545 0.8571428657
68772  -28.456  -4.149  5.263 0.8571428657
71320  -29.136  -1.139  6.216 0.8571428657
72160  -29.456  -0.727  6.692 0.8571428657
73021  -28.844  0.572  7.041 0.8571428657
70494  -29.127  -2.461  5.753 0.8571428657
72159  -28.911  -0.460  6.418 0.8571428657
72158  -28.310  -0.101  6.300 1.0000000000
121303  -28.718  0.100  6.622 1.0000000000
71333  -28.721  -1.694  5.815 0.8571428657
73036  -28.239  0.592  6.617 1.0000000000
73838  -27.534  1.341  6.498 1.0000000000
74594  -26.268  2.558  6.251 0.7142857313
73822  -28.334  1.273  7.079 1.0000000000
74596  -27.811  2.040  7.065 1.0000000000
76830  -27.012  5.657  7.247 1.0000000000
76841  -26.403  5.547  6.758 0.8571428657
109601  -27.074  6.806  7.485 0.8571428657
79909  -27.832  9.765  7.914 0.8571428657
79923  -27.993  8.869  8.113 0.8571428657
79099  -27.401  8.241  7.794 1.0000000000
82147  -27.750  11.848  7.969 0.8571428657
81431  -28.246  11.318  8.198 0.8571428657
112603  -26.488  11.096  7.532 0.5714285970
104779  -26.989  12.829  7.394 0.7142857313
82817  -27.784  13.437  7.529 0.5714285970
111124  -25.697  12.155  7.394 0.5714285970
81443  -25.913  11.608  7.395 0.5714285970
82160  -25.351  12.691  7.444 0.4285714328
82815  -25.414  13.281  7.190 0.4285714328
108861  -25.507  13.759  6.931 0.4285714328
108994  -24.647  12.890  8.575 0.2857142985
82798  -24.782  13.322  9.017 0.2857142985
119779  -29.346  -10.848  4.241 0.5714285970
65548  -30.642  -8.142  5.287 0.5714285970
68774  -29.724  -4.808  5.790 0.7142857313
68763  -30.141  -4.131  6.075 0.7142857313
70482  -29.762  -2.546  6.140 0.8571428657
71321  -29.639  -1.326  6.528 0.8571428657
73037  -29.212  -0.066  6.869 0.8571428657
75336  -27.325  3.663  7.118 0.8571428657
82789  -25.897  13.064  11.424 0.1428571492
56784  -23.854  -18.081  6.988 0.2857142985
58587  -24.665  -16.799  6.493 0.2857142985
58588  -25.364  -16.426  6.632 0.4285714328
59530  -26.546  -15.289  6.555 0.4285714328
58604  -24.632  -16.287  5.938 0.2857142985
60428  -25.377  -14.956  5.019 0.5714285970
61292  -26.461  -14.113  4.383 0.5714285970
61273  -28.219  -13.474  5.210 0.4285714328
61305  -26.436  -13.672  3.556 0.2857142985
62091  -27.692  -12.864  3.511 0.7142857313
62977  -27.906  -11.887  2.795 0.5714285970
62938  -30.697  -11.036  5.012 0.4285714328
63836  -27.938  -11.010  2.913 0.7142857313
62953  -29.925  -10.969  4.566 0.7142857313
63816  -30.359  -10.343  4.693 0.5714285970
64667  -29.584  -9.011  4.357 0.7142857313
111072  -29.672  -8.246  4.579 0.7142857313
64678  -27.346  -9.703  3.099 0.5714285970
122675  -27.903  -10.136  3.242 0.5714285970
67130  -30.907  -6.166  6.144 0.5714285970
65573  -27.448  -8.093  3.625 0.5714285970
117930  -30.994  -7.674  5.637 0.5714285970
66368  -28.899  -6.980  4.681 0.7142857313
67956  -29.345  -5.544  5.480 0.7142857313
103800  -30.138  -1.876  6.657 0.5714285970
70493  -28.233  -2.516  5.593 1.0000000000
72171  -27.643  -0.448  5.899 1.0000000000
74595  -27.062  2.292  6.571 0.8571428657
110981  -25.949  3.869  6.263 0.7142857313
75337  -27.999  3.888  7.664 1.0000000000
76061  -26.883  4.949  6.916 0.7142857313
108655  -27.447  4.449  7.283 1.0000000000
77606  -27.215  6.200  7.459 0.8571428657
79922  -27.262  9.140  7.468 0.8571428657
78354  -27.578  7.371  7.956 1.0000000000
81430  -27.427  11.229  7.856 0.7142857313
82161  -26.051  12.729  7.314 0.7142857313
81442  -25.109  12.109  7.420 0.4285714328
82804  -24.894  13.423  7.989 0.2857142985
83461  -24.877  13.844  6.842 0.4285714328
82816  -26.431  13.489  7.211 0.4285714328
120211  -24.809  13.796  7.185 0.4285714328
62104  -27.390  -12.648  2.798 0.4285714328
62115  -27.170  -12.020  2.556 0.4285714328
82814  -25.071  13.305  7.349 0.4285714328
56768  -24.029  -18.947  7.967 0.4285714328
56769  -24.623  -18.414  8.194 0.4285714328
118289  -23.521  -18.671  7.281 0.2857142985
57676  -24.174  -17.402  6.604 0.2857142985
59543  -25.130  -15.650  5.569 0.2857142985
59529  -25.738  -15.773  6.300 0.4285714328
62978  -28.412  -11.492  3.218 0.5714285970
64680  -29.088  -9.641  4.077 0.7142857313
63802  -30.993  -10.017  4.991 0.5714285970
64679  -28.508  -9.818  3.700 0.7142857313
65574  -28.388  -8.239  3.889 0.5714285970
66379  -28.113  -7.602  3.956 0.7142857313
69625  -29.969  -3.324  6.076 0.8571428657
69634  -27.962  -3.385  5.314 0.8571428657
72172  -28.510  -0.844  6.029 1.0000000000
73837  -26.663  1.797  6.061 1.0000000000
114326  -26.565  3.230  6.603 0.8571428657
80665  -28.001  10.586  8.163 0.8571428657
80679  -27.238  10.478  7.621 0.8571428657
81444  -26.761  12.003  7.568 0.7142857313
82162  -27.764  12.534  7.793 0.7142857313
81441  -24.673  11.838  7.848 0.4285714328
82159  -24.915  12.618  7.839 0.4285714328
82142  -24.470  12.625  9.313 0.2857142985
82792  -24.996  12.975  9.902 0.2857142985
82793  -25.662  13.340  10.463 0.1428571492
61306  -27.093  -13.260  3.191 0.2857142985
76062  -26.697  4.159  6.713 1.0000000000
106137  -23.279  15.651  5.638 0.2857142985
84798  -22.521  15.347  5.253 0.1428571492
103075  -24.237  15.114  6.057 0.2857142985
84813  -24.431  16.106  5.225 0.2857142985
124454  -23.691  15.132  5.581 0.1428571492
85447  -23.007  17.372  6.170 0.1428571492
83451  -24.712  14.132  7.740 0.1428571492
84133  -24.398  14.725  6.174 0.2857142985
84117  -24.357  14.777  7.556 0.1428571492
114094  -26.539  16.625  5.871 0.2857142985
84799  -24.673  15.412  5.727 0.2857142985
83483  -30.266  14.426  5.384 0.2857142985
84136  -28.388  15.465  6.469 0.2857142985
111928  -23.981  16.355  7.195 0.1428571492
83470  -25.296  14.251  6.602 0.2857142985
83465  -29.263  14.095  7.214 0.2857142985
107814  -26.363  15.496  6.420 0.2857142985
84134  -25.099  14.829  6.117 0.2857142985
82172  -30.483  12.578  6.478 0.1428571492
83473  -28.826  14.788  6.864 0.2857142985
84135  -27.369  15.540  6.522 0.2857142985
84778  -24.099  15.445  7.351 0.1428571492
83471  -26.458  14.790  6.731 0.2857142985
80696  -31.051  10.515  5.249 0.1428571492
81457  -30.652  11.879  5.884 0.1428571492
82825  -29.959  13.798  6.792 0.4285714328
83464  -28.345  14.226  7.299 0.2857142985
79924  -30.517  9.461  7.692 0.2857142985
81445  -29.604  11.319  7.868 0.4285714328
82818  -28.782  13.610  7.538 0.2857142985
83462  -26.149  14.129  6.991 0.2857142985
78337  -30.973  7.978  7.996 0.1428571492
115401  -30.442  10.858  7.110 0.2857142985
82163  -28.665  12.877  7.828 0.4285714328
114736  -29.254  10.045  8.437 0.5714285970
82148  -28.479  12.052  8.115 0.7142857313
112423  -30.714  7.232  8.345 0.1428571492
114798  -30.135  7.921  8.450 0.1428571492
81432  -28.999  11.405  8.241 0.7142857313
79911  -29.762  9.382  8.330 0.4285714328
76816  -31.088  5.885  8.488 0.2857142985
77593  -30.502  6.478  8.530 0.7142857313
121250  -28.542  9.958  8.402 0.7142857313
77607  -27.817  6.477  7.867 0.8571428657
110520  -29.223  6.969  8.475 0.8571428657
79910  -29.014  9.344  8.584 0.5714285970
76050  -31.425  4.555  8.554 0.2857142985
115504  -31.053  5.228  8.594 0.2857142985
79082  -28.713  8.676  8.538 0.7142857313
79100  -28.203  8.022  8.314 0.8571428657
75329  -31.786  3.728  8.555 0.1428571492
76814  -29.090  5.585  8.379 0.7142857313
106395  -25.734  -1.012  4.574 0.5714285970
73849  -26.891  0.958  5.968 0.8571428657
73046  -26.330  0.484  5.429 0.4285714328
76831  -27.572  5.226  7.451 0.8571428657
109159  -28.433  3.219  7.841 0.8571428657
76832  -28.193  5.706  7.888 0.8571428657
74565  -31.167  2.991  8.637 0.2857142985
76048  -29.475  4.741  8.449 0.8571428657
115647  -32.399  2.199  8.541 0.4285714328
75327  -29.855  3.881  8.527 0.7142857313
71341  -25.375  -1.667  3.991 0.2857142985
72170  -26.699  -0.407  5.575 0.5714285970
72180  -26.007  -0.284  5.028 0.5714285970
73035  -27.625  0.443  6.220 0.8571428657
120347  -28.094  2.648  7.501 0.8571428657
119515  -27.817  3.242  7.491 0.8571428657
76063  -28.346  4.788  7.915 0.8571428657
74581  -30.509  2.284  8.526 0.4285714328
121352  -29.258  3.025  8.267 0.8571428657
76064  -28.853  3.918  8.177 0.8571428657
73808  -31.474  2.049  8.586 0.4285714328
112251  -26.702  -5.388  3.516 0.7142857313
68804  -25.884  -4.108  3.337 0.4285714328
67984  -27.265  -5.842  3.854 0.7142857313
112418  -27.834  -3.964  4.776 0.8571428657
69653  -26.682  -3.469  3.857 0.5714285970
70505  -26.149  -2.663  3.980 0.5714285970
70522  -25.431  -2.456  3.641 0.4285714328
70492  -27.500  -2.748  5.220 0.8571428657
70506  -26.896  -2.629  4.505 0.5714285970
124621  -28.127  -1.920  5.674 0.8571428657
71332  -27.130  -1.228  5.564 0.7142857313
71331  -26.354  -1.162  5.162 0.5714285970
72147  -29.815  -0.303  7.231 0.7142857313
73022  -29.553  0.440  7.352 0.7142857313
73823  -29.201  1.308  7.538 0.7142857313
74580  -29.214  2.185  7.927 0.8571428657
72133  -32.034  -0.305  8.460 0.2857142985
73825  -30.766  0.713  8.226 0.4285714328
67171  -26.464  -6.671  3.265 0.4285714328
67983  -26.112  -5.950  3.030 0.4285714328
122519  -28.479  -4.797  5.111 0.7142857313
68793  -27.992  -4.726  4.644 0.7142857313
72161  -30.021  -1.050  7.043 0.7142857313
72148  -31.408  -0.909  7.990 0.2857142985
108278  -30.623  -0.512  7.572 0.5714285970
65572  -26.492  -8.146  3.186 0.5714285970
67172  -27.098  -6.591  3.690 0.5714285970
120446  -26.714  -6.093  3.481 0.5714285970
115424  -31.058  -3.113  6.983 0.4285714328
71307  -30.748  -1.421  7.384 0.4285714328
63835  -26.596  -10.739  2.530 0.5714285970
68765  -31.443  -4.661  6.736 0.4285714328
68750  -31.894  -4.266  7.213 0.4285714328
60420  -27.289  -14.593  6.329 0.1428571492
67945  -31.611  -5.861  6.487 0.4285714328
120118  -31.672  -5.250  6.654 0.4285714328
68766  -32.090  -4.921  6.960 0.4285714328
104598  -28.428  -13.772  5.833 0.1428571492
61261  -28.901  -13.677  6.342 0.1428571492
62077  -30.520  -11.928  5.410 0.2857142985
64644  -32.445  -9.661  6.546 0.2857142985
66338  -33.083  -8.182  6.914 0.2857142985
66337  -32.336  -7.901  6.561 0.2857142985
64658  -31.433  -9.640  5.623 0.4285714328
67132  -32.998  -7.249  6.928 0.2857142985
65531  -31.792  -8.481  6.224 0.2857142985
123847  -32.649  -6.755  6.751 0.2857142985
67131  -32.326  -6.297  6.656 0.4285714328
60421  -28.163  -14.127  6.439 0.1428571492
61262  -29.602  -13.273  5.999 0.2857142985
62059  -30.243  -12.691  5.820 0.2857142985
62925  -32.266  -11.585  6.841 0.2857142985
63792  -32.545  -10.546  6.729 0.2857142985
63791  -31.849  -10.106  6.209 0.2857142985
63803  -31.299  -10.527  5.645 0.2857142985
61248  -29.522  -13.562  6.860 0.1428571492
61250  -31.361  -13.017  7.092 0.2857142985
106311  -30.152  -13.214  6.460 0.2857142985
62060  -30.934  -12.235  6.145 0.2857142985
113627  -31.554  -11.815  6.430 0.2857142985
58556  -26.161  -17.001  8.388 0.2857142985
59519  -26.860  -15.574  7.408 0.1428571492
60406  -27.841  -14.548  7.155 0.1428571492
55913  -24.624  -19.143  8.776 0.2857142985
54996  -24.276  -19.880  9.002 0.2857142985
58576  -26.518  -16.242  7.873 0.2857142985
55894  -25.000  -19.809  9.486 0.1428571492
54995  -23.586  -20.379  8.781 0.2857142985
54075  -23.818  -21.037  9.191 0.1428571492
61263  -30.835  -12.969  6.603 0.2857142985
123329  -31.873  -12.081  6.766 0.2857142985
63774  -32.969  -9.862  6.891 0.2857142985
62924  -31.740  -10.995  6.295 0.2857142985
65532  -32.513  -8.820  6.577 0.2857142985
111389  -31.481  -8.943  5.757 0.4285714328
66336  -31.562  -7.584  6.159 0.4285714328
108817  -32.232  -7.073  6.547 0.2857142985
67116  -33.036  -6.452  7.036 0.2857142985
68805  -26.727  -4.481  3.621 0.7142857313
67946  -32.227  -5.550  6.777 0.4285714328
118275  -26.827  -1.908  5.128 0.5714285970
70470  -30.857  -2.300  7.194 0.4285714328
71308  -31.652  -1.872  7.918 0.2857142985
115231  -31.248  -0.270  8.137 0.5714285970
78353  -26.920  7.623  7.322 0.7142857313
114120  -29.854  1.746  8.208 0.7142857313
119325  -27.573  5.847  7.558 0.8571428657
121072  -28.433  9.330  8.409 0.7142857313
115326  -31.329  1.194  8.502 0.2857142985
77591  -28.740  6.366  8.296 0.8571428657
83463  -27.200  14.198  7.161 0.2857142985
79084  -30.316  8.683  8.124 0.4285714328
80668  -29.952  10.125  8.110 0.4285714328
121770  -24.427  16.437  8.044 0.1428571492
82820  -30.265  13.134  6.927 0.2857142985
81455  -30.460  11.710  6.767 0.1428571492
84801  -26.977  16.169  6.209 0.2857142985
55914  -25.414  -18.979  9.367 0.1428571492
55925  -23.223  -19.298  7.679 0.2857142985
57645  -26.285  -17.636  8.875 0.1428571492
60408  -29.640  -14.094  7.485 0.1428571492
60409  -30.329  -14.246  7.692 0.1428571492
125080  -29.974  -12.313  5.084 0.2857142985
62923  -31.086  -11.414  5.857 0.2857142985
64645  -32.923  -9.331  6.814 0.2857142985
109868  -33.597  -5.926  7.435 0.2857142985
68806  -27.380  -5.000  3.967 0.7142857313
69669  -25.677  -3.233  3.454 0.4285714328
67115  -32.852  -5.802  7.048 0.4285714328
72193  -25.150  -0.737  4.131 0.2857142985
122747  -25.772  -2.212  4.055 0.5714285970
67931  -32.707  -5.193  7.216 0.2857142985
67944  -30.961  -5.262  6.401 0.4285714328
72179  -25.506  -0.241  4.568 0.2857142985
69614  -32.433  -3.940  7.584 0.1428571492
117376  -32.307  -2.660  7.963 0.4285714328
70471  -31.520  -2.683  7.500 0.4285714328
74579  -28.557  2.003  7.478 0.8571428657
71309  -32.831  -1.894  8.411 0.1428571492
73023  -30.301  0.246  7.629 0.5714285970
73009  -31.568  0.443  8.442 0.2857142985
73824  -30.642  1.473  8.406 0.5714285970
74564  -30.216  3.062  8.580 0.7142857313
74567  -32.875  2.739  8.424 0.2857142985
75330  -32.607  3.501  8.361 0.1428571492
83460  -24.454  14.202  6.916 0.2857142985
75328  -30.850  3.831  8.638 0.4285714328
74566  -32.080  2.892  8.543 0.4285714328
76818  -32.371  5.081  8.024 0.1428571492
76817  -31.724  5.290  8.324 0.1428571492
77594  -31.179  6.572  8.279 0.1428571492
124460  -31.357  7.663  7.617 0.1428571492
79083  -29.511  8.630  8.515 0.5714285970
78338  -31.320  7.221  7.935 0.1428571492
79101  -30.898  8.690  7.619 0.1428571492
82819  -29.588  13.194  7.422 0.2857142985
81446  -30.091  11.556  7.432 0.2857142985
119728  -30.388  10.243  7.521 0.2857142985
79940  -30.833  9.965  6.880 0.1428571492
80694  -30.979  9.918  5.825 0.1428571492
80693  -30.618  10.836  6.108 0.1428571492
83475  -30.140  14.175  6.088 0.2857142985
109170  -30.438  13.987  5.081 0.2857142985
82832  -30.535  13.439  5.310 0.1428571492
82182  -30.680  12.874  4.772 0.1428571492
57629  -26.765  -17.900  9.294 0.1428571492
59521  -28.391  -14.810  7.792 0.1428571492
65533  -33.148  -8.865  6.954 0.2857142985
72134  -32.961  -0.363  8.575 0.2857142985
81462  -30.774  11.459  4.583 0.1428571492
83489  -30.315  14.482  4.562 0.2857142985
56770  -25.242  -18.409  8.759 0.1428571492
61274  -28.968  -13.378  5.525 0.2857142985
62076  -29.540  -12.835  5.231 0.2857142985
67161  -27.753  -6.417  4.116 0.5714285970
66378  -27.598  -7.168  3.852 0.4285714328
69627  -31.261  -3.904  6.867 0.4285714328
67975  -27.890  -5.618  4.368 0.7142857313
73047  -27.013  0.233  5.896 0.8571428657
111495  -27.974  -1.352  5.742 0.8571428657
74578  -27.403  2.842  7.109 0.8571428657
109993  -27.054  9.834  7.374 0.5714285970
80666  -28.734  10.677  8.352 0.7142857313
59531  -27.195  -14.996  7.062 0.1428571492
104178  -27.252  -11.308  2.606 0.5714285970
114782  -31.583  -6.659  6.321 0.4285714328
78355  -28.453  7.156  8.313 0.8571428657
119186  -24.625  14.394  6.444 0.2857142985
105073  -23.501  16.082  6.202 0.1428571492
84814  -25.576  16.519  5.670 0.2857142985
84786  -23.989  15.183  6.275 0.1428571492
84125  -24.170  14.690  6.681 0.1428571492
84800  -25.899  15.888  6.093 0.2857142985
83482  -29.867  14.843  5.825 0.2857142985
84802  -27.973  16.173  6.139 0.2857142985
83474  -29.585  14.504  6.537 0.2857142985
82164  -30.179  12.430  7.218 0.2857142985
82175  -30.651  12.734  5.629 0.1428571492
83472  -27.805  14.873  6.881 0.2857142985
81458  -30.888  11.283  5.259 0.1428571492
104933  -30.863  12.098  5.061 0.1428571492
82826  -30.405  13.424  6.159 0.1428571492
82149  -29.416  12.134  7.794 0.5714285970
110583  -31.400  8.605  6.645 0.1428571492
80680  -30.027  10.807  7.728 0.4285714328
78336  -29.929  7.138  8.628 0.4285714328
76815  -30.233  5.583  8.594 0.5714285970
77592  -29.642  6.358  8.544 0.7142857313
115801  -29.181  7.795  8.571 0.7142857313
76049  -30.517  4.657  8.608 0.5714285970
73848  -26.215  1.357  5.548 0.4285714328
73055  -25.637  0.398  4.853 0.4285714328
123111  -28.708  2.608  7.801 0.8571428657
124899  -29.781  2.437  8.371 0.7142857313
68792  -27.404  -4.126  4.140 0.7142857313
69654  -27.400  -3.378  4.550 0.7142857313
71342  -26.154  -1.927  4.495 0.5714285970
70521  -24.814  -2.867  2.971 0.2857142985
122278  -27.175  -2.334  5.133 0.7142857313
107761  -27.539  -2.026  5.483 0.8571428657
109871  -30.048  0.974  7.851 0.7142857313
66377  -26.849  -7.350  3.482 0.5714285970
66391  -26.157  -7.334  3.020 0.5714285970
71297  -32.372  -1.093  8.431 0.2857142985
69613  -31.851  -3.438  7.475 0.4285714328
64643  -31.870  -9.276  6.213 0.2857142985
60407  -28.733  -14.075  7.224 0.1428571492
62061  -31.501  -12.508  6.761 0.2857142985
54979  -24.380  -20.537  9.326 0.1428571492
55895  -25.715  -19.515  9.711 0.1428571492
84770  -24.699  15.809  8.566 0.1428571492
57646  -26.833  -17.242  8.929 0.1428571492
84109  -24.913  14.818  8.613 0.1428571492
112052  -26.326  7.859  6.648 0.5714285970
77613  -26.086  6.319  6.624 0.4285714328
78362  -25.845  7.183  6.440 0.4285714328
76840  -25.767  5.561  6.323 0.4285714328
78363  -26.437  6.990  6.997 0.5714285970
75344  -25.488  3.742  5.931 0.4285714328
76073  -26.105  4.706  6.381 0.4285714328
111588  -25.473  4.830  6.011 0.4285714328
77605  -26.650  6.234  7.154 0.5714285970
74602  -25.830  2.270  5.735 0.5714285970
65519  -34.452  -8.104  7.720 0.1428571492
66321  -33.724  -7.698  7.442 0.1428571492
67117  -33.914  -6.751  7.550 0.1428571492
60459  -25.715  -14.319  3.787 0.2857142985
65521  -36.032  -8.827  7.553 0.1428571492
64625  -34.397  -8.996  7.746 0.1428571492
65535  -36.754  -8.767  7.031 0.1428571492
103426  -35.321  -8.479  7.760 0.1428571492
60448  -24.996  -14.823  4.206 0.2857142985
63775  -33.387  -10.335  7.262 0.1428571492
63777  -35.158  -10.252  8.066 0.1428571492
64624  -33.510  -9.426  7.296 0.1428571492
64626  -35.347  -9.425  7.868 0.1428571492
118315  -37.226  -10.032  6.443 0.1428571492
64627  -36.281  -9.490  7.521 0.1428571492
64669  -37.066  -9.762  3.947 0.1428571492
64659  -37.337  -9.801  5.543 0.1428571492
112000  -37.117  -9.142  4.010 0.1428571492
59561  -24.756  -15.338  4.802 0.2857142985
59560  -24.204  -15.253  4.558 0.2857142985
107150  -32.874  -12.062  7.348 0.1428571492
62907  -33.706  -11.789  7.595 0.1428571492
62906  -33.104  -11.208  7.251 0.1428571492
105909  -33.966  -10.942  7.601 0.1428571492
62908  -35.590  -11.102  8.087 0.1428571492
118500  -34.724  -10.748  7.992 0.1428571492
63778  -36.519  -10.342  7.470 0.1428571492
63794  -37.379  -10.599  5.902 0.1428571492
63804  -37.316  -10.797  4.516 0.1428571492
64681  -36.928  -10.112  3.313 0.1428571492
105316  -37.235  -10.096  4.606 0.1428571492
59541  -23.426  -15.766  4.989 0.2857142985
58603  -23.724  -16.411  5.514 0.2857142985
62048  -31.910  -12.928  7.296 0.1428571492
62050  -33.475  -12.633  7.703 0.1428571492
62051  -34.314  -12.327  7.977 0.1428571492
62890  -36.219  -11.825  7.897 0.1428571492
62889  -34.532  -11.483  7.959 0.1428571492
62927  -37.388  -11.477  6.147 0.1428571492
118047  -37.371  -10.467  5.153 0.1428571492
64689  -36.595  -10.144  2.515 0.1428571492
118536  -31.046  -13.379  7.229 0.1428571492
62049  -32.641  -12.820  7.474 0.1428571492
61251  -32.327  -13.501  7.651 0.1428571492
61253  -34.168  -13.284  8.180 0.1428571492
61252  -33.155  -13.427  7.862 0.1428571492
106608  -36.675  -13.222  7.517 0.1428571492
62052  -36.969  -12.698  7.249 0.1428571492
62027  -35.645  -12.178  8.166 0.1428571492
62063  -37.246  -12.139  6.768 0.1428571492
114203  -37.210  -11.203  3.811 0.1428571492
62939  -37.480  -11.915  5.271 0.1428571492
121425  -36.967  -10.875  2.958 0.1428571492
60411  -31.931  -14.136  7.882 0.1428571492
61249  -30.343  -13.559  7.189 0.1428571492
60390  -34.481  -14.249  8.347 0.1428571492
60412  -32.717  -14.134  8.139 0.1428571492
61229  -35.271  -13.628  8.296 0.1428571492
61265  -37.319  -13.457  6.285 0.1428571492
61264  -37.129  -13.935  6.705 0.1428571492
62064  -37.445  -12.968  5.906 0.1428571492
62094  -37.435  -12.329  4.477 0.1428571492
62053  -37.296  -12.830  6.553 0.1428571492
113623  -37.453  -12.338  5.992 0.1428571492
59508  -35.358  -15.379  8.197 0.1428571492
103915  -33.951  -14.806  8.393 0.1428571492
60414  -36.396  -14.850  7.529 0.1428571492
119935  -35.849  -14.938  8.041 0.1428571492
60423  -37.308  -14.123  5.995 0.1428571492
61254  -36.695  -13.980  7.408 0.1428571492
61275  -37.432  -13.481  5.470 0.1428571492
60392  -35.990  -14.249  8.025 0.1428571492
61230  -36.168  -13.438  7.959 0.1428571492
63837  -36.554  -10.923  1.837 0.1428571492
104007  -36.181  -10.294  1.497 0.1428571492
63817  -37.099  -10.466  3.866 0.1428571492
124175  -36.984  -10.193  6.934 0.1428571492
65518  -33.670  -8.549  7.408 0.1428571492
66322  -34.491  -7.361  7.729 0.1428571492
122000  -37.295  -11.880  3.881 0.1428571492
62966  -37.167  -11.771  3.123 0.1428571492
118570  -35.600  -9.855  1.149 0.1428571492
75345  -25.689  3.131  6.082 0.4285714328
118030  -36.808  -9.379  3.214 0.1428571492
65551  -37.271  -8.925  5.497 0.1428571492
79119  -25.938  8.735  6.498 0.4285714328
79921  -26.334  9.471  6.938 0.4285714328
82847  -30.321  13.963  3.854 0.1428571492
79098  -26.764  8.516  7.010 0.4285714328
59542  -24.279  -15.834  5.118 0.2857142985
84147  -30.103  15.087  5.067 0.1428571492
62062  -32.153  -12.326  7.115 0.1428571492
114195  -31.604  -13.490  7.466 0.1428571492
121962  -33.286  -5.392  7.390 0.1428571492
68751  -32.590  -4.540  7.425 0.1428571492
111658  -36.886  -9.655  6.987 0.1428571492
64646  -37.238  -9.242  6.340 0.1428571492
66323  -35.382  -7.539  7.702 0.1428571492
65534  -36.815  -7.834  6.773 0.1428571492
63776  -34.340  -10.012  7.748 0.1428571492
109912  -35.777  -10.102  7.848 0.1428571492
114659  -37.190  -9.380  4.694 0.1428571492
62909  -36.577  -11.244  7.507 0.1428571492
62026  -35.022  -11.955  8.203 0.1428571492
63793  -37.105  -10.765  6.790 0.1428571492
62926  -37.101  -11.516  6.972 0.1428571492
107356  -37.433  -11.125  5.256 0.1428571492
61228  -35.013  -12.706  8.253 0.1428571492
110604  -36.764  -12.010  7.415 0.1428571492
62954  -37.396  -11.531  4.526 0.1428571492
60413  -33.599  -14.136  8.261 0.1428571492
62028  -36.341  -12.611  7.836 0.1428571492
61255  -37.096  -13.366  7.002 0.1428571492
60391  -35.282  -14.590  8.296 0.1428571492
62078  -37.483  -12.719  5.249 0.1428571492
62106  -37.243  -12.636  3.497 0.1428571492
54094  -22.279  -21.342  8.235 0.1428571492
54108  -21.680  -21.169  7.727 0.1428571492
54994  -22.754  -20.581  8.423 0.1428571492
55911  -22.888  -19.920  8.198 0.1428571492
56783  -22.744  -18.930  6.949 0.1428571492
56802  -23.088  -18.322  6.632 0.1428571492
57675  -23.410  -17.769  6.416 0.1428571492
57694  -24.079  -16.794  6.100 0.1428571492
56801  -22.365  -18.413  6.525 0.1428571492
57692  -22.463  -17.194  5.764 0.1428571492
57693  -23.315  -17.186  5.875 0.1428571492
114931  -22.931  -16.550  5.442 0.1428571492
113082  -22.629  -15.990  5.307 0.1428571492
59559  -23.575  -14.932  4.558 0.1428571492
60447  -24.296  -14.543  4.197 0.2857142985
60458  -24.961  -14.161  3.735 0.1428571492
62103  -26.416  -12.986  2.942 0.2857142985
105487  -25.932  -10.183  2.495 0.4285714328
64677  -26.966  -8.986  3.180 0.4285714328
73847  -25.533  1.602  5.209 0.2857142985
122861  -25.454  2.880  5.667 0.2857142985
77628  -24.779  6.703  5.724 0.2857142985
78371  -25.150  7.417  5.978 0.2857142985
79118  -25.562  8.067  6.229 0.4285714328
60446  -23.671  -14.068  4.349 0.1428571492
61291  -24.212  -13.761  3.869 0.2857142985
61304  -25.647  -13.528  3.461 0.1428571492
55943  -22.107  -19.086  6.866 0.1428571492
57674  -21.987  -17.831  6.187 0.1428571492
121281  -22.345  -16.613  5.585 0.1428571492
59540  -22.887  -15.215  4.966 0.1428571492
60445  -23.048  -14.323  4.777 0.1428571492
61302  -23.939  -12.897  3.710 0.2857142985
61303  -24.760  -13.233  3.507 0.2857142985
62102  -25.369  -12.671  3.108 0.2857142985
62976  -26.432  -11.621  2.427 0.4285714328
124911  -25.937  -10.960  2.325 0.4285714328
64686  -25.169  -9.748  2.368 0.2857142985
73045  -25.802  0.962  5.108 0.2857142985
75363  -24.779  3.199  5.090 0.2857142985
75355  -25.279  3.369  5.594 0.2857142985
76072  -25.615  4.199  6.058 0.2857142985
76083  -24.845  5.024  5.630 0.2857142985
76861  -24.099  5.284  5.125 0.2857142985
77612  -25.437  6.468  6.212 0.2857142985
74610  -25.223  2.523  5.266 0.2857142985
73855  -24.842  1.677  4.729 0.2857142985
76082  -24.564  4.416  5.297 0.2857142985
121050  -24.912  3.765  5.391 0.2857142985
75354  -25.228  4.133  5.733 0.2857142985
74608  -23.957  3.119  4.465 0.2857142985
75362  -24.309  3.847  4.904 0.2857142985
64687  -26.694  -9.849  2.783 0.4285714328
62114  -26.674  -12.354  2.584 0.4285714328
55924  -22.416  -19.573  7.356 0.1428571492
76853  -25.119  5.730  5.933 0.2857142985
108011  -22.713  -17.808  6.153 0.1428571492
57691  -21.880  -16.992  5.858 0.1428571492
61290  -23.637  -13.326  4.170 0.2857142985
76852  -24.423  5.979  5.463 0.2857142985
62975  -25.496  -11.469  2.364 0.4285714328
103503  -23.533  3.965  4.453 0.2857142985
115718  -25.682  -8.040  2.798 0.2857142985
103213  -25.984  -9.095  2.790 0.2857142985
67183  -25.955  -6.682  2.867 0.2857142985
86083  -27.753  18.712  3.238 0.1428571492
85470  -28.994  17.286  3.644 0.1428571492
85458  -28.209  17.177  5.031 0.1428571492
84817  -29.248  16.253  5.113 0.1428571492
84153  -29.758  15.745  4.703 0.1428571492
85476  -28.470  18.215  2.723 0.1428571492
84816  -28.481  16.569  5.439 0.1428571492
86081  -23.432  19.246  3.375 0.1428571492
118769  -30.083  15.232  4.379 0.1428571492
84836  -29.347  16.656  3.237 0.1428571492
84146  -29.551  15.527  5.478 0.1428571492
84828  -28.857  16.940  4.667 0.1428571492
84137  -29.234  15.220  6.234 0.1428571492
84145  -28.841  15.899  5.850 0.1428571492
86071  -26.745  18.385  4.471 0.1428571492
86069  -24.375  18.386  3.845 0.1428571492
85455  -25.112  17.317  5.022 0.1428571492
85454  -23.521  16.275  4.179 0.1428571492
84827  -22.529  16.029  3.894 0.1428571492
84815  -27.515  16.870  5.637 0.1428571492
85469  -28.267  17.729  4.161 0.1428571492
85457  -27.529  17.645  4.897 0.1428571492
86091  -27.246  19.915  2.246 0.1428571492
85456  -26.484  17.488  5.369 0.1428571492
84829  -29.409  16.460  4.243 0.1428571492
74619  -24.089  2.081  4.198 0.1428571492
74609  -24.620  2.521  4.768 0.1428571492
76091  -23.751  4.606  4.769 0.1428571492
76858  -21.649  5.507  4.290 0.1428571492
76859  -22.305  5.575  4.298 0.1428571492
73054  -25.293  0.933  4.751 0.1428571492
76860  -23.189  5.434  4.717 0.1428571492
77625  -22.305  6.964  5.203 0.1428571492
77626  -23.076  7.160  5.051 0.1428571492
124774  -22.621  7.517  5.198 0.2857142985
69682  -25.121  -3.784  2.845 0.1428571492
72210  -24.236  -0.732  3.055 0.1428571492
124919  -24.660  -0.499  3.748 0.1428571492
73061  -24.162  0.691  3.730 0.1428571492
73809  -32.241  1.327  8.587 0.1428571492
74618  -23.429  2.665  3.690 0.1428571492
76851  -23.600  6.193  5.049 0.1428571492
78370  -24.404  7.689  5.544 0.1428571492
78369  -23.587  7.912  5.276 0.1428571492
78368  -22.829  8.033  5.179 0.2857142985
79117  -24.239  9.601  5.368 0.2857142985
80677  -24.444  11.080  6.710 0.2857142985
80676  -23.447  10.738  7.230 0.2857142985
80664  -24.266  11.231  7.631 0.2857142985
82138  -24.628  12.254  10.275 0.1428571492
124550  -25.077  8.887  6.127 0.2857142985
79126  -23.955  8.766  5.448 0.2857142985
79939  -25.136  9.601  6.326 0.2857142985
80678  -26.333  10.334  7.267 0.2857142985
80692  -24.869  10.392  6.407 0.2857142985
114143  -24.112  10.337  6.246 0.2857142985
121873  -25.427  11.024  7.059 0.2857142985
119178  -25.336  11.722  7.265 0.2857142985
82146  -24.350  12.280  8.621 0.1428571492
80663  -23.681  10.832  8.347 0.2857142985
83445  -25.087  14.026  8.717 0.1428571492
79918  -22.642  9.980  7.513 0.1428571492
113170  -22.281  7.759  5.500 0.2857142985
81429  -24.078  11.521  8.558 0.1428571492
113064  -24.075  11.781  9.583 0.1428571492
78367  -21.611  7.227  5.800 0.2857142985
80659  -23.021  10.700  9.779 0.1428571492
81419  -24.045  11.537  11.759 0.1428571492
81426  -23.458  11.175  10.236 0.1428571492
76826  -19.881  5.711  7.970 0.1428571492
71355  -24.713  -1.199  3.561 0.1428571492
72191  -23.817  0.006  3.092 0.1428571492
73810  -33.135  1.867  8.426 0.1428571492
73060  -23.468  0.854  3.044 0.1428571492
74617  -22.703  2.916  3.118 0.1428571492
75368  -22.965  3.642  3.747 0.1428571492
76866  -21.957  5.004  3.740 0.1428571492
124907  -21.778  6.556  5.262 0.1428571492
77627  -24.008  6.954  5.285 0.1428571492
79944  -23.873  9.452  5.260 0.1428571492
79938  -24.217  9.378  5.511 0.1428571492
116819  -24.407  9.679  5.835 0.2857142985
79919  -23.221  9.959  6.513 0.1428571492
113624  -23.294  10.519  9.050 0.2857142985
81428  -23.551  11.099  9.284 0.1428571492
81423  -24.094  11.623  10.738 0.1428571492
73010  -32.577  0.428  8.569 0.1428571492
114149  -33.102  1.060  8.525 0.1428571492
116146  -24.832  11.597  7.129 0.2857142985
82799  -25.284  13.751  9.631 0.1428571492
111510  -24.799  -1.978  3.313 0.1428571492
72178  -25.027  0.189  4.256 0.1428571492
71298  -33.383  -1.140  8.511 0.1428571492
118871  -24.739  8.426  5.778 0.1428571492
73854  -24.365  1.329  4.143 0.1428571492
76090  -22.803  4.682  4.132 0.1428571492
74626  -23.100  2.157  3.182 0.1428571492
73861  -23.385  1.577  3.255 0.1428571492
77637  -22.002  6.180  4.719 0.1428571492
77638  -22.722  6.275  4.818 0.1428571492
122904  -24.625  0.463  3.988 0.1428571492
72192  -24.381  0.008  3.663 0.1428571492
79125  -23.233  8.769  5.361 0.2857142985
80662  -23.028  10.321  8.322 0.1428571492
82135  -24.692  12.052  11.309 0.1428571492
79920  -25.611  10.189  6.772 0.2857142985
83446  -25.350  14.580  9.529 0.1428571492
79116  -23.054  9.307  5.787 0.1428571492
62074  -22.424  -12.785  4.853 0.1428571492
62101  -24.433  -12.372  3.231 0.1428571492
62949  -22.242  -11.989  4.373 0.1428571492
63814  -22.103  -10.752  3.832 0.1428571492
63823  -22.683  -10.824  2.983 0.1428571492
62963  -23.009  -11.631  3.037 0.1428571492
63824  -23.286  -10.548  2.453 0.1428571492
125049  -23.343  -11.123  2.593 0.1428571492
62112  -24.954  -11.939  2.579 0.1428571492
118177  -22.938  -9.839  2.615 0.1428571492
63833  -24.456  -10.368  2.107 0.1428571492
63834  -25.250  -10.676  2.294 0.1428571492
64685  -24.347  -9.437  2.174 0.1428571492
119517  -22.261  -9.372  2.874 0.1428571492
65585  -23.578  -9.138  2.217 0.1428571492
65587  -25.055  -8.761  2.475 0.1428571492
66389  -24.908  -7.805  2.529 0.1428571492
114068  -25.441  -6.348  2.669 0.1428571492
67994  -25.387  -5.497  2.705 0.1428571492
79123  -21.755  8.097  6.067 0.1428571492
62964  -23.961  -11.619  2.711 0.1428571492
62113  -25.894  -12.233  2.528 0.1428571492
62962  -22.493  -11.389  3.735 0.1428571492
67982  -25.996  -5.010  3.177 0.1428571492
62090  -23.161  -12.590  4.227 0.1428571492
62100  -23.529  -12.155  3.421 0.1428571492
62950  -22.896  -11.925  3.796 0.1428571492
106965  -21.431  -10.890  4.414 0.1428571492
62973  -23.817  -10.893  2.097 0.1428571492
63832  -23.711  -10.068  2.122 0.1428571492
65584  -22.810  -8.827  2.541 0.1428571492
62974  -24.622  -11.199  2.237 0.1428571492
64676  -21.656  -9.443  3.421 0.1428571492
111615  -21.991  -13.025  5.404 0.1428571492
62105  -28.147  -12.305  3.197 0.5714285970
73024  -30.859  0.081  8.028 0.5714285970
73053  -24.784  0.881  4.273 0.1428571492
73862  -23.824  1.399  3.704 0.1428571492
80667  -29.441  10.737  8.195 0.5714285970
81463  -30.961  10.864  4.796 0.1428571492
84812  -22.386  15.625  4.338 0.2857142985
84826  -22.036  15.608  4.011 0.1428571492
114002  -23.580  1.972  3.606 0.1428571492
115910  -35.693  -12.908  8.193 0.1428571492
117056  -30.366  13.897  5.616 0.2857142985
