#!ascii label  , from subject sub-v1s6x0051370_ses-1 vox2ras=TkReg
1049
61022  35.199  -28.360  61.151 0.0000000000
79719  45.001  -10.743  44.679 0.0000000000
68105  36.999  -22.023  52.050 0.0000000000
54528  15.935  -34.240  71.844 0.0000000000
62922  29.609  -25.960  64.367 0.0000000000
147008  36.593  -16.302  50.425 0.0000000000
56680  22.095  -32.442  63.675 0.0000000000
52233  19.195  -36.363  67.297 0.0000000000
59936  25.271  -29.459  61.189 0.0000000000
76785  48.456  -13.411  45.334 0.0000000000
65053  35.094  -24.512  62.112 0.0000000000
66047  34.758  -23.584  58.868 0.0000000000
62986  38.722  -26.654  60.544 0.0000000000
81625  48.912  -8.540  43.642 0.0000000000
78844  51.778  -11.035  42.619 0.0000000000
80627  41.947  -8.893  47.488 0.0000000000
138021  42.689  -13.612  47.357 0.0000000000
75647  39.324  -14.481  48.315 0.0000000000
70110  40.633  -19.607  51.233 0.0000000000
57810  33.070  -31.111  63.779 0.0000000000
49246  14.608  -39.255  73.097 0.0000000000
48270  11.300  -40.477  75.089 0.0000000000
50136  6.398  -38.576  78.783 0.0000000000
60991  32.276  -28.797  63.220 0.0000000000
59911  29.228  -29.532  62.279 0.0000000000
68071  32.091  -21.620  55.190 0.0000000000
68056  37.585  -21.990  58.056 0.0000000000
137955  51.053  -4.956  41.587 0.0000000000
77806  46.506  -12.780  45.171 0.0000000000
76788  45.037  -13.679  45.864 0.0000000000
158916  35.883  -26.201  61.138 0.0000000000
63002  37.211  -26.299  59.433 0.0000000000
61039  36.775  -28.150  60.749 0.0000000000
81598  45.418  -8.285  44.874 0.0000000000
81596  47.445  -7.692  44.663 0.0000000000
80650  46.874  -9.546  44.014 0.0000000000
78819  48.374  -11.854  44.213 0.0000000000
45035  7.260  -43.738  77.350 0.0000000000
78795  39.890  -11.396  47.645 0.0000000000
77775  38.597  -11.931  49.577 0.0000000000
70126  36.108  -19.203  50.487 0.0000000000
71330  38.297  -18.357  49.581 0.0000000000
69111  38.697  -20.611  51.257 0.0000000000
67052  39.411  -22.354  53.739 0.0000000000
53357  17.642  -34.969  69.471 0.0000000000
52184  19.205  -36.538  70.234 0.0000000000
52157  16.649  -36.099  71.499 0.0000000000
51129  16.656  -38.369  72.709 0.0000000000
52159  14.643  -36.966  72.462 0.0000000000
50170  12.998  -38.764  75.456 0.0000000000
50160  8.531  -38.237  76.230 0.0000000000
61984  30.686  -27.572  63.295 0.0000000000
59910  30.759  -29.215  61.883 0.0000000000
62015  29.450  -27.442  61.633 0.0000000000
55712  25.002  -33.203  63.772 0.0000000000
57813  25.957  -30.919  63.772 0.0000000000
66024  37.350  -22.728  60.596 0.0000000000
68030  35.608  -22.103  59.444 0.0000000000
144788  37.950  -13.667  51.624 0.0000000000
72386  36.315  -17.467  52.571 0.0000000000
70101  34.702  -19.607  52.233 0.0000000000
150050  22.413  -34.541  63.783 0.0000000000
52245  22.096  -36.311  66.558 0.0000000000
54618  20.030  -34.824  64.916 0.0000000000
55661  19.152  -33.767  67.148 0.0000000000
55628  18.240  -33.099  70.246 0.0000000000
63998  26.794  -25.828  61.705 0.0000000000
61999  24.170  -26.954  61.786 0.0000000000
149788  23.338  -30.962  61.655 0.0000000000
66949  32.945  -23.213  61.665 0.0000000000
66027  32.040  -23.253  60.091 0.0000000000
64008  34.920  -25.161  59.421 0.0000000000
65108  37.315  -25.033  58.629 0.0000000000
80662  51.658  -8.883  42.581 0.0000000000
79742  49.904  -10.158  43.091 0.0000000000
157963  50.482  -12.566  44.111 0.0000000000
80641  42.982  -9.385  45.607 0.0000000000
144670  43.003  -12.778  45.855 0.0000000000
77800  41.382  -11.692  46.408 0.0000000000
75645  41.234  -14.426  48.137 0.0000000000
72441  41.287  -17.022  49.525 0.0000000000
74597  37.970  -15.309  49.056 0.0000000000
71328  40.088  -17.990  49.577 0.0000000000
58906  34.082  -30.175  62.555 0.0000000000
59888  36.699  -29.641  63.425 0.0000000000
152524  44.339  -7.132  47.530 0.0000000000
54488  14.617  -34.787  73.969 0.0000000000
163245  13.885  -38.064  74.009 0.0000000000
48284  13.589  -40.737  74.185 0.0000000000
46124  11.571  -42.199  75.604 0.0000000000
47230  9.348  -41.086  76.139 0.0000000000
48259  6.950  -40.771  76.488 0.0000000000
157782  5.207  -41.544  78.354 0.0000000000
47204  4.319  -41.795  79.719 0.0000000000
61004  33.352  -28.691  62.128 0.0000000000
58908  32.442  -30.216  62.606 0.0000000000
58889  30.830  -31.177  63.515 0.0000000000
61008  27.459  -28.550  62.133 0.0000000000
67058  33.840  -22.259  53.339 0.0000000000
67012  32.490  -23.144  57.703 0.0000000000
66086  34.527  -23.632  55.441 0.0000000000
66083  37.211  -23.563  54.984 0.0000000000
148308  38.724  -28.257  63.005 0.0000000000
85751  52.267  -5.195  40.259 0.0000000000
80679  52.727  -9.411  41.412 0.0000000000
80683  53.854  -8.968  40.693 0.0000000000
78810  45.317  -11.649  44.746 0.0000000000
76787  46.086  -13.745  45.767 0.0000000000
155836  44.696  -12.285  45.062 0.0000000000
62012  35.391  -27.735  60.980 0.0000000000
62030  36.609  -27.547  60.491 0.0000000000
61021  35.962  -28.599  61.172 0.0000000000
80639  44.878  -9.783  44.709 0.0000000000
81614  46.194  -8.533  44.508 0.0000000000
79731  45.653  -10.222  44.501 0.0000000000
78821  46.712  -11.291  44.469 0.0000000000
43994  5.934  -44.296  77.454 0.0000000000
78782  39.887  -10.825  49.685 0.0000000000
77763  39.894  -11.589  50.957 0.0000000000
69113  36.458  -20.496  50.840 0.0000000000
69126  37.306  -20.178  50.613 0.0000000000
68118  37.520  -21.424  51.551 0.0000000000
68089  39.294  -21.924  52.904 0.0000000000
67065  38.105  -22.540  52.885 0.0000000000
54560  16.950  -34.252  70.625 0.0000000000
53343  17.256  -34.985  70.353 0.0000000000
53331  16.266  -35.117  71.468 0.0000000000
52158  15.618  -36.012  71.927 0.0000000000
53317  15.617  -35.006  72.157 0.0000000000
62921  30.205  -26.667  63.816 0.0000000000
61997  30.391  -27.515  62.151 0.0000000000
62957  29.467  -26.237  62.266 0.0000000000
54631  24.593  -34.292  64.916 0.0000000000
69015  30.672  -20.881  60.121 0.0000000000
66961  36.836  -21.995  60.927 0.0000000000
71283  35.121  -18.441  51.927 0.0000000000
150674  34.936  -18.587  52.721 0.0000000000
55715  22.304  -33.578  62.967 0.0000000000
54633  21.491  -34.705  64.136 0.0000000000
55716  21.370  -33.579  63.908 0.0000000000
55673  20.269  -33.475  66.197 0.0000000000
138360  19.464  -33.256  67.712 0.0000000000
55652  18.564  -33.471  68.635 0.0000000000
145011  25.483  -25.940  63.463 0.0000000000
58892  22.797  -30.236  63.310 0.0000000000
59893  22.871  -29.217  62.709 0.0000000000
57831  22.641  -31.842  62.346 0.0000000000
55731  23.466  -33.151  62.208 0.0000000000
66018  33.292  -24.104  60.908 0.0000000000
65065  34.994  -24.827  61.167 0.0000000000
62029  38.001  -27.112  60.111 0.0000000000
64017  37.465  -25.778  58.871 0.0000000000
159215  38.146  -25.893  59.104 0.0000000000
65087  38.396  -24.697  59.348 0.0000000000
62985  39.317  -26.099  60.926 0.0000000000
81612  47.999  -8.325  44.091 0.0000000000
80664  50.319  -9.389  43.058 0.0000000000
80665  49.228  -9.392  43.226 0.0000000000
77821  48.407  -12.684  44.857 0.0000000000
78818  49.349  -11.867  43.948 0.0000000000
76800  49.586  -13.171  44.737 0.0000000000
145435  42.061  -9.157  46.575 0.0000000000
78802  41.935  -10.922  45.841 0.0000000000
78803  41.033  -10.493  46.628 0.0000000000
76766  39.140  -13.058  47.930 0.0000000000
76765  40.065  -13.083  47.583 0.0000000000
75646  40.366  -14.667  48.226 0.0000000000
74596  41.250  -15.711  48.990 0.0000000000
74609  40.562  -15.540  48.635 0.0000000000
75608  37.125  -14.587  51.045 0.0000000000
76725  37.423  -13.676  50.064 0.0000000000
73534  37.088  -15.965  49.778 0.0000000000
70123  39.380  -19.383  50.372 0.0000000000
71329  39.212  -18.235  49.457 0.0000000000
70122  40.239  -19.200  50.564 0.0000000000
71314  40.698  -18.438  50.243 0.0000000000
58886  33.612  -30.711  63.136 0.0000000000
58884  35.330  -30.390  63.749 0.0000000000
81568  42.565  -8.409  47.999 0.0000000000
81576  43.182  -7.985  47.450 0.0000000000
152489  43.263  -8.231  46.502 0.0000000000
137135  20.388  -36.398  66.506 0.0000000000
52215  20.434  -36.831  68.062 0.0000000000
50186  15.878  -38.848  72.732 0.0000000000
49244  16.242  -39.511  73.277 0.0000000000
48292  15.732  -40.124  73.570 0.0000000000
48282  15.227  -40.738  73.952 0.0000000000
53283  14.571  -35.101  75.787 0.0000000000
52135  14.203  -35.978  73.902 0.0000000000
151586  13.788  -36.614  75.637 0.0000000000
49228  11.981  -39.578  75.216 0.0000000000
49227  12.973  -39.941  74.531 0.0000000000
48269  12.002  -40.855  74.900 0.0000000000
48268  12.808  -41.087  74.545 0.0000000000
47242  11.410  -41.415  75.241 0.0000000000
46125  10.800  -41.843  75.640 0.0000000000
47244  9.831  -40.698  75.552 0.0000000000
50146  7.327  -38.236  77.383 0.0000000000
49220  7.437  -39.575  76.212 0.0000000000
49207  6.362  -39.646  77.352 0.0000000000
48248  6.325  -40.570  76.996 0.0000000000
49196  6.043  -39.367  78.283 0.0000000000
138144  33.074  -28.636  63.740 0.0000000000
61982  33.821  -28.103  62.351 0.0000000000
154348  32.641  -28.956  62.420 0.0000000000
141050  32.896  -29.392  62.304 0.0000000000
59908  32.124  -29.569  62.523 0.0000000000
58911  29.813  -30.103  62.155 0.0000000000
58910  30.691  -30.135  62.205 0.0000000000
58890  30.138  -30.771  62.906 0.0000000000
62018  25.684  -27.638  60.944 0.0000000000
62017  27.253  -27.500  61.425 0.0000000000
59935  25.979  -28.809  61.596 0.0000000000
59876  26.774  -29.406  64.334 0.0000000000
76773  42.636  -13.129  46.505 0.0000000000
145330  44.136  -13.680  46.811 0.0000000000
76748  44.355  -13.386  48.186 0.0000000000
69063  32.624  -20.043  54.593 0.0000000000
69084  33.526  -21.098  53.427 0.0000000000
68079  33.118  -21.750  53.945 0.0000000000
66049  32.817  -23.749  59.160 0.0000000000
66997  31.939  -23.213  58.216 0.0000000000
66996  33.511  -23.363  58.556 0.0000000000
68057  36.596  -21.959  58.308 0.0000000000
67025  34.780  -23.021  57.221 0.0000000000
67023  36.604  -23.095  56.772 0.0000000000
66085  35.440  -23.666  55.328 0.0000000000
67022  37.545  -23.125  56.533 0.0000000000
140483  38.383  -23.101  56.242 0.0000000000
140192  37.539  -29.238  63.250 0.0000000000
85752  51.288  -4.857  40.579 0.0000000000
79753  51.408  -10.270  42.458 0.0000000000
156308  52.190  -9.200  41.937 0.0000000000
79752  52.294  -10.429  42.142 0.0000000000
79760  53.725  -10.293  41.448 0.0000000000
79759  54.785  -10.283  41.739 0.0000000000
57796  23.027  -31.140  64.933 0.0000000000
56669  22.128  -32.365  64.626 0.0000000000
77805  47.803  -13.021  45.261 0.0000000000
75684  47.924  -14.445  46.204 0.0000000000
76771  46.885  -14.109  45.970 0.0000000000
63980  35.817  -25.557  62.034 0.0000000000
63997  35.818  -25.766  60.786 0.0000000000
62971  36.296  -26.337  60.331 0.0000000000
149469  37.240  -27.458  60.281 0.0000000000
62009  38.427  -27.459  60.916 0.0000000000
82612  47.430  -6.730  45.982 0.0000000000
145373  46.703  -7.822  44.635 0.0000000000
81613  47.001  -8.533  44.223 0.0000000000
80649  47.496  -9.045  43.788 0.0000000000
79744  48.504  -10.108  43.445 0.0000000000
79729  47.160  -10.605  44.108 0.0000000000
78820  47.489  -11.506  44.361 0.0000000000
138933  7.716  -43.046  77.365 0.0000000000
80622  41.379  -9.335  49.005 0.0000000000
79707  40.366  -10.599  47.543 0.0000000000
78788  39.881  -10.741  48.322 0.0000000000
77786  38.753  -12.276  48.487 0.0000000000
76754  38.424  -13.254  48.440 0.0000000000
72434  36.342  -17.289  50.422 0.0000000000
72445  37.001  -16.927  49.803 0.0000000000
70125  37.042  -19.298  50.076 0.0000000000
69125  38.223  -20.147  50.711 0.0000000000
69110  39.452  -20.403  51.391 0.0000000000
68102  40.041  -21.313  52.754 0.0000000000
67051  40.444  -22.038  54.248 0.0000000000
57771  32.587  -31.608  65.009 0.0000000000
138872  18.288  -35.540  68.296 0.0000000000
52217  18.652  -36.212  68.625 0.0000000000
53356  17.852  -35.598  69.964 0.0000000000
52186  17.611  -35.722  70.824 0.0000000000
52156  17.800  -36.510  71.800 0.0000000000
51146  15.470  -37.558  72.201 0.0000000000
163375  14.748  -38.322  72.624 0.0000000000
51094  13.581  -37.412  76.487 0.0000000000
138633  12.269  -38.544  76.299 0.0000000000
49218  10.821  -38.931  75.572 0.0000000000
49230  10.027  -39.376  75.377 0.0000000000
50158  10.627  -38.054  76.041 0.0000000000
51088  8.762  -37.142  77.299 0.0000000000
51082  7.409  -37.456  78.712 0.0000000000
157004  31.550  -28.768  63.142 0.0000000000
61005  31.150  -28.844  62.480 0.0000000000
60993  30.776  -28.202  62.641 0.0000000000
61023  30.232  -28.816  61.715 0.0000000000
59934  29.010  -28.806  61.886 0.0000000000
57829  25.228  -31.427  62.017 0.0000000000
58913  25.794  -30.559  62.736 0.0000000000
57814  25.432  -31.565  63.064 0.0000000000
75644  43.054  -14.295  48.691 0.0000000000
69056  31.284  -21.000  56.727 0.0000000000
66046  35.477  -22.969  59.212 0.0000000000
66981  35.268  -22.716  58.979 0.0000000000
66962  36.125  -21.922  60.258 0.0000000000
148515  36.468  -21.615  59.779 0.0000000000
84694  51.292  -5.255  42.566 0.0000000000
143745  3.802  -43.560  78.944 0.0000000000
75606  38.576  -14.066  52.205 0.0000000000
74569  37.313  -15.275  51.717 0.0000000000
73522  36.406  -16.645  51.152 0.0000000000
71318  35.569  -17.947  50.771 0.0000000000
70113  35.364  -19.190  50.944 0.0000000000
68120  35.651  -21.317  51.746 0.0000000000
54617  23.953  -34.783  64.982 0.0000000000
53411  22.644  -35.773  66.009 0.0000000000
53434  22.079  -35.489  65.312 0.0000000000
53435  21.061  -35.646  65.359 0.0000000000
52247  19.859  -35.877  65.979 0.0000000000
55686  20.713  -33.383  65.308 0.0000000000
54604  19.200  -34.928  66.141 0.0000000000
53414  18.855  -35.141  66.810 0.0000000000
54580  18.225  -34.409  68.138 0.0000000000
54559  17.477  -34.274  69.958 0.0000000000
55630  16.765  -33.569  71.125 0.0000000000
63982  27.862  -25.427  62.591 0.0000000000
63966  26.592  -25.268  63.069 0.0000000000
62976  25.308  -26.231  61.484 0.0000000000
61029  24.228  -28.203  60.625 0.0000000000
61985  23.286  -27.540  63.321 0.0000000000
61010  23.252  -28.526  61.719 0.0000000000
58931  24.547  -30.090  61.181 0.0000000000
56715  24.487  -31.941  61.736 0.0000000000
55713  24.120  -33.801  63.316 0.0000000000
66944  31.571  -21.959  62.038 0.0000000000
66964  30.994  -22.205  60.584 0.0000000000
66019  32.477  -23.339  60.796 0.0000000000
66026  32.801  -23.923  60.022 0.0000000000
65090  34.882  -24.834  59.010 0.0000000000
64007  35.508  -25.548  59.809 0.0000000000
158548  35.730  -25.122  58.783 0.0000000000
65110  35.464  -24.264  58.827 0.0000000000
65088  37.791  -24.494  58.954 0.0000000000
140159  38.230  -23.374  60.732 0.0000000000
80663  51.134  -8.826  43.086 0.0000000000
80672  51.157  -9.611  42.608 0.0000000000
78845  50.934  -10.879  42.689 0.0000000000
79743  49.244  -10.348  43.311 0.0000000000
77838  50.158  -11.934  43.851 0.0000000000
79721  43.333  -10.224  45.254 0.0000000000
77809  43.949  -12.190  45.225 0.0000000000
78813  42.846  -11.008  45.488 0.0000000000
77799  42.324  -12.124  46.041 0.0000000000
76763  41.898  -13.292  46.928 0.0000000000
78794  40.578  -11.468  46.952 0.0000000000
76764  40.973  -13.163  47.007 0.0000000000
76750  41.738  -13.850  47.644 0.0000000000
74595  41.954  -15.405  49.059 0.0000000000
73520  42.531  -16.450  49.937 0.0000000000
77765  38.255  -12.464  50.309 0.0000000000
76735  37.706  -13.640  49.010 0.0000000000
74611  38.742  -15.118  48.746 0.0000000000
135987  37.934  -16.654  49.375 0.0000000000
73532  38.994  -16.807  48.904 0.0000000000
147270  39.850  -16.716  48.828 0.0000000000
72442  40.410  -17.248  49.226 0.0000000000
59906  34.418  -29.520  61.872 0.0000000000
59929  36.103  -29.186  61.831 0.0000000000
59889  35.803  -29.902  63.161 0.0000000000
58883  36.122  -30.117  64.006 0.0000000000
82615  44.795  -6.897  46.004 0.0000000000
80640  44.016  -9.221  45.211 0.0000000000
55605  15.964  -33.373  72.297 0.0000000000
55595  15.560  -33.445  73.960 0.0000000000
148068  15.036  -34.583  72.989 0.0000000000
53304  14.521  -35.484  73.065 0.0000000000
157930  14.103  -37.183  73.184 0.0000000000
145253  14.116  -38.906  73.464 0.0000000000
50169  13.417  -38.285  75.166 0.0000000000
50177  13.678  -39.056  74.014 0.0000000000
49237  14.202  -39.663  73.581 0.0000000000
47252  13.768  -41.456  74.631 0.0000000000
47240  13.030  -41.990  75.044 0.0000000000
47219  9.036  -41.317  76.721 0.0000000000
49231  8.876  -39.647  75.611 0.0000000000
48257  8.126  -40.175  75.930 0.0000000000
47221  8.004  -41.642  76.847 0.0000000000
47233  6.586  -41.540  76.755 0.0000000000
47222  6.019  -42.122  77.072 0.0000000000
46085  4.976  -42.962  78.208 0.0000000000
48231  5.160  -40.590  79.532 0.0000000000
47203  4.908  -41.351  79.215 0.0000000000
46086  4.223  -42.966  78.972 0.0000000000
157488  35.002  -27.424  61.479 0.0000000000
61996  34.371  -27.647  61.932 0.0000000000
59931  34.473  -28.737  61.515 0.0000000000
59907  33.600  -29.160  61.873 0.0000000000
58907  33.303  -30.078  62.404 0.0000000000
58887  32.774  -30.848  62.949 0.0000000000
58909  31.594  -30.247  62.594 0.0000000000
58888  31.951  -30.951  62.931 0.0000000000
57811  32.271  -31.378  63.551 0.0000000000
62973  28.307  -26.534  61.690 0.0000000000
61025  28.685  -28.018  61.625 0.0000000000
156649  28.569  -28.907  62.408 0.0000000000
59892  26.673  -29.146  63.581 0.0000000000
60977  27.414  -28.717  63.869 0.0000000000
159275  28.161  -28.999  64.154 0.0000000000
77808  44.345  -13.043  45.548 0.0000000000
70086  33.962  -19.585  53.333 0.0000000000
67069  34.396  -21.089  52.542 0.0000000000
67068  35.498  -22.520  52.709 0.0000000000
66999  30.757  -22.369  58.772 0.0000000000
67013  31.319  -22.392  57.277 0.0000000000
139075  32.067  -22.526  56.024 0.0000000000
67010  34.574  -22.692  58.061 0.0000000000
66076  33.431  -23.329  56.412 0.0000000000
67033  33.052  -23.199  54.924 0.0000000000
66098  33.815  -23.513  54.614 0.0000000000
66104  35.907  -23.387  53.779 0.0000000000
67055  36.967  -23.013  53.296 0.0000000000
66093  38.111  -22.972  54.044 0.0000000000
61002  36.820  -28.736  61.566 0.0000000000
61001  37.674  -28.667  62.086 0.0000000000
61994  38.768  -27.650  61.788 0.0000000000
60988  39.157  -27.943  63.422 0.0000000000
61993  39.303  -27.122  62.238 0.0000000000
86747  51.296  -3.617  38.579 0.0000000000
82646  52.236  -7.748  42.256 0.0000000000
82653  52.538  -7.392  41.431 0.0000000000
79751  53.173  -10.846  41.869 0.0000000000
81635  53.061  -8.769  40.906 0.0000000000
83701  53.023  -6.859  40.934 0.0000000000
82658  53.714  -7.246  40.622 0.0000000000
83706  54.678  -6.575  40.545 0.0000000000
78811  44.454  -11.450  44.868 0.0000000000
61040  35.967  -27.978  60.761 0.0000000000
159738  45.497  -10.923  44.604 0.0000000000
43980  5.159  -44.508  77.746 0.0000000000
68119  36.494  -21.288  51.435 0.0000000000
159528  37.119  -20.848  51.061 0.0000000000
68104  38.019  -22.056  52.242 0.0000000000
67066  37.398  -22.578  52.740 0.0000000000
54545  16.446  -34.289  71.246 0.0000000000
53344  16.736  -34.842  70.948 0.0000000000
161270  15.975  -35.583  71.644 0.0000000000
62941  30.103  -26.742  62.618 0.0000000000
62942  29.634  -26.006  63.229 0.0000000000
54616  24.559  -34.702  65.443 0.0000000000
67993  30.796  -21.045  60.758 0.0000000000
56693  21.854  -33.198  63.401 0.0000000000
141250  21.686  -33.770  63.449 0.0000000000
58869  22.780  -31.049  63.849 0.0000000000
58893  22.703  -31.075  62.780 0.0000000000
57815  22.406  -31.777  63.226 0.0000000000
56692  22.320  -32.652  62.735 0.0000000000
66017  34.146  -24.370  61.535 0.0000000000
63000  38.345  -26.265  59.811 0.0000000000
155925  38.939  -25.948  60.264 0.0000000000
146525  48.812  -8.012  44.359 0.0000000000
81624  49.823  -8.666  43.495 0.0000000000
158535  48.957  -13.097  44.925 0.0000000000
143860  49.187  -13.644  45.290 0.0000000000
76784  50.033  -13.859  45.169 0.0000000000
136898  9.352  -42.059  78.025 0.0000000000
79713  41.344  -9.513  46.930 0.0000000000
79712  41.705  -9.848  46.076 0.0000000000
76752  39.739  -13.835  47.926 0.0000000000
74610  39.762  -15.335  48.511 0.0000000000
74583  36.826  -15.317  50.475 0.0000000000
70111  39.832  -19.809  50.984 0.0000000000
58865  33.878  -30.933  64.103 0.0000000000
81577  42.590  -8.533  47.017 0.0000000000
52232  19.899  -36.620  67.284 0.0000000000
52216  19.405  -36.610  68.117 0.0000000000
49245  15.372  -39.481  73.046 0.0000000000
48293  14.893  -40.056  73.396 0.0000000000
52130  13.940  -35.935  75.209 0.0000000000
162911  12.411  -40.174  74.740 0.0000000000
47243  10.616  -41.032  75.344 0.0000000000
48271  10.475  -40.027  75.237 0.0000000000
50135  6.984  -37.952  78.278 0.0000000000
50147  6.570  -38.736  77.781 0.0000000000
60990  33.134  -28.529  62.772 0.0000000000
154583  31.810  -29.172  62.775 0.0000000000
59890  29.412  -30.195  62.826 0.0000000000
160562  29.724  -30.505  63.494 0.0000000000
61028  25.086  -28.388  60.632 0.0000000000
159832  25.804  -28.203  61.185 0.0000000000
76762  43.560  -13.603  47.266 0.0000000000
76749  43.403  -13.731  48.038 0.0000000000
69064  32.106  -20.673  55.196 0.0000000000
70065  32.391  -19.703  55.459 0.0000000000
69073  32.539  -21.176  54.510 0.0000000000
67045  32.617  -22.311  54.714 0.0000000000
66983  33.460  -23.739  58.967 0.0000000000
66982  34.236  -23.279  58.704 0.0000000000
67008  36.159  -22.507  57.677 0.0000000000
67007  37.148  -22.624  57.403 0.0000000000
67006  38.249  -22.720  57.153 0.0000000000
86732  50.503  -3.549  41.314 0.0000000000
85753  50.681  -4.248  40.926 0.0000000000
84715  51.742  -5.484  40.994 0.0000000000
58847  23.301  -30.495  65.420 0.0000000000
150153  23.462  -30.493  66.254 0.0000000000
59861  23.056  -29.727  64.981 0.0000000000
150795  47.245  -12.699  45.097 0.0000000000
138333  47.051  -13.407  45.520 0.0000000000
62010  37.687  -27.851  60.696 0.0000000000
82621  45.536  -6.902  45.655 0.0000000000
81597  46.034  -7.432  44.996 0.0000000000
80651  46.206  -9.481  44.354 0.0000000000
161308  46.540  -9.006  44.232 0.0000000000
79745  47.668  -9.862  43.684 0.0000000000
77823  46.977  -12.094  44.714 0.0000000000
77822  47.727  -12.286  44.754 0.0000000000
79703  40.543  -9.927  48.385 0.0000000000
79700  40.119  -10.443  49.111 0.0000000000
158563  39.001  -11.517  49.030 0.0000000000
77776  38.162  -12.763  49.171 0.0000000000
159460  36.377  -18.355  50.177 0.0000000000
69112  37.901  -20.784  51.126 0.0000000000
69124  39.024  -19.967  50.843 0.0000000000
154205  39.117  -20.934  51.724 0.0000000000
69099  39.768  -20.839  51.993 0.0000000000
68103  39.249  -21.418  52.193 0.0000000000
158171  38.990  -22.307  53.217 0.0000000000
139730  39.951  -21.840  53.419 0.0000000000
67041  40.307  -22.498  55.085 0.0000000000
53370  18.098  -35.608  69.076 0.0000000000
53330  16.926  -35.436  71.085 0.0000000000
52173  17.438  -36.012  71.321 0.0000000000
52172  18.186  -36.260  71.426 0.0000000000
51144  17.082  -37.021  71.917 0.0000000000
155008  15.320  -36.759  72.107 0.0000000000
141537  16.099  -36.943  71.801 0.0000000000
50196  15.253  -38.283  72.449 0.0000000000
137217  12.200  -38.232  77.049 0.0000000000
49216  11.970  -38.807  75.960 0.0000000000
50157  11.450  -38.292  76.308 0.0000000000
51081  8.018  -37.021  78.813 0.0000000000
61969  30.801  -27.305  64.421 0.0000000000
61983  31.204  -27.961  64.070 0.0000000000
134952  31.688  -28.494  63.763 0.0000000000
60992  31.143  -28.371  63.282 0.0000000000
61998  29.948  -26.920  61.855 0.0000000000
62014  30.084  -27.879  61.729 0.0000000000
61024  29.548  -28.416  61.694 0.0000000000
56700  24.845  -32.222  62.455 0.0000000000
56690  25.244  -32.413  63.404 0.0000000000
69047  31.263  -20.437  57.590 0.0000000000
68046  30.894  -21.310  57.644 0.0000000000
66045  37.054  -23.413  59.550 0.0000000000
66025  36.028  -22.584  59.815 0.0000000000
157600  36.565  -22.414  60.336 0.0000000000
67991  37.537  -21.951  61.630 0.0000000000
68010  36.450  -21.883  60.409 0.0000000000
68009  37.094  -21.764  60.925 0.0000000000
45029  3.461  -44.003  78.792 0.0000000000
75607  37.700  -14.343  51.795 0.0000000000
73492  36.703  -16.663  52.018 0.0000000000
72421  36.035  -17.209  51.484 0.0000000000
72405  35.411  -17.879  51.665 0.0000000000
143029  35.001  -19.033  51.661 0.0000000000
137137  35.247  -19.874  51.452 0.0000000000
69100  34.973  -20.667  51.990 0.0000000000
54632  23.188  -34.715  64.380 0.0000000000
53433  23.141  -35.256  65.302 0.0000000000
53454  22.289  -35.033  64.570 0.0000000000
53456  20.677  -35.089  64.681 0.0000000000
53455  21.453  -35.221  64.745 0.0000000000
53436  20.178  -35.440  65.308 0.0000000000
53437  19.660  -35.271  65.631 0.0000000000
137258  22.120  -32.432  65.530 0.0000000000
56670  21.472  -32.899  64.925 0.0000000000
55674  19.446  -34.055  66.272 0.0000000000
54591  18.982  -34.458  66.718 0.0000000000
54592  18.699  -34.375  67.345 0.0000000000
53390  18.525  -35.286  67.522 0.0000000000
55641  18.432  -33.306  69.477 0.0000000000
54570  17.899  -34.165  69.121 0.0000000000
55642  17.805  -33.655  69.807 0.0000000000
55629  17.392  -33.483  70.492 0.0000000000
63965  27.342  -25.234  63.300 0.0000000000
162592  26.914  -25.393  63.782 0.0000000000
62943  25.230  -26.175  62.799 0.0000000000
63967  25.861  -25.524  62.872 0.0000000000
62961  24.843  -26.301  61.928 0.0000000000
62977  24.755  -26.822  61.171 0.0000000000
62020  24.080  -27.500  60.921 0.0000000000
58914  22.955  -30.335  62.172 0.0000000000
59914  23.311  -29.479  61.612 0.0000000000
148541  23.866  -29.715  61.045 0.0000000000
58932  23.903  -30.614  61.286 0.0000000000
57846  24.619  -31.063  61.494 0.0000000000
57847  23.814  -31.458  61.482 0.0000000000
55714  23.156  -33.722  62.699 0.0000000000
55730  23.874  -33.350  62.511 0.0000000000
54649  23.238  -34.297  63.486 0.0000000000
54648  24.002  -34.356  64.180 0.0000000000
66943  32.547  -22.448  62.322 0.0000000000
66950  32.106  -22.636  61.502 0.0000000000
65076  33.623  -24.560  60.133 0.0000000000
65092  33.358  -24.247  59.565 0.0000000000
65091  34.163  -24.721  59.624 0.0000000000
151590  36.492  -26.100  59.695 0.0000000000
64036  36.511  -25.422  58.731 0.0000000000
65109  36.391  -24.729  58.695 0.0000000000
65089  37.049  -24.295  58.783 0.0000000000
65072  39.394  -24.656  61.010 0.0000000000
65073  38.868  -24.408  60.219 0.0000000000
82619  47.887  -7.164  45.403 0.0000000000
81623  51.589  -8.192  43.409 0.0000000000
79754  50.646  -10.179  42.733 0.0000000000
158251  50.342  -10.738  42.974 0.0000000000
79728  47.966  -10.865  43.861 0.0000000000
78837  48.843  -11.054  43.616 0.0000000000
77820  49.867  -12.522  44.303 0.0000000000
78835  50.541  -11.450  43.206 0.0000000000
79722  42.434  -10.082  45.584 0.0000000000
162087  42.567  -11.526  45.712 0.0000000000
77791  41.694  -12.655  46.575 0.0000000000
77792  40.303  -12.299  47.231 0.0000000000
76751  40.681  -13.868  47.740 0.0000000000
75631  42.093  -14.574  48.500 0.0000000000
73530  41.792  -16.264  49.378 0.0000000000
77753  38.690  -12.554  51.266 0.0000000000
76717  37.794  -13.041  50.993 0.0000000000
75633  37.350  -14.249  49.443 0.0000000000
75632  37.793  -14.558  48.945 0.0000000000
139510  37.672  -17.624  49.558 0.0000000000
72444  38.639  -17.580  49.272 0.0000000000
72443  39.541  -17.479  49.092 0.0000000000
73542  39.375  -16.017  48.772 0.0000000000
59905  35.440  -29.581  62.235 0.0000000000
58905  34.929  -30.030  62.852 0.0000000000
58864  35.681  -30.505  64.586 0.0000000000
82614  45.477  -6.661  46.331 0.0000000000
156239  44.022  -7.471  46.737 0.0000000000
163252  43.343  -8.695  45.835 0.0000000000
81600  43.914  -8.144  45.827 0.0000000000
52244  23.055  -36.071  66.710 0.0000000000
52202  18.522  -36.161  69.575 0.0000000000
50185  17.365  -38.621  73.280 0.0000000000
55618  16.593  -33.007  71.735 0.0000000000
54487  15.066  -34.024  74.492 0.0000000000
158073  15.134  -34.085  73.704 0.0000000000
55606  15.496  -33.694  73.097 0.0000000000
148819  13.879  -36.893  74.509 0.0000000000
50187  14.345  -38.362  72.964 0.0000000000
50156  13.312  -37.934  76.460 0.0000000000
50178  13.305  -39.267  74.568 0.0000000000
49238  13.629  -39.932  73.991 0.0000000000
161362  14.101  -41.074  74.233 0.0000000000
47241  12.211  -41.717  75.145 0.0000000000
46123  12.375  -42.413  75.628 0.0000000000
47229  10.057  -41.434  75.871 0.0000000000
46112  10.333  -42.055  76.282 0.0000000000
46113  9.573  -41.596  76.599 0.0000000000
50172  9.048  -38.767  75.702 0.0000000000
162619  9.473  -39.278  75.500 0.0000000000
48258  7.363  -40.299  76.234 0.0000000000
47232  7.823  -40.976  76.401 0.0000000000
159822  7.273  -41.343  76.547 0.0000000000
48249  5.733  -41.268  77.488 0.0000000000
47211  5.373  -42.153  77.821 0.0000000000
49185  5.385  -39.809  79.877 0.0000000000
48232  4.580  -41.062  80.046 0.0000000000
47212  4.705  -42.171  78.854 0.0000000000
148006  4.083  -42.466  79.540 0.0000000000
45020  3.578  -43.011  79.696 0.0000000000
61003  33.930  -28.352  61.708 0.0000000000
59909  31.378  -29.549  62.364 0.0000000000
141682  31.095  -30.834  62.963 0.0000000000
57812  31.491  -31.398  63.566 0.0000000000
57792  31.867  -31.693  64.358 0.0000000000
57793  31.092  -31.542  64.137 0.0000000000
62959  27.691  -25.861  61.899 0.0000000000
62958  28.643  -25.917  62.060 0.0000000000
61027  26.638  -28.156  61.539 0.0000000000
61026  27.733  -28.087  61.698 0.0000000000
61007  28.230  -28.501  61.949 0.0000000000
58912  26.253  -29.644  63.019 0.0000000000
58891  26.285  -29.953  63.721 0.0000000000
59875  27.333  -28.993  64.536 0.0000000000
60978  26.963  -28.817  63.971 0.0000000000
160606  43.586  -12.728  45.603 0.0000000000
71256  34.196  -18.544  53.959 0.0000000000
139096  33.674  -19.197  53.853 0.0000000000
69083  33.879  -20.560  53.037 0.0000000000
68091  33.943  -21.414  52.932 0.0000000000
68107  35.164  -21.635  52.265 0.0000000000
155077  34.527  -22.005  52.727 0.0000000000
66028  31.335  -22.730  60.023 0.0000000000
66965  30.745  -22.187  59.692 0.0000000000
66984  31.127  -22.729  59.360 0.0000000000
150975  31.281  -22.684  58.056 0.0000000000
152078  31.780  -22.888  57.600 0.0000000000
66067  32.043  -22.815  56.889 0.0000000000
66994  35.296  -22.470  58.630 0.0000000000
66995  34.512  -22.899  58.479 0.0000000000
66075  34.266  -23.452  56.390 0.0000000000
66088  33.011  -23.266  55.672 0.0000000000
66087  33.655  -23.508  55.541 0.0000000000
66084  36.343  -23.673  55.166 0.0000000000
66096  35.685  -23.650  54.455 0.0000000000
66095  36.525  -23.526  54.378 0.0000000000
67056  36.162  -23.030  53.227 0.0000000000
66094  37.345  -23.282  54.102 0.0000000000
66082  38.124  -23.226  54.828 0.0000000000
67031  39.074  -22.944  55.905 0.0000000000
157948  36.221  -29.539  62.608 0.0000000000
59904  36.979  -29.204  62.468 0.0000000000
59887  38.151  -28.738  62.985 0.0000000000
160023  37.599  -28.981  62.700 0.0000000000
61000  38.451  -28.250  62.296 0.0000000000
145217  39.448  -27.303  63.072 0.0000000000
158867  39.651  -26.645  62.736 0.0000000000
152211  51.538  -4.729  39.830 0.0000000000
86738  50.883  -3.552  39.241 0.0000000000
85759  51.337  -4.281  39.148 0.0000000000
160739  52.893  -5.014  39.946 0.0000000000
146949  52.494  -8.858  41.531 0.0000000000
81636  52.562  -8.218  41.449 0.0000000000
80677  54.263  -9.613  41.131 0.0000000000
80678  53.375  -9.551  41.107 0.0000000000
82652  53.089  -7.826  40.873 0.0000000000
81642  53.677  -8.204  40.625 0.0000000000
78809  46.156  -11.979  44.744 0.0000000000
77807  45.445  -12.790  45.230 0.0000000000
138080  35.578  -26.851  61.348 0.0000000000
62011  36.168  -27.081  60.602 0.0000000000
163414  44.908  -8.940  44.884 0.0000000000
80652  45.544  -9.198  44.581 0.0000000000
79730  46.429  -10.383  44.327 0.0000000000
78822  45.980  -11.095  44.566 0.0000000000
45036  6.276  -43.648  77.221 0.0000000000
79695  40.609  -10.620  49.968 0.0000000000
78776  39.337  -11.286  49.941 0.0000000000
70112  35.835  -19.937  50.761 0.0000000000
69127  36.542  -19.842  50.505 0.0000000000
154746  38.490  -21.351  51.731 0.0000000000
141967  38.755  -21.843  52.325 0.0000000000
68090  38.640  -22.255  52.805 0.0000000000
67053  38.567  -22.618  53.465 0.0000000000
53318  14.827  -36.135  72.488 0.0000000000
163560  11.299  -37.680  76.972 0.0000000000
62972  29.211  -26.611  61.755 0.0000000000
55699  24.734  -33.855  64.260 0.0000000000
158361  25.069  -33.786  64.984 0.0000000000
69030  30.727  -20.773  59.299 0.0000000000
66016  37.813  -22.388  61.685 0.0000000000
71282  35.585  -18.053  52.695 0.0000000000
156941  22.559  -34.112  63.174 0.0000000000
54650  21.901  -34.198  63.450 0.0000000000
54651  21.255  -34.120  63.810 0.0000000000
54634  20.732  -34.468  64.340 0.0000000000
55672  21.179  -33.013  66.320 0.0000000000
154670  20.839  -33.018  67.003 0.0000000000
55660  20.019  -33.258  67.179 0.0000000000
55662  18.794  -33.605  67.831 0.0000000000
62944  24.536  -26.651  62.761 0.0000000000
59877  22.891  -29.467  64.003 0.0000000000
146675  22.915  -28.512  63.651 0.0000000000
58915  22.908  -31.223  62.058 0.0000000000
57830  23.135  -31.824  61.780 0.0000000000
56703  22.811  -32.431  62.132 0.0000000000
55732  22.829  -33.066  62.316 0.0000000000
66012  33.616  -23.761  61.827 0.0000000000
65066  34.030  -24.651  60.703 0.0000000000
65075  34.516  -25.090  60.097 0.0000000000
63001  37.824  -26.375  59.458 0.0000000000
64016  38.093  -25.274  58.842 0.0000000000
64006  38.685  -25.400  59.648 0.0000000000
64005  39.258  -25.324  60.500 0.0000000000
63996  39.629  -25.370  61.344 0.0000000000
81595  48.346  -7.608  44.837 0.0000000000
142872  49.085  -12.558  44.468 0.0000000000
76799  50.359  -13.166  44.516 0.0000000000
80634  42.319  -9.439  45.940 0.0000000000
77793  39.488  -12.214  47.769 0.0000000000
74608  41.250  -15.069  48.598 0.0000000000
73531  40.741  -16.346  49.071 0.0000000000
75619  37.399  -13.874  51.022 0.0000000000
75620  37.100  -14.419  50.233 0.0000000000
74598  37.286  -15.058  49.534 0.0000000000
71316  38.850  -18.922  49.835 0.0000000000
71315  39.729  -18.693  50.008 0.0000000000
58885  34.456  -30.551  63.467 0.0000000000
58841  34.790  -30.789  64.505 0.0000000000
81559  42.719  -8.500  48.976 0.0000000000
81567  43.157  -7.995  48.463 0.0000000000
81575  43.732  -7.476  47.912 0.0000000000
80633  42.718  -8.835  46.210 0.0000000000
52231  21.282  -36.542  66.752 0.0000000000
137533  20.869  -36.738  67.323 0.0000000000
142568  16.674  -38.963  73.110 0.0000000000
47250  15.604  -41.197  74.770 0.0000000000
47251  14.646  -41.305  74.488 0.0000000000
53294  14.642  -34.604  74.932 0.0000000000
53284  14.294  -35.230  74.793 0.0000000000
49215  12.543  -38.972  75.560 0.0000000000
50145  8.121  -37.791  76.941 0.0000000000
49219  8.210  -39.170  75.902 0.0000000000
50161  7.695  -38.647  76.518 0.0000000000
49206  6.975  -39.122  76.923 0.0000000000
49221  6.802  -39.988  76.567 0.0000000000
48239  5.849  -40.260  77.852 0.0000000000
48240  5.386  -40.826  78.519 0.0000000000
46057  3.680  -42.211  80.087 0.0000000000
160352  33.069  -29.003  62.031 0.0000000000
59932  30.252  -29.541  61.827 0.0000000000
159090  30.349  -30.975  64.008 0.0000000000
62975  26.420  -26.376  61.277 0.0000000000
62974  27.296  -26.598  61.460 0.0000000000
152043  26.501  -27.127  61.092 0.0000000000
61009  26.802  -28.894  62.077 0.0000000000
57794  26.167  -31.342  64.458 0.0000000000
58867  26.414  -30.339  64.683 0.0000000000
77798  43.588  -13.345  46.138 0.0000000000
70064  33.106  -18.954  54.996 0.0000000000
70074  33.240  -19.528  54.147 0.0000000000
70087  33.534  -20.073  53.578 0.0000000000
69072  33.084  -20.602  53.964 0.0000000000
66050  32.290  -23.526  59.532 0.0000000000
158824  31.690  -23.175  59.467 0.0000000000
66061  32.096  -23.467  58.910 0.0000000000
66060  32.719  -23.388  58.417 0.0000000000
66993  35.775  -22.065  58.601 0.0000000000
67009  35.313  -22.470  57.950 0.0000000000
67024  35.677  -23.050  57.006 0.0000000000
66074  35.145  -23.469  56.258 0.0000000000
66073  36.046  -23.468  56.073 0.0000000000
66072  36.942  -23.423  55.861 0.0000000000
67032  37.813  -23.355  55.658 0.0000000000
59873  38.178  -29.119  63.863 0.0000000000
60989  38.743  -28.543  63.678 0.0000000000
86734  50.896  -4.076  39.983 0.0000000000
84714  52.770  -5.436  40.701 0.0000000000
149494  51.849  -9.685  42.237 0.0000000000
160030  52.376  -9.799  41.807 0.0000000000
79750  54.109  -10.994  41.947 0.0000000000
81641  54.337  -8.447  40.612 0.0000000000
81634  54.703  -8.925  40.815 0.0000000000
57797  22.526  -31.741  64.285 0.0000000000
57776  22.805  -31.871  65.293 0.0000000000
142134  22.851  -28.823  64.627 0.0000000000
58868  23.003  -30.338  64.466 0.0000000000
75683  48.572  -14.222  45.884 0.0000000000
76786  47.701  -13.980  45.762 0.0000000000
65064  35.595  -25.095  61.683 0.0000000000
62987  36.838  -26.837  60.094 0.0000000000
149120  37.487  -26.839  59.887 0.0000000000
82620  46.976  -7.135  45.152 0.0000000000
80666  48.275  -9.168  43.547 0.0000000000
46100  7.841  -42.279  77.146 0.0000000000
80625  41.314  -9.364  47.955 0.0000000000
148950  40.786  -9.892  47.419 0.0000000000
78783  39.542  -11.012  49.053 0.0000000000
146229  39.351  -11.480  48.343 0.0000000000
76753  38.949  -13.736  48.169 0.0000000000
153497  36.856  -17.739  49.758 0.0000000000
71317  37.301  -18.424  49.711 0.0000000000
150088  37.825  -19.645  50.284 0.0000000000
70124  37.961  -19.062  49.862 0.0000000000
151666  38.549  -19.527  50.290 0.0000000000
69109  40.218  -20.225  51.620 0.0000000000
69098  40.556  -20.604  52.351 0.0000000000
68088  40.513  -21.495  53.463 0.0000000000
57791  32.590  -31.477  64.276 0.0000000000
57790  33.265  -31.319  64.624 0.0000000000
57770  33.387  -31.518  65.462 0.0000000000
80624  42.020  -8.835  48.505 0.0000000000
52234  18.745  -36.145  67.756 0.0000000000
52185  18.395  -36.121  70.612 0.0000000000
51145  16.453  -37.678  72.204 0.0000000000
148431  15.958  -38.197  72.386 0.0000000000
49255  14.938  -38.804  72.678 0.0000000000
49214  12.954  -38.225  76.589 0.0000000000
49229  11.398  -39.415  75.350 0.0000000000
50171  9.901  -38.682  75.631 0.0000000000
50159  9.537  -37.882  76.117 0.0000000000
51095  10.342  -37.432  76.538 0.0000000000
51087  9.574  -37.125  76.811 0.0000000000
51096  8.874  -37.546  76.619 0.0000000000
51089  7.835  -37.400  77.910 0.0000000000
50128  6.869  -37.805  79.324 0.0000000000
61006  30.578  -28.427  61.924 0.0000000000
59933  29.712  -29.299  61.809 0.0000000000
58930  25.364  -30.490  61.681 0.0000000000
59913  26.039  -29.790  62.012 0.0000000000
56679  25.690  -32.617  64.221 0.0000000000
57795  25.877  -31.889  63.908 0.0000000000
69055  31.834  -20.342  56.032 0.0000000000
69065  31.703  -21.224  55.852 0.0000000000
66980  35.654  -22.081  59.802 0.0000000000
68029  35.907  -21.850  60.026 0.0000000000
68045  36.138  -21.731  59.250 0.0000000000
68044  36.939  -21.535  59.010 0.0000000000
84704  51.650  -5.714  41.793 0.0000000000
78833  52.192  -11.830  43.028 0.0000000000
43981  4.174  -44.497  78.378 0.0000000000
76716  38.673  -13.328  51.766 0.0000000000
151820  36.728  -15.990  51.262 0.0000000000
70127  35.609  -18.579  50.675 0.0000000000
71301  35.169  -18.473  51.121 0.0000000000
69114  35.723  -20.665  51.275 0.0000000000
53432  24.086  -35.169  65.720 0.0000000000
53412  21.827  -35.893  65.882 0.0000000000
52246  21.175  -36.187  66.122 0.0000000000
155743  20.467  -35.940  65.818 0.0000000000
52248  19.488  -36.213  66.670 0.0000000000
56681  21.638  -32.988  64.139 0.0000000000
55700  21.043  -33.463  64.508 0.0000000000
143074  20.441  -34.049  64.686 0.0000000000
55687  19.964  -34.153  65.381 0.0000000000
54619  19.597  -34.736  65.571 0.0000000000
53413  19.305  -35.604  66.348 0.0000000000
53389  18.869  -35.936  66.970 0.0000000000
53371  17.913  -34.987  68.770 0.0000000000
63981  28.875  -25.621  62.838 0.0000000000
63964  28.204  -25.289  63.524 0.0000000000
144417  27.019  -25.258  62.707 0.0000000000
63983  27.141  -25.508  62.217 0.0000000000
63984  26.390  -25.481  62.296 0.0000000000
63999  25.983  -25.916  61.499 0.0000000000
137705  25.615  -26.736  61.023 0.0000000000
62019  24.831  -27.556  60.748 0.0000000000
162665  23.805  -27.063  62.647 0.0000000000
153006  23.019  -28.226  62.624 0.0000000000
62000  23.488  -27.622  61.858 0.0000000000
61030  23.661  -28.063  60.955 0.0000000000
59937  24.388  -29.068  60.672 0.0000000000
56691  24.527  -32.971  62.909 0.0000000000
56701  24.112  -32.764  61.997 0.0000000000
68011  30.918  -21.571  61.059 0.0000000000
66951  31.306  -22.151  61.318 0.0000000000
66963  31.696  -22.731  60.743 0.0000000000
66048  33.962  -24.055  59.117 0.0000000000
65074  35.460  -25.277  60.798 0.0000000000
64018  36.633  -25.873  58.998 0.0000000000
64019  35.715  -25.533  58.999 0.0000000000
145331  36.183  -23.690  59.033 0.0000000000
66044  38.077  -23.856  59.759 0.0000000000
81622  51.831  -8.049  43.325 0.0000000000
78836  49.767  -11.100  43.420 0.0000000000
78834  51.311  -11.688  43.032 0.0000000000
79720  44.197  -10.442  44.869 0.0000000000
78812  43.637  -11.234  45.156 0.0000000000
78801  43.128  -11.977  45.558 0.0000000000
152499  40.967  -12.332  46.750 0.0000000000
141148  42.634  -14.007  48.021 0.0000000000
75630  42.729  -15.030  49.222 0.0000000000
77764  38.977  -11.891  50.672 0.0000000000
150713  37.796  -13.078  49.880 0.0000000000
75648  38.380  -14.113  48.500 0.0000000000
149320  37.724  -15.788  49.327 0.0000000000
73533  38.492  -15.963  49.030 0.0000000000
73541  40.063  -16.023  48.699 0.0000000000
72433  40.937  -17.704  49.809 0.0000000000
72432  41.751  -17.524  50.006 0.0000000000
59930  35.184  -29.035  61.432 0.0000000000
82622  45.154  -7.482  45.395 0.0000000000
162158  44.468  -7.493  45.816 0.0000000000
81599  44.662  -8.256  45.305 0.0000000000
52230  21.898  -36.694  67.405 0.0000000000
55617  17.209  -32.925  71.279 0.0000000000
151876  16.302  -33.643  71.628 0.0000000000
55594  16.180  -32.903  73.227 0.0000000000
54529  15.557  -34.131  72.497 0.0000000000
146504  15.090  -35.413  72.534 0.0000000000
52145  14.307  -36.331  72.926 0.0000000000
51147  14.639  -37.793  72.564 0.0000000000
51106  13.611  -37.359  75.393 0.0000000000
48283  14.346  -40.579  73.889 0.0000000000
159657  14.385  -41.711  75.028 0.0000000000
47239  13.991  -42.189  75.385 0.0000000000
138475  11.032  -42.428  75.978 0.0000000000
46098  9.137  -41.699  77.267 0.0000000000
47220  8.570  -41.463  76.874 0.0000000000
48272  9.595  -39.930  75.418 0.0000000000
48256  9.041  -40.436  75.767 0.0000000000
47231  8.621  -40.932  76.302 0.0000000000
46114  7.275  -41.904  76.683 0.0000000000
46101  6.815  -42.709  76.810 0.0000000000
46102  5.780  -42.902  77.280 0.0000000000
45037  5.442  -43.705  77.617 0.0000000000
49184  5.886  -39.222  79.310 0.0000000000
49197  5.660  -40.032  78.920 0.0000000000
45028  4.574  -43.715  78.372 0.0000000000
62013  34.597  -28.022  61.314 0.0000000000
159905  33.819  -29.749  62.073 0.0000000000
150799  28.765  -27.174  61.545 0.0000000000
62016  28.009  -27.347  61.555 0.0000000000
59912  26.552  -29.151  62.653 0.0000000000
60995  27.044  -28.645  63.229 0.0000000000
60994  27.840  -28.634  63.065 0.0000000000
59891  28.683  -29.239  63.095 0.0000000000
58866  29.100  -29.667  63.866 0.0000000000
76789  44.337  -13.634  46.105 0.0000000000
76734  43.872  -13.916  48.851 0.0000000000
71267  34.924  -18.215  53.721 0.0000000000
70085  34.403  -19.064  53.113 0.0000000000
69101  34.316  -20.133  52.663 0.0000000000
68106  36.028  -21.973  52.064 0.0000000000
68012  30.716  -21.557  60.330 0.0000000000
68031  30.592  -21.491  59.560 0.0000000000
68047  30.611  -21.556  58.623 0.0000000000
66998  31.424  -23.023  58.781 0.0000000000
67014  30.803  -22.080  57.824 0.0000000000
68058  31.047  -21.808  57.002 0.0000000000
68064  31.399  -21.659  56.373 0.0000000000
67035  31.738  -21.954  55.822 0.0000000000
67011  33.556  -23.063  58.041 0.0000000000
66065  33.931  -23.137  57.309 0.0000000000
66066  32.994  -23.140  57.147 0.0000000000
66077  32.645  -23.041  56.247 0.0000000000
67034  32.579  -22.795  55.466 0.0000000000
154501  32.184  -22.260  55.400 0.0000000000
142660  33.323  -22.874  54.100 0.0000000000
67044  34.146  -23.298  53.759 0.0000000000
66097  34.759  -23.673  54.501 0.0000000000
66105  35.064  -23.448  53.728 0.0000000000
67057  34.709  -22.880  53.150 0.0000000000
139863  35.453  -23.109  53.278 0.0000000000
67067  36.506  -22.572  52.661 0.0000000000
67054  37.751  -22.884  53.410 0.0000000000
67043  38.804  -22.814  54.330 0.0000000000
154291  38.492  -23.158  55.547 0.0000000000
142069  38.987  -22.953  55.137 0.0000000000
67042  39.662  -22.648  54.662 0.0000000000
61020  37.421  -28.355  61.253 0.0000000000
61019  38.116  -28.120  61.436 0.0000000000
60999  39.018  -27.791  62.626 0.0000000000
62008  39.087  -26.907  61.352 0.0000000000
62970  39.598  -26.222  61.921 0.0000000000
81629  52.107  -8.447  42.282 0.0000000000
83694  52.181  -6.940  42.201 0.0000000000
162624  52.013  -6.308  41.810 0.0000000000
83702  52.420  -6.589  41.391 0.0000000000
78843  52.646  -11.313  42.472 0.0000000000
79761  52.925  -10.100  41.532 0.0000000000
84703  52.134  -5.971  41.226 0.0000000000
84702  52.845  -5.954  40.916 0.0000000000
82657  54.442  -7.703  40.549 0.0000000000
83707  53.708  -6.099  40.665 0.0000000000
84713  53.710  -5.340  40.507 0.0000000000
49217  11.741  -38.594  76.158 0.0000000000
51074  7.528  -37.271  79.353 0.0000000000
54652  20.883  -33.889  64.217 0.0000000000
56702  23.311  -32.613  61.886 0.0000000000
56716  23.770  -32.176  61.634 0.0000000000
59938  23.742  -28.792  60.877 0.0000000000
62960  25.559  -25.804  62.080 0.0000000000
66103  36.589  -23.292  53.748 0.0000000000
67026  31.494  -22.215  56.507 0.0000000000
85750  53.556  -5.128  40.353 0.0000000000
86735  50.564  -3.603  40.526 0.0000000000
158239  23.504  -30.236  61.514 0.0000000000
159789  30.518  -21.988  59.159 0.0000000000
