#!ascii label  , from subject sub-v1s6x0051318_ses-1 vox2ras=TkReg
1933
61366  -38.077  -16.904  84.204 0.0000000000
75231  -53.115  -3.325  61.609 0.0000000000
68455  -42.376  -9.845  70.934 0.0000000000
51174  -10.082  -28.947  79.607 0.0000000000
52007  -29.768  -27.951  83.713 0.0000000000
136727  -8.442  -19.261  80.846 0.0000000000
124835  -6.241  -21.457  87.165 0.0000000000
73443  -46.997  -5.015  67.036 0.0000000000
61447  -8.373  -17.198  76.166 0.0000000000
48977  -7.768  -30.545  89.003 0.0000000000
62450  -40.484  -16.907  76.369 0.0000000000
61403  -33.042  -16.695  81.939 0.0000000000
67359  -30.106  -12.006  82.491 0.0000000000
77126  -56.412  -0.789  60.200 0.0000000000
129770  -45.455  -9.251  68.140 0.0000000000
49044  -24.880  -29.659  81.424 0.0000000000
65414  -10.463  -13.652  82.046 0.0000000000
54696  -6.847  -24.584  79.431 0.0000000000
55664  -6.611  -23.493  76.288 0.0000000000
51211  -9.346  -27.825  74.659 0.0000000000
144677  -14.376  -25.624  90.225 0.0000000000
53695  -9.147  -25.896  90.937 0.0000000000
68398  -40.406  -10.085  74.334 0.0000000000
65369  -28.030  -13.533  87.536 0.0000000000
56535  -28.428  -22.507  80.334 0.0000000000
58415  -6.679  -20.787  83.688 0.0000000000
52000  -5.976  -27.005  82.939 0.0000000000
75205  -50.005  -3.439  64.597 0.0000000000
53740  -16.894  -25.497  85.676 0.0000000000
55609  -21.196  -24.091  80.154 0.0000000000
61431  -6.429  -17.009  77.698 0.0000000000
57543  -6.428  -21.424  73.085 0.0000000000
57394  -7.011  -22.491  89.494 0.0000000000
52839  -7.417  -26.733  87.493 0.0000000000
50092  -9.025  -29.673  84.105 0.0000000000
62392  -39.958  -16.198  82.226 0.0000000000
60394  -37.195  -18.439  81.720 0.0000000000
61414  -39.938  -17.181  80.243 0.0000000000
60365  -35.298  -18.124  83.275 0.0000000000
134044  -35.473  -18.759  80.510 0.0000000000
131552  -33.593  -15.288  84.622 0.0000000000
76175  -54.679  -2.430  60.823 0.0000000000
127449  -50.309  -3.544  60.863 0.0000000000
75245  -51.836  -2.744  59.669 0.0000000000
133495  -53.061  -1.469  58.692 0.0000000000
69548  -43.853  -9.386  69.523 0.0000000000
68436  -39.868  -10.483  70.982 0.0000000000
68485  -40.808  -9.327  69.380 0.0000000000
69587  -42.445  -9.049  67.873 0.0000000000
130715  -9.109  -26.121  79.127 0.0000000000
124919  -8.098  -25.784  76.888 0.0000000000
51192  -10.060  -28.627  77.214 0.0000000000
50206  -7.215  -30.219  75.842 0.0000000000
49093  -7.130  -30.479  78.068 0.0000000000
51971  -13.946  -27.882  86.872 0.0000000000
51071  -13.161  -28.731  89.204 0.0000000000
69428  -39.700  -9.725  76.879 0.0000000000
65443  -40.099  -14.299  78.069 0.0000000000
63401  -39.620  -15.942  75.307 0.0000000000
66425  -38.256  -12.623  76.717 0.0000000000
67408  -37.710  -11.845  74.881 0.0000000000
70320  -30.059  -7.885  86.967 0.0000000000
63362  -27.935  -15.336  80.578 0.0000000000
63343  -25.905  -15.675  82.486 0.0000000000
80200  -55.652  1.697  56.742 0.0000000000
81878  -57.766  3.097  55.957 0.0000000000
58385  -6.452  -20.684  85.361 0.0000000000
55578  -5.972  -23.121  82.830 0.0000000000
55558  -6.226  -23.863  84.671 0.0000000000
131405  -48.422  -3.532  65.842 0.0000000000
70596  -44.953  -8.515  65.811 0.0000000000
73454  -45.468  -5.622  64.780 0.0000000000
74309  -46.419  -4.514  63.643 0.0000000000
55526  -16.058  -23.245  87.722 0.0000000000
55540  -18.742  -23.298  86.792 0.0000000000
62385  -7.695  -16.624  81.740 0.0000000000
63358  -6.485  -15.226  79.944 0.0000000000
60415  -7.495  -18.214  79.289 0.0000000000
142662  -7.431  -25.217  73.597 0.0000000000
56579  -6.457  -22.573  74.749 0.0000000000
54796  -7.113  -25.098  72.362 0.0000000000
56482  -9.369  -22.171  86.804 0.0000000000
123499  -9.119  -29.341  90.170 0.0000000000
52830  -7.704  -26.098  89.442 0.0000000000
51073  -9.243  -27.824  88.573 0.0000000000
51981  -9.616  -27.401  86.079 0.0000000000
48996  -7.842  -30.315  86.380 0.0000000000
63375  -41.119  -15.744  78.786 0.0000000000
69316  -31.251  -9.108  84.271 0.0000000000
127560  -32.959  -11.957  84.209 0.0000000000
128057  -31.443  -14.696  82.623 0.0000000000
80186  -58.131  1.433  59.266 0.0000000000
130296  -54.712  0.444  57.630 0.0000000000
145954  -46.250  -8.045  67.694 0.0000000000
69600  -43.901  -9.358  66.765 0.0000000000
50163  -28.191  -29.346  79.586 0.0000000000
49046  -27.064  -30.141  82.605 0.0000000000
64357  -8.914  -14.593  78.711 0.0000000000
56525  -7.408  -22.764  80.866 0.0000000000
139341  -7.779  -21.255  78.239 0.0000000000
54731  -7.054  -24.598  77.552 0.0000000000
53019  -8.069  -25.311  75.330 0.0000000000
52117  -7.557  -27.778  72.659 0.0000000000
56437  -12.844  -23.072  89.969 0.0000000000
55503  -11.175  -24.032  89.829 0.0000000000
52822  -11.682  -26.216  91.403 0.0000000000
50043  -10.693  -29.309  91.375 0.0000000000
134483  -41.423  -10.349  72.728 0.0000000000
67426  -38.611  -11.497  72.533 0.0000000000
144496  -28.752  -21.360  85.951 0.0000000000
68264  -28.451  -10.500  84.739 0.0000000000
61361  -26.050  -18.219  85.132 0.0000000000
53794  -28.867  -25.488  81.921 0.0000000000
61385  -8.433  -17.537  82.972 0.0000000000
61352  -8.035  -18.316  85.278 0.0000000000
58430  -7.708  -20.339  82.465 0.0000000000
56516  -6.494  -23.200  81.708 0.0000000000
52916  -5.529  -26.815  81.145 0.0000000000
52920  -9.686  -26.480  81.327 0.0000000000
75223  -51.174  -3.534  62.865 0.0000000000
131558  -48.193  -3.943  61.977 0.0000000000
129451  -14.710  -23.023  89.101 0.0000000000
53717  -15.470  -25.765  87.764 0.0000000000
52005  -14.445  -27.332  83.511 0.0000000000
53783  -27.099  -25.953  82.899 0.0000000000
125216  -23.041  -23.826  83.904 0.0000000000
54607  -20.612  -24.566  85.942 0.0000000000
53770  -18.293  -25.555  83.110 0.0000000000
52942  -15.135  -26.249  80.319 0.0000000000
65400  -8.283  -13.667  82.282 0.0000000000
144128  -6.656  -14.392  78.662 0.0000000000
62454  -6.700  -16.700  76.157 0.0000000000
58483  -6.663  -20.072  76.357 0.0000000000
123780  -5.901  -19.430  74.962 0.0000000000
60479  -6.955  -18.749  73.879 0.0000000000
57393  -5.878  -22.481  89.727 0.0000000000
54576  -8.873  -24.478  88.653 0.0000000000
55521  -6.350  -24.811  88.266 0.0000000000
126489  -6.082  -24.296  87.534 0.0000000000
52860  -6.997  -26.078  85.024 0.0000000000
52889  -9.993  -26.862  83.512 0.0000000000
141205  -9.613  -29.218  81.717 0.0000000000
46697  -6.490  -32.680  86.473 0.0000000000
47821  -6.080  -31.150  84.632 0.0000000000
49069  -7.159  -30.605  80.355 0.0000000000
62383  -39.237  -16.329  83.371 0.0000000000
63333  -38.304  -15.452  85.125 0.0000000000
60368  -37.331  -17.981  82.919 0.0000000000
61397  -38.856  -17.216  82.390 0.0000000000
61364  -36.531  -17.445  84.402 0.0000000000
60383  -36.108  -18.397  82.945 0.0000000000
62360  -36.692  -16.190  85.540 0.0000000000
61349  -35.567  -16.802  84.964 0.0000000000
76168  -54.240  -2.830  61.441 0.0000000000
75230  -51.756  -3.400  61.426 0.0000000000
75244  -50.577  -3.407  59.987 0.0000000000
75238  -51.997  -3.179  60.743 0.0000000000
76173  -53.028  -2.538  60.015 0.0000000000
68475  -43.314  -9.650  70.430 0.0000000000
68457  -44.636  -9.765  71.007 0.0000000000
130730  -44.155  -10.019  71.667 0.0000000000
68452  -39.700  -10.191  70.276 0.0000000000
68454  -41.504  -9.772  70.363 0.0000000000
69547  -42.395  -9.186  69.081 0.0000000000
52080  -10.625  -26.989  79.091 0.0000000000
52980  -10.348  -26.601  78.161 0.0000000000
141446  -10.291  -28.454  77.904 0.0000000000
50182  -8.679  -29.672  77.219 0.0000000000
50170  -8.921  -29.717  78.709 0.0000000000
136492  -13.364  -28.241  84.292 0.0000000000
51097  -12.801  -28.420  85.973 0.0000000000
66417  -39.716  -12.397  78.589 0.0000000000
65442  -39.528  -13.828  77.773 0.0000000000
67399  -39.229  -11.849  77.918 0.0000000000
67398  -38.833  -11.269  77.156 0.0000000000
81025  -57.709  2.259  57.400 0.0000000000
81031  -56.216  2.241  56.220 0.0000000000
81869  -59.419  3.771  56.619 0.0000000000
57432  -6.153  -21.287  85.925 0.0000000000
56485  -5.951  -22.638  85.099 0.0000000000
56479  -6.088  -22.724  86.181 0.0000000000
74290  -47.439  -4.294  66.632 0.0000000000
75148  -49.029  -3.572  67.282 0.0000000000
72546  -45.813  -6.437  66.258 0.0000000000
71553  -45.148  -7.674  65.391 0.0000000000
73452  -45.940  -5.393  65.687 0.0000000000
74303  -46.439  -4.421  65.388 0.0000000000
57401  -18.259  -21.569  87.123 0.0000000000
55529  -19.443  -22.489  87.021 0.0000000000
52867  -29.991  -27.022  85.315 0.0000000000
51102  -29.162  -28.225  85.150 0.0000000000
62429  -8.493  -15.838  77.260 0.0000000000
61399  -7.628  -17.282  81.243 0.0000000000
134571  -7.469  -17.370  80.405 0.0000000000
59425  -8.148  -19.089  79.870 0.0000000000
53054  -7.030  -26.523  72.309 0.0000000000
132365  -7.127  -24.786  73.320 0.0000000000
53065  -6.919  -26.582  71.879 0.0000000000
58376  -9.292  -20.785  86.464 0.0000000000
56483  -10.176  -22.285  86.654 0.0000000000
50048  -8.200  -30.181  89.500 0.0000000000
50049  -8.874  -29.299  89.672 0.0000000000
50064  -7.874  -29.973  88.619 0.0000000000
131016  -8.629  -29.322  88.024 0.0000000000
48986  -7.677  -30.341  87.563 0.0000000000
63363  -41.113  -15.789  80.395 0.0000000000
61415  -40.568  -16.770  79.573 0.0000000000
63367  -41.246  -15.555  79.593 0.0000000000
65437  -40.761  -14.340  78.835 0.0000000000
62382  -33.340  -16.222  83.360 0.0000000000
64326  -32.644  -15.023  83.612 0.0000000000
62389  -32.023  -15.654  82.056 0.0000000000
62396  -30.701  -15.712  80.922 0.0000000000
78207  -56.832  -0.013  59.839 0.0000000000
77130  -54.327  -1.003  59.138 0.0000000000
78210  -53.808  -0.833  58.529 0.0000000000
78212  -55.253  -0.252  58.777 0.0000000000
80195  -56.262  1.013  58.303 0.0000000000
70583  -46.037  -8.605  67.774 0.0000000000
71526  -47.125  -7.673  68.825 0.0000000000
70569  -46.893  -8.537  69.014 0.0000000000
124118  -43.981  -9.454  67.900 0.0000000000
124116  -43.103  -9.250  67.128 0.0000000000
124016  -44.440  -9.334  67.228 0.0000000000
69601  -44.962  -9.039  66.815 0.0000000000
65421  -10.566  -14.109  81.147 0.0000000000
64347  -9.454  -14.465  79.372 0.0000000000
65426  -8.922  -14.210  79.942 0.0000000000
55626  -7.188  -23.795  79.856 0.0000000000
55642  -7.227  -23.830  78.861 0.0000000000
54715  -6.973  -24.618  78.530 0.0000000000
53020  -9.317  -26.296  75.500 0.0000000000
127467  -8.472  -25.744  75.885 0.0000000000
143800  -9.229  -26.660  74.753 0.0000000000
123872  -8.092  -26.436  73.214 0.0000000000
51218  -8.232  -28.124  73.295 0.0000000000
146293  -7.531  -29.521  74.243 0.0000000000
55502  -13.317  -24.179  90.615 0.0000000000
54560  -12.350  -24.549  90.725 0.0000000000
52826  -13.449  -25.783  90.983 0.0000000000
50057  -11.924  -30.027  88.746 0.0000000000
50046  -12.084  -29.419  90.236 0.0000000000
48952  -11.140  -30.503  90.222 0.0000000000
48951  -10.221  -30.492  90.776 0.0000000000
68408  -40.782  -10.350  73.514 0.0000000000
68396  -38.742  -10.727  74.754 0.0000000000
67409  -38.332  -11.332  74.309 0.0000000000
67410  -39.217  -10.929  73.789 0.0000000000
132293  -39.932  -10.847  72.415 0.0000000000
65363  -28.663  -14.114  88.707 0.0000000000
60332  -28.384  -19.342  87.733 0.0000000000
62350  -27.525  -16.721  87.369 0.0000000000
68278  -31.098  -10.411  83.260 0.0000000000
69328  -30.030  -9.705  83.921 0.0000000000
142563  -29.260  -10.795  83.503 0.0000000000
60377  -25.921  -18.487  81.766 0.0000000000
139404  -25.754  -16.927  83.742 0.0000000000
60379  -26.930  -19.982  82.829 0.0000000000
58424  -28.181  -21.358  83.452 0.0000000000
55612  -28.907  -23.703  81.360 0.0000000000
147545  -28.411  -25.921  80.527 0.0000000000
59356  -7.243  -19.546  85.466 0.0000000000
59365  -7.414  -19.643  84.600 0.0000000000
60346  -7.891  -19.050  84.147 0.0000000000
58416  -7.303  -20.288  83.324 0.0000000000
56508  -7.084  -21.979  82.197 0.0000000000
56507  -6.542  -22.035  82.734 0.0000000000
54646  -5.685  -24.958  82.477 0.0000000000
136828  -5.211  -25.330  81.889 0.0000000000
52033  -5.737  -27.257  81.696 0.0000000000
144808  -7.170  -26.451  80.789 0.0000000000
52903  -7.637  -26.715  82.373 0.0000000000
126309  -50.602  -3.481  64.186 0.0000000000
142214  -53.029  -3.626  64.753 0.0000000000
75206  -50.972  -3.434  64.851 0.0000000000
75211  -47.991  -3.633  63.846 0.0000000000
74313  -47.546  -4.154  62.485 0.0000000000
75212  -48.713  -3.607  63.420 0.0000000000
75222  -50.106  -3.553  62.688 0.0000000000
57398  -15.002  -22.207  88.062 0.0000000000
54593  -16.337  -24.310  87.371 0.0000000000
141245  -15.649  -24.724  87.970 0.0000000000
52842  -15.842  -26.000  86.909 0.0000000000
52848  -15.066  -26.959  85.921 0.0000000000
52877  -15.669  -26.604  84.350 0.0000000000
123650  -26.509  -30.081  82.095 0.0000000000
145604  -26.612  -28.658  83.193 0.0000000000
52024  -25.692  -28.161  81.956 0.0000000000
54701  -22.702  -24.681  79.698 0.0000000000
55594  -24.282  -23.763  81.122 0.0000000000
55592  -22.031  -23.876  81.849 0.0000000000
54634  -21.425  -24.358  84.819 0.0000000000
54648  -20.871  -24.651  83.271 0.0000000000
53759  -19.264  -25.194  84.280 0.0000000000
54659  -19.040  -25.026  81.557 0.0000000000
52982  -17.194  -26.709  78.484 0.0000000000
65389  -7.862  -13.583  82.967 0.0000000000
61419  -6.623  -16.447  79.020 0.0000000000
64340  -6.654  -14.590  79.646 0.0000000000
135104  -6.166  -15.529  77.834 0.0000000000
63378  -6.393  -14.992  77.513 0.0000000000
133496  -6.554  -16.681  76.551 0.0000000000
143274  -7.182  -22.315  77.415 0.0000000000
58484  -7.405  -20.455  77.347 0.0000000000
57504  -6.380  -21.827  75.922 0.0000000000
56580  -6.024  -21.865  74.021 0.0000000000
58507  -5.914  -20.429  75.125 0.0000000000
58517  -6.064  -20.155  74.356 0.0000000000
130567  -6.069  -18.580  74.872 0.0000000000
58531  -6.787  -19.962  73.240 0.0000000000
59510  -7.445  -20.040  73.109 0.0000000000
56444  -6.187  -22.583  89.869 0.0000000000
54558  -9.810  -25.387  90.621 0.0000000000
54568  -9.709  -24.644  89.609 0.0000000000
54563  -9.132  -25.248  90.486 0.0000000000
51964  -7.591  -26.408  88.615 0.0000000000
53709  -7.161  -26.001  88.570 0.0000000000
53716  -6.959  -26.244  88.185 0.0000000000
54590  -6.235  -25.015  88.095 0.0000000000
53715  -6.653  -25.815  87.705 0.0000000000
54618  -6.490  -25.289  85.955 0.0000000000
52846  -7.205  -26.326  86.738 0.0000000000
50084  -9.523  -29.019  85.473 0.0000000000
51991  -10.111  -27.541  85.181 0.0000000000
125860  -10.137  -28.116  84.283 0.0000000000
51123  -10.355  -28.154  82.768 0.0000000000
50105  -9.083  -29.709  83.210 0.0000000000
45682  -6.259  -33.370  85.926 0.0000000000
149099  -6.179  -31.827  85.947 0.0000000000
63356  -40.626  -15.648  81.857 0.0000000000
59420  -37.445  -18.579  80.323 0.0000000000
60421  -38.857  -18.236  79.637 0.0000000000
60396  -38.781  -17.751  81.050 0.0000000000
61406  -39.762  -16.811  81.590 0.0000000000
61395  -34.275  -17.260  82.824 0.0000000000
60381  -35.343  -18.301  82.560 0.0000000000
59408  -36.123  -18.769  81.568 0.0000000000
62371  -34.270  -16.696  84.167 0.0000000000
77119  -55.991  -1.643  60.554 0.0000000000
75255  -50.240  -3.180  59.152 0.0000000000
76197  -51.162  -2.043  58.197 0.0000000000
77139  -51.801  -1.479  57.907 0.0000000000
76185  -52.456  -1.977  58.993 0.0000000000
77123  -53.838  -1.687  59.281 0.0000000000
69571  -44.458  -9.296  68.788 0.0000000000
69551  -46.268  -9.463  69.676 0.0000000000
123536  -45.784  -9.569  70.188 0.0000000000
142704  -46.121  -9.703  71.142 0.0000000000
67448  -38.606  -11.057  70.882 0.0000000000
148444  -38.586  -10.724  70.323 0.0000000000
68471  -39.470  -9.882  69.599 0.0000000000
68483  -39.273  -9.625  68.769 0.0000000000
123863  -40.924  -8.845  68.150 0.0000000000
69569  -41.637  -8.981  68.662 0.0000000000
123864  -43.348  -9.229  68.648 0.0000000000
52958  -7.276  -25.637  78.805 0.0000000000
52997  -7.286  -25.590  77.937 0.0000000000
52978  -8.333  -26.111  78.333 0.0000000000
139545  -10.082  -26.407  76.853 0.0000000000
51204  -9.827  -28.114  75.593 0.0000000000
50207  -8.297  -29.470  75.567 0.0000000000
50196  -8.952  -29.344  76.432 0.0000000000
50194  -7.072  -30.422  76.582 0.0000000000
51963  -14.400  -27.406  88.506 0.0000000000
51956  -13.318  -27.235  90.367 0.0000000000
51082  -13.431  -28.379  87.633 0.0000000000
69457  -39.969  -9.664  75.048 0.0000000000
63394  -40.214  -15.753  77.252 0.0000000000
63402  -39.907  -16.139  75.868 0.0000000000
64381  -39.392  -14.980  76.664 0.0000000000
64380  -38.624  -14.433  76.312 0.0000000000
65460  -37.930  -13.831  75.908 0.0000000000
67403  -37.947  -11.841  75.899 0.0000000000
68385  -38.501  -10.866  75.635 0.0000000000
69294  -28.796  -9.517  87.347 0.0000000000
64331  -29.806  -14.137  81.615 0.0000000000
66391  -28.626  -12.612  82.396 0.0000000000
63351  -26.586  -15.129  81.202 0.0000000000
61410  -26.113  -17.120  80.481 0.0000000000
81040  -54.991  2.308  55.248 0.0000000000
81047  -55.490  2.769  54.699 0.0000000000
145058  -55.994  3.151  54.106 0.0000000000
129764  -56.556  3.526  53.577 0.0000000000
58399  -6.503  -20.713  84.404 0.0000000000
146251  -6.178  -21.725  83.364 0.0000000000
139879  -5.864  -21.561  84.184 0.0000000000
55566  -5.920  -23.472  83.828 0.0000000000
54632  -6.491  -25.464  83.932 0.0000000000
75194  -48.627  -3.502  65.212 0.0000000000
144658  -49.331  -3.409  66.695 0.0000000000
71559  -44.327  -7.788  63.656 0.0000000000
72552  -44.657  -6.679  63.129 0.0000000000
73461  -45.248  -5.828  62.685 0.0000000000
73458  -45.707  -4.956  64.175 0.0000000000
74307  -47.147  -3.868  65.004 0.0000000000
57411  -16.538  -21.479  87.303 0.0000000000
57400  -17.439  -21.632  87.397 0.0000000000
55539  -17.650  -23.244  87.078 0.0000000000
53727  -17.317  -24.534  85.815 0.0000000000
52059  -22.645  -27.101  80.243 0.0000000000
54716  -19.479  -25.045  78.813 0.0000000000
63342  -7.455  -15.214  82.240 0.0000000000
64328  -7.473  -14.492  81.944 0.0000000000
62393  -7.118  -16.363  81.008 0.0000000000
62412  -6.897  -16.585  79.859 0.0000000000
61432  -6.846  -17.352  78.549 0.0000000000
55677  -6.970  -23.603  75.018 0.0000000000
56569  -6.574  -22.467  75.085 0.0000000000
55688  -6.733  -23.347  74.537 0.0000000000
55696  -6.541  -23.447  73.747 0.0000000000
55705  -7.060  -23.634  72.545 0.0000000000
60327  -9.882  -18.917  87.593 0.0000000000
58370  -8.798  -20.763  87.566 0.0000000000
58369  -8.309  -21.958  87.947 0.0000000000
51061  -9.523  -27.645  90.768 0.0000000000
126772  -8.883  -26.433  90.647 0.0000000000
51954  -9.149  -27.067  90.379 0.0000000000
51961  -8.941  -26.956  88.824 0.0000000000
51074  -9.020  -27.502  88.332 0.0000000000
51969  -8.633  -27.096  87.358 0.0000000000
51080  -9.321  -27.872  87.763 0.0000000000
50074  -9.374  -28.884  86.395 0.0000000000
49004  -7.987  -30.282  85.348 0.0000000000
60439  -40.509  -17.986  77.052 0.0000000000
60422  -39.824  -18.002  78.985 0.0000000000
142323  -40.712  -16.881  78.111 0.0000000000
62436  -40.521  -16.237  77.528 0.0000000000
64363  -40.709  -15.211  78.330 0.0000000000
65436  -40.419  -13.866  78.659 0.0000000000
67352  -32.324  -11.633  83.664 0.0000000000
65383  -33.313  -14.009  84.564 0.0000000000
133128  -32.181  -13.349  83.431 0.0000000000
65409  -31.005  -13.836  82.541 0.0000000000
64339  -30.312  -14.741  81.424 0.0000000000
78226  -52.896  -0.081  57.101 0.0000000000
79286  -55.112  1.119  57.241 0.0000000000
143236  -57.004  1.622  57.888 0.0000000000
142657  -46.600  -6.655  67.523 0.0000000000
73413  -47.691  -5.772  68.371 0.0000000000
72508  -47.391  -6.689  68.609 0.0000000000
69586  -41.304  -9.009  67.350 0.0000000000
70590  -44.723  -8.920  66.110 0.0000000000
71550  -45.394  -8.083  66.270 0.0000000000
51160  -28.767  -28.719  81.687 0.0000000000
50114  -28.779  -29.208  83.356 0.0000000000
49077  -27.905  -29.768  80.502 0.0000000000
47886  -27.074  -30.000  80.760 0.0000000000
63372  -9.698  -15.129  78.568 0.0000000000
63390  -7.443  -15.498  76.857 0.0000000000
58448  -7.866  -21.009  80.269 0.0000000000
137324  -8.003  -19.902  79.386 0.0000000000
57487  -7.583  -22.028  79.061 0.0000000000
145456  -7.334  -22.884  78.078 0.0000000000
55653  -6.828  -24.016  77.177 0.0000000000
53835  -7.352  -25.279  77.376 0.0000000000
53841  -7.499  -25.168  76.697 0.0000000000
54757  -6.947  -24.345  75.526 0.0000000000
53862  -7.738  -25.176  74.211 0.0000000000
56458  -11.000  -23.094  87.850 0.0000000000
55504  -11.929  -23.778  90.144 0.0000000000
54559  -11.594  -24.714  90.484 0.0000000000
53692  -10.683  -25.768  91.134 0.0000000000
51955  -12.623  -27.765  90.986 0.0000000000
51951  -11.081  -27.622  91.666 0.0000000000
51950  -10.322  -27.667  91.558 0.0000000000
50041  -9.673  -29.174  91.000 0.0000000000
48962  -8.844  -30.451  90.190 0.0000000000
145410  -8.357  -30.674  89.515 0.0000000000
125099  -42.346  -10.279  71.737 0.0000000000
68422  -43.141  -10.295  72.442 0.0000000000
68409  -42.517  -10.204  73.086 0.0000000000
126761  -39.534  -16.755  74.344 0.0000000000
67434  -37.847  -11.841  72.165 0.0000000000
68419  -39.921  -10.730  71.716 0.0000000000
55546  -29.986  -23.225  86.175 0.0000000000
54640  -29.746  -24.908  84.308 0.0000000000
70328  -30.957  -8.024  85.430 0.0000000000
138247  -29.420  -9.197  85.488 0.0000000000
66356  -27.720  -11.883  86.025 0.0000000000
148876  -27.968  -12.161  83.589 0.0000000000
124830  -27.096  -12.916  84.572 0.0000000000
63319  -26.971  -14.754  86.280 0.0000000000
59372  -27.734  -20.304  85.365 0.0000000000
55570  -29.665  -23.485  84.011 0.0000000000
52027  -29.580  -27.018  82.702 0.0000000000
52062  -28.833  -27.271  81.189 0.0000000000
82740  -57.806  4.141  53.298 0.0000000000
82746  -58.042  4.829  52.840 0.0000000000
83620  -57.919  5.454  52.314 0.0000000000
62386  -8.153  -16.721  82.470 0.0000000000
147407  -8.120  -18.033  81.865 0.0000000000
61367  -8.416  -17.557  83.866 0.0000000000
60355  -8.130  -19.040  83.251 0.0000000000
136377  -8.198  -20.310  81.540 0.0000000000
146299  -7.427  -21.776  81.689 0.0000000000
56524  -7.085  -23.156  81.389 0.0000000000
138662  -6.468  -24.126  80.650 0.0000000000
55590  -5.966  -23.337  81.995 0.0000000000
54672  -5.737  -24.827  81.087 0.0000000000
53812  -6.549  -25.264  79.751 0.0000000000
137189  -7.432  -26.202  80.130 0.0000000000
52960  -9.700  -26.366  79.963 0.0000000000
52067  -10.611  -27.393  80.031 0.0000000000
125129  -52.554  -3.479  62.135 0.0000000000
129209  -46.013  -5.196  62.247 0.0000000000
73467  -46.775  -4.642  61.896 0.0000000000
128977  -47.693  -4.316  60.737 0.0000000000
74317  -48.395  -3.997  61.259 0.0000000000
130440  -50.738  -3.572  62.175 0.0000000000
56448  -14.063  -23.037  89.585 0.0000000000
54567  -14.691  -24.185  89.837 0.0000000000
56449  -15.187  -22.896  88.454 0.0000000000
54570  -15.342  -24.177  89.110 0.0000000000
52833  -15.021  -26.051  89.328 0.0000000000
51983  -14.434  -27.408  85.364 0.0000000000
51132  -27.603  -28.686  83.948 0.0000000000
52879  -27.553  -26.600  84.094 0.0000000000
54638  -26.052  -24.397  84.433 0.0000000000
52926  -26.152  -26.827  81.157 0.0000000000
147195  -25.224  -23.913  83.054 0.0000000000
146337  -24.115  -23.619  85.200 0.0000000000
148963  -22.635  -23.862  86.436 0.0000000000
134180  -22.078  -23.651  86.853 0.0000000000
55542  -20.711  -23.220  87.115 0.0000000000
54596  -19.774  -23.732  86.497 0.0000000000
53742  -18.473  -25.093  85.196 0.0000000000
53757  -17.702  -25.691  84.420 0.0000000000
54686  -18.163  -25.019  79.602 0.0000000000
144331  -16.778  -25.459  81.887 0.0000000000
52908  -16.044  -26.186  83.132 0.0000000000
52906  -15.015  -26.714  81.954 0.0000000000
65413  -9.326  -13.856  81.613 0.0000000000
64334  -7.431  -14.534  81.112 0.0000000000
144391  -7.673  -14.024  80.149 0.0000000000
65425  -7.910  -14.035  79.652 0.0000000000
64355  -7.091  -14.280  77.984 0.0000000000
63389  -6.942  -14.990  77.016 0.0000000000
62456  -7.369  -16.748  75.886 0.0000000000
58470  -7.831  -20.208  78.356 0.0000000000
59450  -7.425  -19.524  77.701 0.0000000000
60435  -6.647  -18.306  76.823 0.0000000000
57514  -6.164  -21.375  75.276 0.0000000000
130230  -6.073  -19.695  75.571 0.0000000000
60443  -6.466  -18.038  75.932 0.0000000000
60454  -6.290  -17.966  75.238 0.0000000000
61459  -6.571  -17.534  75.520 0.0000000000
61461  -7.765  -18.022  75.100 0.0000000000
60480  -7.760  -19.011  73.862 0.0000000000
55524  -10.156  -23.656  87.832 0.0000000000
55538  -9.099  -23.592  87.528 0.0000000000
55537  -8.251  -23.618  87.926 0.0000000000
53706  -7.643  -25.728  89.930 0.0000000000
124825  -7.788  -24.737  88.696 0.0000000000
55536  -7.109  -23.927  88.616 0.0000000000
129605  -6.224  -23.778  88.634 0.0000000000
56472  -5.840  -23.281  88.571 0.0000000000
56480  -5.904  -22.918  87.423 0.0000000000
54617  -6.379  -24.479  85.319 0.0000000000
53755  -6.639  -25.291  84.964 0.0000000000
52872  -6.921  -26.063  83.674 0.0000000000
52862  -9.000  -26.823  85.891 0.0000000000
52874  -8.756  -26.622  84.947 0.0000000000
52887  -8.000  -26.740  83.200 0.0000000000
52905  -9.770  -26.686  82.757 0.0000000000
51155  -10.485  -27.848  81.496 0.0000000000
51164  -10.178  -28.799  80.478 0.0000000000
46663  -7.742  -31.882  88.402 0.0000000000
45663  -6.942  -32.873  86.897 0.0000000000
138123  -7.221  -31.614  87.554 0.0000000000
48994  -6.622  -31.177  86.462 0.0000000000
49003  -6.897  -30.746  85.779 0.0000000000
49013  -7.262  -30.574  84.699 0.0000000000
47830  -5.932  -31.166  83.700 0.0000000000
49023  -7.546  -30.386  83.745 0.0000000000
50117  -7.973  -29.974  81.723 0.0000000000
50132  -8.982  -29.710  81.185 0.0000000000
132345  -9.035  -29.741  79.580 0.0000000000
50156  -7.955  -30.289  78.995 0.0000000000
126564  -6.216  -30.936  78.038 0.0000000000
62375  -38.814  -16.364  83.977 0.0000000000
62374  -38.333  -16.212  84.719 0.0000000000
61381  -37.340  -17.556  83.944 0.0000000000
61383  -38.657  -16.923  83.281 0.0000000000
60367  -36.637  -18.049  83.506 0.0000000000
62361  -37.199  -16.385  85.250 0.0000000000
61351  -36.625  -16.696  85.056 0.0000000000
62362  -37.744  -15.974  85.291 0.0000000000
75233  -54.788  -3.213  62.383 0.0000000000
75232  -53.895  -3.311  61.912 0.0000000000
134065  -52.462  -3.309  61.323 0.0000000000
75239  -52.857  -2.964  60.801 0.0000000000
68456  -43.937  -9.862  71.044 0.0000000000
68439  -43.318  -10.092  71.544 0.0000000000
68438  -41.476  -10.149  71.159 0.0000000000
68474  -42.344  -9.554  69.963 0.0000000000
51175  -10.648  -27.996  79.275 0.0000000000
51185  -10.585  -27.697  78.293 0.0000000000
51184  -10.272  -28.645  78.657 0.0000000000
130261  -9.609  -29.282  78.909 0.0000000000
50095  -12.879  -28.818  84.011 0.0000000000
66421  -39.232  -12.870  78.000 0.0000000000
57431  -6.108  -21.985  85.514 0.0000000000
57418  -6.190  -22.074  86.676 0.0000000000
74266  -47.764  -4.569  67.427 0.0000000000
73442  -46.369  -5.616  66.605 0.0000000000
74289  -46.682  -4.731  66.221 0.0000000000
58371  -19.965  -21.105  86.762 0.0000000000
57402  -19.456  -21.473  86.917 0.0000000000
56467  -20.215  -21.859  87.243 0.0000000000
51995  -30.021  -27.701  84.762 0.0000000000
51103  -29.727  -28.090  85.047 0.0000000000
51133  -29.556  -28.464  84.104 0.0000000000
62443  -9.163  -16.921  76.883 0.0000000000
60388  -8.149  -18.320  81.229 0.0000000000
60402  -7.961  -18.247  80.165 0.0000000000
53883  -6.984  -25.818  72.266 0.0000000000
57421  -10.696  -21.747  86.122 0.0000000000
50055  -8.127  -29.882  89.244 0.0000000000
48985  -7.540  -30.676  88.217 0.0000000000
64344  -41.359  -14.941  80.211 0.0000000000
126265  -41.345  -14.045  80.011 0.0000000000
61394  -33.539  -16.704  82.720 0.0000000000
62390  -32.733  -16.101  82.617 0.0000000000
62398  -32.467  -16.184  81.655 0.0000000000
77125  -55.715  -0.990  59.839 0.0000000000
78205  -55.032  -0.783  59.367 0.0000000000
78206  -55.935  -0.322  59.313 0.0000000000
69591  -45.801  -9.065  67.945 0.0000000000
70568  -46.371  -8.930  68.437 0.0000000000
69589  -44.806  -9.350  67.996 0.0000000000
69590  -45.173  -9.154  67.530 0.0000000000
65403  -11.140  -13.256  82.365 0.0000000000
64342  -10.071  -14.332  80.173 0.0000000000
65420  -9.500  -14.117  80.744 0.0000000000
55641  -7.104  -24.179  79.181 0.0000000000
53825  -6.826  -24.890  79.009 0.0000000000
53021  -9.742  -27.126  75.223 0.0000000000
141860  -9.246  -27.157  74.501 0.0000000000
52111  -8.809  -27.572  73.952 0.0000000000
51210  -8.648  -28.376  74.135 0.0000000000
51209  -7.807  -29.007  73.615 0.0000000000
53701  -13.903  -25.277  90.660 0.0000000000
53700  -13.266  -25.166  90.984 0.0000000000
52829  -13.905  -25.994  90.519 0.0000000000
50050  -11.813  -30.038  89.755 0.0000000000
140005  -41.331  -9.943  74.279 0.0000000000
61456  -40.579  -17.546  75.839 0.0000000000
68407  -39.960  -10.763  73.152 0.0000000000
67310  -28.244  -11.910  87.997 0.0000000000
146849  -28.370  -13.688  88.165 0.0000000000
64301  -28.193  -15.005  87.717 0.0000000000
67350  -30.613  -11.241  82.821 0.0000000000
68277  -30.066  -10.390  83.367 0.0000000000
67349  -29.657  -11.288  83.031 0.0000000000
59416  -27.556  -20.602  80.661 0.0000000000
60378  -26.368  -19.394  82.305 0.0000000000
58441  -27.855  -21.139  81.307 0.0000000000
58442  -28.356  -21.673  81.963 0.0000000000
55632  -28.572  -23.214  80.669 0.0000000000
54704  -28.426  -24.130  80.589 0.0000000000
55631  -28.457  -23.336  80.406 0.0000000000
59364  -6.939  -20.163  84.979 0.0000000000
59374  -7.043  -20.270  84.125 0.0000000000
59375  -7.602  -19.688  83.745 0.0000000000
58429  -7.044  -20.866  82.902 0.0000000000
57452  -6.561  -21.343  83.232 0.0000000000
52885  -5.678  -27.060  82.648 0.0000000000
53779  -5.358  -26.215  82.382 0.0000000000
52014  -5.593  -27.165  82.337 0.0000000000
52902  -6.543  -27.148  81.892 0.0000000000
52001  -6.816  -26.699  82.603 0.0000000000
75204  -48.932  -3.525  64.355 0.0000000000
141227  -49.756  -3.530  63.662 0.0000000000
53726  -16.384  -25.115  86.352 0.0000000000
53718  -15.809  -25.040  87.272 0.0000000000
52850  -16.247  -25.800  86.144 0.0000000000
52864  -15.688  -26.498  85.246 0.0000000000
52878  -16.336  -26.266  84.698 0.0000000000
49045  -25.822  -29.849  82.037 0.0000000000
51148  -26.029  -28.630  82.316 0.0000000000
50124  -25.536  -29.272  82.013 0.0000000000
129836  -21.825  -24.052  80.155 0.0000000000
55610  -22.509  -23.969  80.460 0.0000000000
124290  -21.805  -24.031  80.866 0.0000000000
54662  -21.389  -24.119  82.579 0.0000000000
54676  -20.425  -24.448  81.344 0.0000000000
54660  -19.795  -24.803  81.879 0.0000000000
54675  -19.675  -24.723  80.982 0.0000000000
126828  -6.262  -16.348  78.165 0.0000000000
62420  -6.150  -15.563  78.624 0.0000000000
132036  -6.385  -16.310  77.308 0.0000000000
56560  -6.706  -22.469  76.708 0.0000000000
142637  -6.567  -22.678  76.055 0.0000000000
126802  -6.153  -20.783  73.669 0.0000000000
58530  -6.360  -19.945  73.558 0.0000000000
58547  -6.555  -20.588  73.034 0.0000000000
58548  -7.122  -20.603  72.833 0.0000000000
57559  -6.924  -21.331  72.676 0.0000000000
58362  -8.073  -21.363  88.964 0.0000000000
53696  -9.562  -25.723  90.909 0.0000000000
53703  -9.047  -25.616  90.763 0.0000000000
52838  -7.132  -26.384  88.178 0.0000000000
52837  -6.942  -26.302  87.572 0.0000000000
53725  -6.861  -25.879  86.657 0.0000000000
50083  -8.959  -29.808  84.976 0.0000000000
50093  -9.655  -29.075  84.612 0.0000000000
50106  -9.718  -29.055  83.742 0.0000000000
146093  -6.312  -35.065  85.631 0.0000000000
44704  -6.291  -34.297  85.846 0.0000000000
44723  -6.079  -34.605  85.111 0.0000000000
59410  -37.192  -18.372  81.114 0.0000000000
60408  -37.904  -18.117  80.869 0.0000000000
60395  -37.563  -18.223  81.556 0.0000000000
62391  -39.334  -16.562  82.755 0.0000000000
61398  -39.417  -16.820  82.138 0.0000000000
61396  -34.801  -17.831  83.124 0.0000000000
60380  -34.765  -17.897  82.178 0.0000000000
60384  -37.015  -18.473  82.175 0.0000000000
59397  -36.414  -18.580  82.185 0.0000000000
59409  -36.739  -18.608  81.484 0.0000000000
59419  -36.922  -18.628  80.584 0.0000000000
61362  -35.191  -17.194  84.473 0.0000000000
62358  -34.947  -16.654  84.990 0.0000000000
61379  -34.864  -17.443  83.898 0.0000000000
146767  -34.465  -17.167  83.523 0.0000000000
77118  -55.062  -1.941  60.314 0.0000000000
77114  -56.774  -2.207  61.772 0.0000000000
76176  -55.690  -2.357  61.217 0.0000000000
74323  -49.340  -3.748  60.950 0.0000000000
74332  -48.542  -3.932  59.805 0.0000000000
74333  -49.182  -3.810  60.110 0.0000000000
140132  -51.496  -3.099  60.093 0.0000000000
75256  -51.152  -2.902  59.332 0.0000000000
130711  -50.692  -2.608  58.612 0.0000000000
76184  -51.331  -2.402  58.762 0.0000000000
77128  -51.814  -1.966  58.583 0.0000000000
76178  -51.839  -2.408  59.158 0.0000000000
76174  -53.730  -2.568  60.532 0.0000000000
76180  -53.635  -2.237  59.784 0.0000000000
76181  -54.254  -2.128  59.979 0.0000000000
69550  -45.212  -9.437  69.460 0.0000000000
69549  -44.616  -9.435  69.643 0.0000000000
68458  -45.394  -9.702  71.015 0.0000000000
68441  -45.738  -9.831  71.866 0.0000000000
67449  -39.159  -10.598  70.644 0.0000000000
68472  -40.236  -9.760  69.839 0.0000000000
68484  -40.064  -9.449  69.182 0.0000000000
131531  -40.670  -9.061  68.823 0.0000000000
131532  -43.037  -9.351  69.500 0.0000000000
52959  -7.828  -26.079  79.162 0.0000000000
52979  -9.497  -26.212  78.279 0.0000000000
51193  -10.448  -27.853  77.389 0.0000000000
53001  -10.287  -26.627  77.376 0.0000000000
52099  -10.369  -27.103  76.827 0.0000000000
52098  -10.157  -27.378  76.046 0.0000000000
51198  -10.255  -27.976  76.549 0.0000000000
50208  -9.261  -28.918  75.800 0.0000000000
51197  -9.712  -28.727  76.446 0.0000000000
50169  -8.356  -30.001  78.045 0.0000000000
50181  -7.595  -30.217  77.260 0.0000000000
49106  -6.436  -30.772  77.154 0.0000000000
51967  -14.018  -27.992  87.960 0.0000000000
69443  -39.772  -9.613  75.930 0.0000000000
64373  -40.259  -15.129  77.744 0.0000000000
64382  -39.878  -15.433  77.041 0.0000000000
64372  -39.746  -14.686  77.445 0.0000000000
65441  -38.782  -13.263  77.360 0.0000000000
65451  -39.035  -14.183  77.122 0.0000000000
65450  -38.301  -13.568  76.655 0.0000000000
65449  -37.770  -12.970  76.059 0.0000000000
68374  -39.098  -10.478  76.347 0.0000000000
68373  -38.491  -11.241  76.373 0.0000000000
69288  -29.349  -8.899  88.055 0.0000000000
69295  -29.284  -8.664  87.098 0.0000000000
64338  -29.287  -14.544  81.199 0.0000000000
64337  -28.186  -14.429  81.296 0.0000000000
63352  -27.516  -14.875  81.015 0.0000000000
80199  -54.779  1.462  56.514 0.0000000000
80210  -54.483  1.757  55.750 0.0000000000
80211  -55.310  2.017  55.990 0.0000000000
81042  -56.735  2.823  55.694 0.0000000000
81041  -55.826  2.535  55.454 0.0000000000
81048  -56.316  3.054  54.903 0.0000000000
81881  -56.821  3.386  54.313 0.0000000000
81877  -57.277  3.402  55.098 0.0000000000
57442  -6.150  -21.336  84.804 0.0000000000
147976  -5.959  -23.186  84.675 0.0000000000
56491  -5.788  -22.591  84.240 0.0000000000
147552  -6.155  -24.100  84.157 0.0000000000
128725  -6.125  -24.498  83.622 0.0000000000
143576  -6.363  -24.618  84.461 0.0000000000
124858  -49.177  -3.439  65.922 0.0000000000
75170  -48.650  -3.543  66.515 0.0000000000
70601  -44.687  -8.332  65.156 0.0000000000
72549  -45.175  -6.776  64.611 0.0000000000
71556  -44.741  -7.765  64.537 0.0000000000
72553  -44.796  -6.984  63.931 0.0000000000
73457  -45.158  -5.934  63.799 0.0000000000
74304  -47.150  -3.960  65.856 0.0000000000
75193  -47.849  -3.634  65.449 0.0000000000
75203  -47.959  -3.595  64.656 0.0000000000
57426  -17.546  -21.167  86.848 0.0000000000
55528  -18.233  -22.577  87.186 0.0000000000
56465  -17.761  -21.921  87.439 0.0000000000
54594  -17.509  -23.813  86.816 0.0000000000
53720  -17.665  -23.952  86.255 0.0000000000
52943  -22.065  -26.650  79.649 0.0000000000
125581  -21.702  -27.009  80.485 0.0000000000
141741  -7.666  -16.064  82.167 0.0000000000
128895  -7.290  -15.790  81.533 0.0000000000
61420  -7.220  -17.339  79.539 0.0000000000
60428  -7.250  -18.339  78.436 0.0000000000
53861  -7.320  -24.728  74.159 0.0000000000
54768  -7.040  -24.178  74.706 0.0000000000
54786  -7.002  -24.455  72.827 0.0000000000
148494  -6.912  -24.272  73.272 0.0000000000
128209  -6.750  -23.818  73.203 0.0000000000
130076  -6.758  -22.940  73.078 0.0000000000
142436  -7.213  -24.386  72.331 0.0000000000
57419  -9.336  -21.557  86.572 0.0000000000
58375  -8.866  -21.421  87.010 0.0000000000
56481  -8.820  -22.171  87.185 0.0000000000
51066  -9.488  -28.626  90.564 0.0000000000
51070  -9.385  -28.097  90.023 0.0000000000
129570  -9.309  -27.863  89.322 0.0000000000
51079  -9.145  -28.449  88.205 0.0000000000
50065  -8.645  -29.592  86.964 0.0000000000
50073  -8.711  -29.689  85.903 0.0000000000
146635  -40.345  -18.876  76.923 0.0000000000
60410  -39.158  -17.682  80.385 0.0000000000
133382  -39.522  -17.656  79.742 0.0000000000
62425  -40.928  -16.439  78.631 0.0000000000
61427  -40.778  -16.961  78.878 0.0000000000
134247  -40.642  -16.504  77.773 0.0000000000
124613  -40.699  -15.968  78.080 0.0000000000
63384  -40.445  -15.770  77.671 0.0000000000
59417  -34.986  -18.331  80.332 0.0000000000
67338  -32.976  -10.875  84.335 0.0000000000
68279  -32.016  -10.579  83.600 0.0000000000
64312  -34.191  -14.776  85.547 0.0000000000
64319  -33.700  -14.772  84.924 0.0000000000
140715  -32.069  -14.693  83.216 0.0000000000
65393  -32.583  -14.226  83.706 0.0000000000
65392  -31.753  -14.044  83.090 0.0000000000
64332  -30.652  -14.378  82.019 0.0000000000
63344  -31.005  -15.057  81.953 0.0000000000
80187  -58.588  1.982  59.377 0.0000000000
77129  -52.338  -1.601  58.448 0.0000000000
77140  -52.555  -1.156  58.052 0.0000000000
78220  -54.280  -0.125  58.036 0.0000000000
79279  -53.494  -0.244  57.681 0.0000000000
142985  -54.060  0.274  57.451 0.0000000000
79285  -54.348  0.808  56.987 0.0000000000
79272  -57.246  1.273  58.783 0.0000000000
80196  -58.250  1.949  58.422 0.0000000000
71539  -46.302  -7.433  67.280 0.0000000000
72523  -47.093  -6.259  67.937 0.0000000000
72507  -46.675  -7.287  68.077 0.0000000000
71513  -47.463  -7.972  69.613 0.0000000000
72490  -47.744  -7.046  69.364 0.0000000000
69552  -46.916  -9.359  70.135 0.0000000000
142674  -41.721  -8.886  67.894 0.0000000000
142237  -43.997  -9.267  66.100 0.0000000000
123955  -44.432  -9.183  66.422 0.0000000000
70592  -45.781  -8.229  67.070 0.0000000000
70591  -45.225  -8.670  66.566 0.0000000000
50137  -28.432  -29.310  81.491 0.0000000000
50151  -28.165  -29.566  80.408 0.0000000000
47896  -27.255  -29.911  80.285 0.0000000000
64348  -10.616  -14.549  79.411 0.0000000000
140260  -9.848  -14.728  78.996 0.0000000000
64369  -8.374  -14.840  78.041 0.0000000000
147259  -8.419  -15.269  77.645 0.0000000000
63380  -7.621  -14.942  77.371 0.0000000000
57479  -7.536  -21.896  80.048 0.0000000000
56533  -7.367  -22.828  79.819 0.0000000000
128531  -7.086  -24.211  78.199 0.0000000000
56541  -7.276  -23.402  78.453 0.0000000000
55654  -7.093  -23.737  77.850 0.0000000000
52998  -7.871  -25.942  77.783 0.0000000000
137182  -7.579  -25.499  77.209 0.0000000000
53008  -7.767  -25.360  76.371 0.0000000000
53007  -7.570  -25.085  75.853 0.0000000000
124885  -7.241  -24.843  76.167 0.0000000000
133516  -7.459  -24.819  75.145 0.0000000000
53851  -7.860  -25.090  74.957 0.0000000000
52118  -8.321  -27.305  73.215 0.0000000000
50217  -7.317  -29.978  74.872 0.0000000000
49130  -6.492  -30.724  75.445 0.0000000000
56445  -11.978  -22.785  89.291 0.0000000000
55512  -12.284  -23.202  89.883 0.0000000000
54557  -11.964  -25.102  90.966 0.0000000000
55500  -12.095  -24.080  90.395 0.0000000000
144513  -10.959  -25.279  90.669 0.0000000000
52821  -10.994  -26.287  91.420 0.0000000000
51069  -12.985  -28.259  90.075 0.0000000000
51067  -11.521  -29.062  91.163 0.0000000000
51065  -11.759  -28.083  91.470 0.0000000000
51064  -10.775  -28.518  91.615 0.0000000000
51063  -9.998  -28.380  91.394 0.0000000000
50042  -10.177  -29.033  91.362 0.0000000000
48963  -9.470  -30.976  90.339 0.0000000000
48950  -9.343  -30.126  90.800 0.0000000000
130486  -8.925  -31.024  89.819 0.0000000000
127393  -41.468  -10.426  71.890 0.0000000000
68421  -42.195  -10.362  72.337 0.0000000000
62464  -39.941  -16.502  75.199 0.0000000000
63408  -39.446  -16.249  74.570 0.0000000000
67418  -38.533  -11.438  73.421 0.0000000000
67417  -37.773  -11.841  73.972 0.0000000000
67425  -37.751  -11.791  73.092 0.0000000000
145116  -40.528  -10.587  72.745 0.0000000000
68420  -40.635  -10.578  72.121 0.0000000000
59354  -28.302  -20.000  87.111 0.0000000000
145574  -28.657  -20.926  86.935 0.0000000000
58384  -29.027  -21.572  86.199 0.0000000000
55550  -30.162  -23.565  85.718 0.0000000000
144717  -30.068  -23.155  85.214 0.0000000000
68265  -29.253  -10.171  84.122 0.0000000000
69314  -29.708  -9.476  84.707 0.0000000000
69313  -28.928  -9.778  85.139 0.0000000000
68257  -28.409  -10.304  85.755 0.0000000000
67328  -27.877  -11.010  85.357 0.0000000000
129124  -26.745  -14.176  82.355 0.0000000000
66390  -27.843  -12.790  83.074 0.0000000000
65404  -26.659  -14.006  83.148 0.0000000000
61376  -25.687  -17.769  84.214 0.0000000000
63330  -26.257  -15.224  84.344 0.0000000000
62355  -26.137  -16.025  85.181 0.0000000000
64311  -26.800  -14.160  85.367 0.0000000000
61347  -26.359  -17.005  85.763 0.0000000000
138461  -27.052  -17.851  85.917 0.0000000000
60344  -26.963  -18.853  85.416 0.0000000000
56510  -29.387  -23.171  82.494 0.0000000000
58425  -28.799  -21.795  83.894 0.0000000000
54668  -29.533  -24.500  82.879 0.0000000000
53784  -29.566  -25.438  83.105 0.0000000000
52910  -29.319  -26.000  82.608 0.0000000000
52927  -29.066  -26.600  81.983 0.0000000000
135797  -28.175  -27.459  78.965 0.0000000000
140846  -28.185  -27.406  79.659 0.0000000000
123529  -57.541  3.629  53.835 0.0000000000
81884  -57.057  3.866  53.193 0.0000000000
82752  -57.253  5.025  52.045 0.0000000000
83621  -58.738  5.548  52.797 0.0000000000
62377  -8.421  -16.740  83.296 0.0000000000
61384  -8.120  -17.421  82.095 0.0000000000
60370  -8.333  -18.268  82.681 0.0000000000
60347  -8.181  -18.352  84.461 0.0000000000
59385  -7.908  -19.666  82.870 0.0000000000
128503  -8.321  -18.870  82.332 0.0000000000
57459  -7.373  -21.082  82.066 0.0000000000
56517  -6.698  -22.666  82.123 0.0000000000
57473  -7.261  -22.490  81.652 0.0000000000
55606  -6.934  -23.693  80.852 0.0000000000
142253  -6.142  -22.330  83.098 0.0000000000
148777  -5.836  -23.672  82.387 0.0000000000
53788  -5.237  -26.181  81.504 0.0000000000
53800  -5.869  -25.716  80.505 0.0000000000
52936  -6.340  -26.173  80.294 0.0000000000
146118  -7.016  -25.965  79.689 0.0000000000
52937  -6.587  -26.527  80.480 0.0000000000
52919  -8.741  -26.379  81.396 0.0000000000
52938  -8.102  -26.244  80.757 0.0000000000
52939  -9.156  -26.320  80.691 0.0000000000
52941  -10.344  -26.694  80.458 0.0000000000
52940  -9.971  -26.427  80.769 0.0000000000
75224  -52.170  -3.546  62.973 0.0000000000
124106  -52.776  -3.489  63.832 0.0000000000
68423  -43.901  -10.201  72.252 0.0000000000
73462  -45.813  -5.136  63.189 0.0000000000
138155  -46.629  -4.594  62.793 0.0000000000
74316  -47.578  -4.304  61.551 0.0000000000
73475  -46.889  -4.697  61.037 0.0000000000
74318  -49.102  -3.728  62.007 0.0000000000
125602  -51.527  -3.545  62.157 0.0000000000
136251  -13.681  -22.115  88.745 0.0000000000
55507  -13.908  -23.681  90.196 0.0000000000
146461  -14.512  -23.489  89.618 0.0000000000
56464  -15.856  -22.628  87.726 0.0000000000
136358  -15.704  -22.253  87.786 0.0000000000
53711  -15.445  -25.317  88.322 0.0000000000
54578  -15.498  -24.822  88.813 0.0000000000
53707  -15.288  -25.489  89.145 0.0000000000
52836  -15.249  -26.121  88.583 0.0000000000
52835  -14.966  -26.936  88.180 0.0000000000
52841  -15.346  -26.472  87.631 0.0000000000
52863  -15.087  -27.003  84.866 0.0000000000
51993  -14.460  -27.396  84.437 0.0000000000
52004  -13.849  -27.773  83.966 0.0000000000
52017  -13.880  -27.842  83.041 0.0000000000
49033  -28.289  -29.598  82.711 0.0000000000
50100  -28.340  -28.951  83.988 0.0000000000
50113  -27.547  -29.350  83.703 0.0000000000
52894  -27.155  -26.981  82.916 0.0000000000
149155  -27.371  -27.146  83.555 0.0000000000
147279  -27.351  -26.449  83.466 0.0000000000
53773  -27.173  -25.529  83.740 0.0000000000
144707  -26.699  -25.064  83.107 0.0000000000
52925  -25.256  -27.112  80.825 0.0000000000
52946  -24.893  -26.173  80.476 0.0000000000
55580  -23.782  -23.656  82.462 0.0000000000
127861  -24.455  -23.690  81.960 0.0000000000
55567  -24.576  -23.726  82.785 0.0000000000
54652  -24.715  -23.907  83.624 0.0000000000
144569  -23.988  -23.753  84.250 0.0000000000
54622  -23.677  -23.772  85.971 0.0000000000
54636  -23.099  -23.698  85.029 0.0000000000
54619  -21.019  -24.456  85.533 0.0000000000
54608  -21.538  -24.191  86.100 0.0000000000
123710  -21.160  -23.992  86.440 0.0000000000
128412  -21.468  -22.709  87.936 0.0000000000
54597  -20.733  -23.767  86.632 0.0000000000
54606  -20.194  -24.485  86.146 0.0000000000
124353  -18.779  -25.360  83.730 0.0000000000
146157  -19.385  -24.892  85.058 0.0000000000
53758  -18.517  -25.284  84.583 0.0000000000
129330  -17.926  -25.631  84.978 0.0000000000
53769  -17.530  -25.782  83.405 0.0000000000
52984  -19.518  -26.237  78.459 0.0000000000
54697  -18.850  -24.885  79.302 0.0000000000
52983  -18.663  -26.141  78.410 0.0000000000
52963  -16.437  -26.617  78.765 0.0000000000
53802  -16.320  -25.489  80.249 0.0000000000
53801  -15.590  -25.792  80.772 0.0000000000
53780  -16.252  -25.834  82.397 0.0000000000
53789  -15.625  -26.028  81.750 0.0000000000
52907  -15.591  -26.314  82.658 0.0000000000
52923  -15.107  -26.194  81.136 0.0000000000
65390  -8.655  -13.326  83.195 0.0000000000
131457  -9.983  -13.079  83.348 0.0000000000
65401  -9.593  -13.498  82.591 0.0000000000
63349  -7.124  -15.029  81.375 0.0000000000
134729  -6.836  -14.797  80.531 0.0000000000
64345  -7.188  -14.108  79.493 0.0000000000
64341  -7.219  -14.281  80.277 0.0000000000
65419  -8.445  -14.007  80.638 0.0000000000
132571  -7.427  -14.194  78.808 0.0000000000
63388  -6.677  -15.256  77.027 0.0000000000
64367  -6.722  -14.778  77.314 0.0000000000
144233  -6.947  -15.938  76.457 0.0000000000
58458  -7.767  -21.022  79.254 0.0000000000
59449  -7.030  -19.286  76.917 0.0000000000
60436  -7.124  -18.706  77.632 0.0000000000
57513  -6.418  -22.165  75.373 0.0000000000
57527  -6.213  -21.936  74.922 0.0000000000
59459  -6.347  -18.949  76.104 0.0000000000
123969  -6.116  -18.703  75.344 0.0000000000
60478  -6.460  -18.675  74.350 0.0000000000
60466  -6.234  -18.039  74.866 0.0000000000
60467  -6.694  -18.317  74.463 0.0000000000
61473  -6.738  -17.827  74.844 0.0000000000
60468  -7.318  -18.408  74.393 0.0000000000
55525  -11.187  -23.240  88.733 0.0000000000
55510  -10.636  -23.890  89.156 0.0000000000
54592  -9.308  -24.076  87.949 0.0000000000
54591  -8.558  -24.121  88.054 0.0000000000
52831  -8.348  -26.355  90.228 0.0000000000
52827  -7.744  -26.001  90.101 0.0000000000
54575  -6.959  -25.334  88.566 0.0000000000
53710  -7.544  -25.587  89.102 0.0000000000
55522  -6.839  -24.582  88.549 0.0000000000
55535  -5.968  -24.138  88.327 0.0000000000
140993  -5.769  -23.696  87.961 0.0000000000
55545  -6.144  -23.533  86.845 0.0000000000
54603  -6.209  -24.387  86.361 0.0000000000
53738  -6.852  -25.788  85.536 0.0000000000
53754  -6.853  -25.807  84.486 0.0000000000
51970  -9.360  -27.469  87.084 0.0000000000
51980  -9.175  -27.022  86.665 0.0000000000
52002  -10.039  -27.182  84.339 0.0000000000
52875  -9.785  -26.941  85.173 0.0000000000
123898  -9.512  -26.753  84.279 0.0000000000
125799  -8.531  -26.510  84.034 0.0000000000
52888  -9.280  -26.624  83.473 0.0000000000
52904  -8.823  -26.562  82.676 0.0000000000
132144  -9.859  -29.072  82.740 0.0000000000
51138  -10.312  -27.817  82.163 0.0000000000
51137  -10.097  -28.471  82.006 0.0000000000
51154  -10.215  -28.657  81.231 0.0000000000
45654  -7.916  -32.670  88.016 0.0000000000
45683  -6.642  -33.459  86.446 0.0000000000
46680  -6.818  -32.098  86.978 0.0000000000
47802  -6.728  -31.514  86.820 0.0000000000
46704  -6.379  -31.951  86.430 0.0000000000
47812  -6.045  -31.663  85.310 0.0000000000
131270  -6.314  -31.173  85.575 0.0000000000
49012  -6.462  -30.908  84.952 0.0000000000
134848  -6.921  -30.656  83.013 0.0000000000
50104  -7.961  -30.061  82.805 0.0000000000
49037  -7.184  -30.665  82.126 0.0000000000
49054  -7.164  -30.587  81.226 0.0000000000
50131  -7.924  -29.962  80.833 0.0000000000
50144  -8.732  -29.810  80.406 0.0000000000
50143  -7.973  -30.082  80.011 0.0000000000
62384  -39.821  -15.943  83.055 0.0000000000
63340  -39.468  -15.842  83.741 0.0000000000
63334  -38.929  -15.746  84.426 0.0000000000
129893  -37.586  -18.203  82.116 0.0000000000
60385  -38.272  -17.818  81.761 0.0000000000
60369  -38.130  -17.630  82.650 0.0000000000
61380  -35.454  -17.784  83.877 0.0000000000
60366  -35.683  -18.226  83.322 0.0000000000
60354  -36.002  -18.024  83.818 0.0000000000
123755  -36.678  -18.342  82.724 0.0000000000
63322  -35.778  -15.694  85.899 0.0000000000
62359  -36.087  -16.337  85.446 0.0000000000
61363  -35.782  -17.409  84.442 0.0000000000
133595  -37.102  -15.809  85.707 0.0000000000
76169  -55.239  -2.818  61.872 0.0000000000
75236  -49.833  -3.644  60.304 0.0000000000
75237  -51.158  -3.331  60.758 0.0000000000
75246  -52.273  -2.834  60.150 0.0000000000
76179  -52.441  -2.449  59.561 0.0000000000
69526  -44.276  -9.616  70.313 0.0000000000
68440  -44.937  -9.845  71.752 0.0000000000
68453  -40.600  -10.092  70.549 0.0000000000
141281  -40.904  -9.671  69.942 0.0000000000
68473  -41.569  -9.398  69.554 0.0000000000
127837  -10.042  -26.304  79.066 0.0000000000
50183  -9.446  -29.166  77.064 0.0000000000
144127  -9.552  -29.277  77.967 0.0000000000
144081  -13.243  -28.076  85.639 0.0000000000
148604  -13.310  -28.079  86.205 0.0000000000
51108  -12.956  -28.582  84.984 0.0000000000
50094  -12.420  -29.365  84.516 0.0000000000
65435  -39.883  -13.401  78.409 0.0000000000
66420  -38.683  -12.287  77.391 0.0000000000
67401  -38.386  -11.831  76.731 0.0000000000
70321  -30.944  -7.101  86.918 0.0000000000
62402  -27.295  -15.891  80.012 0.0000000000
80201  -56.620  1.929  57.013 0.0000000000
81032  -57.222  2.518  56.510 0.0000000000
81866  -59.432  4.005  57.209 0.0000000000
57441  -5.816  -21.964  84.574 0.0000000000
75169  -47.906  -3.729  66.224 0.0000000000
74291  -48.199  -3.869  67.020 0.0000000000
74267  -48.658  -4.204  67.893 0.0000000000
72538  -45.430  -7.214  66.049 0.0000000000
72545  -45.466  -6.511  65.462 0.0000000000
73455  -45.780  -4.773  64.945 0.0000000000
57413  -17.866  -21.402  87.124 0.0000000000
139490  -18.536  -21.411  86.919 0.0000000000
56466  -18.844  -21.873  87.131 0.0000000000
53733  -29.902  -25.620  86.794 0.0000000000
133097  -9.167  -15.532  77.899 0.0000000000
62430  -9.705  -16.314  77.550 0.0000000000
53872  -7.233  -25.672  72.865 0.0000000000
132750  -7.129  -25.178  72.722 0.0000000000
57433  -9.645  -21.174  86.002 0.0000000000
50056  -8.834  -28.857  88.932 0.0000000000
62407  -40.568  -16.482  80.485 0.0000000000
62417  -40.968  -16.218  79.575 0.0000000000
64351  -41.181  -14.848  79.220 0.0000000000
140773  -35.948  -18.928  80.704 0.0000000000
63332  -33.803  -15.958  84.568 0.0000000000
64318  -33.207  -14.810  84.244 0.0000000000
63331  -33.310  -15.410  84.009 0.0000000000
63339  -32.791  -15.650  83.344 0.0000000000
63345  -31.657  -15.288  82.374 0.0000000000
63355  -31.271  -15.472  81.699 0.0000000000
79266  -57.558  0.732  59.656 0.0000000000
77141  -53.135  -0.846  58.137 0.0000000000
78211  -54.600  -0.477  58.663 0.0000000000
79270  -55.011  0.051  58.217 0.0000000000
79280  -55.439  0.708  57.907 0.0000000000
128979  -55.723  0.269  58.564 0.0000000000
79271  -56.549  0.518  59.057 0.0000000000
71525  -46.542  -8.240  68.301 0.0000000000
69588  -43.739  -9.400  67.378 0.0000000000
70582  -45.480  -8.777  67.288 0.0000000000
49101  -28.081  -29.300  79.439 0.0000000000
64343  -11.137  -14.291  80.297 0.0000000000
64346  -8.374  -14.265  79.111 0.0000000000
127885  -7.237  -23.378  80.452 0.0000000000
56532  -7.316  -23.442  79.425 0.0000000000
53009  -9.327  -26.078  76.554 0.0000000000
137726  -8.724  -25.996  74.842 0.0000000000
53032  -8.219  -25.688  74.140 0.0000000000
53033  -8.752  -26.723  74.038 0.0000000000
55506  -13.048  -23.580  90.346 0.0000000000
55505  -12.445  -23.603  90.226 0.0000000000
54561  -12.954  -24.602  90.852 0.0000000000
53699  -12.695  -25.078  91.060 0.0000000000
52823  -12.340  -25.733  91.294 0.0000000000
50051  -12.484  -29.375  89.129 0.0000000000
147671  -12.684  -28.965  89.833 0.0000000000
50045  -11.123  -29.901  90.783 0.0000000000
50044  -10.058  -29.739  91.213 0.0000000000
48964  -10.646  -31.053  90.085 0.0000000000
68399  -41.871  -10.129  73.674 0.0000000000
63407  -39.237  -15.817  74.712 0.0000000000
133105  -38.136  -11.237  75.108 0.0000000000
67419  -39.298  -11.162  72.874 0.0000000000
63300  -28.470  -15.516  88.546 0.0000000000
129219  -27.684  -17.470  87.748 0.0000000000
60338  -27.727  -18.819  86.787 0.0000000000
69330  -31.611  -9.695  83.750 0.0000000000
69329  -30.749  -9.684  83.697 0.0000000000
68276  -28.663  -10.897  83.908 0.0000000000
62388  -25.869  -16.543  81.880 0.0000000000
64324  -26.263  -14.736  82.792 0.0000000000
139633  -25.734  -16.741  82.809 0.0000000000
139342  -25.693  -17.770  83.291 0.0000000000
61377  -25.872  -18.705  83.904 0.0000000000
60364  -27.109  -19.879  83.816 0.0000000000
59395  -27.684  -20.845  82.883 0.0000000000
56509  -29.158  -22.685  82.289 0.0000000000
54679  -28.861  -24.466  81.616 0.0000000000
53806  -28.711  -25.989  81.178 0.0000000000
53821  -28.417  -25.087  80.725 0.0000000000
53820  -28.091  -25.826  80.002 0.0000000000
81052  -53.612  2.650  53.705 0.0000000000
60339  -7.673  -18.958  85.068 0.0000000000
57458  -6.926  -21.465  82.644 0.0000000000
136024  -5.831  -24.050  82.858 0.0000000000
52052  -5.966  -27.066  80.788 0.0000000000
52917  -6.387  -27.079  81.113 0.0000000000
52918  -7.575  -26.548  81.512 0.0000000000
132131  -8.423  -26.600  82.023 0.0000000000
75213  -50.817  -3.508  63.575 0.0000000000
75214  -51.888  -3.492  63.727 0.0000000000
124342  -51.557  -3.480  64.368 0.0000000000
75207  -52.083  -3.518  65.165 0.0000000000
130717  -47.244  -4.095  63.417 0.0000000000
74310  -47.985  -3.819  63.155 0.0000000000
74314  -48.448  -3.767  62.650 0.0000000000
75221  -49.208  -3.579  62.879 0.0000000000
54580  -16.672  -23.611  87.362 0.0000000000
54579  -15.847  -24.082  88.146 0.0000000000
124023  -15.421  -26.787  86.857 0.0000000000
52849  -15.783  -26.309  86.140 0.0000000000
52876  -15.114  -27.038  83.953 0.0000000000
49031  -26.887  -29.771  83.342 0.0000000000
50112  -26.410  -29.253  82.997 0.0000000000
51149  -26.629  -28.171  82.743 0.0000000000
128657  -26.564  -27.617  82.367 0.0000000000
147808  -23.818  -25.293  79.955 0.0000000000
53804  -24.423  -25.094  80.262 0.0000000000
54690  -23.948  -24.171  80.475 0.0000000000
137701  -22.720  -23.781  81.241 0.0000000000
54664  -23.012  -23.863  83.038 0.0000000000
54635  -22.164  -24.064  84.400 0.0000000000
54649  -21.591  -24.219  83.269 0.0000000000
146135  -21.470  -24.375  83.895 0.0000000000
53744  -20.705  -24.630  84.875 0.0000000000
53743  -20.255  -24.774  85.460 0.0000000000
53772  -20.316  -25.053  83.636 0.0000000000
148962  -19.229  -25.111  82.283 0.0000000000
53781  -18.420  -25.255  82.239 0.0000000000
124559  -18.090  -26.786  78.525 0.0000000000
136756  -16.202  -27.915  78.929 0.0000000000
52069  -15.510  -27.579  79.328 0.0000000000
62411  -6.416  -15.740  79.469 0.0000000000
63366  -6.117  -14.963  79.117 0.0000000000
63371  -6.168  -14.905  78.210 0.0000000000
64354  -6.647  -14.565  77.748 0.0000000000
144624  -6.424  -15.532  77.296 0.0000000000
62441  -6.646  -16.009  76.778 0.0000000000
148151  -7.454  -21.528  77.560 0.0000000000
57493  -6.869  -21.369  76.685 0.0000000000
57528  -6.045  -21.075  74.588 0.0000000000
59476  -6.248  -19.338  74.311 0.0000000000
59491  -6.630  -19.293  73.692 0.0000000000
59492  -7.245  -19.433  73.467 0.0000000000
54564  -10.381  -24.937  90.288 0.0000000000
131151  -8.254  -25.201  89.745 0.0000000000
51960  -7.821  -26.223  89.017 0.0000000000
53705  -7.523  -26.006  89.297 0.0000000000
52834  -7.290  -26.114  88.655 0.0000000000
53708  -6.696  -25.668  88.236 0.0000000000
54604  -6.474  -25.093  87.050 0.0000000000
53739  -7.142  -25.965  85.990 0.0000000000
51096  -9.875  -28.127  85.853 0.0000000000
51107  -10.099  -28.275  85.124 0.0000000000
52003  -10.286  -27.493  83.415 0.0000000000
51122  -10.192  -28.401  83.408 0.0000000000
149567  -6.470  -33.851  86.207 0.0000000000
46703  -6.122  -32.404  85.756 0.0000000000
46711  -5.803  -32.391  84.809 0.0000000000
49053  -6.434  -30.978  81.621 0.0000000000
59430  -37.211  -18.828  79.824 0.0000000000
59431  -37.641  -18.962  79.495 0.0000000000
59421  -38.091  -18.556  80.019 0.0000000000
60409  -38.529  -18.063  80.415 0.0000000000
61405  -39.139  -17.339  81.668 0.0000000000
60397  -39.571  -17.352  81.038 0.0000000000
135231  -40.169  -16.924  81.006 0.0000000000
62399  -40.340  -16.327  81.423 0.0000000000
141042  -40.919  -15.976  81.151 0.0000000000
61404  -33.857  -17.396  81.801 0.0000000000
146710  -35.262  -18.476  81.678 0.0000000000
140708  -35.617  -18.857  81.280 0.0000000000
60382  -35.688  -18.424  82.745 0.0000000000
59407  -35.750  -18.553  82.027 0.0000000000
58452  -36.841  -18.834  79.787 0.0000000000
145448  -33.968  -15.374  85.169 0.0000000000
128031  -34.734  -16.106  85.424 0.0000000000
63320  -34.222  -15.901  85.248 0.0000000000
62370  -33.771  -16.263  83.903 0.0000000000
61378  -33.970  -16.676  83.445 0.0000000000
78201  -57.313  -0.510  60.660 0.0000000000
77120  -57.010  -1.359  61.149 0.0000000000
75243  -49.716  -3.557  59.674 0.0000000000
75254  -49.353  -3.451  58.956 0.0000000000
76183  -49.876  -2.816  58.413 0.0000000000
76186  -53.112  -2.063  59.395 0.0000000000
77124  -54.619  -1.507  59.642 0.0000000000
124241  -55.284  -1.409  59.903 0.0000000000
69572  -45.319  -9.347  68.700 0.0000000000
69573  -46.029  -9.381  68.703 0.0000000000
123983  -45.777  -9.498  69.314 0.0000000000
69528  -46.488  -9.575  70.569 0.0000000000
69527  -45.031  -9.570  70.262 0.0000000000
68451  -38.954  -10.334  70.002 0.0000000000
68495  -38.871  -9.724  68.086 0.0000000000
69568  -40.088  -9.208  68.442 0.0000000000
69570  -42.604  -9.082  68.341 0.0000000000
52957  -6.933  -25.470  79.363 0.0000000000
52976  -7.052  -25.368  78.550 0.0000000000
52977  -7.710  -25.956  78.225 0.0000000000
52999  -8.832  -26.062  77.508 0.0000000000
53000  -9.851  -26.249  77.429 0.0000000000
125812  -9.994  -26.604  76.112 0.0000000000
51203  -9.034  -28.694  75.001 0.0000000000
50195  -7.961  -29.887  76.481 0.0000000000
49119  -6.376  -30.838  76.252 0.0000000000
52832  -14.466  -26.219  89.838 0.0000000000
51957  -13.836  -26.517  90.306 0.0000000000
51959  -14.060  -27.132  89.466 0.0000000000
51072  -13.572  -27.989  89.398 0.0000000000
51075  -13.000  -28.840  88.298 0.0000000000
51088  -13.246  -28.525  86.777 0.0000000000
51081  -12.879  -28.995  87.402 0.0000000000
50058  -12.465  -29.509  88.088 0.0000000000
69474  -40.847  -9.564  74.938 0.0000000000
127958  -40.361  -16.282  76.972 0.0000000000
63395  -40.218  -16.494  76.101 0.0000000000
126607  -40.066  -15.990  76.592 0.0000000000
64392  -39.693  -15.653  76.187 0.0000000000
64391  -39.114  -15.274  75.641 0.0000000000
64390  -38.208  -14.593  75.518 0.0000000000
64389  -37.547  -14.032  75.224 0.0000000000
65459  -37.531  -13.368  75.461 0.0000000000
66431  -37.470  -12.622  75.287 0.0000000000
140308  -28.591  -10.328  87.571 0.0000000000
138321  -28.288  -11.091  87.325 0.0000000000
66392  -29.602  -12.716  82.240 0.0000000000
65407  -29.147  -13.427  81.958 0.0000000000
140432  -27.783  -13.941  81.709 0.0000000000
64335  -26.309  -14.887  81.936 0.0000000000
62401  -26.478  -16.310  80.252 0.0000000000
63360  -26.326  -15.783  80.856 0.0000000000
61401  -25.864  -17.326  81.327 0.0000000000
60390  -26.174  -18.152  80.857 0.0000000000
59426  -27.148  -19.991  80.269 0.0000000000
57480  -28.244  -21.712  79.773 0.0000000000
80217  -54.236  2.032  55.010 0.0000000000
81046  -54.719  2.524  54.514 0.0000000000
81054  -55.214  2.912  53.949 0.0000000000
131812  -54.918  3.096  53.398 0.0000000000
146881  -57.420  3.531  54.452 0.0000000000
137488  -58.178  3.483  55.457 0.0000000000
58398  -6.044  -21.246  83.887 0.0000000000
57451  -5.790  -21.909  83.826 0.0000000000
56500  -5.858  -22.649  83.573 0.0000000000
148837  -5.985  -24.667  82.996 0.0000000000
135258  -6.117  -25.272  83.055 0.0000000000
53767  -6.231  -26.094  83.072 0.0000000000
75195  -49.469  -3.433  65.194 0.0000000000
124343  -50.379  -3.393  65.463 0.0000000000
145273  -49.761  -3.406  65.714 0.0000000000
70604  -44.029  -8.655  63.820 0.0000000000
74306  -46.451  -4.309  64.474 0.0000000000
148445  -46.837  -4.173  63.920 0.0000000000
130661  -47.265  -3.887  64.202 0.0000000000
57425  -16.749  -21.118  86.793 0.0000000000
57399  -16.722  -21.768  87.617 0.0000000000
133092  -16.775  -21.929  87.575 0.0000000000
55527  -16.979  -22.665  87.427 0.0000000000
53719  -16.770  -24.365  86.647 0.0000000000
49061  -24.264  -30.208  81.118 0.0000000000
133210  -24.150  -29.396  81.615 0.0000000000
51146  -23.496  -28.483  81.355 0.0000000000
138284  -23.747  -28.000  81.085 0.0000000000
52060  -23.475  -26.991  80.131 0.0000000000
52944  -22.957  -26.349  79.627 0.0000000000
53818  -22.480  -25.512  79.317 0.0000000000
54699  -20.900  -24.566  79.141 0.0000000000
55607  -20.005  -24.266  79.719 0.0000000000
139822  -20.575  -25.679  78.580 0.0000000000
52985  -20.346  -26.279  78.559 0.0000000000
64323  -7.632  -14.372  82.699 0.0000000000
63359  -6.881  -15.526  80.752 0.0000000000
61409  -7.097  -16.729  80.539 0.0000000000
62400  -6.722  -16.037  80.263 0.0000000000
60427  -6.719  -17.812  77.652 0.0000000000
54756  -6.753  -23.583  75.543 0.0000000000
56559  -6.711  -22.814  75.455 0.0000000000
55676  -6.931  -22.955  75.034 0.0000000000
54778  -6.876  -24.082  73.851 0.0000000000
55687  -6.263  -22.814  73.931 0.0000000000
56594  -6.445  -22.240  73.311 0.0000000000
56606  -6.874  -22.119  72.712 0.0000000000
56607  -7.339  -22.188  72.469 0.0000000000
59344  -9.247  -19.666  87.793 0.0000000000
58363  -8.641  -20.366  88.606 0.0000000000
56457  -7.878  -23.075  88.142 0.0000000000
130997  -9.610  -26.658  91.098 0.0000000000
52824  -9.174  -26.255  90.944 0.0000000000
51958  -8.780  -26.797  89.659 0.0000000000
51965  -8.108  -27.075  88.199 0.0000000000
51966  -8.979  -27.434  87.803 0.0000000000
51086  -9.641  -27.971  86.801 0.0000000000
50066  -9.305  -28.655  87.400 0.0000000000
60450  -40.673  -18.057  76.107 0.0000000000
61443  -40.567  -17.353  76.615 0.0000000000
59432  -38.285  -18.974  79.188 0.0000000000
142924  -40.011  -18.622  78.354 0.0000000000
61426  -40.219  -17.345  79.377 0.0000000000
60423  -40.573  -17.411  78.569 0.0000000000
60432  -40.533  -18.038  78.095 0.0000000000
138658  -40.641  -17.412  77.790 0.0000000000
61436  -40.616  -17.087  77.367 0.0000000000
143082  -40.525  -16.712  77.100 0.0000000000
64362  -40.462  -14.603  78.312 0.0000000000
133435  -32.103  -9.049  84.428 0.0000000000
67351  -31.535  -11.394  83.073 0.0000000000
67360  -31.082  -12.176  82.647 0.0000000000
66368  -33.299  -12.842  84.520 0.0000000000
146469  -32.801  -13.436  83.971 0.0000000000
66379  -32.587  -12.626  83.801 0.0000000000
66378  -31.851  -12.418  83.230 0.0000000000
66393  -30.587  -12.945  82.464 0.0000000000
65408  -30.176  -13.587  82.087 0.0000000000
126272  -29.864  -15.125  80.954 0.0000000000
63354  -30.689  -15.225  81.365 0.0000000000
78219  -52.730  -0.587  57.583 0.0000000000
78225  -52.169  -0.390  56.932 0.0000000000
80194  -55.976  1.366  57.520 0.0000000000
72522  -46.719  -5.841  67.336 0.0000000000
73428  -47.376  -5.361  67.723 0.0000000000
70550  -46.632  -9.118  69.254 0.0000000000
70551  -47.232  -8.802  69.825 0.0000000000
72539  -45.866  -7.399  66.623 0.0000000000
133146  -46.308  -6.567  66.923 0.0000000000
51150  -29.215  -28.533  82.549 0.0000000000
50127  -29.080  -28.946  82.957 0.0000000000
50138  -28.820  -28.967  82.243 0.0000000000
49048  -28.283  -29.588  81.944 0.0000000000
49047  -27.795  -29.912  82.029 0.0000000000
139618  -27.820  -29.673  80.011 0.0000000000
47887  -27.561  -29.887  80.655 0.0000000000
140259  -27.232  -30.094  81.720 0.0000000000
47870  -26.780  -29.963  81.327 0.0000000000
49062  -25.686  -29.724  81.359 0.0000000000
128437  -25.156  -29.728  80.848 0.0000000000
62442  -7.888  -16.292  76.501 0.0000000000
137359  -8.271  -20.124  80.529 0.0000000000
56542  -7.408  -22.899  78.844 0.0000000000
56549  -7.059  -23.117  77.536 0.0000000000
56548  -6.683  -23.323  76.888 0.0000000000
53834  -6.981  -25.154  77.936 0.0000000000
54732  -7.228  -24.789  76.959 0.0000000000
54744  -6.846  -24.350  76.482 0.0000000000
132179  -7.673  -25.718  73.390 0.0000000000
53045  -7.368  -26.405  72.744 0.0000000000
50218  -8.158  -29.191  74.557 0.0000000000
55511  -11.618  -23.454  89.701 0.0000000000
54565  -11.443  -24.418  90.248 0.0000000000
123687  -10.773  -25.000  90.367 0.0000000000
53697  -10.397  -25.464  90.734 0.0000000000
53691  -10.021  -25.847  91.121 0.0000000000
51953  -13.489  -26.422  90.946 0.0000000000
131064  -12.895  -26.950  91.179 0.0000000000
51947  -12.185  -26.650  91.382 0.0000000000
51068  -12.320  -28.631  90.667 0.0000000000
132748  -11.688  -27.337  91.483 0.0000000000
51946  -11.359  -26.859  91.525 0.0000000000
51945  -10.620  -26.958  91.564 0.0000000000
51944  -9.987  -26.870  91.364 0.0000000000
51949  -9.781  -27.461  91.202 0.0000000000
51062  -9.706  -28.272  91.023 0.0000000000
48949  -9.116  -29.760  90.475 0.0000000000
136818  -8.639  -30.084  89.959 0.0000000000
47782  -7.969  -31.231  89.031 0.0000000000
62459  -40.374  -17.038  75.572 0.0000000000
62465  -40.056  -17.162  74.775 0.0000000000
67447  -37.719  -11.626  71.192 0.0000000000
67435  -38.623  -11.397  71.673 0.0000000000
67436  -39.258  -10.893  71.325 0.0000000000
67427  -39.323  -11.167  72.062 0.0000000000
68437  -40.652  -10.422  71.398 0.0000000000
59348  -28.590  -19.690  87.918 0.0000000000
134019  -28.805  -21.067  87.272 0.0000000000
55544  -29.793  -23.375  86.610 0.0000000000
53748  -30.035  -25.453  86.027 0.0000000000
136648  -29.870  -26.144  85.273 0.0000000000
52895  -29.850  -26.847  83.794 0.0000000000
133441  -30.407  -7.829  86.027 0.0000000000
142554  -30.908  -8.689  84.836 0.0000000000
69303  -30.193  -8.737  85.275 0.0000000000
69302  -29.599  -8.554  86.156 0.0000000000
69301  -28.897  -9.430  86.254 0.0000000000
67318  -28.017  -11.052  86.401 0.0000000000
66345  -27.680  -12.882  86.759 0.0000000000
67358  -29.110  -11.868  82.565 0.0000000000
128945  -28.882  -11.381  83.271 0.0000000000
67336  -27.742  -11.892  84.195 0.0000000000
64317  -26.353  -14.594  83.655 0.0000000000
67327  -27.556  -11.736  84.986 0.0000000000
66355  -27.371  -12.614  85.488 0.0000000000
144217  -27.410  -13.288  86.165 0.0000000000
65368  -27.675  -13.720  86.955 0.0000000000
63307  -27.518  -15.329  86.973 0.0000000000
61348  -27.403  -18.497  86.110 0.0000000000
59363  -28.310  -20.871  85.781 0.0000000000
59381  -27.571  -20.425  84.320 0.0000000000
140287  -29.100  -21.915  84.513 0.0000000000
56493  -29.716  -22.748  84.864 0.0000000000
55569  -29.860  -24.024  84.135 0.0000000000
52911  -29.671  -26.456  83.277 0.0000000000
52026  -29.606  -27.871  82.966 0.0000000000
52043  -29.159  -27.797  82.036 0.0000000000
51170  -28.687  -28.345  81.027 0.0000000000
51169  -28.342  -28.750  80.092 0.0000000000
52947  -28.360  -26.712  80.340 0.0000000000
52061  -28.377  -27.801  80.299 0.0000000000
81891  -56.320  3.842  52.846 0.0000000000
82745  -57.031  4.325  52.557 0.0000000000
83623  -57.455  5.774  51.609 0.0000000000
62376  -8.018  -15.951  82.790 0.0000000000
60356  -8.319  -18.348  83.572 0.0000000000
59401  -8.373  -19.528  81.926 0.0000000000
57467  -7.883  -21.084  81.238 0.0000000000
57474  -7.649  -21.925  81.051 0.0000000000
55625  -6.958  -24.145  80.060 0.0000000000
131473  -6.245  -22.693  82.322 0.0000000000
137047  -5.699  -24.265  81.981 0.0000000000
55605  -6.179  -23.823  81.339 0.0000000000
54685  -6.397  -24.692  80.156 0.0000000000
127736  -8.507  -26.312  79.930 0.0000000000
52961  -10.336  -26.652  79.721 0.0000000000
142046  -10.513  -28.253  80.012 0.0000000000
75225  -53.602  -3.444  62.452 0.0000000000
124743  -53.362  -3.499  63.384 0.0000000000
73429  -48.014  -4.949  68.168 0.0000000000
141209  -44.495  -10.027  72.265 0.0000000000
73465  -45.402  -5.710  61.748 0.0000000000
73466  -46.119  -5.138  61.370 0.0000000000
73474  -46.179  -5.007  60.634 0.0000000000
73484  -46.964  -4.579  60.250 0.0000000000
74322  -48.495  -3.983  60.459 0.0000000000
75228  -50.067  -3.589  61.699 0.0000000000
75229  -50.905  -3.495  61.506 0.0000000000
56447  -13.417  -22.570  89.441 0.0000000000
54566  -14.027  -24.496  90.513 0.0000000000
137147  -14.563  -25.020  90.167 0.0000000000
139976  -15.812  -21.750  87.518 0.0000000000
56463  -14.979  -22.664  88.490 0.0000000000
55514  -15.491  -23.411  88.449 0.0000000000
55513  -14.996  -23.524  89.171 0.0000000000
54569  -15.092  -24.911  89.518 0.0000000000
53704  -14.833  -25.571  89.720 0.0000000000
134777  -14.901  -26.743  89.086 0.0000000000
51968  -14.493  -27.485  87.623 0.0000000000
51972  -14.784  -27.348  86.815 0.0000000000
139778  -14.408  -27.485  86.163 0.0000000000
51982  -13.814  -27.778  85.873 0.0000000000
51992  -13.736  -27.855  84.939 0.0000000000
51124  -13.439  -28.380  83.528 0.0000000000
50101  -29.076  -28.907  84.180 0.0000000000
51115  -28.162  -28.441  84.458 0.0000000000
138857  -28.104  -27.937  84.663 0.0000000000
51131  -27.134  -28.273  83.615 0.0000000000
52006  -27.475  -27.568  83.877 0.0000000000
53762  -27.922  -26.212  84.880 0.0000000000
136307  -25.783  -24.276  85.286 0.0000000000
52042  -25.689  -27.660  81.507 0.0000000000
52909  -26.589  -26.620  82.083 0.0000000000
53805  -25.388  -25.319  80.720 0.0000000000
54666  -25.756  -24.550  81.943 0.0000000000
139402  -26.469  -25.265  82.359 0.0000000000
54653  -25.573  -24.175  83.704 0.0000000000
54637  -25.033  -23.901  84.653 0.0000000000
130119  -24.748  -23.823  85.870 0.0000000000
131514  -24.004  -24.140  87.056 0.0000000000
130948  -23.455  -23.804  87.137 0.0000000000
146782  -22.203  -24.114  85.243 0.0000000000
55530  -20.597  -22.533  87.355 0.0000000000
55541  -19.897  -23.054  86.888 0.0000000000
54605  -19.349  -24.297  86.020 0.0000000000
53730  -19.909  -24.932  85.917 0.0000000000
53729  -19.112  -24.567  85.592 0.0000000000
53728  -18.329  -24.120  85.792 0.0000000000
131135  -18.125  -24.596  85.480 0.0000000000
53741  -17.675  -25.324  85.306 0.0000000000
53756  -17.276  -26.087  85.052 0.0000000000
54688  -19.490  -24.427  80.159 0.0000000000
54674  -18.900  -24.866  80.709 0.0000000000
53792  -18.270  -25.119  81.310 0.0000000000
53815  -17.546  -25.481  79.016 0.0000000000
53803  -17.337  -25.173  80.104 0.0000000000
126567  -17.521  -25.265  81.846 0.0000000000
123799  -16.699  -26.068  83.238 0.0000000000
52892  -15.614  -26.552  83.502 0.0000000000
52891  -14.973  -26.804  83.036 0.0000000000
52018  -14.369  -27.277  82.522 0.0000000000
52054  -14.441  -27.625  80.433 0.0000000000
52036  -14.315  -27.367  81.463 0.0000000000
65402  -10.449  -13.294  82.667 0.0000000000
65399  -7.740  -13.962  82.438 0.0000000000
65411  -7.770  -14.057  81.701 0.0000000000
65418  -7.798  -14.104  80.893 0.0000000000
65412  -8.281  -13.905  81.453 0.0000000000
64356  -7.856  -14.389  78.355 0.0000000000
63379  -6.982  -14.529  77.430 0.0000000000
64368  -7.441  -14.500  77.774 0.0000000000
144198  -7.722  -18.925  79.089 0.0000000000
59438  -7.585  -19.223  78.434 0.0000000000
58496  -6.203  -20.808  75.791 0.0000000000
61439  -6.464  -17.316  76.825 0.0000000000
61446  -6.589  -17.339  75.943 0.0000000000
62455  -6.802  -16.834  75.892 0.0000000000
61460  -7.084  -17.368  75.433 0.0000000000
140793  -7.789  -17.399  75.581 0.0000000000
136850  -8.222  -18.782  74.624 0.0000000000
59477  -8.720  -19.457  74.193 0.0000000000
59493  -8.229  -19.816  73.457 0.0000000000
58368  -5.878  -21.841  88.657 0.0000000000
56474  -10.604  -22.829  87.275 0.0000000000
56473  -9.652  -22.896  87.154 0.0000000000
54577  -9.727  -24.208  88.545 0.0000000000
143857  -8.807  -22.880  87.338 0.0000000000
52828  -8.594  -25.996  90.693 0.0000000000
53702  -8.345  -25.594  90.358 0.0000000000
55523  -7.724  -24.184  88.394 0.0000000000
56456  -6.396  -23.279  89.208 0.0000000000
56455  -6.037  -23.036  89.386 0.0000000000
57406  -5.781  -22.670  89.037 0.0000000000
136228  -5.822  -22.353  87.991 0.0000000000
55549  -6.085  -23.526  85.582 0.0000000000
145036  -6.673  -26.010  83.580 0.0000000000
51990  -6.339  -26.675  83.046 0.0000000000
52847  -8.064  -26.784  86.637 0.0000000000
52861  -7.690  -26.428  85.693 0.0000000000
52873  -7.614  -26.222  84.372 0.0000000000
52886  -7.189  -26.373  83.352 0.0000000000
133792  -9.926  -26.833  81.954 0.0000000000
52890  -10.181  -26.962  82.738 0.0000000000
52034  -10.248  -27.214  81.852 0.0000000000
52921  -10.242  -26.713  81.194 0.0000000000
52053  -10.588  -27.174  80.981 0.0000000000
51165  -10.626  -28.014  80.716 0.0000000000
126193  -7.507  -31.147  88.297 0.0000000000
45684  -7.015  -33.779  86.634 0.0000000000
45664  -7.461  -33.120  87.228 0.0000000000
46681  -7.334  -32.340  87.540 0.0000000000
47803  -7.179  -31.083  87.370 0.0000000000
48995  -7.157  -30.803  86.735 0.0000000000
47813  -6.308  -31.482  86.141 0.0000000000
49014  -8.196  -30.133  84.410 0.0000000000
47820  -5.794  -31.681  84.271 0.0000000000
49022  -6.512  -30.816  83.973 0.0000000000
49024  -8.355  -29.968  83.643 0.0000000000
50118  -8.996  -29.740  82.236 0.0000000000
50133  -9.721  -29.220  80.984 0.0000000000
50145  -9.487  -29.422  80.370 0.0000000000
47871  -27.337  -29.993  81.106 0.0000000000
49032  -27.647  -29.887  83.067 0.0000000000
49063  -27.646  -29.905  81.138 0.0000000000
49064  -28.051  -29.739  81.186 0.0000000000
49089  -28.065  -29.582  79.968 0.0000000000
50125  -26.406  -29.823  82.634 0.0000000000
50126  -28.639  -29.262  82.456 0.0000000000
51076  -13.545  -28.310  88.504 0.0000000000
51114  -27.686  -28.061  84.203 0.0000000000
51116  -28.793  -28.619  84.676 0.0000000000
51117  -29.402  -28.518  84.707 0.0000000000
51118  -29.781  -28.186  84.614 0.0000000000
51186  -16.791  -28.000  78.775 0.0000000000
51948  -9.374  -26.842  90.841 0.0000000000
51952  -12.232  -27.368  91.306 0.0000000000
51962  -13.986  -27.867  88.760 0.0000000000
51985  -29.383  -27.650  85.484 0.0000000000
51986  -29.845  -27.550  85.289 0.0000000000
52015  -5.993  -27.298  82.320 0.0000000000
52016  -10.329  -27.471  82.619 0.0000000000
52025  -27.156  -27.684  83.186 0.0000000000
52040  -23.144  -27.611  80.799 0.0000000000
52055  -14.898  -27.070  79.916 0.0000000000
52068  -14.863  -28.031  79.669 0.0000000000
52070  -16.062  -27.255  78.893 0.0000000000
52071  -18.466  -27.357  78.939 0.0000000000
52073  -20.384  -26.999  79.150 0.0000000000
52075  -28.313  -28.229  79.325 0.0000000000
52084  -19.974  -26.740  78.828 0.0000000000
52085  -20.825  -26.723  78.791 0.0000000000
52091  -10.494  -27.170  77.606 0.0000000000
52819  -9.617  -26.176  91.148 0.0000000000
52820  -10.254  -26.306  91.351 0.0000000000
52825  -12.997  -26.187  91.270 0.0000000000
52854  -29.781  -26.225  86.044 0.0000000000
52865  -16.396  -26.091  85.520 0.0000000000
52880  -27.919  -27.285  84.573 0.0000000000
52881  -30.003  -26.801  84.491 0.0000000000
52893  -16.191  -26.283  83.839 0.0000000000
52901  -5.218  -27.108  82.009 0.0000000000
52922  -14.701  -26.794  80.856 0.0000000000
52945  -23.941  -26.113  80.041 0.0000000000
52962  -15.624  -26.596  79.450 0.0000000000
52965  -28.086  -26.761  79.529 0.0000000000
52981  -16.946  -26.005  78.698 0.0000000000
53693  -11.484  -25.677  91.210 0.0000000000
53694  -13.011  -25.553  91.210 0.0000000000
53698  -11.191  -25.280  90.794 0.0000000000
53760  -20.083  -25.006  84.440 0.0000000000
53768  -16.979  -26.109  84.138 0.0000000000
53771  -19.590  -25.267  83.623 0.0000000000
53774  -29.560  -25.912  83.855 0.0000000000
53782  -19.036  -25.326  82.956 0.0000000000
53790  -16.983  -25.362  81.107 0.0000000000
53791  -17.664  -25.205  80.993 0.0000000000
53793  -26.097  -25.584  81.410 0.0000000000
53795  -29.245  -24.972  82.394 0.0000000000
53813  -15.639  -25.835  79.948 0.0000000000
53814  -16.222  -25.914  79.306 0.0000000000
53816  -18.505  -25.460  78.718 0.0000000000
53819  -23.280  -25.401  79.693 0.0000000000
53826  -19.185  -25.684  78.479 0.0000000000
53827  -19.904  -25.631  78.538 0.0000000000
54562  -13.478  -24.749  90.777 0.0000000000
54595  -18.583  -23.775  86.281 0.0000000000
54598  -21.549  -23.399  87.336 0.0000000000
54602  -29.973  -24.858  86.953 0.0000000000
54609  -23.453  -23.831  86.578 0.0000000000
54610  -24.090  -23.880  86.611 0.0000000000
54611  -24.751  -23.849  86.556 0.0000000000
54612  -30.077  -24.192  86.432 0.0000000000
54620  -21.909  -24.217  85.675 0.0000000000
54621  -22.771  -24.033  85.886 0.0000000000
54623  -25.736  -24.176  85.991 0.0000000000
54625  -30.177  -24.532  85.848 0.0000000000
54633  -20.850  -24.770  84.133 0.0000000000
54639  -26.846  -24.963  84.528 0.0000000000
54647  -19.936  -25.053  82.842 0.0000000000
54650  -22.209  -24.020  83.553 0.0000000000
54651  -23.865  -23.752  83.346 0.0000000000
54654  -26.450  -24.673  83.713 0.0000000000
54655  -29.638  -24.779  83.592 0.0000000000
54661  -20.559  -24.446  82.282 0.0000000000
54663  -22.204  -23.970  82.768 0.0000000000
54665  -25.105  -24.007  81.520 0.0000000000
54667  -25.906  -24.413  82.890 0.0000000000
54673  -18.173  -24.981  80.457 0.0000000000
54677  -21.185  -24.137  81.638 0.0000000000
54678  -25.519  -24.689  81.231 0.0000000000
54680  -29.318  -24.128  82.095 0.0000000000
54687  -18.794  -24.647  79.966 0.0000000000
54689  -23.041  -24.160  80.166 0.0000000000
54691  -24.871  -24.385  80.812 0.0000000000
54692  -28.629  -23.843  80.961 0.0000000000
54698  -20.152  -24.478  79.169 0.0000000000
54700  -21.772  -24.824  79.304 0.0000000000
54702  -23.529  -24.677  80.019 0.0000000000
54717  -20.354  -25.034  78.779 0.0000000000
54718  -21.081  -25.309  78.799 0.0000000000
55501  -12.663  -24.050  90.571 0.0000000000
55551  -29.869  -22.753  85.220 0.0000000000
55559  -30.175  -23.994  84.954 0.0000000000
55560  -29.911  -23.251  84.706 0.0000000000
55568  -25.209  -23.907  82.346 0.0000000000
55579  -22.914  -23.731  82.150 0.0000000000
55581  -29.640  -23.994  83.434 0.0000000000
55582  -29.511  -23.414  83.296 0.0000000000
55591  -21.011  -24.271  80.864 0.0000000000
55593  -23.611  -23.655  81.602 0.0000000000
55595  -29.473  -23.777  82.679 0.0000000000
55608  -20.343  -24.268  80.351 0.0000000000
55611  -23.381  -23.807  80.789 0.0000000000
55627  -20.668  -24.225  79.619 0.0000000000
55628  -21.417  -24.231  79.666 0.0000000000
55629  -22.209  -24.208  79.849 0.0000000000
55630  -28.210  -23.693  80.002 0.0000000000
56438  -13.409  -23.171  89.931 0.0000000000
56477  -29.573  -22.610  86.686 0.0000000000
56478  -29.772  -22.578  86.219 0.0000000000
56484  -29.805  -22.468  85.853 0.0000000000
56486  -29.759  -22.471  85.533 0.0000000000
56492  -29.715  -22.529  85.257 0.0000000000
56501  -29.501  -23.121  83.869 0.0000000000
56518  -29.101  -22.870  81.688 0.0000000000
56526  -28.817  -23.089  81.113 0.0000000000
57414  -19.263  -21.348  86.778 0.0000000000
57416  -29.194  -21.821  86.906 0.0000000000
57417  -29.489  -22.082  86.367 0.0000000000
57420  -9.816  -21.659  86.215 0.0000000000
57429  -29.079  -21.574  86.540 0.0000000000
57430  -29.525  -22.045  86.082 0.0000000000
57440  -29.538  -22.133  85.793 0.0000000000
57447  -29.543  -22.241  85.416 0.0000000000
57448  -29.470  -22.325  84.849 0.0000000000
57453  -29.415  -22.668  84.199 0.0000000000
57460  -29.045  -22.252  83.545 0.0000000000
57461  -29.328  -22.812  83.194 0.0000000000
57468  -28.684  -22.269  81.551 0.0000000000
57481  -28.413  -22.036  80.541 0.0000000000
57494  -7.574  -22.163  78.169 0.0000000000
58396  -28.753  -21.400  85.301 0.0000000000
58397  -29.196  -21.808  85.657 0.0000000000
58411  -28.612  -21.456  84.425 0.0000000000
58412  -29.193  -21.859  85.058 0.0000000000
58436  -27.931  -21.260  82.419 0.0000000000
58437  -28.488  -21.777  83.009 0.0000000000
58449  -27.823  -21.014  80.213 0.0000000000
58450  -28.198  -21.589  80.903 0.0000000000
58460  -28.083  -21.474  80.068 0.0000000000
59362  -27.976  -20.013  86.441 0.0000000000
59373  -28.172  -20.938  84.838 0.0000000000
59382  -27.872  -20.984  83.884 0.0000000000
59394  -27.438  -20.432  83.324 0.0000000000
59396  -35.995  -18.583  82.299 0.0000000000
59405  -27.258  -20.430  82.336 0.0000000000
59406  -27.523  -20.761  81.801 0.0000000000
59415  -27.197  -20.309  81.298 0.0000000000
60324  -28.447  -18.899  88.320 0.0000000000
60331  -27.945  -18.470  87.724 0.0000000000
60345  -27.505  -19.378  85.826 0.0000000000
60352  -26.585  -19.258  84.445 0.0000000000
60353  -27.198  -19.747  84.875 0.0000000000
60362  -25.847  -18.708  82.795 0.0000000000
60363  -26.457  -19.433  83.332 0.0000000000
60391  -26.403  -19.168  81.314 0.0000000000
60392  -26.785  -19.951  81.833 0.0000000000
60404  -26.801  -19.756  80.960 0.0000000000
61312  -28.371  -17.920  88.605 0.0000000000
61322  -28.158  -17.415  88.449 0.0000000000
61323  -28.249  -18.436  88.202 0.0000000000
61335  -27.462  -17.759  86.819 0.0000000000
61350  -36.100  -16.948  84.898 0.0000000000
61360  -25.802  -17.031  84.780 0.0000000000
61365  -37.268  -16.940  84.672 0.0000000000
61382  -37.931  -17.421  83.422 0.0000000000
61393  -25.752  -17.588  82.293 0.0000000000
62343  -28.052  -16.420  88.300 0.0000000000
62349  -27.139  -16.881  86.520 0.0000000000
62356  -26.746  -15.861  86.254 0.0000000000
62357  -34.360  -16.445  84.914 0.0000000000
62369  -26.005  -16.083  84.099 0.0000000000
62372  -34.701  -16.899  84.529 0.0000000000
62373  -37.756  -16.519  84.876 0.0000000000
62394  -25.985  -16.410  80.979 0.0000000000
63308  -27.847  -15.814  87.676 0.0000000000
63325  -37.534  -15.347  85.620 0.0000000000
63338  -26.027  -15.361  83.416 0.0000000000
63346  -32.254  -15.551  82.695 0.0000000000
63350  -26.087  -15.699  81.511 0.0000000000
63353  -28.680  -14.860  80.921 0.0000000000
63361  -26.914  -15.492  80.611 0.0000000000
64294  -28.596  -14.741  88.578 0.0000000000
64300  -27.653  -14.484  87.021 0.0000000000
64310  -26.568  -15.040  85.312 0.0000000000
64325  -32.093  -15.196  83.010 0.0000000000
64329  -27.341  -13.850  82.098 0.0000000000
64330  -28.689  -14.001  81.557 0.0000000000
64336  -27.090  -14.364  81.586 0.0000000000
65374  -27.029  -13.367  85.388 0.0000000000
65381  -26.585  -13.935  83.870 0.0000000000
65382  -26.773  -13.639  84.547 0.0000000000
65391  -27.039  -13.295  83.667 0.0000000000
65405  -27.243  -13.544  82.725 0.0000000000
65406  -28.000  -13.334  82.114 0.0000000000
66340  -28.193  -12.914  87.878 0.0000000000
66346  -27.857  -11.958  87.111 0.0000000000
66367  -27.409  -12.319  84.620 0.0000000000
66376  -27.444  -12.528  83.928 0.0000000000
66377  -28.477  -12.047  83.079 0.0000000000
66394  -31.422  -13.170  82.882 0.0000000000
67337  -28.064  -11.227  84.454 0.0000000000
67348  -28.299  -11.581  83.719 0.0000000000
68250  -28.463  -10.255  86.775 0.0000000000
69315  -30.474  -9.230  84.407 0.0000000000
75240  -53.509  -2.940  61.259 0.0000000000
124047  -17.777  -25.571  82.641 0.0000000000
124697  -23.382  -23.624  87.937 0.0000000000
124794  -29.260  -23.452  81.874 0.0000000000
126048  -28.478  -20.765  86.569 0.0000000000
126112  -9.274  -26.601  82.011 0.0000000000
126118  -19.438  -24.553  79.516 0.0000000000
126909  -33.959  -14.137  85.320 0.0000000000
128069  -28.305  -29.308  79.929 0.0000000000
129802  -29.959  -27.476  84.079 0.0000000000
130206  -28.643  -20.278  87.731 0.0000000000
130623  -28.482  -20.190  87.382 0.0000000000
132317  -28.235  -14.204  87.817 0.0000000000
133685  -29.808  -27.287  83.431 0.0000000000
134029  -26.906  -29.061  83.679 0.0000000000
134316  -35.371  -16.253  85.456 0.0000000000
135779  -29.973  -22.826  85.596 0.0000000000
137078  -25.779  -16.113  83.291 0.0000000000
137371  -16.836  -25.555  79.399 0.0000000000
137538  -28.137  -29.397  83.384 0.0000000000
137644  -29.914  -24.015  86.672 0.0000000000
137758  -29.876  -27.990  84.283 0.0000000000
137883  -30.085  -24.960  86.595 0.0000000000
137904  -27.217  -13.908  86.234 0.0000000000
139627  -28.868  -22.257  82.600 0.0000000000
139789  -21.085  -26.195  78.629 0.0000000000
140016  -16.222  -25.584  81.381 0.0000000000
140789  -27.373  -16.114  86.967 0.0000000000
141086  -29.690  -25.822  84.572 0.0000000000
141126  -29.460  -28.487  83.344 0.0000000000
141232  -28.586  -24.450  81.072 0.0000000000
141512  -29.944  -25.127  85.142 0.0000000000
141843  -28.669  -13.475  88.755 0.0000000000
142129  -26.537  -14.427  84.496 0.0000000000
143091  -29.195  -22.187  84.234 0.0000000000
143641  -17.778  -26.071  78.528 0.0000000000
143915  -29.655  -23.060  84.400 0.0000000000
144403  -7.845  -26.404  83.703 0.0000000000
144435  -28.105  -19.390  87.211 0.0000000000
144931  -29.229  -28.858  83.631 0.0000000000
145229  -35.176  -15.733  85.810 0.0000000000
146796  -28.638  -25.045  81.350 0.0000000000
147572  -18.114  -25.401  83.878 0.0000000000
147775  -33.444  -15.870  83.828 0.0000000000
147792  -25.709  -26.237  80.771 0.0000000000
148448  -19.748  -24.744  85.915 0.0000000000
148455  -28.649  -22.604  81.013 0.0000000000
148518  -22.181  -26.201  79.210 0.0000000000
149057  -27.665  -18.137  87.304 0.0000000000
149308  -28.533  -15.975  88.835 0.0000000000
149513  -9.445  -27.828  90.446 0.0000000000
