#!ascii label  , from subject sub-v1s6x0051318_ses-1 vox2ras=TkReg
1265
49039  -13.124  -30.232  81.851 0.0000000000
56599  -37.293  -22.055  73.628 0.0000000000
61527  -37.801  -17.436  69.692 0.0000000000
132616  -27.602  -18.496  76.980 0.0000000000
73478  -40.374  -5.315  59.158 0.0000000000
67510  -36.084  -10.947  63.627 0.0000000000
125403  -37.246  -19.114  78.958 0.0000000000
60462  -33.282  -17.967  75.399 0.0000000000
73484  -46.964  -4.579  60.250 0.0000000000
77137  -50.048  -1.672  57.163 0.0000000000
79292  -52.310  0.596  55.584 0.0000000000
66462  -36.625  -12.161  71.203 0.0000000000
64495  -34.540  -14.400  67.487 0.0000000000
68495  -38.871  -9.724  68.086 0.0000000000
125133  -42.595  -9.501  64.668 0.0000000000
49110  -26.361  -30.071  77.408 0.0000000000
48979  -11.417  -30.692  88.477 0.0000000000
59532  -41.025  -19.298  71.314 0.0000000000
144488  -37.824  -14.687  74.902 0.0000000000
51220  -27.852  -28.962  73.513 0.0000000000
57587  -26.797  -21.238  71.326 0.0000000000
80229  -49.309  1.425  50.674 0.0000000000
124827  -54.975  3.395  52.894 0.0000000000
69661  -38.192  -9.134  61.226 0.0000000000
71574  -44.028  -7.167  61.847 0.0000000000
51141  -18.637  -28.117  82.554 0.0000000000
43675  -7.827  -35.707  86.511 0.0000000000
138389  -48.672  -3.498  58.652 0.0000000000
67456  -38.161  -10.594  69.698 0.0000000000
139124  -22.932  -29.516  76.898 0.0000000000
48998  -11.774  -29.970  85.608 0.0000000000
56651  -38.737  -22.695  70.708 0.0000000000
57547  -39.911  -22.094  72.634 0.0000000000
55679  -26.600  -22.896  75.955 0.0000000000
53056  -26.836  -26.150  72.704 0.0000000000
59483  -27.438  -19.566  73.875 0.0000000000
58522  -34.656  -20.649  74.565 0.0000000000
59500  -33.312  -18.463  72.878 0.0000000000
58571  -34.948  -20.419  71.676 0.0000000000
59439  -27.895  -19.703  78.705 0.0000000000
53843  -26.718  -25.301  77.286 0.0000000000
77171  -45.300  -1.554  54.391 0.0000000000
79308  -47.917  0.931  52.327 0.0000000000
81045  -53.942  2.320  54.358 0.0000000000
131604  -35.159  -12.594  65.651 0.0000000000
68545  -37.412  -9.918  62.171 0.0000000000
70603  -43.603  -8.840  63.587 0.0000000000
47868  -22.755  -30.698  81.322 0.0000000000
52021  -21.976  -28.044  81.923 0.0000000000
52083  -19.046  -26.788  78.650 0.0000000000
51113  -21.161  -28.984  84.193 0.0000000000
43687  -10.372  -35.818  85.374 0.0000000000
140224  -37.284  -20.741  76.335 0.0000000000
58513  -40.757  -20.557  75.281 0.0000000000
146625  -40.338  -18.781  77.642 0.0000000000
62416  -29.881  -16.447  79.250 0.0000000000
62449  -30.321  -16.569  76.464 0.0000000000
59441  -32.989  -17.865  78.418 0.0000000000
58473  -35.431  -19.353  77.721 0.0000000000
73481  -43.640  -5.218  59.912 0.0000000000
147312  -45.627  -3.730  58.264 0.0000000000
139517  -46.205  -2.308  56.608 0.0000000000
78235  -48.292  -0.347  55.421 0.0000000000
127730  -49.490  0.699  54.621 0.0000000000
78224  -51.382  -0.530  56.540 0.0000000000
64431  -35.800  -14.530  71.264 0.0000000000
63467  -35.614  -15.886  68.792 0.0000000000
65505  -34.972  -13.441  69.318 0.0000000000
66498  -35.941  -11.566  67.600 0.0000000000
67495  -36.868  -10.621  65.838 0.0000000000
129801  -38.837  -9.518  64.142 0.0000000000
144843  -40.508  -9.304  65.851 0.0000000000
124754  -25.671  -29.681  79.508 0.0000000000
50162  -22.455  -29.619  79.408 0.0000000000
82768  -54.010  4.738  48.772 0.0000000000
47764  -9.211  -31.512  89.627 0.0000000000
58607  -39.861  -21.061  69.286 0.0000000000
61517  -39.214  -17.677  70.679 0.0000000000
61487  -39.901  -18.098  73.878 0.0000000000
62481  -38.883  -16.686  73.122 0.0000000000
147695  -37.778  -16.369  71.831 0.0000000000
65475  -36.402  -13.264  73.371 0.0000000000
61485  -30.387  -16.812  73.212 0.0000000000
52086  -27.845  -27.673  78.333 0.0000000000
50221  -25.805  -29.756  74.331 0.0000000000
81049  -51.001  2.023  53.368 0.0000000000
147901  -51.565  3.199  52.496 0.0000000000
81902  -52.867  4.237  50.716 0.0000000000
82750  -55.586  4.441  51.557 0.0000000000
49018  -16.046  -29.982  84.361 0.0000000000
46725  -12.608  -32.785  82.415 0.0000000000
71581  -39.239  -7.443  60.210 0.0000000000
138345  -40.437  -9.413  62.865 0.0000000000
70621  -41.988  -8.698  61.947 0.0000000000
72570  -43.332  -6.747  60.823 0.0000000000
72562  -45.505  -5.526  60.989 0.0000000000
49058  -15.872  -29.906  80.906 0.0000000000
46705  -10.363  -32.611  85.069 0.0000000000
45666  -8.887  -33.079  87.391 0.0000000000
45664  -7.461  -33.120  87.228 0.0000000000
50094  -12.420  -29.365  84.516 0.0000000000
56633  -36.956  -21.978  72.261 0.0000000000
56615  -38.365  -22.325  72.313 0.0000000000
56600  -38.138  -21.859  73.669 0.0000000000
57516  -27.650  -20.737  76.407 0.0000000000
56582  -26.671  -21.756  74.839 0.0000000000
142738  -27.804  -18.711  75.569 0.0000000000
124978  -35.838  -21.803  74.301 0.0000000000
58539  -34.981  -19.916  73.114 0.0000000000
128447  -35.656  -21.259  72.758 0.0000000000
57589  -35.911  -21.307  71.149 0.0000000000
62421  -27.180  -16.645  78.614 0.0000000000
61421  -26.455  -17.092  79.681 0.0000000000
59451  -27.789  -19.177  77.915 0.0000000000
56562  -27.506  -21.710  77.338 0.0000000000
79307  -47.270  0.475  52.675 0.0000000000
61539  -38.154  -18.053  69.167 0.0000000000
61538  -37.464  -17.818  68.575 0.0000000000
67501  -35.658  -11.737  64.572 0.0000000000
65567  -35.216  -13.299  63.369 0.0000000000
68525  -36.680  -10.440  63.224 0.0000000000
47867  -21.783  -30.893  81.879 0.0000000000
50122  -22.416  -29.802  82.508 0.0000000000
49030  -22.000  -30.211  83.125 0.0000000000
51144  -21.646  -28.158  82.816 0.0000000000
47837  -21.029  -31.045  83.488 0.0000000000
58490  -37.442  -19.811  77.318 0.0000000000
131418  -38.757  -20.003  76.828 0.0000000000
58465  -38.479  -19.379  78.347 0.0000000000
62406  -31.172  -16.528  80.524 0.0000000000
61424  -31.619  -17.264  79.099 0.0000000000
60405  -33.304  -17.686  79.824 0.0000000000
58451  -36.374  -18.809  79.801 0.0000000000
58461  -35.963  -18.876  78.741 0.0000000000
58475  -36.533  -19.659  77.885 0.0000000000
58501  -36.231  -20.541  77.090 0.0000000000
73483  -45.753  -4.973  59.860 0.0000000000
148573  -44.692  -4.504  59.096 0.0000000000
74329  -46.041  -4.458  59.128 0.0000000000
76196  -49.542  -2.432  57.657 0.0000000000
76195  -47.887  -2.803  57.193 0.0000000000
76205  -48.403  -2.224  56.824 0.0000000000
77145  -47.358  -1.583  56.250 0.0000000000
77146  -48.858  -1.580  56.491 0.0000000000
125652  -49.966  -0.534  55.876 0.0000000000
77147  -50.790  -1.078  56.829 0.0000000000
66461  -35.760  -12.764  71.257 0.0000000000
65499  -35.258  -13.651  70.046 0.0000000000
137100  -35.973  -12.293  69.848 0.0000000000
68482  -38.422  -9.948  68.556 0.0000000000
134834  -37.126  -10.805  68.395 0.0000000000
67473  -37.056  -10.744  67.687 0.0000000000
67483  -36.872  -10.810  66.780 0.0000000000
68503  -38.134  -9.896  66.801 0.0000000000
69606  -38.891  -9.501  66.214 0.0000000000
148315  -39.663  -9.347  67.391 0.0000000000
49112  -27.592  -29.350  78.341 0.0000000000
49088  -27.261  -29.692  79.712 0.0000000000
49109  -25.747  -29.936  78.013 0.0000000000
50171  -22.488  -29.455  78.392 0.0000000000
82763  -54.932  5.024  49.929 0.0000000000
83631  -55.171  5.392  49.201 0.0000000000
47765  -10.082  -31.491  89.785 0.0000000000
57592  -40.632  -21.463  71.409 0.0000000000
57606  -39.968  -21.458  70.136 0.0000000000
59531  -40.673  -20.455  70.517 0.0000000000
60535  -40.133  -18.759  70.101 0.0000000000
60507  -40.548  -18.607  71.005 0.0000000000
131874  -40.720  -18.712  75.687 0.0000000000
59473  -40.921  -19.437  74.649 0.0000000000
61470  -40.426  -17.694  75.093 0.0000000000
64400  -38.575  -15.261  74.833 0.0000000000
149030  -39.126  -16.158  74.088 0.0000000000
143363  -38.500  -15.872  73.505 0.0000000000
63437  -38.256  -16.605  72.129 0.0000000000
64420  -37.743  -15.483  73.241 0.0000000000
64419  -36.874  -14.900  72.860 0.0000000000
65476  -36.685  -13.682  73.970 0.0000000000
55697  -25.911  -23.214  72.632 0.0000000000
60461  -32.563  -17.396  76.033 0.0000000000
61467  -30.990  -16.761  74.844 0.0000000000
126749  -31.861  -17.424  74.377 0.0000000000
148862  -30.947  -17.892  70.888 0.0000000000
53829  -27.826  -25.398  79.429 0.0000000000
143480  -26.827  -27.162  75.232 0.0000000000
51205  -27.803  -29.025  75.255 0.0000000000
50236  -27.378  -29.542  73.895 0.0000000000
50233  -24.593  -29.507  73.297 0.0000000000
79291  -50.588  0.681  54.868 0.0000000000
79304  -49.983  1.255  54.088 0.0000000000
80213  -50.922  1.382  54.120 0.0000000000
81053  -54.444  2.774  53.838 0.0000000000
81051  -52.742  2.497  53.554 0.0000000000
133587  -52.763  3.496  52.464 0.0000000000
81895  -52.009  3.938  51.012 0.0000000000
123795  -54.000  3.982  51.762 0.0000000000
82748  -54.311  4.334  51.116 0.0000000000
81890  -55.458  3.820  52.388 0.0000000000
63476  -35.073  -15.623  68.135 0.0000000000
62533  -35.823  -17.133  67.741 0.0000000000
147401  -38.296  -8.681  59.487 0.0000000000
70633  -38.967  -8.202  60.859 0.0000000000
127392  -40.700  -9.416  64.745 0.0000000000
69627  -39.708  -9.473  63.076 0.0000000000
69629  -41.186  -9.413  63.058 0.0000000000
70612  -43.800  -8.223  63.166 0.0000000000
70622  -42.504  -8.676  62.292 0.0000000000
71573  -43.233  -7.760  61.950 0.0000000000
71584  -42.636  -7.270  61.196 0.0000000000
71586  -43.738  -7.246  61.604 0.0000000000
142420  -44.452  -6.246  60.827 0.0000000000
72561  -44.853  -6.121  61.382 0.0000000000
51168  -18.483  -27.986  80.591 0.0000000000
143042  -17.567  -28.547  80.025 0.0000000000
51177  -15.562  -28.529  79.397 0.0000000000
50136  -17.141  -29.094  81.483 0.0000000000
50110  -17.099  -28.918  83.406 0.0000000000
51110  -18.627  -28.290  84.646 0.0000000000
45712  -13.675  -33.799  84.099 0.0000000000
46717  -11.036  -32.939  83.556 0.0000000000
44757  -11.768  -34.378  83.756 0.0000000000
42757  -9.784  -36.314  85.852 0.0000000000
45701  -9.329  -34.020  85.608 0.0000000000
44708  -8.678  -34.416  86.149 0.0000000000
144359  -8.538  -32.693  87.983 0.0000000000
44694  -7.650  -33.825  86.778 0.0000000000
60407  -34.519  -18.211  81.099 0.0000000000
74322  -48.495  -3.983  60.459 0.0000000000
74345  -47.985  -4.051  59.464 0.0000000000
130709  -49.096  -3.740  59.548 0.0000000000
66472  -37.165  -11.711  70.388 0.0000000000
137881  -24.168  -29.369  75.931 0.0000000000
50199  -24.391  -29.397  76.718 0.0000000000
50068  -12.272  -29.618  87.186 0.0000000000
50075  -11.655  -30.257  86.968 0.0000000000
56650  -37.962  -22.588  70.881 0.0000000000
57569  -40.039  -22.087  71.721 0.0000000000
138980  -41.059  -20.862  71.969 0.0000000000
65467  -37.093  -13.326  74.742 0.0000000000
53034  -26.509  -26.396  74.763 0.0000000000
53047  -27.195  -27.228  73.324 0.0000000000
131394  -25.870  -23.950  74.495 0.0000000000
56595  -25.938  -22.725  73.468 0.0000000000
58555  -27.105  -20.329  72.648 0.0000000000
58510  -34.033  -19.458  75.363 0.0000000000
126396  -33.297  -18.384  74.492 0.0000000000
145706  -33.933  -19.279  74.023 0.0000000000
59516  -33.803  -19.048  72.280 0.0000000000
57588  -35.156  -20.807  70.766 0.0000000000
58459  -28.077  -20.935  79.396 0.0000000000
55644  -27.899  -23.205  79.328 0.0000000000
55656  -27.522  -22.785  78.508 0.0000000000
54745  -26.258  -24.961  76.512 0.0000000000
76219  -44.244  -2.513  55.263 0.0000000000
80228  -48.795  1.026  51.108 0.0000000000
79294  -53.968  1.161  56.256 0.0000000000
80216  -53.565  1.821  54.800 0.0000000000
65532  -34.404  -13.939  66.113 0.0000000000
68544  -36.804  -10.294  61.350 0.0000000000
69650  -38.049  -9.439  61.970 0.0000000000
69622  -43.879  -9.255  64.743 0.0000000000
69631  -43.397  -9.179  63.937 0.0000000000
70600  -44.321  -8.633  64.523 0.0000000000
49043  -23.690  -30.143  81.517 0.0000000000
139563  -23.293  -29.018  81.580 0.0000000000
52964  -21.542  -26.507  78.947 0.0000000000
52058  -20.757  -27.102  80.534 0.0000000000
142855  -20.397  -27.608  82.361 0.0000000000
148073  -20.124  -27.962  83.747 0.0000000000
124444  -20.188  -29.018  85.624 0.0000000000
49010  -20.444  -30.023  84.842 0.0000000000
142536  -37.573  -21.491  74.932 0.0000000000
56572  -38.841  -21.118  74.482 0.0000000000
57508  -38.829  -20.515  75.742 0.0000000000
58503  -40.274  -19.522  76.507 0.0000000000
62433  -28.290  -16.353  77.780 0.0000000000
61452  -28.264  -16.609  76.123 0.0000000000
62435  -30.081  -16.468  77.293 0.0000000000
61442  -31.539  -17.350  77.644 0.0000000000
60438  -33.102  -17.796  77.299 0.0000000000
59427  -34.558  -18.162  79.587 0.0000000000
59443  -34.836  -18.659  78.114 0.0000000000
128983  -34.459  -18.826  76.790 0.0000000000
58499  -34.803  -20.566  76.152 0.0000000000
57518  -36.304  -21.549  75.633 0.0000000000
62395  -29.649  -15.784  80.521 0.0000000000
73480  -42.515  -4.921  60.006 0.0000000000
74325  -41.531  -4.531  58.693 0.0000000000
74340  -43.032  -4.278  58.690 0.0000000000
74358  -43.468  -3.751  57.970 0.0000000000
75269  -44.997  -3.053  57.097 0.0000000000
75251  -46.662  -3.546  58.140 0.0000000000
76194  -46.005  -2.774  57.131 0.0000000000
76202  -45.381  -2.379  56.446 0.0000000000
77143  -45.828  -1.708  55.954 0.0000000000
77162  -46.596  -0.580  55.069 0.0000000000
78244  -47.076  0.061  54.318 0.0000000000
79296  -47.798  0.579  53.952 0.0000000000
78246  -48.877  0.212  55.088 0.0000000000
78237  -50.625  -0.034  55.617 0.0000000000
78239  -51.860  0.020  56.151 0.0000000000
77149  -52.160  -0.916  57.531 0.0000000000
79284  -53.506  0.431  56.824 0.0000000000
63447  -36.672  -16.052  70.317 0.0000000000
142468  -36.725  -16.476  69.468 0.0000000000
63446  -35.722  -15.406  70.017 0.0000000000
129342  -35.172  -15.109  68.827 0.0000000000
65512  -34.626  -13.792  68.056 0.0000000000
66480  -35.987  -11.950  69.269 0.0000000000
66489  -35.996  -11.684  68.484 0.0000000000
148551  -34.842  -12.810  67.120 0.0000000000
144911  -35.251  -12.350  66.617 0.0000000000
143428  -35.973  -11.342  65.638 0.0000000000
68509  -36.785  -10.456  64.985 0.0000000000
68526  -37.456  -10.044  63.658 0.0000000000
68519  -38.096  -9.883  64.779 0.0000000000
69607  -39.718  -9.370  65.505 0.0000000000
69608  -41.330  -9.371  65.666 0.0000000000
124114  -42.656  -9.385  66.399 0.0000000000
69610  -43.051  -9.557  65.448 0.0000000000
49076  -25.544  -29.662  80.425 0.0000000000
50173  -24.185  -29.337  78.416 0.0000000000
144851  -24.041  -29.586  80.109 0.0000000000
123803  -23.670  -30.329  80.711 0.0000000000
49074  -22.919  -30.635  80.923 0.0000000000
60534  -39.856  -18.859  69.109 0.0000000000
62511  -38.399  -17.379  70.449 0.0000000000
57534  -40.357  -21.233  74.111 0.0000000000
58542  -41.290  -20.057  73.503 0.0000000000
60496  -40.550  -18.648  72.840 0.0000000000
62483  -39.672  -17.634  73.193 0.0000000000
61497  -39.659  -17.575  72.473 0.0000000000
62492  -38.849  -17.177  71.777 0.0000000000
62491  -38.423  -16.988  71.576 0.0000000000
62501  -37.535  -16.662  70.748 0.0000000000
63434  -36.642  -15.516  71.110 0.0000000000
130752  -35.876  -14.178  72.048 0.0000000000
66455  -36.271  -12.606  72.090 0.0000000000
66438  -37.234  -12.466  74.430 0.0000000000
66456  -36.914  -12.139  72.718 0.0000000000
61465  -28.404  -16.946  74.514 0.0000000000
60483  -28.002  -17.856  73.360 0.0000000000
59514  -27.672  -18.809  72.352 0.0000000000
60494  -31.946  -17.726  72.956 0.0000000000
61506  -29.529  -17.369  71.043 0.0000000000
51187  -28.179  -28.890  78.478 0.0000000000
49123  -27.416  -29.590  77.531 0.0000000000
53002  -27.396  -26.864  78.010 0.0000000000
131729  -27.761  -29.150  76.045 0.0000000000
49121  -26.152  -30.132  76.156 0.0000000000
50220  -24.622  -29.505  74.160 0.0000000000
80218  -48.524  1.414  52.900 0.0000000000
139301  -49.253  1.923  52.301 0.0000000000
81056  -49.893  2.373  52.238 0.0000000000
80221  -52.380  2.011  53.939 0.0000000000
81058  -51.348  2.751  52.847 0.0000000000
81069  -49.885  2.781  50.954 0.0000000000
81899  -50.541  3.303  50.649 0.0000000000
81900  -51.253  3.730  50.266 0.0000000000
81907  -51.890  3.811  49.120 0.0000000000
82754  -52.923  4.439  50.003 0.0000000000
82756  -54.597  4.657  50.506 0.0000000000
47863  -14.846  -31.356  81.384 0.0000000000
47860  -12.648  -31.589  81.965 0.0000000000
47832  -14.660  -32.195  82.699 0.0000000000
61537  -36.708  -17.332  68.095 0.0000000000
72578  -39.959  -6.071  59.530 0.0000000000
68539  -38.205  -9.663  63.243 0.0000000000
129248  -39.022  -9.526  62.924 0.0000000000
69651  -39.652  -9.158  62.240 0.0000000000
148460  -42.265  -9.104  62.887 0.0000000000
69653  -41.439  -9.103  62.195 0.0000000000
70619  -39.785  -8.613  61.702 0.0000000000
71582  -40.216  -7.344  60.888 0.0000000000
72567  -40.714  -6.588  60.494 0.0000000000
73470  -41.940  -5.486  60.352 0.0000000000
73471  -42.956  -5.733  60.454 0.0000000000
72580  -44.739  -5.723  60.431 0.0000000000
73474  -46.179  -5.007  60.634 0.0000000000
51139  -13.513  -28.647  82.553 0.0000000000
51156  -13.972  -28.228  80.972 0.0000000000
143231  -14.623  -30.380  80.311 0.0000000000
49041  -15.993  -30.199  82.496 0.0000000000
50086  -16.586  -29.307  84.762 0.0000000000
49025  -11.840  -30.870  83.627 0.0000000000
47815  -11.038  -31.202  85.477 0.0000000000
47805  -10.844  -31.300  86.363 0.0000000000
45710  -9.916  -34.050  84.739 0.0000000000
46698  -10.159  -32.587  85.915 0.0000000000
46684  -10.360  -32.067  87.932 0.0000000000
46665  -9.131  -31.927  88.818 0.0000000000
46664  -8.527  -32.195  88.590 0.0000000000
43674  -7.190  -35.204  86.537 0.0000000000
45684  -7.015  -33.779  86.634 0.0000000000
50108  -13.103  -29.136  83.206 0.0000000000
50119  -12.823  -29.910  82.808 0.0000000000
56598  -36.650  -21.998  73.140 0.0000000000
130522  -38.071  -22.035  73.006 0.0000000000
59460  -27.838  -19.326  76.455 0.0000000000
58497  -27.852  -20.087  76.454 0.0000000000
57546  -36.444  -22.073  73.987 0.0000000000
57545  -35.791  -21.674  73.465 0.0000000000
57568  -36.186  -21.760  72.613 0.0000000000
144602  -27.311  -17.429  77.181 0.0000000000
61433  -26.986  -17.206  77.973 0.0000000000
145470  -27.943  -20.068  77.320 0.0000000000
79300  -46.634  0.053  52.940 0.0000000000
145226  -35.718  -11.517  63.941 0.0000000000
66543  -35.325  -12.364  63.789 0.0000000000
67509  -35.589  -11.727  63.172 0.0000000000
67521  -35.903  -11.060  62.706 0.0000000000
47851  -21.696  -31.016  82.550 0.0000000000
49029  -21.513  -30.857  83.190 0.0000000000
58477  -37.557  -19.526  77.856 0.0000000000
142169  -37.994  -19.626  77.904 0.0000000000
58464  -37.740  -19.326  78.585 0.0000000000
61402  -32.387  -16.498  80.850 0.0000000000
61413  -32.842  -17.321  80.246 0.0000000000
137613  -33.131  -17.107  81.105 0.0000000000
58463  -36.784  -19.088  78.830 0.0000000000
58462  -36.351  -19.009  78.763 0.0000000000
58476  -37.079  -19.432  77.985 0.0000000000
62398  -32.467  -16.184  81.655 0.0000000000
142727  -46.217  -4.892  60.135 0.0000000000
74330  -46.644  -4.521  59.587 0.0000000000
125593  -48.700  -2.662  57.451 0.0000000000
76206  -49.171  -2.028  57.023 0.0000000000
145932  -49.501  -1.478  56.655 0.0000000000
77165  -50.065  -1.068  56.469 0.0000000000
66470  -35.617  -12.874  70.347 0.0000000000
66471  -36.212  -12.244  70.450 0.0000000000
68481  -37.663  -10.350  68.255 0.0000000000
68494  -38.189  -9.890  67.750 0.0000000000
68493  -37.554  -10.373  67.269 0.0000000000
69583  -38.950  -9.494  67.316 0.0000000000
49111  -27.065  -29.660  77.923 0.0000000000
143930  -26.570  -29.798  78.257 0.0000000000
83625  -55.528  5.356  50.081 0.0000000000
83626  -56.202  5.722  50.309 0.0000000000
48965  -11.414  -30.645  89.412 0.0000000000
48964  -10.646  -31.053  90.085 0.0000000000
48978  -10.946  -31.342  89.206 0.0000000000
142547  -41.006  -20.739  71.142 0.0000000000
57607  -40.507  -21.181  70.678 0.0000000000
148391  -41.073  -20.046  70.961 0.0000000000
59540  -40.647  -19.566  70.420 0.0000000000
60463  -40.620  -18.318  75.305 0.0000000000
61456  -40.579  -17.546  75.839 0.0000000000
63413  -38.833  -15.839  74.068 0.0000000000
64409  -37.961  -15.225  74.126 0.0000000000
64408  -36.984  -14.647  73.741 0.0000000000
64399  -37.223  -14.280  74.525 0.0000000000
50248  -26.262  -29.279  72.646 0.0000000000
129759  -27.815  -29.017  72.884 0.0000000000
60449  -33.200  -17.921  76.437 0.0000000000
61468  -32.620  -17.380  75.102 0.0000000000
61469  -32.782  -17.878  74.586 0.0000000000
52112  -27.619  -28.144  73.916 0.0000000000
51212  -27.845  -28.939  74.371 0.0000000000
50234  -25.280  -29.316  72.907 0.0000000000
80230  -49.764  1.978  50.223 0.0000000000
79298  -51.759  1.076  54.781 0.0000000000
131812  -54.918  3.096  53.398 0.0000000000
81883  -54.214  3.161  53.102 0.0000000000
81888  -53.627  3.572  52.434 0.0000000000
81889  -54.550  3.641  52.371 0.0000000000
63475  -34.602  -15.339  67.254 0.0000000000
62532  -34.933  -16.220  67.437 0.0000000000
69649  -37.575  -9.524  60.915 0.0000000000
69660  -37.404  -9.751  59.896 0.0000000000
140114  -37.811  -9.242  60.301 0.0000000000
70632  -38.260  -8.737  60.346 0.0000000000
69662  -38.874  -8.790  61.525 0.0000000000
125134  -41.757  -9.448  64.707 0.0000000000
69619  -41.397  -9.428  63.833 0.0000000000
141173  -42.149  -9.413  64.024 0.0000000000
71563  -44.177  -7.281  62.546 0.0000000000
70624  -43.559  -7.814  62.363 0.0000000000
72560  -44.344  -6.633  61.241 0.0000000000
71564  -44.407  -6.741  61.748 0.0000000000
51157  -18.332  -28.241  81.601 0.0000000000
51167  -17.740  -28.601  81.048 0.0000000000
50150  -17.087  -29.089  80.542 0.0000000000
131392  -17.782  -28.597  82.039 0.0000000000
51140  -17.834  -28.563  82.989 0.0000000000
51126  -18.665  -28.173  83.610 0.0000000000
44758  -12.626  -34.407  83.903 0.0000000000
42756  -8.786  -36.139  85.976 0.0000000000
44724  -8.609  -35.245  85.998 0.0000000000
44707  -7.910  -34.677  86.538 0.0000000000
67448  -38.606  -11.057  70.882 0.0000000000
49132  -23.556  -29.632  75.481 0.0000000000
50085  -12.312  -29.271  85.546 0.0000000000
51087  -12.573  -29.064  86.541 0.0000000000
50076  -11.919  -29.723  86.312 0.0000000000
123815  -37.252  -22.042  71.348 0.0000000000
56601  -38.950  -22.132  72.988 0.0000000000
56616  -39.215  -22.438  72.082 0.0000000000
57570  -40.625  -21.578  72.286 0.0000000000
145827  -26.037  -24.129  75.225 0.0000000000
53863  -26.332  -25.542  74.245 0.0000000000
55678  -26.212  -23.403  75.204 0.0000000000
58519  -27.456  -20.408  74.580 0.0000000000
56581  -26.281  -22.225  74.191 0.0000000000
126018  -27.129  -20.868  73.998 0.0000000000
57544  -26.965  -20.968  73.217 0.0000000000
58537  -27.228  -20.310  73.569 0.0000000000
58511  -34.468  -20.288  75.275 0.0000000000
58521  -34.166  -19.970  74.463 0.0000000000
148381  -35.136  -20.205  72.821 0.0000000000
58556  -34.454  -19.438  72.766 0.0000000000
58570  -34.204  -19.904  71.761 0.0000000000
138006  -34.591  -20.234  71.035 0.0000000000
60416  -26.672  -18.090  79.312 0.0000000000
146639  -26.371  -17.847  80.116 0.0000000000
60417  -27.151  -19.414  79.360 0.0000000000
60403  -26.602  -18.931  80.293 0.0000000000
59440  -28.141  -20.338  78.899 0.0000000000
56544  -28.286  -21.696  79.187 0.0000000000
57496  -28.146  -21.121  78.765 0.0000000000
56561  -26.969  -22.243  76.659 0.0000000000
55666  -26.697  -23.140  76.902 0.0000000000
55665  -26.269  -23.914  76.113 0.0000000000
53852  -26.146  -25.597  75.224 0.0000000000
77160  -44.726  -2.010  54.855 0.0000000000
65538  -34.612  -13.477  65.489 0.0000000000
143845  -34.311  -14.157  65.328 0.0000000000
68537  -36.527  -10.491  62.196 0.0000000000
143944  -37.348  -9.829  61.448 0.0000000000
70595  -44.449  -8.792  65.392 0.0000000000
69623  -44.174  -9.034  64.887 0.0000000000
72553  -44.796  -6.984  63.931 0.0000000000
47853  -23.129  -30.556  81.343 0.0000000000
50123  -23.076  -29.753  81.881 0.0000000000
51145  -22.070  -28.790  82.345 0.0000000000
127912  -22.509  -28.612  81.693 0.0000000000
52039  -22.240  -27.619  81.069 0.0000000000
52074  -21.166  -26.870  79.426 0.0000000000
52038  -21.404  -27.476  81.338 0.0000000000
51129  -21.211  -28.291  83.470 0.0000000000
140082  -21.000  -27.863  82.858 0.0000000000
51143  -20.378  -27.839  83.229 0.0000000000
51112  -20.439  -28.707  84.747 0.0000000000
50099  -20.874  -29.712  84.324 0.0000000000
127373  -37.572  -21.032  75.612 0.0000000000
124015  -38.352  -20.729  75.459 0.0000000000
57507  -37.934  -20.472  76.180 0.0000000000
58479  -39.184  -19.715  77.175 0.0000000000
58492  -39.545  -19.958  76.647 0.0000000000
59455  -39.886  -19.437  77.143 0.0000000000
62423  -29.078  -16.280  78.401 0.0000000000
62434  -29.197  -16.284  77.526 0.0000000000
62424  -29.959  -16.511  78.170 0.0000000000
144694  -32.251  -17.450  78.934 0.0000000000
61435  -31.331  -17.436  78.353 0.0000000000
60437  -32.325  -17.876  77.924 0.0000000000
146612  -35.080  -18.848  81.017 0.0000000000
60406  -34.192  -17.879  80.108 0.0000000000
144061  -35.832  -19.428  78.118 0.0000000000
133149  -35.386  -18.835  78.560 0.0000000000
59453  -34.299  -18.389  77.518 0.0000000000
59454  -34.965  -19.079  77.222 0.0000000000
59463  -34.568  -19.671  76.586 0.0000000000
58486  -35.067  -20.106  77.075 0.0000000000
57497  -36.777  -20.681  76.825 0.0000000000
57505  -36.258  -21.057  76.441 0.0000000000
57506  -36.886  -21.193  76.081 0.0000000000
127007  -36.970  -21.622  75.361 0.0000000000
62405  -30.229  -16.421  80.300 0.0000000000
62404  -29.412  -16.207  79.985 0.0000000000
62415  -28.799  -16.174  79.262 0.0000000000
74326  -42.265  -4.559  59.128 0.0000000000
74327  -43.663  -4.604  59.312 0.0000000000
137772  -44.848  -4.172  58.702 0.0000000000
74341  -44.075  -4.245  58.814 0.0000000000
74359  -44.322  -3.773  58.229 0.0000000000
75268  -44.216  -3.477  57.474 0.0000000000
74360  -45.056  -3.635  58.044 0.0000000000
75253  -48.071  -3.802  58.825 0.0000000000
74344  -47.394  -4.147  59.141 0.0000000000
75252  -47.385  -3.663  58.458 0.0000000000
132920  -46.976  -2.749  56.950 0.0000000000
75270  -46.596  -3.169  57.498 0.0000000000
76220  -44.921  -2.050  55.607 0.0000000000
76203  -46.781  -1.976  56.410 0.0000000000
77163  -47.597  -0.929  55.755 0.0000000000
77144  -46.649  -1.237  55.861 0.0000000000
78234  -47.491  -0.241  55.129 0.0000000000
78245  -47.995  0.254  54.803 0.0000000000
78223  -50.683  -0.571  56.212 0.0000000000
78238  -51.204  -0.157  55.993 0.0000000000
128546  -51.413  0.343  55.486 0.0000000000
64447  -35.990  -15.235  70.645 0.0000000000
64459  -35.161  -14.627  69.597 0.0000000000
64478  -34.801  -14.128  68.813 0.0000000000
65513  -34.782  -13.097  68.588 0.0000000000
67455  -37.403  -11.172  69.676 0.0000000000
66481  -36.628  -11.763  69.730 0.0000000000
67472  -36.558  -11.112  68.081 0.0000000000
66497  -35.385  -12.287  68.130 0.0000000000
66508  -35.329  -12.253  67.387 0.0000000000
66509  -35.678  -11.795  66.918 0.0000000000
131701  -36.316  -11.080  66.124 0.0000000000
67494  -36.337  -10.923  65.396 0.0000000000
68510  -37.431  -10.217  65.367 0.0000000000
69599  -39.840  -9.331  66.667 0.0000000000
124063  -43.448  -9.404  66.249 0.0000000000
69611  -43.727  -9.386  65.431 0.0000000000
124413  -26.517  -29.757  79.528 0.0000000000
47885  -26.562  -29.834  80.345 0.0000000000
47869  -26.204  -29.677  80.807 0.0000000000
47895  -26.043  -29.719  79.995 0.0000000000
50185  -23.714  -29.293  77.368 0.0000000000
145400  -23.099  -29.350  77.459 0.0000000000
50172  -23.473  -29.347  79.139 0.0000000000
49086  -23.236  -29.712  80.036 0.0000000000
47884  -23.410  -30.591  80.983 0.0000000000
49085  -22.636  -30.156  80.393 0.0000000000
47763  -8.632  -31.321  89.393 0.0000000000
131772  -39.550  -21.816  69.437 0.0000000000
61529  -39.362  -18.136  69.955 0.0000000000
61528  -38.630  -17.808  69.807 0.0000000000
62512  -38.882  -17.570  70.342 0.0000000000
57521  -40.222  -21.044  74.897 0.0000000000
57533  -39.598  -21.230  74.318 0.0000000000
146985  -40.901  -20.996  74.703 0.0000000000
60474  -40.534  -19.034  74.361 0.0000000000
58524  -41.310  -20.033  74.346 0.0000000000
131144  -40.844  -19.464  73.981 0.0000000000
59502  -40.900  -19.309  73.174 0.0000000000
60485  -40.337  -18.801  73.715 0.0000000000
63414  -39.115  -16.448  73.835 0.0000000000
62472  -39.268  -16.977  73.537 0.0000000000
62482  -39.208  -17.172  72.785 0.0000000000
62493  -39.319  -17.313  72.080 0.0000000000
123618  -38.855  -16.987  72.471 0.0000000000
63436  -37.842  -16.651  71.431 0.0000000000
62502  -38.172  -17.091  71.023 0.0000000000
139345  -37.247  -16.184  71.031 0.0000000000
63435  -37.304  -15.994  71.558 0.0000000000
64407  -36.391  -13.995  73.247 0.0000000000
64418  -36.222  -14.308  72.580 0.0000000000
65484  -36.019  -13.366  72.529 0.0000000000
147900  -35.797  -12.947  71.870 0.0000000000
66447  -36.449  -12.695  73.082 0.0000000000
66431  -37.470  -12.622  75.287 0.0000000000
67434  -37.847  -11.841  72.165 0.0000000000
53873  -26.420  -25.561  73.404 0.0000000000
51228  -27.721  -28.700  72.315 0.0000000000
53057  -27.525  -27.239  72.424 0.0000000000
61453  -29.422  -16.506  75.684 0.0000000000
135064  -28.317  -16.813  75.307 0.0000000000
61477  -30.525  -16.774  74.087 0.0000000000
61476  -29.317  -16.617  74.231 0.0000000000
61483  -28.654  -17.210  72.771 0.0000000000
60493  -28.062  -17.979  72.568 0.0000000000
61493  -28.597  -17.403  72.020 0.0000000000
59485  -33.243  -18.695  73.880 0.0000000000
60484  -32.645  -18.186  73.455 0.0000000000
60495  -32.499  -18.268  72.481 0.0000000000
52087  -28.228  -28.358  78.670 0.0000000000
50189  -28.021  -29.133  78.365 0.0000000000
51194  -27.866  -28.933  77.638 0.0000000000
54733  -26.860  -24.570  77.978 0.0000000000
54719  -27.376  -24.986  78.692 0.0000000000
127101  -26.978  -26.395  77.366 0.0000000000
52100  -27.549  -28.291  76.191 0.0000000000
50211  -27.427  -29.818  75.577 0.0000000000
49133  -27.080  -30.236  76.000 0.0000000000
50210  -26.710  -30.152  75.114 0.0000000000
50209  -25.505  -29.747  75.183 0.0000000000
79297  -48.589  0.681  54.360 0.0000000000
135158  -48.316  1.004  53.642 0.0000000000
79303  -49.018  1.248  53.873 0.0000000000
80220  -50.350  1.624  53.534 0.0000000000
80219  -49.546  1.625  53.264 0.0000000000
80223  -50.114  1.975  52.865 0.0000000000
80215  -52.368  1.622  54.409 0.0000000000
81044  -53.087  1.984  54.223 0.0000000000
81059  -52.195  3.027  52.888 0.0000000000
81064  -50.136  2.876  51.864 0.0000000000
81065  -50.938  3.265  52.148 0.0000000000
81893  -50.459  3.262  51.404 0.0000000000
81894  -51.113  3.641  51.289 0.0000000000
81901  -52.120  4.130  50.012 0.0000000000
147785  -51.595  3.786  49.699 0.0000000000
82760  -52.637  4.287  49.323 0.0000000000
81897  -54.859  4.058  51.698 0.0000000000
82749  -54.965  4.430  51.116 0.0000000000
82757  -55.279  4.802  50.703 0.0000000000
82751  -56.425  4.739  51.773 0.0000000000
49040  -15.647  -30.879  82.922 0.0000000000
47846  -14.415  -31.995  81.776 0.0000000000
47833  -15.234  -31.570  83.342 0.0000000000
62523  -36.298  -16.570  68.674 0.0000000000
145728  -38.544  -8.140  59.733 0.0000000000
70643  -38.831  -7.612  59.069 0.0000000000
71593  -39.389  -6.866  59.360 0.0000000000
71594  -39.866  -6.826  60.111 0.0000000000
68527  -38.153  -9.776  63.900 0.0000000000
143747  -38.894  -9.541  63.385 0.0000000000
69639  -39.752  -9.382  62.715 0.0000000000
69638  -38.978  -9.391  62.526 0.0000000000
149344  -40.343  -9.302  62.535 0.0000000000
69641  -43.158  -8.957  63.308 0.0000000000
69630  -42.741  -9.122  63.329 0.0000000000
70609  -42.118  -9.002  62.457 0.0000000000
69652  -40.596  -9.107  62.150 0.0000000000
70620  -40.886  -8.374  61.627 0.0000000000
71583  -41.698  -6.910  61.005 0.0000000000
72568  -41.506  -6.185  60.562 0.0000000000
72569  -42.364  -6.404  60.739 0.0000000000
72572  -44.952  -5.824  60.797 0.0000000000
73473  -45.633  -5.299  60.407 0.0000000000
50158  -15.199  -29.392  79.641 0.0000000000
146182  -14.382  -28.419  80.045 0.0000000000
50157  -14.727  -29.708  79.840 0.0000000000
51166  -14.206  -29.154  80.254 0.0000000000
49071  -15.123  -30.328  80.307 0.0000000000
130891  -15.273  -30.675  81.065 0.0000000000
142842  -15.833  -30.248  81.686 0.0000000000
51109  -17.744  -28.542  84.684 0.0000000000
50097  -17.121  -28.849  84.292 0.0000000000
50087  -17.223  -28.792  85.129 0.0000000000
46734  -12.958  -32.243  81.900 0.0000000000
47845  -12.099  -31.349  82.743 0.0000000000
47844  -11.875  -32.088  82.752 0.0000000000
46712  -10.666  -32.735  84.203 0.0000000000
46713  -11.166  -32.013  83.919 0.0000000000
46706  -10.783  -31.901  84.819 0.0000000000
47814  -10.549  -31.917  85.735 0.0000000000
43699  -10.834  -35.411  84.847 0.0000000000
44742  -10.401  -34.655  84.511 0.0000000000
43698  -10.131  -35.260  84.960 0.0000000000
45685  -8.936  -33.667  86.494 0.0000000000
45686  -9.582  -33.045  86.489 0.0000000000
47804  -10.232  -32.094  86.771 0.0000000000
46683  -9.653  -32.584  87.627 0.0000000000
128186  -9.664  -32.231  88.339 0.0000000000
46682  -9.089  -32.506  88.223 0.0000000000
45665  -8.122  -33.251  87.419 0.0000000000
45654  -7.916  -32.670  88.016 0.0000000000
46663  -7.742  -31.882  88.402 0.0000000000
142629  -6.779  -35.582  86.406 0.0000000000
49006  -11.906  -29.942  84.878 0.0000000000
56634  -37.785  -22.325  71.845 0.0000000000
56614  -37.522  -22.064  72.683 0.0000000000
57515  -27.334  -21.454  76.319 0.0000000000
56571  -26.799  -22.022  75.730 0.0000000000
127250  -27.102  -21.441  75.438 0.0000000000
58509  -27.731  -20.237  75.574 0.0000000000
58520  -27.699  -19.591  74.778 0.0000000000
58523  -35.154  -21.273  74.207 0.0000000000
140223  -34.646  -20.510  73.890 0.0000000000
58540  -35.213  -20.787  73.212 0.0000000000
58558  -35.302  -20.708  72.367 0.0000000000
58572  -35.427  -20.918  71.616 0.0000000000
57567  -35.930  -21.186  72.086 0.0000000000
57590  -36.466  -21.724  71.707 0.0000000000
62402  -27.295  -15.891  80.012 0.0000000000
62413  -26.852  -16.544  79.409 0.0000000000
60429  -26.817  -17.827  78.454 0.0000000000
58471  -28.094  -20.072  78.257 0.0000000000
58485  -28.029  -20.454  78.115 0.0000000000
148617  -28.074  -20.116  77.807 0.0000000000
147440  -27.652  -21.116  77.106 0.0000000000
61540  -39.040  -18.427  68.936 0.0000000000
66521  -35.253  -12.480  64.719 0.0000000000
148443  -34.851  -13.137  64.916 0.0000000000
65552  -35.041  -13.210  64.206 0.0000000000
68538  -37.413  -9.927  62.923 0.0000000000
47852  -22.328  -30.720  81.830 0.0000000000
49042  -22.807  -30.285  82.039 0.0000000000
144453  -22.113  -30.656  82.505 0.0000000000
51130  -21.766  -29.095  83.215 0.0000000000
50111  -21.451  -29.978  83.696 0.0000000000
49019  -20.890  -30.580  83.987 0.0000000000
57498  -37.350  -20.283  76.821 0.0000000000
57499  -37.838  -20.138  76.866 0.0000000000
123669  -38.016  -19.937  77.267 0.0000000000
58478  -38.584  -19.740  77.556 0.0000000000
59444  -39.461  -19.358  77.939 0.0000000000
61411  -30.786  -17.028  79.876 0.0000000000
61423  -30.689  -16.935  78.804 0.0000000000
61412  -31.937  -16.910  79.927 0.0000000000
61425  -32.497  -17.356  79.467 0.0000000000
60419  -32.942  -17.553  79.039 0.0000000000
134044  -35.473  -18.759  80.510 0.0000000000
59429  -35.925  -18.719  79.757 0.0000000000
58474  -36.195  -19.666  78.032 0.0000000000
58487  -35.886  -20.120  77.464 0.0000000000
128893  -36.232  -20.090  77.493 0.0000000000
58489  -36.904  -19.954  77.272 0.0000000000
73482  -45.079  -5.323  59.895 0.0000000000
74328  -44.456  -4.904  59.487 0.0000000000
73492  -45.243  -4.675  59.282 0.0000000000
74342  -45.501  -4.109  58.684 0.0000000000
75273  -49.059  -3.031  58.190 0.0000000000
75272  -48.153  -3.221  58.077 0.0000000000
76204  -47.623  -2.244  56.647 0.0000000000
130094  -48.090  -1.604  56.352 0.0000000000
132300  -48.581  -1.013  55.966 0.0000000000
78236  -49.168  -0.467  55.622 0.0000000000
77164  -49.363  -1.032  56.169 0.0000000000
65491  -35.406  -13.564  70.850 0.0000000000
64446  -35.429  -14.558  70.440 0.0000000000
66479  -35.474  -12.763  69.610 0.0000000000
67464  -38.052  -10.282  69.009 0.0000000000
67463  -37.529  -10.720  69.015 0.0000000000
67482  -36.172  -11.300  66.831 0.0000000000
68502  -37.480  -10.336  66.314 0.0000000000
68511  -38.093  -9.914  65.785 0.0000000000
139618  -27.820  -29.673  80.011 0.0000000000
49100  -27.740  -29.307  79.240 0.0000000000
49098  -26.184  -29.869  78.865 0.0000000000
50184  -22.625  -29.506  77.565 0.0000000000
49084  -21.602  -30.195  79.675 0.0000000000
83630  -54.640  5.038  49.242 0.0000000000
83636  -55.422  5.574  48.370 0.0000000000
57591  -40.057  -21.847  70.875 0.0000000000
132835  -39.317  -22.140  70.245 0.0000000000
58589  -40.285  -20.847  70.107 0.0000000000
58608  -40.335  -20.275  69.766 0.0000000000
61518  -39.879  -17.986  70.756 0.0000000000
135925  -40.669  -19.551  75.715 0.0000000000
135876  -41.179  -19.919  74.950 0.0000000000
141545  -40.812  -19.116  75.171 0.0000000000
61478  -40.075  -17.746  74.454 0.0000000000
63408  -39.446  -16.249  74.570 0.0000000000
63407  -39.237  -15.817  74.712 0.0000000000
124773  -38.831  -16.297  73.433 0.0000000000
63425  -38.647  -16.629  72.734 0.0000000000
63424  -38.397  -16.191  72.893 0.0000000000
63423  -37.593  -15.858  72.336 0.0000000000
67409  -38.332  -11.332  74.309 0.0000000000
54787  -25.878  -24.167  72.674 0.0000000000
61455  -31.599  -16.784  76.523 0.0000000000
61454  -30.683  -16.621  75.627 0.0000000000
129707  -31.855  -16.882  75.385 0.0000000000
61486  -31.330  -17.315  73.544 0.0000000000
59515  -32.914  -18.900  71.917 0.0000000000
60506  -32.049  -18.569  71.485 0.0000000000
52986  -27.806  -26.990  78.651 0.0000000000
53842  -26.483  -25.969  76.685 0.0000000000
53010  -26.786  -26.953  76.766 0.0000000000
53023  -26.865  -27.546  76.072 0.0000000000
50223  -27.433  -29.755  74.690 0.0000000000
50222  -26.812  -29.958  74.283 0.0000000000
127919  -25.220  -29.436  73.607 0.0000000000
50235  -26.321  -29.575  73.525 0.0000000000
80214  -51.730  1.741  54.038 0.0000000000
81052  -53.612  2.650  53.705 0.0000000000
81060  -53.192  3.119  53.074 0.0000000000
81887  -51.879  3.604  52.057 0.0000000000
124778  -52.958  3.932  51.695 0.0000000000
81896  -53.580  4.222  51.150 0.0000000000
82744  -56.168  4.229  52.212 0.0000000000
49008  -16.114  -29.821  85.303 0.0000000000
49017  -15.674  -30.629  84.884 0.0000000000
62522  -35.498  -16.386  68.100 0.0000000000
138789  -35.307  -16.799  67.406 0.0000000000
69618  -39.657  -9.416  64.398 0.0000000000
135230  -39.496  -9.468  63.592 0.0000000000
69628  -40.403  -9.441  63.552 0.0000000000
70611  -43.291  -8.592  62.933 0.0000000000
70623  -43.007  -8.380  62.351 0.0000000000
136123  -42.680  -8.059  61.824 0.0000000000
71572  -41.855  -7.822  61.481 0.0000000000
71585  -43.327  -7.332  61.399 0.0000000000
72571  -43.983  -6.855  60.990 0.0000000000
52056  -18.719  -27.593  79.642 0.0000000000
51179  -17.978  -27.921  79.459 0.0000000000
52081  -16.682  -27.377  78.632 0.0000000000
137570  -16.456  -28.531  79.213 0.0000000000
50149  -16.364  -29.407  80.273 0.0000000000
50135  -16.621  -29.461  81.002 0.0000000000
50120  -16.481  -29.671  81.863 0.0000000000
50121  -17.105  -29.022  82.457 0.0000000000
51125  -17.789  -28.446  83.931 0.0000000000
51099  -18.883  -28.459  85.447 0.0000000000
45723  -12.880  -33.399  82.761 0.0000000000
45722  -12.138  -33.227  82.816 0.0000000000
45717  -12.349  -33.878  83.276 0.0000000000
45716  -11.480  -33.590  83.394 0.0000000000
45715  -10.752  -33.562  83.824 0.0000000000
43686  -9.502  -35.484  85.462 0.0000000000
44741  -9.661  -34.741  85.039 0.0000000000
139869  -9.089  -34.815  85.522 0.0000000000
44695  -8.318  -33.792  86.739 0.0000000000
61404  -33.857  -17.396  81.801 0.0000000000
59418  -36.453  -18.774  80.731 0.0000000000
74321  -47.843  -4.205  60.056 0.0000000000
74331  -47.368  -4.324  59.705 0.0000000000
75242  -48.640  -3.802  59.200 0.0000000000
126032  -50.390  -2.218  57.894 0.0000000000
77138  -50.953  -1.572  57.525 0.0000000000
67447  -37.719  -11.626  71.192 0.0000000000
125331  -37.982  -11.128  70.333 0.0000000000
68470  -38.697  -10.071  69.315 0.0000000000
69584  -39.514  -9.440  67.959 0.0000000000
131810  -24.947  -29.547  75.991 0.0000000000
50187  -25.346  -29.794  76.970 0.0000000000
50198  -23.618  -29.422  76.406 0.0000000000
50067  -11.842  -30.126  87.824 0.0000000000
48987  -11.252  -30.746  87.586 0.0000000000
56635  -38.545  -22.557  71.533 0.0000000000
56636  -39.336  -22.335  71.206 0.0000000000
58573  -41.158  -20.049  71.669 0.0000000000
64389  -37.547  -14.032  75.224 0.0000000000
53046  -26.607  -26.366  73.759 0.0000000000
145103  -26.073  -24.703  73.702 0.0000000000
56570  -26.393  -22.546  75.073 0.0000000000
55689  -25.922  -23.058  74.372 0.0000000000
137950  -25.754  -23.641  73.563 0.0000000000
127123  -26.585  -21.642  72.872 0.0000000000
57566  -26.741  -21.075  72.247 0.0000000000
59472  -33.802  -18.610  75.153 0.0000000000
59486  -33.859  -19.030  74.490 0.0000000000
58538  -34.315  -19.713  73.727 0.0000000000
59501  -34.019  -18.876  73.319 0.0000000000
59530  -33.492  -19.398  71.351 0.0000000000
55645  -28.274  -22.808  79.813 0.0000000000
149244  -28.338  -22.197  79.580 0.0000000000
55643  -27.349  -23.853  78.661 0.0000000000
55655  -26.933  -23.440  77.842 0.0000000000
56550  -27.212  -22.490  77.605 0.0000000000
54746  -26.630  -24.172  77.099 0.0000000000
53022  -26.278  -26.551  75.915 0.0000000000
80226  -49.139  1.741  51.419 0.0000000000
79293  -53.164  0.850  55.900 0.0000000000
131653  -52.854  1.336  55.016 0.0000000000
80209  -53.700  1.498  55.460 0.0000000000
127666  -55.630  3.411  53.309 0.0000000000
64510  -34.364  -14.579  66.659 0.0000000000
63484  -34.395  -15.432  66.178 0.0000000000
64522  -34.248  -14.704  65.695 0.0000000000
69621  -43.310  -9.437  64.644 0.0000000000
69620  -42.754  -9.325  63.931 0.0000000000
70599  -43.961  -9.048  64.227 0.0000000000
70604  -44.029  -8.655  63.820 0.0000000000
71559  -44.327  -7.788  63.656 0.0000000000
72552  -44.657  -6.679  63.129 0.0000000000
72556  -44.769  -6.414  62.138 0.0000000000
135556  -22.554  -29.232  81.949 0.0000000000
52022  -22.733  -28.170  81.296 0.0000000000
142620  -20.052  -27.159  79.958 0.0000000000
52020  -21.200  -27.728  82.173 0.0000000000
52037  -20.578  -27.453  81.521 0.0000000000
52057  -19.307  -27.499  80.222 0.0000000000
133482  -19.311  -27.708  81.013 0.0000000000
51142  -19.570  -27.695  82.506 0.0000000000
124289  -19.485  -27.899  83.332 0.0000000000
51127  -19.710  -28.183  84.204 0.0000000000
50098  -20.442  -29.281  85.041 0.0000000000
42744  -9.053  -36.844  86.361 0.0000000000
140817  -36.927  -22.067  74.359 0.0000000000
56587  -38.189  -21.472  74.385 0.0000000000
57519  -38.274  -21.050  74.970 0.0000000000
57520  -39.200  -20.861  75.033 0.0000000000
57509  -39.818  -20.725  75.583 0.0000000000
58491  -38.415  -20.192  76.483 0.0000000000
58502  -39.241  -20.329  76.172 0.0000000000
136886  -40.150  -20.274  76.076 0.0000000000
134484  -40.561  -18.739  76.304 0.0000000000
59433  -39.066  -18.726  78.719 0.0000000000
61440  -27.524  -16.719  77.384 0.0000000000
60447  -27.590  -17.451  76.482 0.0000000000
62447  -28.316  -16.388  76.995 0.0000000000
62448  -29.271  -16.363  76.647 0.0000000000
61441  -30.856  -16.772  77.160 0.0000000000
60448  -32.522  -17.349  77.093 0.0000000000
60393  -33.648  -17.676  80.617 0.0000000000
60420  -33.771  -17.872  79.475 0.0000000000
59428  -35.323  -18.562  79.540 0.0000000000
123623  -34.635  -18.533  78.968 0.0000000000
59442  -33.994  -18.126  78.430 0.0000000000
59452  -33.354  -18.007  77.779 0.0000000000
128466  -33.813  -18.281  76.792 0.0000000000
59461  -33.663  -18.665  75.918 0.0000000000
59462  -34.147  -19.136  76.187 0.0000000000
58498  -34.247  -19.980  75.945 0.0000000000
58500  -35.623  -20.660  76.725 0.0000000000
57517  -35.547  -21.191  75.882 0.0000000000
57531  -35.649  -21.577  75.002 0.0000000000
57532  -36.430  -21.950  74.824 0.0000000000
148098  -28.959  -15.340  80.671 0.0000000000
62414  -27.696  -16.151  79.286 0.0000000000
62422  -28.059  -16.284  78.511 0.0000000000
73479  -41.423  -4.951  59.467 0.0000000000
73491  -40.808  -4.819  58.591 0.0000000000
74339  -42.072  -4.190  58.304 0.0000000000
134816  -42.624  -3.914  57.952 0.0000000000
74343  -46.736  -4.104  58.831 0.0000000000
142329  -46.081  -3.872  58.494 0.0000000000
75271  -47.298  -3.212  57.677 0.0000000000
75250  -45.875  -3.418  57.781 0.0000000000
76201  -44.515  -2.687  56.081 0.0000000000
77161  -45.321  -1.455  55.151 0.0000000000
134838  -45.952  -1.101  55.357 0.0000000000
77172  -45.775  -0.946  54.668 0.0000000000
78243  -46.263  -0.462  54.111 0.0000000000
78254  -46.586  -0.048  53.561 0.0000000000
79301  -47.069  0.453  53.389 0.0000000000
78247  -49.798  0.098  55.300 0.0000000000
77148  -51.544  -0.989  57.202 0.0000000000
79283  -52.650  0.239  56.405 0.0000000000
62510  -37.260  -16.817  70.001 0.0000000000
63458  -36.105  -15.993  69.446 0.0000000000
63457  -35.530  -15.458  69.368 0.0000000000
63466  -34.783  -14.737  68.128 0.0000000000
67454  -36.758  -11.262  68.945 0.0000000000
66488  -35.310  -12.449  68.935 0.0000000000
65523  -34.782  -12.918  67.806 0.0000000000
65522  -34.531  -13.611  67.141 0.0000000000
65533  -34.775  -13.123  66.362 0.0000000000
67481  -35.722  -11.715  66.165 0.0000000000
67493  -35.632  -11.853  65.314 0.0000000000
149165  -35.940  -11.330  65.115 0.0000000000
67502  -36.156  -10.979  64.559 0.0000000000
68517  -36.768  -10.450  64.103 0.0000000000
68518  -37.448  -10.129  64.463 0.0000000000
69617  -38.840  -9.566  65.131 0.0000000000
69585  -40.310  -9.144  67.534 0.0000000000
126608  -40.861  -9.198  66.630 0.0000000000
124117  -42.189  -9.115  67.224 0.0000000000
124115  -41.777  -9.265  66.521 0.0000000000
69609  -42.227  -9.491  65.553 0.0000000000
69612  -44.228  -9.098  65.596 0.0000000000
50186  -24.731  -29.525  77.685 0.0000000000
49097  -25.224  -29.685  78.688 0.0000000000
127305  -23.231  -29.261  78.044 0.0000000000
49096  -24.677  -29.473  79.430 0.0000000000
49087  -24.901  -29.619  80.253 0.0000000000
49075  -24.398  -30.064  80.726 0.0000000000
49073  -21.975  -30.447  80.711 0.0000000000
49060  -22.179  -30.702  81.252 0.0000000000
83632  -55.850  5.933  49.179 0.0000000000
144786  -37.807  -17.121  70.458 0.0000000000
56588  -38.920  -21.516  73.838 0.0000000000
127015  -39.744  -21.742  73.511 0.0000000000
57548  -40.526  -21.480  73.216 0.0000000000
146956  -41.156  -20.514  74.665 0.0000000000
58541  -41.015  -20.726  73.949 0.0000000000
58559  -41.076  -20.840  72.891 0.0000000000
58560  -41.239  -20.067  72.576 0.0000000000
59517  -41.001  -19.239  72.284 0.0000000000
62473  -39.638  -17.400  74.047 0.0000000000
145150  -40.122  -18.240  73.230 0.0000000000
61498  -40.083  -18.107  72.582 0.0000000000
60508  -40.564  -18.597  71.972 0.0000000000
61509  -39.938  -17.908  71.744 0.0000000000
61508  -39.354  -17.489  71.337 0.0000000000
142597  -38.597  -16.899  72.150 0.0000000000
62503  -38.759  -17.325  71.020 0.0000000000
64432  -36.578  -15.082  71.946 0.0000000000
65492  -35.631  -13.483  71.648 0.0000000000
65466  -36.693  -12.907  73.906 0.0000000000
67417  -37.773  -11.841  73.972 0.0000000000
66448  -37.034  -12.265  73.585 0.0000000000
145936  -37.065  -12.119  71.881 0.0000000000
60460  -27.751  -17.903  75.926 0.0000000000
139917  -27.843  -17.717  75.025 0.0000000000
59471  -27.751  -18.685  74.860 0.0000000000
138322  -29.959  -16.465  74.862 0.0000000000
60471  -27.854  -17.713  74.195 0.0000000000
59484  -27.612  -18.699  74.041 0.0000000000
59499  -27.677  -18.781  73.194 0.0000000000
58569  -26.993  -20.416  71.667 0.0000000000
60473  -32.557  -18.244  74.050 0.0000000000
60472  -32.081  -17.880  73.736 0.0000000000
135524  -31.050  -17.298  72.794 0.0000000000
126287  -31.700  -17.998  72.193 0.0000000000
61496  -30.843  -17.483  72.047 0.0000000000
61495  -30.171  -16.920  72.463 0.0000000000
61505  -28.701  -17.618  71.267 0.0000000000
59528  -27.649  -18.861  71.418 0.0000000000
51180  -28.336  -28.984  79.171 0.0000000000
50174  -27.957  -29.196  78.688 0.0000000000
49122  -27.050  -30.123  76.939 0.0000000000
54720  -27.794  -24.278  79.449 0.0000000000
53828  -27.526  -26.091  78.676 0.0000000000
52092  -27.548  -27.703  77.636 0.0000000000
138846  -27.262  -27.701  76.917 0.0000000000
129441  -27.638  -28.237  77.213 0.0000000000
50200  -27.475  -29.558  76.752 0.0000000000
129689  -24.462  -29.484  75.105 0.0000000000
79302  -47.736  0.920  53.130 0.0000000000
80225  -48.535  1.412  51.899 0.0000000000
81063  -49.619  2.320  51.622 0.0000000000
81050  -51.911  2.321  53.457 0.0000000000
81057  -50.546  2.571  52.582 0.0000000000
81068  -49.517  2.072  50.971 0.0000000000
81072  -50.251  2.719  50.121 0.0000000000
81905  -50.720  3.215  49.954 0.0000000000
81073  -50.701  2.629  49.482 0.0000000000
82761  -53.443  4.577  49.505 0.0000000000
82755  -53.705  4.527  50.403 0.0000000000
82762  -54.227  4.817  49.752 0.0000000000
82758  -55.902  5.111  50.999 0.0000000000
83622  -56.649  5.427  51.273 0.0000000000
49056  -13.404  -30.931  81.105 0.0000000000
49055  -12.926  -31.053  81.647 0.0000000000
145692  -13.780  -31.672  81.195 0.0000000000
46735  -13.704  -32.136  81.601 0.0000000000
144728  -13.815  -32.924  82.593 0.0000000000
47824  -15.218  -31.551  84.457 0.0000000000
47823  -14.785  -32.295  83.672 0.0000000000
129829  -14.405  -32.923  83.864 0.0000000000
62524  -37.079  -16.985  69.049 0.0000000000
62540  -34.698  -16.159  66.593 0.0000000000
68546  -38.216  -9.569  62.709 0.0000000000
135466  -38.783  -9.238  61.999 0.0000000000
132224  -42.042  -9.281  63.330 0.0000000000
136578  -41.691  -9.243  62.706 0.0000000000
70610  -42.725  -8.869  62.785 0.0000000000
69640  -40.991  -9.340  62.548 0.0000000000
70634  -39.748  -7.901  61.176 0.0000000000
71571  -41.059  -7.353  61.195 0.0000000000
72579  -40.936  -5.735  59.947 0.0000000000
73472  -44.018  -6.073  60.503 0.0000000000
137771  -44.463  -5.527  60.030 0.0000000000
72581  -45.264  -5.441  60.292 0.0000000000
143963  -13.219  -29.437  82.445 0.0000000000
132197  -13.687  -28.561  81.689 0.0000000000
50134  -13.514  -29.372  81.665 0.0000000000
139595  -13.550  -30.199  81.139 0.0000000000
47880  -14.188  -31.034  80.631 0.0000000000
49057  -15.488  -30.851  81.969 0.0000000000
49028  -16.039  -30.113  83.429 0.0000000000
50109  -16.539  -29.555  82.938 0.0000000000
50096  -16.566  -29.456  83.869 0.0000000000
51111  -19.681  -28.526  85.168 0.0000000000
49026  -12.317  -30.408  83.210 0.0000000000
49016  -12.011  -30.052  84.023 0.0000000000
49015  -11.646  -30.624  84.406 0.0000000000
47831  -11.639  -31.688  83.335 0.0000000000
47822  -11.269  -31.229  84.647 0.0000000000
49005  -11.491  -30.561  85.194 0.0000000000
48997  -11.419  -30.543  86.107 0.0000000000
145557  -11.135  -30.804  86.847 0.0000000000
47796  -10.771  -31.390  87.286 0.0000000000
44743  -11.277  -34.874  84.338 0.0000000000
141203  -10.413  -34.042  84.160 0.0000000000
45711  -10.281  -33.390  84.485 0.0000000000
45702  -9.901  -33.259  85.367 0.0000000000
47795  -10.963  -31.478  88.273 0.0000000000
46666  -10.016  -31.705  88.861 0.0000000000
46652  -8.791  -31.652  89.114 0.0000000000
47783  -8.373  -31.608  88.946 0.0000000000
145750  -7.996  -36.838  86.321 0.0000000000
42743  -7.032  -36.227  86.525 0.0000000000
145874  -7.240  -34.432  86.583 0.0000000000
44744  -12.158  -34.853  84.432 0.0000000000
44756  -10.945  -34.221  83.889 0.0000000000
45718  -13.208  -33.858  83.486 0.0000000000
46718  -11.541  -32.627  83.072 0.0000000000
46719  -13.577  -33.273  82.906 0.0000000000
46720  -14.210  -32.892  83.018 0.0000000000
46724  -12.087  -32.609  82.627 0.0000000000
46726  -13.350  -32.807  82.285 0.0000000000
46727  -14.039  -32.571  82.259 0.0000000000
47847  -15.100  -31.541  82.317 0.0000000000
47861  -13.351  -31.593  81.441 0.0000000000
47862  -14.153  -31.579  81.029 0.0000000000
47879  -13.806  -31.297  80.884 0.0000000000
47881  -14.678  -30.957  80.710 0.0000000000
49027  -15.626  -30.764  83.914 0.0000000000
49038  -12.571  -30.767  82.307 0.0000000000
49070  -13.970  -30.646  80.582 0.0000000000
49099  -27.051  -29.547  78.871 0.0000000000
50095  -12.879  -28.818  84.011 0.0000000000
50107  -12.558  -29.582  83.639 0.0000000000
50146  -13.858  -29.735  80.762 0.0000000000
50147  -14.290  -29.956  80.287 0.0000000000
50148  -15.566  -29.717  79.995 0.0000000000
50159  -16.028  -29.146  79.625 0.0000000000
50160  -16.837  -28.921  79.751 0.0000000000
50175  -28.175  -29.133  78.936 0.0000000000
50188  -27.734  -29.355  77.913 0.0000000000
51128  -20.685  -28.257  84.033 0.0000000000
51158  -19.004  -27.856  81.687 0.0000000000
51176  -14.768  -28.939  79.626 0.0000000000
51178  -17.209  -28.343  79.189 0.0000000000
51199  -27.720  -28.790  76.730 0.0000000000
51219  -27.293  -29.329  73.147 0.0000000000
52019  -19.781  -27.557  81.696 0.0000000000
52035  -13.789  -27.877  82.031 0.0000000000
52072  -19.446  -27.209  79.235 0.0000000000
52082  -17.477  -27.571  78.709 0.0000000000
52093  -27.896  -28.348  78.023 0.0000000000
52105  -27.541  -27.994  75.009 0.0000000000
52987  -27.953  -26.469  79.226 0.0000000000
53035  -26.925  -27.232  74.301 0.0000000000
53817  -21.712  -25.817  78.943 0.0000000000
53836  -26.988  -25.738  78.063 0.0000000000
54703  -28.135  -24.699  80.083 0.0000000000
54758  -25.983  -24.818  75.709 0.0000000000
54769  -26.104  -24.759  74.733 0.0000000000
56534  -28.375  -22.638  80.081 0.0000000000
56543  -28.187  -22.258  79.048 0.0000000000
56551  -27.781  -21.938  78.237 0.0000000000
56552  -28.113  -21.576  78.718 0.0000000000
56586  -37.503  -21.872  74.332 0.0000000000
56611  -26.225  -22.362  72.629 0.0000000000
57488  -28.206  -21.338  79.236 0.0000000000
57495  -27.858  -21.158  78.011 0.0000000000
57529  -26.729  -21.489  73.893 0.0000000000
57530  -27.144  -21.144  74.696 0.0000000000
58472  -28.160  -20.663  78.818 0.0000000000
58488  -36.475  -20.194  77.282 0.0000000000
58508  -27.461  -20.923  75.513 0.0000000000
58512  -34.959  -21.042  75.177 0.0000000000
58557  -35.011  -19.938  72.478 0.0000000000
59498  -27.413  -19.578  72.971 0.0000000000
59513  -27.337  -19.596  72.046 0.0000000000
59527  -27.303  -19.687  71.069 0.0000000000
60418  -32.077  -17.687  78.518 0.0000000000
60430  -27.059  -18.738  78.510 0.0000000000
60431  -33.564  -17.880  78.919 0.0000000000
60486  -40.352  -18.375  74.514 0.0000000000
60504  -28.036  -18.073  71.742 0.0000000000
60505  -31.217  -17.987  71.431 0.0000000000
60520  -31.385  -18.226  70.713 0.0000000000
61422  -26.735  -17.192  78.858 0.0000000000
61434  -30.704  -16.969  77.892 0.0000000000
61466  -29.033  -16.507  74.881 0.0000000000
61475  -28.671  -16.971  73.619 0.0000000000
61484  -29.668  -16.694  73.606 0.0000000000
61494  -29.321  -16.944  72.233 0.0000000000
62397  -31.698  -15.877  81.266 0.0000000000
62403  -28.526  -15.816  80.091 0.0000000000
62432  -27.578  -16.616  78.026 0.0000000000
125076  -19.972  -27.458  80.835 0.0000000000
125230  -27.241  -27.177  77.356 0.0000000000
125626  -27.949  -19.664  77.467 0.0000000000
127320  -27.821  -20.552  77.293 0.0000000000
128851  -36.527  -11.071  67.388 0.0000000000
130044  -34.094  -18.162  79.128 0.0000000000
131889  -29.934  -17.109  71.739 0.0000000000
132123  -27.839  -19.505  75.614 0.0000000000
132322  -29.479  -16.803  72.956 0.0000000000
137501  -13.829  -28.991  81.088 0.0000000000
137507  -11.520  -31.268  84.010 0.0000000000
138064  -11.126  -35.812  85.432 0.0000000000
139377  -26.355  -22.050  73.404 0.0000000000
139613  -12.334  -32.140  82.333 0.0000000000
141123  -28.347  -21.986  79.645 0.0000000000
141343  -27.763  -20.326  79.520 0.0000000000
142509  -26.287  -25.115  72.654 0.0000000000
142766  -15.051  -30.003  79.857 0.0000000000
143676  -43.013  -4.623  59.519 0.0000000000
145031  -31.418  -17.693  72.530 0.0000000000
145217  -26.760  -29.904  79.980 0.0000000000
145630  -25.988  -25.601  76.093 0.0000000000
145798  -27.097  -18.101  77.772 0.0000000000
146518  -32.742  -16.561  81.389 0.0000000000
146785  -22.387  -30.754  81.640 0.0000000000
146820  -37.364  -19.315  78.314 0.0000000000
146821  -40.638  -18.856  74.804 0.0000000000
147206  -27.657  -16.822  76.773 0.0000000000
147452  -29.191  -17.192  71.644 0.0000000000
148512  -20.567  -26.958  79.794 0.0000000000
148845  -31.748  -17.719  78.135 0.0000000000
148847  -37.063  -21.898  74.808 0.0000000000
148934  -25.034  -29.501  74.683 0.0000000000
