#!ascii label  , from subject sub-v1s6x0051318_ses-1 vox2ras=TkReg
1780
64579  -43.407  -15.449  63.173 0.0000000000
74390  -55.113  -4.090  55.734 0.0000000000
68588  -48.000  -10.366  57.580 0.0000000000
44687  -18.185  -35.094  87.756 0.0000000000
60536  -43.787  -18.477  69.388 0.0000000000
41935  -37.274  -36.849  79.564 0.0000000000
47934  -39.575  -31.950  76.630 0.0000000000
54708  -38.272  -24.577  78.933 0.0000000000
57510  -43.993  -21.926  77.169 0.0000000000
141757  -27.221  -35.262  79.541 0.0000000000
41899  -32.982  -37.378  82.031 0.0000000000
42833  -31.240  -36.933  77.045 0.0000000000
49135  -31.494  -30.856  75.782 0.0000000000
54735  -33.033  -24.150  77.384 0.0000000000
141119  -45.626  -14.821  71.354 0.0000000000
64484  -49.414  -14.851  68.387 0.0000000000
72616  -51.483  -6.306  56.525 0.0000000000
65635  -45.950  -13.473  59.626 0.0000000000
76272  -53.124  -1.944  50.839 0.0000000000
47741  -14.837  -30.498  91.583 0.0000000000
61479  -46.011  -17.462  74.316 0.0000000000
64496  -40.947  -15.001  67.728 0.0000000000
44849  -34.619  -34.792  73.937 0.0000000000
41976  -40.504  -37.386  75.688 0.0000000000
123774  -49.584  -11.943  63.973 0.0000000000
147221  -60.807  -1.688  47.701 0.0000000000
53846  -37.963  -25.216  76.068 0.0000000000
54765  -40.765  -25.101  75.721 0.0000000000
43804  -29.172  -35.652  78.570 0.0000000000
56585  -32.560  -22.905  74.697 0.0000000000
54762  -35.458  -24.407  75.189 0.0000000000
55648  -35.517  -23.753  78.774 0.0000000000
64498  -44.529  -14.825  67.349 0.0000000000
64465  -47.325  -14.984  69.370 0.0000000000
64526  -45.722  -14.761  65.137 0.0000000000
125509  -53.269  -5.398  56.567 0.0000000000
72590  -53.113  -6.795  58.847 0.0000000000
75303  -56.609  -3.135  55.047 0.0000000000
47799  -17.573  -31.282  87.953 0.0000000000
44670  -15.137  -33.727  89.382 0.0000000000
58561  -44.686  -20.422  72.743 0.0000000000
124905  -45.896  -19.808  75.891 0.0000000000
60497  -45.474  -18.227  72.229 0.0000000000
62494  -43.450  -15.861  71.583 0.0000000000
128399  -42.121  -16.167  69.067 0.0000000000
41911  -35.747  -37.281  81.372 0.0000000000
41885  -36.068  -37.461  83.977 0.0000000000
41914  -38.724  -37.196  82.389 0.0000000000
41925  -39.628  -37.616  80.600 0.0000000000
44875  -31.197  -34.624  71.831 0.0000000000
49186  -30.812  -31.112  71.946 0.0000000000
47950  -36.145  -31.050  75.974 0.0000000000
132898  -37.998  -33.089  72.690 0.0000000000
127294  -41.230  -34.735  74.027 0.0000000000
41967  -42.846  -37.823  76.587 0.0000000000
43708  -23.397  -35.712  84.127 0.0000000000
124268  -27.142  -34.846  85.073 0.0000000000
140122  -28.465  -33.333  87.154 0.0000000000
67551  -46.996  -11.825  59.006 0.0000000000
65602  -48.583  -13.809  61.461 0.0000000000
67541  -48.508  -11.325  60.619 0.0000000000
125532  -62.348  -1.520  46.043 0.0000000000
45639  -19.152  -33.358  90.125 0.0000000000
55586  -39.030  -23.564  82.572 0.0000000000
56521  -42.118  -22.633  81.590 0.0000000000
54728  -41.464  -24.405  78.635 0.0000000000
56589  -42.800  -23.081  75.044 0.0000000000
124970  -27.984  -35.030  81.578 0.0000000000
42768  -31.353  -35.807  83.229 0.0000000000
43779  -30.250  -35.430  80.647 0.0000000000
42798  -32.231  -37.005  79.794 0.0000000000
42809  -34.681  -37.064  78.475 0.0000000000
51229  -32.598  -28.544  72.389 0.0000000000
53864  -32.157  -24.838  74.011 0.0000000000
52101  -33.880  -28.235  76.024 0.0000000000
141913  -33.091  -30.004  78.987 0.0000000000
52967  -35.259  -26.568  79.881 0.0000000000
55596  -35.410  -23.930  82.184 0.0000000000
43774  -24.296  -36.029  80.436 0.0000000000
64393  -46.128  -14.418  75.375 0.0000000000
66422  -48.330  -12.036  77.498 0.0000000000
126838  -48.489  -13.437  73.891 0.0000000000
128730  -50.153  -13.329  72.229 0.0000000000
70678  -49.593  -8.205  56.626 0.0000000000
133423  -49.432  -9.405  60.114 0.0000000000
71602  -51.701  -7.696  59.131 0.0000000000
43603  -8.825  -34.604  94.177 0.0000000000
63566  -44.671  -15.430  60.880 0.0000000000
67583  -44.381  -11.197  57.630 0.0000000000
129536  -47.777  -8.359  55.666 0.0000000000
71658  -49.033  -6.901  55.113 0.0000000000
141665  -50.677  -5.387  54.584 0.0000000000
74416  -52.307  -4.129  53.336 0.0000000000
75340  -54.258  -3.361  52.618 0.0000000000
76259  -51.469  -2.523  51.269 0.0000000000
45622  -16.668  -33.903  91.718 0.0000000000
45602  -13.871  -33.324  93.900 0.0000000000
47723  -10.756  -31.479  94.444 0.0000000000
61416  -46.284  -16.616  81.095 0.0000000000
58466  -44.172  -20.724  79.879 0.0000000000
60433  -45.992  -18.469  78.512 0.0000000000
62451  -46.317  -16.153  76.698 0.0000000000
63415  -44.887  -15.329  73.337 0.0000000000
125174  -43.443  -14.740  69.887 0.0000000000
124130  -41.901  -14.785  65.349 0.0000000000
41870  -34.295  -37.279  84.554 0.0000000000
42873  -32.918  -35.988  74.994 0.0000000000
43820  -35.724  -36.043  76.343 0.0000000000
46868  -33.550  -32.330  72.717 0.0000000000
43848  -37.242  -35.278  74.706 0.0000000000
124862  -38.788  -37.431  77.807 0.0000000000
142078  -41.651  -38.164  78.433 0.0000000000
45704  -16.466  -34.216  85.411 0.0000000000
43704  -19.708  -35.581  84.204 0.0000000000
44702  -21.376  -34.214  87.127 0.0000000000
64561  -47.381  -14.667  63.206 0.0000000000
147054  -49.630  -13.491  66.322 0.0000000000
145252  -51.645  -10.471  68.130 0.0000000000
68528  -49.732  -10.288  63.335 0.0000000000
76248  -56.409  -2.525  52.619 0.0000000000
77199  -57.963  -1.350  52.069 0.0000000000
78281  -59.585  -0.490  50.720 0.0000000000
77229  -58.654  -1.236  48.311 0.0000000000
78298  -62.058  -0.309  49.999 0.0000000000
53868  -37.838  -25.721  74.206 0.0000000000
132578  -39.159  -25.619  74.846 0.0000000000
53879  -38.503  -25.914  73.127 0.0000000000
54782  -35.374  -24.900  73.388 0.0000000000
144029  -36.546  -25.357  74.322 0.0000000000
54763  -36.270  -24.797  75.540 0.0000000000
124064  -43.652  -14.879  65.065 0.0000000000
124133  -45.067  -14.830  65.792 0.0000000000
64558  -44.734  -15.017  63.995 0.0000000000
74369  -53.855  -4.662  55.923 0.0000000000
141800  -54.341  -5.571  57.541 0.0000000000
74361  -55.049  -4.859  56.945 0.0000000000
74372  -56.196  -4.173  56.810 0.0000000000
75302  -55.763  -3.581  55.138 0.0000000000
131111  -15.823  -34.048  87.146 0.0000000000
46668  -16.250  -32.461  88.370 0.0000000000
44685  -15.782  -34.793  88.349 0.0000000000
124252  -44.627  -19.964  71.845 0.0000000000
59518  -45.091  -19.664  72.471 0.0000000000
60523  -44.592  -18.295  70.798 0.0000000000
143962  -43.616  -16.840  70.416 0.0000000000
61531  -43.471  -17.632  69.122 0.0000000000
44736  -30.004  -34.314  84.955 0.0000000000
41922  -36.474  -36.975  80.682 0.0000000000
41912  -36.761  -37.144  81.733 0.0000000000
124167  -38.076  -36.967  81.075 0.0000000000
124040  -39.092  -37.332  81.430 0.0000000000
41924  -38.715  -37.226  80.416 0.0000000000
129555  -38.070  -31.430  76.169 0.0000000000
47971  -38.983  -31.376  74.395 0.0000000000
46837  -40.429  -32.294  74.554 0.0000000000
43853  -42.629  -35.406  74.583 0.0000000000
43725  -27.768  -35.126  83.600 0.0000000000
44735  -28.986  -34.617  85.080 0.0000000000
45707  -29.455  -34.057  85.748 0.0000000000
63365  -47.614  -15.664  80.313 0.0000000000
67571  -47.482  -11.276  58.684 0.0000000000
67540  -47.946  -11.940  60.014 0.0000000000
128247  -48.449  -10.626  59.375 0.0000000000
143786  -38.822  -24.085  80.604 0.0000000000
55619  -40.348  -23.966  80.646 0.0000000000
54710  -40.033  -24.524  79.050 0.0000000000
55671  -41.893  -24.257  75.730 0.0000000000
55703  -42.395  -23.387  73.681 0.0000000000
135404  -43.381  -22.215  73.003 0.0000000000
124157  -27.014  -35.389  80.135 0.0000000000
43760  -29.189  -34.952  80.860 0.0000000000
127025  -28.914  -34.924  80.122 0.0000000000
42818  -30.482  -36.751  77.605 0.0000000000
42805  -30.575  -36.486  78.466 0.0000000000
144405  -31.768  -36.853  78.308 0.0000000000
42799  -33.806  -37.178  78.854 0.0000000000
125437  -32.795  -36.783  77.419 0.0000000000
54779  -31.224  -23.593  72.777 0.0000000000
55667  -32.921  -23.806  76.125 0.0000000000
127769  -32.658  -24.562  75.795 0.0000000000
53011  -33.741  -25.913  76.780 0.0000000000
51195  -33.713  -29.107  77.500 0.0000000000
131430  -34.628  -26.501  77.805 0.0000000000
51190  -35.285  -27.824  79.023 0.0000000000
53830  -33.611  -24.475  78.677 0.0000000000
54707  -37.369  -24.416  78.786 0.0000000000
55614  -34.970  -23.748  80.556 0.0000000000
55616  -37.321  -23.916  80.512 0.0000000000
55584  -36.717  -23.650  82.805 0.0000000000
43775  -25.605  -35.746  79.975 0.0000000000
64412  -46.277  -14.447  73.716 0.0000000000
65469  -47.097  -13.470  75.138 0.0000000000
64425  -47.274  -14.453  72.548 0.0000000000
124145  -47.888  -15.051  68.701 0.0000000000
64439  -48.815  -14.578  70.794 0.0000000000
64454  -49.453  -14.487  70.226 0.0000000000
65501  -50.910  -13.417  70.824 0.0000000000
64485  -50.179  -14.445  68.644 0.0000000000
71627  -50.239  -7.661  56.736 0.0000000000
70651  -50.463  -8.337  58.198 0.0000000000
71614  -51.436  -7.188  57.668 0.0000000000
72583  -54.878  -6.555  60.270 0.0000000000
139774  -48.285  -7.098  54.977 0.0000000000
72656  -47.683  -6.132  54.039 0.0000000000
144901  -49.376  -4.731  53.321 0.0000000000
74428  -50.528  -4.019  52.871 0.0000000000
74402  -51.736  -4.574  53.822 0.0000000000
75337  -51.355  -3.636  52.512 0.0000000000
75338  -52.149  -3.375  52.267 0.0000000000
48968  -15.352  -29.645  90.456 0.0000000000
47753  -13.784  -30.494  91.479 0.0000000000
47756  -20.155  -31.210  91.241 0.0000000000
45637  -17.862  -33.777  91.005 0.0000000000
46633  -18.929  -31.504  92.113 0.0000000000
46616  -15.612  -32.463  93.975 0.0000000000
46606  -14.300  -31.715  95.098 0.0000000000
45600  -12.159  -33.144  94.114 0.0000000000
46605  -12.810  -31.714  95.809 0.0000000000
149705  -11.348  -31.928  96.267 0.0000000000
127823  -43.044  -23.240  79.793 0.0000000000
57475  -42.948  -22.130  81.116 0.0000000000
57489  -43.994  -21.869  78.921 0.0000000000
60475  -46.266  -18.413  74.915 0.0000000000
126144  -46.173  -19.134  76.988 0.0000000000
60451  -46.444  -18.263  76.696 0.0000000000
133899  -46.416  -17.728  77.309 0.0000000000
141514  -46.238  -16.913  75.399 0.0000000000
126795  -45.760  -15.429  74.702 0.0000000000
62474  -45.049  -15.857  73.654 0.0000000000
64460  -41.885  -15.188  69.418 0.0000000000
64448  -42.724  -14.938  70.512 0.0000000000
64480  -41.940  -14.851  68.879 0.0000000000
124140  -42.769  -14.683  67.186 0.0000000000
124050  -41.479  -14.696  66.328 0.0000000000
42779  -32.305  -36.931  82.613 0.0000000000
140420  -32.548  -36.805  83.525 0.0000000000
41883  -34.061  -37.442  83.431 0.0000000000
43872  -33.292  -34.809  72.819 0.0000000000
43860  -32.095  -35.711  73.266 0.0000000000
43844  -33.350  -35.572  74.393 0.0000000000
42855  -34.921  -35.929  76.182 0.0000000000
43832  -35.617  -35.500  75.530 0.0000000000
131947  -31.400  -30.034  74.594 0.0000000000
47988  -30.885  -31.729  73.829 0.0000000000
46814  -31.906  -32.633  74.347 0.0000000000
43850  -39.129  -35.445  73.904 0.0000000000
44852  -37.570  -34.782  73.819 0.0000000000
42874  -38.707  -36.108  74.596 0.0000000000
124821  -37.826  -36.459  76.061 0.0000000000
41964  -39.328  -37.375  76.297 0.0000000000
123615  -40.134  -37.807  77.853 0.0000000000
129936  -41.513  -38.026  77.389 0.0000000000
47838  -35.347  -31.268  82.991 0.0000000000
43706  -21.614  -35.632  84.439 0.0000000000
43695  -22.087  -35.347  85.124 0.0000000000
44728  -20.826  -35.152  85.726 0.0000000000
46676  -29.139  -32.157  88.520 0.0000000000
129222  -45.283  -15.030  60.562 0.0000000000
63536  -45.851  -15.373  61.756 0.0000000000
127871  -47.366  -14.761  61.625 0.0000000000
66544  -49.331  -12.807  63.567 0.0000000000
65554  -49.086  -13.377  64.081 0.0000000000
66522  -49.596  -12.389  65.517 0.0000000000
146310  -50.459  -12.644  67.233 0.0000000000
67474  -50.525  -10.680  66.771 0.0000000000
69664  -50.055  -8.735  60.696 0.0000000000
69654  -49.521  -9.654  61.935 0.0000000000
69642  -49.849  -9.130  62.476 0.0000000000
76245  -53.940  -3.002  51.993 0.0000000000
76236  -55.776  -3.027  53.100 0.0000000000
76262  -54.430  -2.372  51.488 0.0000000000
77209  -56.213  -1.183  50.661 0.0000000000
77210  -57.037  -1.012  50.817 0.0000000000
78271  -59.291  -0.580  51.394 0.0000000000
78294  -57.718  -0.938  50.308 0.0000000000
124531  -58.736  -1.185  46.948 0.0000000000
77240  -58.214  -1.083  47.648 0.0000000000
77241  -59.240  -1.392  47.664 0.0000000000
77224  -60.077  -1.064  49.327 0.0000000000
77231  -60.485  -1.398  48.519 0.0000000000
78325  -62.613  -0.798  48.431 0.0000000000
77258  -64.066  -0.781  46.442 0.0000000000
54738  -38.458  -24.875  77.501 0.0000000000
54739  -39.316  -24.935  77.563 0.0000000000
53847  -39.249  -25.413  76.218 0.0000000000
53870  -40.316  -25.353  74.450 0.0000000000
141154  -28.254  -35.377  78.449 0.0000000000
55701  -33.931  -23.662  73.485 0.0000000000
55682  -33.884  -23.383  75.356 0.0000000000
55669  -34.256  -23.470  76.539 0.0000000000
55659  -34.153  -23.650  77.874 0.0000000000
142204  -35.655  -24.107  77.034 0.0000000000
131809  -36.952  -24.670  77.191 0.0000000000
64463  -45.299  -14.931  69.224 0.0000000000
125135  -46.696  -14.923  70.188 0.0000000000
124142  -45.938  -14.943  67.832 0.0000000000
124141  -46.807  -14.963  67.717 0.0000000000
124131  -47.144  -14.845  65.949 0.0000000000
73520  -51.878  -5.823  56.215 0.0000000000
72605  -52.373  -6.411  57.540 0.0000000000
73508  -52.956  -5.837  57.155 0.0000000000
124923  -54.645  -6.346  59.205 0.0000000000
76230  -58.258  -2.338  55.032 0.0000000000
47769  -16.369  -30.762  90.142 0.0000000000
46646  -15.064  -31.924  90.783 0.0000000000
131491  -44.472  -21.242  74.884 0.0000000000
57511  -44.577  -21.379  76.658 0.0000000000
145303  -45.320  -20.239  74.171 0.0000000000
59504  -45.755  -19.125  73.502 0.0000000000
61500  -45.296  -17.415  72.746 0.0000000000
124729  -44.608  -16.525  72.542 0.0000000000
62495  -44.100  -16.564  71.842 0.0000000000
62513  -42.293  -15.971  69.949 0.0000000000
62526  -41.692  -15.552  68.773 0.0000000000
41910  -34.703  -37.525  81.692 0.0000000000
41901  -34.771  -37.504  82.784 0.0000000000
124170  -36.151  -37.367  82.287 0.0000000000
41887  -37.673  -37.331  83.852 0.0000000000
41916  -40.730  -37.904  82.215 0.0000000000
46882  -30.979  -32.840  71.401 0.0000000000
45825  -32.367  -33.320  71.963 0.0000000000
126707  -34.067  -31.892  75.774 0.0000000000
49167  -35.133  -30.999  73.698 0.0000000000
49170  -37.579  -30.966  73.666 0.0000000000
44868  -39.905  -33.724  73.316 0.0000000000
42876  -41.254  -36.376  74.713 0.0000000000
41977  -41.336  -37.427  75.730 0.0000000000
42861  -42.591  -36.793  75.304 0.0000000000
125162  -24.039  -36.151  81.998 0.0000000000
43722  -24.802  -35.793  83.534 0.0000000000
44732  -25.752  -34.678  85.593 0.0000000000
45695  -26.361  -33.767  86.850 0.0000000000
44719  -27.807  -33.854  86.512 0.0000000000
66600  -46.108  -12.705  59.217 0.0000000000
64602  -47.873  -14.205  61.008 0.0000000000
66585  -47.687  -12.771  60.078 0.0000000000
66574  -48.851  -12.743  61.321 0.0000000000
66560  -49.375  -11.940  62.455 0.0000000000
77217  -52.611  -0.833  49.718 0.0000000000
77207  -54.515  -1.424  50.536 0.0000000000
78290  -53.079  -0.563  49.178 0.0000000000
77254  -60.023  -1.501  46.398 0.0000000000
77255  -61.167  -1.698  46.667 0.0000000000
77268  -60.617  -1.546  45.706 0.0000000000
125752  -61.176  -1.547  44.780 0.0000000000
45659  -20.457  -33.698  88.523 0.0000000000
44674  -18.536  -34.583  89.038 0.0000000000
124221  -40.486  -22.228  84.562 0.0000000000
56512  -40.396  -23.251  82.382 0.0000000000
55621  -42.259  -23.705  80.050 0.0000000000
55651  -42.811  -23.621  78.416 0.0000000000
139147  -41.257  -24.732  77.056 0.0000000000
55662  -42.507  -23.982  77.000 0.0000000000
56574  -43.225  -22.612  75.760 0.0000000000
126157  -43.896  -21.559  73.791 0.0000000000
132347  -44.117  -20.803  72.183 0.0000000000
140674  -28.463  -34.938  82.832 0.0000000000
44762  -30.307  -34.990  83.586 0.0000000000
43742  -30.031  -34.975  81.928 0.0000000000
43763  -30.914  -35.739  81.810 0.0000000000
42788  -31.458  -36.390  81.350 0.0000000000
43795  -30.113  -35.500  79.845 0.0000000000
42793  -31.435  -36.474  80.457 0.0000000000
41908  -32.920  -37.361  81.124 0.0000000000
41920  -33.741  -37.449  80.606 0.0000000000
144441  -35.330  -37.194  79.588 0.0000000000
42802  -35.829  -37.005  78.888 0.0000000000
124366  -32.707  -26.753  72.816 0.0000000000
51222  -33.131  -28.306  73.833 0.0000000000
54770  -32.169  -24.279  74.446 0.0000000000
53036  -33.052  -25.957  74.565 0.0000000000
50213  -32.485  -29.606  75.815 0.0000000000
50201  -31.994  -30.429  77.155 0.0000000000
46778  -33.330  -32.127  78.135 0.0000000000
47907  -35.937  -31.978  78.377 0.0000000000
47909  -38.298  -32.007  78.475 0.0000000000
46746  -34.307  -31.681  80.362 0.0000000000
50139  -34.595  -30.063  81.495 0.0000000000
130415  -35.432  -28.175  82.503 0.0000000000
55633  -34.045  -23.928  79.422 0.0000000000
139986  -34.804  -24.711  81.362 0.0000000000
133070  -35.431  -26.692  83.531 0.0000000000
53763  -35.740  -25.170  84.788 0.0000000000
43756  -24.574  -36.164  81.242 0.0000000000
64384  -46.555  -13.315  77.208 0.0000000000
124487  -46.776  -12.765  76.879 0.0000000000
66432  -48.443  -11.769  76.558 0.0000000000
65470  -49.220  -12.706  74.585 0.0000000000
138343  -48.124  -14.292  72.298 0.0000000000
65486  -49.451  -13.614  72.601 0.0000000000
69689  -48.836  -9.351  57.222 0.0000000000
68572  -48.793  -10.064  58.830 0.0000000000
69679  -49.829  -9.024  58.536 0.0000000000
70644  -50.582  -8.368  59.878 0.0000000000
70635  -50.833  -8.061  60.905 0.0000000000
71603  -52.446  -7.296  59.057 0.0000000000
71595  -52.183  -7.495  60.205 0.0000000000
63552  -42.631  -15.855  61.583 0.0000000000
63534  -43.961  -15.750  62.391 0.0000000000
64614  -42.674  -15.063  60.117 0.0000000000
140059  -44.025  -14.444  59.781 0.0000000000
66598  -44.598  -13.340  59.101 0.0000000000
66614  -44.772  -12.624  58.692 0.0000000000
67570  -45.833  -11.736  58.068 0.0000000000
67585  -46.142  -11.096  57.561 0.0000000000
136657  -47.285  -10.522  57.258 0.0000000000
69706  -48.225  -9.417  56.699 0.0000000000
70677  -48.808  -8.703  56.519 0.0000000000
71641  -49.455  -7.332  55.675 0.0000000000
72629  -50.453  -6.328  55.617 0.0000000000
141138  -48.393  -5.763  53.958 0.0000000000
73551  -49.976  -5.654  54.507 0.0000000000
72630  -51.221  -5.915  55.778 0.0000000000
125510  -51.964  -5.469  55.555 0.0000000000
74387  -52.843  -4.695  54.738 0.0000000000
141026  -54.074  -4.072  54.664 0.0000000000
75314  -54.657  -3.733  54.082 0.0000000000
75324  -53.702  -3.723  53.061 0.0000000000
75339  -53.009  -3.057  52.009 0.0000000000
76260  -52.261  -2.275  51.037 0.0000000000
77204  -52.045  -1.305  50.155 0.0000000000
143181  -16.711  -34.864  89.617 0.0000000000
44657  -15.461  -34.513  90.259 0.0000000000
44645  -14.382  -34.142  91.100 0.0000000000
46625  -17.783  -31.878  92.984 0.0000000000
45613  -15.275  -33.865  92.547 0.0000000000
45620  -13.445  -33.295  92.130 0.0000000000
47738  -13.137  -30.795  92.567 0.0000000000
47730  -11.840  -30.997  93.322 0.0000000000
45609  -10.305  -32.589  92.736 0.0000000000
46592  -9.526  -32.313  94.809 0.0000000000
62426  -46.503  -15.717  79.736 0.0000000000
58444  -44.121  -19.496  82.112 0.0000000000
132745  -45.031  -20.691  77.838 0.0000000000
59445  -44.995  -19.646  79.362 0.0000000000
124957  -45.937  -17.702  79.297 0.0000000000
62438  -46.336  -16.302  78.605 0.0000000000
63386  -46.576  -14.666  78.012 0.0000000000
63396  -46.180  -15.000  76.343 0.0000000000
64401  -45.604  -14.932  74.324 0.0000000000
64435  -44.837  -14.784  71.883 0.0000000000
63426  -43.912  -15.701  72.227 0.0000000000
64433  -43.480  -14.951  71.543 0.0000000000
125137  -44.536  -14.789  70.025 0.0000000000
124144  -43.367  -14.760  67.913 0.0000000000
124134  -43.399  -14.730  66.196 0.0000000000
125060  -42.669  -14.971  64.597 0.0000000000
61550  -42.340  -17.599  67.925 0.0000000000
61549  -41.711  -17.314  67.295 0.0000000000
63477  -40.520  -15.781  67.006 0.0000000000
64511  -40.506  -15.118  67.017 0.0000000000
124276  -40.301  -14.938  65.504 0.0000000000
64556  -41.295  -15.329  63.947 0.0000000000
64577  -41.742  -15.466  63.115 0.0000000000
63532  -42.159  -15.815  62.355 0.0000000000
41884  -35.141  -37.429  84.017 0.0000000000
42850  -30.821  -36.801  75.194 0.0000000000
148700  -31.577  -36.458  74.094 0.0000000000
42834  -32.804  -36.595  76.484 0.0000000000
144857  -34.272  -36.460  76.910 0.0000000000
42821  -35.023  -36.618  77.665 0.0000000000
42811  -36.528  -36.699  78.410 0.0000000000
130384  -31.449  -29.929  72.171 0.0000000000
46849  -31.118  -32.319  73.112 0.0000000000
44878  -34.847  -33.733  72.846 0.0000000000
46871  -36.362  -32.389  72.659 0.0000000000
45813  -36.330  -33.539  73.003 0.0000000000
44850  -35.560  -34.608  74.061 0.0000000000
42856  -37.153  -35.929  76.058 0.0000000000
42824  -37.441  -36.706  77.510 0.0000000000
124165  -37.942  -36.955  79.024 0.0000000000
41937  -39.450  -37.659  79.384 0.0000000000
41938  -40.584  -37.902  80.039 0.0000000000
46701  -16.952  -32.454  86.874 0.0000000000
43678  -16.577  -35.164  86.469 0.0000000000
43717  -19.525  -35.635  83.186 0.0000000000
43715  -17.811  -35.346  83.872 0.0000000000
43702  -17.685  -35.415  84.694 0.0000000000
43680  -18.247  -35.398  86.229 0.0000000000
44700  -19.620  -34.707  87.385 0.0000000000
45671  -21.744  -33.769  87.578 0.0000000000
46692  -27.401  -32.657  87.982 0.0000000000
64580  -45.116  -15.336  63.196 0.0000000000
64542  -46.350  -14.800  64.526 0.0000000000
124563  -47.912  -14.754  65.857 0.0000000000
64562  -48.159  -14.254  63.330 0.0000000000
64544  -48.121  -14.190  64.288 0.0000000000
145286  -48.955  -14.616  66.608 0.0000000000
65525  -50.377  -13.581  67.444 0.0000000000
69663  -48.981  -9.912  60.603 0.0000000000
67522  -49.305  -11.003  62.222 0.0000000000
127324  -49.714  -11.053  63.769 0.0000000000
75327  -55.839  -3.262  53.740 0.0000000000
76237  -56.529  -2.852  53.544 0.0000000000
76238  -57.362  -2.516  53.774 0.0000000000
77196  -55.749  -1.550  51.114 0.0000000000
77186  -57.072  -1.804  52.102 0.0000000000
77188  -58.396  -1.440  52.839 0.0000000000
77189  -59.484  -0.974  53.165 0.0000000000
124049  -60.056  -0.491  52.253 0.0000000000
77222  -57.451  -1.054  49.378 0.0000000000
77223  -59.243  -0.976  49.446 0.0000000000
78282  -60.762  -0.175  50.627 0.0000000000
77243  -63.130  -0.833  47.219 0.0000000000
53866  -36.148  -25.306  73.802 0.0000000000
53867  -36.920  -25.634  73.939 0.0000000000
124377  -43.702  -15.083  64.035 0.0000000000
146523  -44.197  -14.980  64.505 0.0000000000
74389  -54.313  -4.310  55.465 0.0000000000
74370  -54.551  -4.629  56.302 0.0000000000
74371  -55.426  -4.421  56.504 0.0000000000
74362  -55.761  -4.782  57.245 0.0000000000
75284  -55.905  -3.876  56.032 0.0000000000
43663  -16.293  -35.079  87.101 0.0000000000
44698  -15.899  -34.669  87.517 0.0000000000
148691  -16.890  -35.331  88.217 0.0000000000
59542  -44.367  -19.002  70.480 0.0000000000
59533  -44.655  -19.230  71.172 0.0000000000
60522  -44.231  -18.337  70.103 0.0000000000
61519  -43.869  -17.562  69.841 0.0000000000
44737  -30.716  -34.433  85.024 0.0000000000
139908  -30.259  -34.712  84.220 0.0000000000
136746  -36.707  -36.919  79.948 0.0000000000
124168  -37.240  -36.906  81.136 0.0000000000
41923  -37.269  -36.903  80.388 0.0000000000
124166  -37.956  -37.023  79.990 0.0000000000
141599  -38.868  -31.682  76.066 0.0000000000
47953  -39.529  -31.619  75.422 0.0000000000
141593  -40.254  -31.938  75.207 0.0000000000
46816  -40.993  -32.385  75.629 0.0000000000
68571  -48.143  -10.651  58.465 0.0000000000
142861  -47.953  -11.065  59.162 0.0000000000
55636  -38.734  -24.369  79.747 0.0000000000
149573  -39.566  -24.411  79.558 0.0000000000
54709  -39.168  -24.622  78.986 0.0000000000
55702  -41.935  -23.865  73.236 0.0000000000
55693  -41.901  -23.960  74.050 0.0000000000
43777  -27.933  -35.070  80.005 0.0000000000
42832  -30.267  -36.770  76.675 0.0000000000
135514  -31.187  -36.920  77.990 0.0000000000
42819  -31.907  -36.848  77.675 0.0000000000
42807  -32.424  -36.921  78.231 0.0000000000
124800  -32.124  -36.769  76.985 0.0000000000
55657  -32.919  -23.790  76.978 0.0000000000
53844  -32.832  -24.730  76.409 0.0000000000
53838  -33.246  -25.278  77.212 0.0000000000
53003  -34.479  -26.590  76.986 0.0000000000
53839  -33.898  -25.748  77.594 0.0000000000
149679  -34.271  -25.921  78.105 0.0000000000
53831  -33.874  -25.330  78.391 0.0000000000
149566  -36.860  -24.107  79.300 0.0000000000
55635  -37.633  -24.248  79.642 0.0000000000
55617  -38.120  -24.134  80.304 0.0000000000
124158  -26.345  -35.412  79.628 0.0000000000
139113  -45.864  -14.730  72.023 0.0000000000
64424  -46.278  -14.628  72.863 0.0000000000
133703  -46.716  -14.658  72.033 0.0000000000
64483  -48.430  -15.045  67.945 0.0000000000
64467  -49.226  -14.807  69.355 0.0000000000
148834  -49.740  -14.677  68.974 0.0000000000
64468  -50.109  -14.415  69.531 0.0000000000
71628  -50.972  -6.984  56.856 0.0000000000
71613  -50.746  -7.686  57.506 0.0000000000
142804  -54.479  -6.962  61.994 0.0000000000
72646  -47.155  -6.693  54.450 0.0000000000
75336  -50.487  -3.367  52.091 0.0000000000
48953  -14.891  -30.764  91.420 0.0000000000
48966  -14.200  -30.363  90.929 0.0000000000
47766  -13.748  -30.964  90.488 0.0000000000
48941  -14.418  -30.501  91.768 0.0000000000
46634  -19.326  -31.922  91.354 0.0000000000
47743  -19.846  -30.502  92.227 0.0000000000
129552  -13.603  -31.430  95.808 0.0000000000
47708  -13.135  -31.663  96.447 0.0000000000
56545  -43.638  -22.543  78.540 0.0000000000
56537  -43.549  -22.549  79.397 0.0000000000
57500  -44.012  -21.874  78.044 0.0000000000
130535  -46.336  -18.978  75.982 0.0000000000
61471  -46.206  -17.432  75.017 0.0000000000
136473  -46.411  -17.779  75.796 0.0000000000
128386  -45.921  -16.501  74.722 0.0000000000
62475  -45.522  -16.552  73.945 0.0000000000
64479  -41.596  -15.102  68.875 0.0000000000
123962  -41.442  -14.922  68.331 0.0000000000
64513  -41.565  -14.690  67.424 0.0000000000
64512  -40.831  -14.858  67.083 0.0000000000
41882  -33.138  -37.349  82.990 0.0000000000
43862  -33.736  -35.028  73.731 0.0000000000
43845  -34.200  -35.327  74.562 0.0000000000
43846  -35.090  -35.146  74.735 0.0000000000
49148  -30.997  -30.622  75.165 0.0000000000
49147  -30.775  -31.000  74.499 0.0000000000
141307  -31.514  -32.405  75.294 0.0000000000
42875  -39.765  -36.135  74.411 0.0000000000
126419  -39.219  -36.644  74.920 0.0000000000
42840  -39.233  -37.039  75.537 0.0000000000
41975  -39.836  -37.329  75.724 0.0000000000
41965  -40.116  -37.602  76.376 0.0000000000
41966  -40.960  -37.722  76.420 0.0000000000
49034  -35.505  -30.946  83.621 0.0000000000
45693  -24.513  -34.093  86.754 0.0000000000
65614  -45.663  -14.242  60.090 0.0000000000
64617  -46.175  -14.751  60.628 0.0000000000
64618  -47.043  -14.522  60.744 0.0000000000
146789  -49.413  -12.719  64.280 0.0000000000
127402  -49.558  -12.075  64.819 0.0000000000
67484  -49.856  -11.822  66.002 0.0000000000
67496  -49.801  -11.341  65.425 0.0000000000
70625  -50.439  -8.197  61.808 0.0000000000
69655  -49.815  -9.027  61.654 0.0000000000
76261  -53.565  -2.494  51.411 0.0000000000
76273  -54.056  -1.869  50.917 0.0000000000
123625  -56.755  -1.031  50.129 0.0000000000
146174  -59.453  -1.397  46.905 0.0000000000
126291  -60.020  -1.567  47.946 0.0000000000
77232  -61.628  -1.198  48.328 0.0000000000
130580  -38.157  -25.044  76.800 0.0000000000
54750  -38.910  -25.174  76.892 0.0000000000
145895  -38.577  -25.295  76.325 0.0000000000
53869  -39.679  -25.588  74.182 0.0000000000
145802  -39.801  -25.544  74.853 0.0000000000
53881  -40.273  -25.382  73.573 0.0000000000
54790  -34.140  -24.075  72.601 0.0000000000
54773  -35.462  -24.625  74.280 0.0000000000
54781  -34.725  -24.180  73.903 0.0000000000
54772  -34.717  -23.971  74.810 0.0000000000
142380  -33.763  -23.377  76.068 0.0000000000
54761  -34.614  -23.737  75.693 0.0000000000
54747  -35.388  -24.131  76.224 0.0000000000
54764  -37.155  -25.074  75.815 0.0000000000
54748  -36.452  -24.618  76.543 0.0000000000
54749  -37.396  -24.914  76.627 0.0000000000
54737  -37.649  -24.780  77.370 0.0000000000
124148  -45.002  -14.915  68.607 0.0000000000
124147  -45.715  -14.961  68.517 0.0000000000
124143  -45.171  -14.909  67.978 0.0000000000
124137  -46.075  -14.910  67.068 0.0000000000
124132  -46.117  -14.858  66.077 0.0000000000
124136  -46.928  -14.883  66.785 0.0000000000
137331  -52.592  -5.514  56.253 0.0000000000
72592  -55.351  -6.028  59.125 0.0000000000
144860  -55.497  -6.295  59.853 0.0000000000
76222  -57.933  -2.684  55.651 0.0000000000
76221  -57.398  -2.802  55.022 0.0000000000
46667  -15.534  -33.185  88.886 0.0000000000
46656  -15.994  -32.001  89.480 0.0000000000
47768  -15.621  -31.352  90.437 0.0000000000
46655  -15.273  -32.647  89.819 0.0000000000
57536  -44.364  -21.103  74.089 0.0000000000
58525  -44.979  -20.632  74.465 0.0000000000
58543  -44.938  -20.435  73.676 0.0000000000
59519  -45.502  -19.052  72.706 0.0000000000
60498  -45.642  -18.292  73.107 0.0000000000
61499  -45.013  -17.379  71.929 0.0000000000
62514  -43.245  -16.759  69.829 0.0000000000
124589  -35.393  -37.488  82.207 0.0000000000
41913  -37.709  -37.139  81.976 0.0000000000
41902  -37.284  -37.259  82.681 0.0000000000
140872  -38.203  -37.202  83.075 0.0000000000
146155  -39.984  -37.623  81.725 0.0000000000
46865  -30.813  -32.175  71.603 0.0000000000
136802  -31.629  -33.080  71.707 0.0000000000
46866  -31.299  -32.201  72.054 0.0000000000
47949  -35.114  -31.257  75.926 0.0000000000
49136  -34.894  -31.127  75.065 0.0000000000
49137  -35.788  -30.822  75.098 0.0000000000
45805  -40.484  -32.954  73.808 0.0000000000
47994  -39.160  -31.850  73.633 0.0000000000
136806  -40.618  -34.046  73.628 0.0000000000
43851  -40.194  -35.163  73.827 0.0000000000
138902  -40.755  -35.765  74.323 0.0000000000
43852  -41.678  -35.574  74.434 0.0000000000
143167  -42.988  -36.101  74.915 0.0000000000
43737  -24.452  -36.076  82.798 0.0000000000
43738  -25.306  -35.855  82.875 0.0000000000
44733  -26.595  -34.575  85.685 0.0000000000
44718  -26.882  -34.097  86.314 0.0000000000
44734  -27.464  -34.433  85.768 0.0000000000
45697  -29.924  -33.516  86.477 0.0000000000
144204  -46.707  -12.389  59.258 0.0000000000
66584  -46.830  -13.076  59.707 0.0000000000
66601  -47.325  -12.307  59.537 0.0000000000
66586  -48.356  -12.260  60.553 0.0000000000
67531  -48.688  -11.774  61.095 0.0000000000
66575  -49.144  -11.867  61.704 0.0000000000
77218  -53.482  -0.937  49.830 0.0000000000
77253  -59.153  -1.168  46.253 0.0000000000
77267  -59.680  -1.241  45.573 0.0000000000
47758  -21.551  -30.372  90.918 0.0000000000
55575  -38.812  -23.245  83.550 0.0000000000
56502  -39.471  -22.700  84.108 0.0000000000
55587  -39.759  -23.556  82.263 0.0000000000
145493  -41.091  -24.234  79.676 0.0000000000
55620  -41.272  -23.986  80.235 0.0000000000
54712  -41.708  -24.137  79.396 0.0000000000
55639  -42.589  -23.749  79.228 0.0000000000
55650  -42.202  -24.123  78.638 0.0000000000
54752  -40.588  -25.068  76.592 0.0000000000
54740  -40.346  -24.875  77.549 0.0000000000
54753  -41.332  -24.749  76.170 0.0000000000
55684  -42.366  -23.716  75.334 0.0000000000
55672  -42.377  -23.838  76.137 0.0000000000
56573  -42.702  -23.299  75.743 0.0000000000
56563  -42.862  -23.283  76.482 0.0000000000
129025  -43.851  -21.859  75.297 0.0000000000
56590  -43.345  -22.414  74.753 0.0000000000
57572  -43.783  -21.487  72.655 0.0000000000
44768  -29.368  -34.873  82.565 0.0000000000
43741  -28.598  -34.938  82.073 0.0000000000
43761  -29.862  -35.133  81.131 0.0000000000
43762  -30.384  -35.370  81.462 0.0000000000
43780  -30.828  -35.869  80.995 0.0000000000
125269  -28.705  -35.426  78.846 0.0000000000
42797  -31.391  -36.520  79.571 0.0000000000
42794  -32.138  -37.003  80.784 0.0000000000
41919  -32.972  -37.307  80.262 0.0000000000
42800  -34.591  -37.252  79.294 0.0000000000
42801  -35.153  -37.156  78.905 0.0000000000
53874  -31.810  -24.635  73.344 0.0000000000
141782  -31.757  -25.165  72.688 0.0000000000
53875  -32.278  -25.536  73.314 0.0000000000
53048  -32.885  -26.263  73.799 0.0000000000
56597  -32.500  -22.863  74.061 0.0000000000
56596  -31.980  -22.882  73.842 0.0000000000
56584  -32.122  -23.015  74.466 0.0000000000
53024  -33.182  -25.787  75.234 0.0000000000
53853  -32.566  -25.194  75.105 0.0000000000
133316  -33.672  -26.691  74.945 0.0000000000
148547  -33.577  -28.263  74.842 0.0000000000
138952  -33.190  -29.164  76.100 0.0000000000
50202  -32.467  -29.730  76.645 0.0000000000
50177  -33.223  -29.795  78.270 0.0000000000
50176  -32.586  -30.482  77.907 0.0000000000
47897  -32.847  -31.286  78.827 0.0000000000
46766  -34.022  -32.118  78.491 0.0000000000
47898  -33.274  -31.581  79.215 0.0000000000
46754  -34.087  -31.959  79.846 0.0000000000
50164  -33.354  -30.218  79.487 0.0000000000
143373  -35.388  -27.299  79.620 0.0000000000
51171  -34.900  -29.017  80.364 0.0000000000
51172  -35.359  -28.188  80.769 0.0000000000
50140  -34.970  -29.672  82.271 0.0000000000
52063  -35.558  -27.312  81.149 0.0000000000
55660  -35.277  -23.748  77.881 0.0000000000
55646  -33.705  -23.919  78.514 0.0000000000
55647  -34.437  -23.645  78.758 0.0000000000
137709  -35.037  -23.853  81.340 0.0000000000
55613  -34.624  -23.977  80.722 0.0000000000
53796  -35.093  -24.480  81.950 0.0000000000
52912  -35.278  -25.765  82.377 0.0000000000
125683  -35.326  -24.878  83.097 0.0000000000
52882  -35.467  -25.926  84.186 0.0000000000
54656  -35.558  -24.357  83.285 0.0000000000
55585  -37.946  -23.613  82.951 0.0000000000
55572  -36.573  -23.725  84.360 0.0000000000
55562  -37.754  -23.261  84.594 0.0000000000
140652  -27.263  -35.385  81.798 0.0000000000
142651  -46.399  -13.640  76.415 0.0000000000
65461  -46.554  -13.459  75.916 0.0000000000
125578  -47.567  -13.700  74.156 0.0000000000
65463  -48.202  -12.812  75.183 0.0000000000
66439  -49.226  -11.820  75.827 0.0000000000
146463  -47.300  -14.836  70.800 0.0000000000
64452  -47.661  -14.897  70.163 0.0000000000
64440  -49.571  -14.218  71.049 0.0000000000
145478  -49.065  -14.302  71.469 0.0000000000
65493  -49.559  -13.881  71.803 0.0000000000
65479  -50.069  -13.072  73.138 0.0000000000
65487  -50.811  -12.747  72.790 0.0000000000
66463  -51.683  -12.601  71.577 0.0000000000
70661  -49.420  -8.758  57.200 0.0000000000
69678  -49.336  -9.272  57.811 0.0000000000
70650  -49.833  -8.737  57.787 0.0000000000
70652  -51.009  -8.179  59.064 0.0000000000
127972  -50.442  -8.651  59.021 0.0000000000
70645  -51.272  -7.880  60.009 0.0000000000
72606  -53.044  -6.326  58.018 0.0000000000
128814  -52.455  -6.814  58.258 0.0000000000
71588  -53.044  -7.240  61.096 0.0000000000
44634  -8.614  -34.073  93.623 0.0000000000
44636  -8.372  -34.518  93.205 0.0000000000
132990  -8.282  -35.057  93.301 0.0000000000
65633  -43.733  -13.680  59.225 0.0000000000
142997  -44.471  -13.947  59.484 0.0000000000
139571  -44.207  -12.311  58.356 0.0000000000
67569  -44.858  -11.890  58.129 0.0000000000
66615  -45.556  -12.343  58.662 0.0000000000
126673  -46.536  -10.569  57.098 0.0000000000
68602  -46.305  -10.116  56.666 0.0000000000
69705  -47.483  -9.509  56.343 0.0000000000
70676  -48.016  -8.906  56.066 0.0000000000
70688  -48.431  -8.229  55.803 0.0000000000
126444  -48.739  -7.573  55.451 0.0000000000
71642  -50.216  -7.016  56.093 0.0000000000
72628  -49.770  -6.673  55.382 0.0000000000
73564  -50.372  -5.022  54.061 0.0000000000
73563  -49.601  -5.141  53.845 0.0000000000
73534  -50.615  -5.820  55.089 0.0000000000
144423  -51.282  -5.444  54.987 0.0000000000
74403  -52.572  -4.468  54.051 0.0000000000
74404  -53.342  -4.313  54.338 0.0000000000
75313  -53.891  -3.910  53.829 0.0000000000
74417  -53.122  -4.075  53.527 0.0000000000
75351  -52.191  -2.837  51.629 0.0000000000
137075  -52.835  -2.546  51.365 0.0000000000
131907  -12.901  -32.190  89.838 0.0000000000
45648  -19.309  -33.893  89.308 0.0000000000
44673  -17.598  -34.817  89.368 0.0000000000
44660  -18.462  -34.148  89.804 0.0000000000
45623  -17.612  -33.434  91.639 0.0000000000
44648  -17.039  -34.200  91.013 0.0000000000
44647  -15.998  -34.473  91.000 0.0000000000
44646  -15.091  -34.410  91.044 0.0000000000
44640  -15.609  -34.224  91.737 0.0000000000
46626  -18.591  -31.111  92.863 0.0000000000
46615  -14.810  -32.653  94.188 0.0000000000
45604  -15.981  -33.103  93.243 0.0000000000
45603  -14.976  -33.382  93.417 0.0000000000
44638  -13.791  -33.961  92.157 0.0000000000
45611  -13.236  -33.641  92.914 0.0000000000
46630  -13.348  -31.346  92.504 0.0000000000
45610  -12.615  -33.180  93.457 0.0000000000
46613  -11.269  -31.811  94.725 0.0000000000
47725  -12.053  -31.108  93.387 0.0000000000
47729  -11.063  -31.150  93.847 0.0000000000
46628  -11.202  -31.996  92.443 0.0000000000
46612  -10.170  -31.765  94.084 0.0000000000
46611  -9.562  -32.556  93.555 0.0000000000
46602  -9.942  -31.815  94.803 0.0000000000
45582  -12.150  -32.731  96.581 0.0000000000
141024  -46.443  -16.960  81.426 0.0000000000
62408  -46.828  -16.265  80.956 0.0000000000
149265  -46.322  -16.307  80.346 0.0000000000
132126  -41.237  -22.716  82.378 0.0000000000
56504  -41.331  -21.898  83.565 0.0000000000
56513  -42.184  -22.123  82.912 0.0000000000
57476  -43.455  -21.691  80.672 0.0000000000
57470  -43.494  -21.201  81.714 0.0000000000
58453  -43.855  -20.975  80.719 0.0000000000
137499  -43.880  -20.362  81.573 0.0000000000
58454  -44.282  -19.995  80.856 0.0000000000
58504  -45.060  -20.783  76.177 0.0000000000
58493  -45.165  -20.818  77.000 0.0000000000
58505  -45.564  -20.261  76.460 0.0000000000
59456  -45.849  -19.235  77.918 0.0000000000
58480  -45.288  -20.026  78.395 0.0000000000
59446  -45.636  -19.173  78.882 0.0000000000
59434  -44.765  -19.272  80.406 0.0000000000
59435  -45.232  -18.762  79.820 0.0000000000
60424  -45.539  -17.855  80.206 0.0000000000
140338  -45.706  -18.442  79.288 0.0000000000
61444  -46.409  -16.863  77.525 0.0000000000
62437  -46.403  -15.749  77.810 0.0000000000
63385  -46.273  -15.181  77.189 0.0000000000
62466  -45.427  -15.317  74.019 0.0000000000
139335  -45.740  -14.966  74.738 0.0000000000
63416  -45.199  -15.123  73.650 0.0000000000
64411  -45.527  -14.797  73.584 0.0000000000
64410  -44.795  -14.995  73.125 0.0000000000
63438  -43.192  -15.206  71.481 0.0000000000
144840  -42.959  -14.907  71.172 0.0000000000
64449  -43.560  -14.719  70.938 0.0000000000
64462  -44.356  -14.801  69.141 0.0000000000
124149  -43.373  -14.621  68.936 0.0000000000
124135  -42.355  -14.652  66.558 0.0000000000
146049  -42.588  -14.740  65.675 0.0000000000
61559  -41.050  -17.029  66.486 0.0000000000
141382  -40.254  -15.490  66.477 0.0000000000
63485  -40.203  -15.257  66.199 0.0000000000
64537  -39.935  -15.023  64.913 0.0000000000
64555  -40.389  -15.316  64.158 0.0000000000
64538  -40.738  -14.963  64.795 0.0000000000
63531  -41.239  -15.793  62.367 0.0000000000
43727  -30.700  -35.311  83.268 0.0000000000
43728  -31.364  -35.253  84.159 0.0000000000
43729  -32.025  -35.991  83.877 0.0000000000
42766  -33.652  -37.031  84.905 0.0000000000
43843  -32.679  -35.907  74.295 0.0000000000
42887  -32.129  -36.086  73.858 0.0000000000
42872  -32.129  -36.395  74.663 0.0000000000
42852  -32.452  -36.475  75.579 0.0000000000
42835  -33.425  -36.625  76.932 0.0000000000
138144  -33.592  -36.373  76.423 0.0000000000
42836  -35.131  -36.237  76.854 0.0000000000
42822  -35.791  -36.422  77.120 0.0000000000
42810  -35.826  -36.637  77.999 0.0000000000
42823  -36.629  -36.487  77.499 0.0000000000
142661  -31.858  -29.595  72.454 0.0000000000
46834  -31.415  -32.296  73.886 0.0000000000
46850  -32.032  -32.640  73.203 0.0000000000
125677  -32.868  -32.881  72.287 0.0000000000
45827  -34.661  -32.939  72.523 0.0000000000
47992  -36.336  -31.132  73.210 0.0000000000
47991  -35.494  -31.192  73.133 0.0000000000
45830  -37.333  -32.511  72.671 0.0000000000
44866  -36.987  -34.126  73.455 0.0000000000
130855  -36.216  -34.192  73.659 0.0000000000
44851  -36.568  -34.742  74.283 0.0000000000
43847  -36.486  -35.264  75.166 0.0000000000
137369  -37.027  -35.536  75.472 0.0000000000
41963  -38.681  -37.346  76.949 0.0000000000
42825  -37.961  -36.871  76.837 0.0000000000
41953  -38.099  -37.126  77.586 0.0000000000
41952  -37.615  -36.911  78.218 0.0000000000
41945  -38.219  -37.196  78.266 0.0000000000
124400  -38.735  -37.401  78.707 0.0000000000
41946  -39.481  -37.666  78.255 0.0000000000
41064  -40.843  -38.072  78.076 0.0000000000
41947  -40.237  -37.992  78.751 0.0000000000
41053  -41.173  -38.136  79.131 0.0000000000
129660  -41.853  -37.790  76.462 0.0000000000
46756  -36.690  -32.127  80.026 0.0000000000
45689  -16.242  -34.123  86.212 0.0000000000
44727  -16.483  -34.734  85.929 0.0000000000
149581  -23.312  -36.034  83.356 0.0000000000
131317  -22.073  -36.093  83.004 0.0000000000
43720  -22.672  -35.941  83.575 0.0000000000
43705  -20.768  -35.624  84.377 0.0000000000
43718  -20.479  -35.746  83.462 0.0000000000
43716  -18.714  -35.509  83.573 0.0000000000
43703  -18.606  -35.514  84.461 0.0000000000
149153  -17.296  -35.115  84.287 0.0000000000
43692  -19.370  -35.488  85.166 0.0000000000
130410  -20.930  -34.750  86.463 0.0000000000
43682  -20.012  -35.157  85.980 0.0000000000
124271  -20.102  -34.809  86.742 0.0000000000
44712  -19.315  -35.049  86.565 0.0000000000
44701  -20.541  -34.433  87.264 0.0000000000
134829  -27.080  -33.682  86.868 0.0000000000
45676  -26.776  -33.221  87.389 0.0000000000
45677  -27.620  -33.294  87.277 0.0000000000
64377  -48.340  -13.397  77.755 0.0000000000
63554  -44.403  -15.668  61.552 0.0000000000
63535  -44.980  -15.610  62.301 0.0000000000
64560  -46.544  -14.960  63.123 0.0000000000
125277  -46.870  -14.765  63.891 0.0000000000
64528  -47.439  -14.674  65.234 0.0000000000
144876  -47.664  -14.472  64.656 0.0000000000
64603  -48.137  -14.404  61.720 0.0000000000
64584  -48.561  -14.115  62.335 0.0000000000
65534  -49.385  -13.273  65.724 0.0000000000
65539  -48.675  -13.813  64.637 0.0000000000
64530  -48.860  -13.843  65.387 0.0000000000
128637  -48.584  -14.441  65.909 0.0000000000
64517  -49.229  -14.034  66.116 0.0000000000
65524  -49.743  -14.137  66.868 0.0000000000
67465  -51.321  -11.565  68.019 0.0000000000
66490  -51.485  -12.400  68.479 0.0000000000
66491  -52.045  -11.481  68.735 0.0000000000
69670  -49.385  -9.524  59.173 0.0000000000
68562  -48.897  -10.002  59.741 0.0000000000
129244  -49.549  -10.032  62.532 0.0000000000
68547  -49.162  -10.290  61.731 0.0000000000
149045  -49.491  -10.641  62.795 0.0000000000
67511  -49.508  -11.247  63.045 0.0000000000
75325  -54.469  -3.590  53.316 0.0000000000
75315  -55.425  -3.539  54.271 0.0000000000
75326  -55.213  -3.434  53.546 0.0000000000
76247  -55.596  -2.707  52.331 0.0000000000
76249  -57.159  -2.281  53.002 0.0000000000
77195  -54.895  -1.693  51.018 0.0000000000
77208  -55.286  -1.302  50.447 0.0000000000
77198  -57.437  -1.196  51.385 0.0000000000
77197  -56.609  -1.413  51.264 0.0000000000
77187  -57.688  -1.789  52.665 0.0000000000
78262  -58.872  -0.902  52.169 0.0000000000
78272  -60.505  -0.184  51.423 0.0000000000
78263  -61.551  -0.039  52.439 0.0000000000
78308  -57.434  -0.928  47.910 0.0000000000
77228  -56.977  -1.006  48.527 0.0000000000
123907  -57.870  -1.059  48.490 0.0000000000
144243  -58.470  -1.090  49.130 0.0000000000
77225  -61.182  -0.748  49.316 0.0000000000
140290  -60.571  -0.547  49.916 0.0000000000
78297  -61.300  -0.263  50.121 0.0000000000
78283  -61.910  -0.110  50.743 0.0000000000
78284  -62.455  -0.375  50.750 0.0000000000
77256  -62.353  -1.303  46.939 0.0000000000
77257  -63.302  -0.877  46.510 0.0000000000
53856  -37.821  -25.483  75.245 0.0000000000
53857  -38.664  -25.490  75.588 0.0000000000
141219  -38.454  -25.636  74.811 0.0000000000
141092  -38.860  -25.736  74.087 0.0000000000
127357  -34.676  -24.472  73.005 0.0000000000
54774  -36.155  -25.005  74.662 0.0000000000
53855  -36.927  -25.427  74.857 0.0000000000
64514  -44.376  -14.793  66.418 0.0000000000
64525  -44.243  -14.823  65.655 0.0000000000
64540  -44.728  -14.877  64.918 0.0000000000
73536  -53.269  -5.008  55.995 0.0000000000
73522  -54.444  -5.180  56.989 0.0000000000
73510  -55.175  -5.362  57.632 0.0000000000
74363  -56.657  -4.626  57.597 0.0000000000
75274  -57.040  -3.948  57.153 0.0000000000
75275  -57.972  -3.671  57.575 0.0000000000
75285  -56.714  -3.698  56.308 0.0000000000
46669  -16.941  -32.088  87.641 0.0000000000
146087  -16.966  -31.608  88.347 0.0000000000
45669  -15.647  -33.618  88.012 0.0000000000
44671  -15.389  -34.311  88.836 0.0000000000
138666  -45.227  -19.079  71.922 0.0000000000
60509  -45.026  -18.269  71.482 0.0000000000
61511  -44.523  -17.424  71.247 0.0000000000
61520  -44.194  -17.490  70.540 0.0000000000
61530  -42.864  -16.860  69.092 0.0000000000
45708  -30.442  -33.917  85.732 0.0000000000
41933  -35.579  -37.186  80.419 0.0000000000
47951  -37.126  -31.060  76.017 0.0000000000
49139  -37.668  -30.938  75.188 0.0000000000
47952  -38.580  -31.222  75.257 0.0000000000
47972  -39.742  -31.815  74.443 0.0000000000
125916  -41.222  -33.409  74.200 0.0000000000
44855  -42.217  -34.604  74.378 0.0000000000
143943  -41.789  -33.875  74.309 0.0000000000
44856  -43.087  -34.411  74.761 0.0000000000
44751  -27.642  -34.989  84.498 0.0000000000
124917  -28.012  -34.750  85.127 0.0000000000
45706  -28.410  -34.260  85.796 0.0000000000
67552  -47.675  -11.641  59.368 0.0000000000
67553  -48.238  -11.250  59.793 0.0000000000
128649  -38.452  -23.759  81.914 0.0000000000
55600  -39.338  -23.785  81.750 0.0000000000
55618  -39.539  -23.947  80.998 0.0000000000
55638  -40.401  -24.250  79.806 0.0000000000
54711  -40.892  -24.384  79.184 0.0000000000
54766  -41.403  -24.674  75.294 0.0000000000
55683  -41.917  -24.127  74.884 0.0000000000
55694  -42.379  -23.540  74.526 0.0000000000
56602  -42.801  -22.848  74.201 0.0000000000
56603  -43.417  -22.196  73.833 0.0000000000
56617  -42.886  -22.769  73.357 0.0000000000
43759  -27.309  -35.268  80.925 0.0000000000
149105  -28.702  -34.908  81.376 0.0000000000
124159  -28.355  -34.942  80.794 0.0000000000
43778  -29.660  -35.101  80.310 0.0000000000
42804  -29.783  -36.139  78.141 0.0000000000
42806  -31.298  -36.617  78.752 0.0000000000
133680  -31.975  -36.906  78.931 0.0000000000
41930  -33.138  -37.246  79.520 0.0000000000
123950  -32.821  -37.103  78.916 0.0000000000
42808  -33.279  -36.982  78.131 0.0000000000
124542  -34.140  -36.929  77.893 0.0000000000
55681  -33.081  -22.980  75.078 0.0000000000
54760  -32.586  -23.954  75.611 0.0000000000
53854  -32.930  -25.221  75.850 0.0000000000
53025  -33.691  -26.053  75.854 0.0000000000
51200  -33.375  -29.087  76.749 0.0000000000
52102  -34.473  -27.376  76.482 0.0000000000
51196  -34.429  -28.476  77.610 0.0000000000
51188  -34.154  -29.069  78.218 0.0000000000
51189  -34.515  -28.843  78.954 0.0000000000
52088  -35.098  -27.124  78.308 0.0000000000
52988  -34.613  -26.141  78.639 0.0000000000
52966  -34.770  -25.951  79.488 0.0000000000
54722  -36.129  -24.079  78.146 0.0000000000
55649  -36.026  -23.801  79.441 0.0000000000
123944  -36.669  -23.876  79.973 0.0000000000
55615  -36.371  -23.747  80.799 0.0000000000
142074  -35.924  -23.775  82.658 0.0000000000
55598  -37.028  -23.765  81.237 0.0000000000
126315  -37.364  -23.713  81.962 0.0000000000
124160  -25.162  -36.001  80.568 0.0000000000
43776  -26.189  -35.601  80.604 0.0000000000
64402  -46.004  -14.474  74.414 0.0000000000
65468  -46.361  -13.977  75.046 0.0000000000
65477  -46.673  -14.042  74.300 0.0000000000
125762  -47.009  -14.254  73.445 0.0000000000
64413  -47.879  -14.028  73.181 0.0000000000
64453  -48.318  -14.808  70.286 0.0000000000
64466  -48.271  -14.940  69.528 0.0000000000
65494  -50.217  -13.671  71.376 0.0000000000
64455  -50.212  -14.078  70.506 0.0000000000
65500  -50.860  -13.866  69.921 0.0000000000
65507  -51.357  -13.354  69.430 0.0000000000
70662  -50.056  -8.240  57.322 0.0000000000
71601  -51.220  -7.731  58.306 0.0000000000
130588  -53.872  -6.658  59.540 0.0000000000
72582  -53.078  -7.066  59.881 0.0000000000
72573  -53.984  -6.883  60.844 0.0000000000
78248  -60.463  -0.790  54.005 0.0000000000
67584  -45.279  -11.204  57.551 0.0000000000
71639  -47.142  -7.949  55.395 0.0000000000
71640  -48.003  -7.762  55.325 0.0000000000
71657  -47.533  -7.235  54.935 0.0000000000
129107  -48.531  -6.372  54.515 0.0000000000
74414  -50.050  -4.614  53.413 0.0000000000
74415  -50.873  -4.551  53.597 0.0000000000
73565  -51.155  -4.984  54.295 0.0000000000
74429  -51.463  -4.122  53.158 0.0000000000
142121  -52.034  -3.790  52.814 0.0000000000
75350  -51.397  -3.078  51.890 0.0000000000
46653  -13.403  -31.611  89.861 0.0000000000
46644  -13.276  -31.361  90.677 0.0000000000
46647  -19.652  -32.408  90.570 0.0000000000
147984  -19.039  -32.925  90.823 0.0000000000
45624  -18.486  -32.858  91.386 0.0000000000
46632  -18.120  -32.376  92.215 0.0000000000
46608  -16.942  -30.739  94.538 0.0000000000
130743  -15.196  -31.717  94.630 0.0000000000
45601  -12.644  -33.323  93.782 0.0000000000
45595  -13.176  -32.484  94.854 0.0000000000
45594  -12.263  -32.726  94.644 0.0000000000
46603  -11.195  -31.704  95.541 0.0000000000
46594  -10.912  -31.760  95.940 0.0000000000
127738  -11.623  -31.905  96.226 0.0000000000
46588  -12.827  -31.959  96.760 0.0000000000
56528  -42.636  -23.014  80.591 0.0000000000
56529  -43.301  -22.466  80.237 0.0000000000
57482  -43.810  -21.668  79.846 0.0000000000
57483  -44.262  -21.229  79.224 0.0000000000
59474  -46.092  -19.485  75.179 0.0000000000
59464  -45.949  -19.653  76.516 0.0000000000
60440  -46.246  -18.425  77.585 0.0000000000
138526  -46.443  -17.328  76.655 0.0000000000
61457  -46.307  -16.848  76.007 0.0000000000
62460  -46.126  -15.912  75.572 0.0000000000
62467  -45.477  -15.854  74.189 0.0000000000
145137  -42.256  -15.268  70.266 0.0000000000
63449  -42.654  -15.100  70.708 0.0000000000
63448  -42.073  -15.020  70.156 0.0000000000
64461  -42.406  -14.811  69.588 0.0000000000
64481  -42.605  -14.646  68.711 0.0000000000
64497  -42.194  -14.666  68.119 0.0000000000
127817  -31.896  -36.393  83.120 0.0000000000
42769  -33.387  -37.168  83.985 0.0000000000
41886  -36.923  -37.357  84.520 0.0000000000
134069  -31.867  -34.849  72.280 0.0000000000
43871  -31.679  -35.547  72.777 0.0000000000
125661  -32.438  -35.170  72.764 0.0000000000
43830  -33.759  -35.800  75.161 0.0000000000
42854  -34.096  -36.024  75.984 0.0000000000
43831  -34.627  -35.608  75.359 0.0000000000
50238  -31.921  -29.637  73.667 0.0000000000
50250  -32.169  -29.318  72.771 0.0000000000
50237  -31.195  -30.281  73.887 0.0000000000
46851  -32.944  -32.337  73.452 0.0000000000
44853  -38.564  -34.745  73.543 0.0000000000
137724  -38.039  -33.943  73.074 0.0000000000
43849  -38.127  -35.467  74.205 0.0000000000
43834  -37.749  -35.940  75.182 0.0000000000
42857  -38.511  -36.590  75.366 0.0000000000
42839  -38.560  -37.008  76.151 0.0000000000
41954  -39.564  -37.646  77.204 0.0000000000
41955  -40.511  -37.856  77.175 0.0000000000
43707  -22.469  -35.662  84.368 0.0000000000
43694  -21.213  -35.393  85.126 0.0000000000
43693  -20.333  -35.454  85.126 0.0000000000
44729  -21.595  -34.990  85.795 0.0000000000
44713  -22.017  -34.494  86.520 0.0000000000
45690  -22.055  -34.003  87.141 0.0000000000
46694  -29.799  -32.502  87.887 0.0000000000
46693  -28.282  -32.736  87.849 0.0000000000
63555  -45.201  -15.489  61.313 0.0000000000
64600  -45.846  -15.252  61.037 0.0000000000
64582  -46.576  -15.111  62.123 0.0000000000
125647  -47.175  -14.851  62.484 0.0000000000
65584  -49.093  -13.390  62.117 0.0000000000
65568  -48.903  -13.581  63.161 0.0000000000
65540  -49.228  -13.089  64.933 0.0000000000
141390  -50.068  -13.142  66.757 0.0000000000
66510  -49.757  -12.674  66.171 0.0000000000
66511  -50.190  -11.923  66.647 0.0000000000
66499  -50.731  -11.672  67.356 0.0000000000
143092  -49.430  -9.348  60.898 0.0000000000
68540  -49.929  -9.344  63.212 0.0000000000
75341  -55.031  -3.217  52.834 0.0000000000
76246  -54.771  -2.856  52.138 0.0000000000
76263  -55.290  -2.190  51.600 0.0000000000
78270  -58.295  -0.913  51.409 0.0000000000
78279  -57.761  -0.899  50.928 0.0000000000
78280  -58.538  -0.702  50.775 0.0000000000
78339  -58.354  -0.837  46.281 0.0000000000
78324  -58.070  -0.920  46.918 0.0000000000
77230  -59.449  -1.318  48.610 0.0000000000
78309  -62.261  -0.603  49.145 0.0000000000
77270  -63.685  -0.838  45.523 0.0000000000
127215  -63.954  -0.562  46.247 0.0000000000
54725  -38.802  -24.742  78.242 0.0000000000
54751  -39.749  -25.247  76.837 0.0000000000
53848  -40.042  -25.430  76.061 0.0000000000
53858  -39.526  -25.523  75.488 0.0000000000
53859  -40.244  -25.409  75.262 0.0000000000
54775  -40.852  -25.010  74.857 0.0000000000
54783  -40.849  -24.892  73.971 0.0000000000
43792  -27.904  -35.268  79.087 0.0000000000
43811  -28.374  -35.740  77.426 0.0000000000
42831  -29.452  -36.502  76.939 0.0000000000
55712  -33.377  -23.428  72.593 0.0000000000
55700  -33.140  -23.020  73.528 0.0000000000
55691  -33.211  -22.971  74.281 0.0000000000
55692  -33.955  -23.458  74.507 0.0000000000
129922  -33.126  -23.383  75.795 0.0000000000
55668  -33.289  -23.461  76.712 0.0000000000
55658  -33.391  -23.825  77.563 0.0000000000
142615  -33.861  -23.468  77.201 0.0000000000
55670  -34.757  -23.624  77.145 0.0000000000
54736  -36.269  -24.312  77.446 0.0000000000
54723  -36.974  -24.474  77.971 0.0000000000
54724  -37.926  -24.655  78.133 0.0000000000
125136  -45.644  -14.909  70.019 0.0000000000
64451  -45.915  -14.889  70.720 0.0000000000
64464  -46.328  -14.979  69.163 0.0000000000
140654  -46.386  -14.985  68.359 0.0000000000
147933  -45.402  -14.899  67.366 0.0000000000
124146  -47.058  -15.008  68.559 0.0000000000
141298  -47.572  -15.038  68.053 0.0000000000
64499  -47.687  -15.064  67.326 0.0000000000
64515  -47.772  -14.963  66.549 0.0000000000
72604  -51.724  -6.608  57.218 0.0000000000
72617  -52.155  -6.059  56.830 0.0000000000
73509  -53.744  -5.491  57.064 0.0000000000
73493  -53.728  -5.871  57.786 0.0000000000
72591  -53.829  -6.344  58.581 0.0000000000
76223  -58.822  -2.286  56.134 0.0000000000
47770  -17.083  -30.283  89.677 0.0000000000
50047  -15.881  -29.516  90.701 0.0000000000
47755  -15.870  -30.213  90.939 0.0000000000
47754  -15.227  -30.683  91.226 0.0000000000
145972  -14.877  -31.290  91.268 0.0000000000
130710  -43.886  -21.916  76.248 0.0000000000
57522  -44.481  -21.301  75.751 0.0000000000
58514  -45.164  -20.656  75.310 0.0000000000
58515  -45.737  -20.094  75.371 0.0000000000
59503  -45.333  -19.784  73.146 0.0000000000
58544  -45.562  -19.838  73.903 0.0000000000
59487  -45.980  -19.248  74.333 0.0000000000
60487  -45.999  -18.350  73.923 0.0000000000
61489  -45.658  -17.460  73.534 0.0000000000
61488  -45.062  -16.578  73.267 0.0000000000
61510  -43.741  -16.621  71.138 0.0000000000
62504  -42.873  -15.794  70.799 0.0000000000
63459  -41.873  -15.296  69.663 0.0000000000
142025  -41.718  -15.253  69.052 0.0000000000
63468  -41.315  -15.093  68.417 0.0000000000
41900  -33.872  -37.509  82.379 0.0000000000
125806  -35.662  -37.471  83.061 0.0000000000
124171  -36.631  -37.390  83.242 0.0000000000
149713  -36.707  -37.301  82.425 0.0000000000
41915  -39.562  -37.449  82.362 0.0000000000
44885  -31.098  -33.731  71.481 0.0000000000
45824  -31.843  -33.961  71.795 0.0000000000
44876  -32.706  -34.278  72.179 0.0000000000
143224  -33.534  -34.149  72.402 0.0000000000
47927  -32.231  -32.279  75.957 0.0000000000
141548  -32.281  -32.642  75.149 0.0000000000
47948  -33.122  -32.333  75.449 0.0000000000
49150  -35.484  -30.752  74.329 0.0000000000
143828  -37.639  -31.616  73.112 0.0000000000
49153  -38.124  -30.971  74.347 0.0000000000
46853  -39.184  -32.508  73.229 0.0000000000
45815  -38.753  -33.162  72.886 0.0000000000
44854  -39.577  -34.551  73.476 0.0000000000
140001  -40.501  -36.489  74.693 0.0000000000
42859  -40.857  -37.002  75.119 0.0000000000
41978  -42.231  -37.427  75.772 0.0000000000
41979  -43.142  -37.334  75.760 0.0000000000
125163  -23.143  -36.114  82.039 0.0000000000
144880  -23.629  -36.172  82.758 0.0000000000
43721  -23.987  -35.962  83.468 0.0000000000
43710  -25.132  -35.459  84.240 0.0000000000
43709  -24.311  -35.623  84.179 0.0000000000
44716  -25.199  -34.329  86.118 0.0000000000
44717  -26.040  -34.224  86.226 0.0000000000
45696  -28.882  -33.765  86.495 0.0000000000
45678  -29.372  -33.165  87.143 0.0000000000
65615  -46.544  -14.019  60.153 0.0000000000
65616  -47.413  -13.721  60.296 0.0000000000
65617  -48.196  -13.284  60.678 0.0000000000
148622  -49.303  -12.592  61.992 0.0000000000
142305  -49.448  -12.084  63.210 0.0000000000
77205  -52.925  -1.326  50.265 0.0000000000
77206  -53.774  -1.372  50.403 0.0000000000
77219  -54.444  -1.074  49.960 0.0000000000
124297  -60.127  -1.570  47.232 0.0000000000
148533  -61.640  -1.520  47.469 0.0000000000
77269  -61.532  -1.672  45.682 0.0000000000
77280  -60.224  -1.315  45.004 0.0000000000
44688  -19.409  -34.468  88.131 0.0000000000
127948  -18.689  -34.727  88.315 0.0000000000
45658  -19.781  -34.066  88.642 0.0000000000
124455  -20.050  -33.591  89.077 0.0000000000
46648  -20.414  -31.832  90.371 0.0000000000
128504  -40.584  -22.529  83.309 0.0000000000
55601  -40.209  -23.741  81.561 0.0000000000
55602  -41.017  -23.695  81.091 0.0000000000
56527  -41.827  -23.455  80.842 0.0000000000
56536  -43.214  -23.195  78.943 0.0000000000
145384  -43.282  -23.074  78.221 0.0000000000
54726  -39.694  -24.739  78.314 0.0000000000
54727  -40.606  -24.610  78.446 0.0000000000
54741  -41.283  -24.584  77.899 0.0000000000
129886  -41.921  -24.384  76.591 0.0000000000
55661  -41.948  -24.412  77.451 0.0000000000
128308  -42.438  -24.021  77.877 0.0000000000
56553  -43.008  -23.322  77.506 0.0000000000
56564  -43.468  -22.630  76.810 0.0000000000
57535  -43.866  -21.721  74.438 0.0000000000
57549  -43.719  -21.712  73.315 0.0000000000
144732  -44.203  -20.970  72.713 0.0000000000
58591  -44.047  -19.836  70.608 0.0000000000
44769  -30.127  -35.062  82.811 0.0000000000
43743  -30.493  -35.324  82.270 0.0000000000
142092  -30.934  -35.670  82.564 0.0000000000
42778  -31.503  -36.261  82.331 0.0000000000
42789  -32.149  -36.966  81.698 0.0000000000
43793  -28.607  -35.148  79.503 0.0000000000
43794  -29.322  -35.330  79.471 0.0000000000
43805  -29.904  -35.878  79.010 0.0000000000
43796  -30.762  -35.928  80.151 0.0000000000
41909  -33.748  -37.512  81.442 0.0000000000
146832  -34.374  -37.504  80.942 0.0000000000
41921  -35.050  -37.381  80.889 0.0000000000
41931  -33.837  -37.304  79.777 0.0000000000
41932  -34.665  -37.336  80.198 0.0000000000
41934  -36.079  -37.014  79.814 0.0000000000
41943  -36.588  -36.841  79.249 0.0000000000
53059  -32.045  -25.966  72.119 0.0000000000
52120  -33.003  -27.902  72.969 0.0000000000
51221  -32.681  -28.879  73.297 0.0000000000
51213  -32.468  -29.249  74.250 0.0000000000
147362  -32.051  -29.675  74.803 0.0000000000
55690  -32.025  -23.647  74.007 0.0000000000
54771  -32.336  -24.409  75.124 0.0000000000
142105  -32.303  -24.870  74.628 0.0000000000
53865  -32.480  -25.412  74.287 0.0000000000
130182  -33.526  -27.695  74.419 0.0000000000
51214  -33.219  -28.651  74.576 0.0000000000
149130  -31.784  -32.014  76.445 0.0000000000
139067  -32.250  -32.178  76.935 0.0000000000
47929  -34.221  -31.830  76.705 0.0000000000
50190  -32.819  -29.745  77.374 0.0000000000
47914  -32.659  -32.077  77.794 0.0000000000
47930  -35.475  -31.497  76.910 0.0000000000
47931  -36.665  -31.361  76.781 0.0000000000
47918  -36.345  -31.668  77.624 0.0000000000
47919  -37.500  -31.698  77.542 0.0000000000
47920  -38.633  -31.930  77.747 0.0000000000
47908  -37.105  -31.920  78.496 0.0000000000
129863  -35.838  -32.162  79.637 0.0000000000
124604  -35.672  -32.187  80.392 0.0000000000
50152  -33.858  -30.258  80.165 0.0000000000
49079  -34.188  -30.435  80.696 0.0000000000
49065  -34.683  -30.682  81.544 0.0000000000
50128  -34.860  -30.265  82.238 0.0000000000
50129  -34.988  -30.026  83.060 0.0000000000
50115  -35.335  -29.670  84.134 0.0000000000
54706  -33.924  -24.240  79.400 0.0000000000
124474  -34.349  -24.754  79.942 0.0000000000
123823  -34.517  -23.941  80.162 0.0000000000
54693  -34.416  -24.178  80.217 0.0000000000
52949  -35.369  -26.424  80.698 0.0000000000
52928  -35.396  -26.310  81.678 0.0000000000
52028  -35.479  -27.436  82.941 0.0000000000
140853  -35.404  -27.945  85.085 0.0000000000
55571  -35.997  -23.989  83.880 0.0000000000
53750  -36.398  -24.713  85.859 0.0000000000
43755  -23.531  -36.095  81.077 0.0000000000
125161  -24.957  -36.065  82.086 0.0000000000
43757  -25.526  -35.911  81.383 0.0000000000
125160  -25.868  -35.811  82.206 0.0000000000
43726  -28.903  -34.889  83.488 0.0000000000
65444  -46.967  -12.979  77.934 0.0000000000
65462  -47.359  -12.539  76.282 0.0000000000
129698  -49.254  -11.591  76.605 0.0000000000
64436  -46.546  -14.818  71.232 0.0000000000
64437  -47.500  -14.653  71.607 0.0000000000
64438  -48.410  -14.484  71.526 0.0000000000
64426  -48.897  -14.109  72.101 0.0000000000
65485  -48.705  -13.840  72.915 0.0000000000
138405  -49.316  -13.262  73.506 0.0000000000
65478  -50.022  -12.710  74.108 0.0000000000
65488  -50.977  -13.070  71.811 0.0000000000
69677  -48.731  -9.953  57.884 0.0000000000
140369  -49.226  -9.585  58.402 0.0000000000
69671  -49.969  -8.957  59.561 0.0000000000
145689  -51.964  -6.838  57.812 0.0000000000
71615  -51.883  -7.283  58.357 0.0000000000
70636  -51.571  -7.735  60.943 0.0000000000
44643  -9.132  -34.502  91.946 0.0000000000
63533  -43.054  -15.788  62.382 0.0000000000
63553  -43.531  -15.783  61.614 0.0000000000
63565  -43.963  -15.513  60.846 0.0000000000
64615  -43.563  -15.080  60.196 0.0000000000
64616  -44.398  -15.045  60.339 0.0000000000
64630  -44.825  -14.409  59.974 0.0000000000
65634  -45.161  -13.788  59.497 0.0000000000
65650  -43.992  -12.868  58.759 0.0000000000
66599  -45.352  -13.042  59.138 0.0000000000
66616  -46.313  -12.082  58.722 0.0000000000
67586  -46.728  -11.454  58.180 0.0000000000
147261  -46.834  -10.935  57.593 0.0000000000
143247  -47.440  -10.909  57.935 0.0000000000
68603  -47.004  -10.099  56.678 0.0000000000
69687  -47.751  -10.012  56.921 0.0000000000
69688  -48.354  -9.867  57.243 0.0000000000
70689  -49.141  -7.977  56.016 0.0000000000
123966  -49.749  -7.675  56.195 0.0000000000
124288  -50.868  -6.491  56.192 0.0000000000
73550  -49.106  -5.718  54.197 0.0000000000
72647  -49.400  -6.240  54.801 0.0000000000
72648  -50.037  -6.130  55.094 0.0000000000
73535  -52.707  -5.057  55.408 0.0000000000
73552  -52.054  -5.021  54.653 0.0000000000
74388  -53.483  -4.581  55.234 0.0000000000
75301  -54.864  -3.846  54.906 0.0000000000
75323  -52.854  -3.704  52.762 0.0000000000
144006  -53.559  -3.414  52.483 0.0000000000
76271  -52.387  -1.757  50.583 0.0000000000
44686  -16.524  -35.162  88.729 0.0000000000
44672  -15.735  -34.765  89.338 0.0000000000
44659  -17.528  -34.396  90.275 0.0000000000
44658  -16.370  -34.658  90.260 0.0000000000
131635  -15.150  -34.233  89.664 0.0000000000
46654  -14.771  -33.184  90.239 0.0000000000
45636  -14.456  -33.633  90.640 0.0000000000
46645  -14.388  -32.414  91.136 0.0000000000
47742  -19.295  -30.439  92.805 0.0000000000
45615  -17.260  -33.001  92.346 0.0000000000
46617  -16.509  -31.984  93.878 0.0000000000
46624  -16.905  -32.532  93.096 0.0000000000
45614  -16.325  -33.556  92.467 0.0000000000
44639  -14.547  -34.194  91.798 0.0000000000
143036  -13.948  -33.970  91.646 0.0000000000
46631  -13.887  -31.597  92.088 0.0000000000
47739  -13.874  -30.544  92.194 0.0000000000
47752  -13.339  -30.727  91.762 0.0000000000
46622  -12.273  -31.837  93.475 0.0000000000
47731  -12.559  -30.972  93.117 0.0000000000
45608  -9.541  -33.273  92.717 0.0000000000
45599  -8.848  -33.080  93.891 0.0000000000
44629  -8.696  -33.910  94.000 0.0000000000
46593  -10.077  -32.002  95.500 0.0000000000
133514  -9.515  -32.801  95.197 0.0000000000
62409  -47.371  -16.056  80.775 0.0000000000
63364  -47.084  -15.695  80.547 0.0000000000
57454  -41.533  -21.292  84.567 0.0000000000
57469  -42.837  -21.804  82.333 0.0000000000
57501  -44.612  -21.355  77.528 0.0000000000
57490  -44.529  -21.197  78.440 0.0000000000
128745  -44.689  -20.534  79.072 0.0000000000
58494  -45.622  -20.013  77.298 0.0000000000
143328  -44.531  -20.036  79.865 0.0000000000
61428  -45.884  -16.965  80.362 0.0000000000
61437  -46.274  -17.519  78.281 0.0000000000
61429  -46.171  -16.744  79.433 0.0000000000
63376  -46.479  -15.082  78.969 0.0000000000
64383  -46.227  -14.159  76.307 0.0000000000
63403  -46.040  -14.850  75.414 0.0000000000
64423  -45.180  -14.780  72.716 0.0000000000
62484  -44.547  -15.781  73.003 0.0000000000
63427  -44.380  -15.279  72.703 0.0000000000
64421  -43.917  -15.281  72.022 0.0000000000
64422  -44.427  -14.948  72.479 0.0000000000
64434  -44.122  -14.969  71.890 0.0000000000
64450  -44.888  -14.824  70.924 0.0000000000
64482  -44.324  -14.828  68.294 0.0000000000
124139  -43.708  -14.730  66.986 0.0000000000
130554  -42.913  -15.260  63.734 0.0000000000
60543  -43.261  -18.560  68.677 0.0000000000
61541  -42.966  -17.690  68.483 0.0000000000
143523  -42.474  -16.986  68.516 0.0000000000
62535  -41.821  -16.497  68.183 0.0000000000
62534  -41.103  -16.222  67.546 0.0000000000
63478  -40.861  -15.279  67.682 0.0000000000
123619  -40.517  -14.931  66.314 0.0000000000
64523  -39.835  -15.160  65.374 0.0000000000
64524  -41.068  -14.791  65.519 0.0000000000
64539  -41.657  -14.965  64.654 0.0000000000
64576  -40.862  -15.597  63.259 0.0000000000
64557  -42.169  -15.275  63.813 0.0000000000
64578  -42.571  -15.435  63.097 0.0000000000
44763  -30.722  -34.893  84.183 0.0000000000
146631  -30.310  -36.822  75.813 0.0000000000
125408  -31.008  -36.879  76.063 0.0000000000
42820  -33.593  -36.792  77.440 0.0000000000
148046  -35.298  -36.911  78.368 0.0000000000
41944  -37.178  -36.729  78.774 0.0000000000
48009  -30.713  -31.639  72.859 0.0000000000
49166  -30.766  -30.939  73.554 0.0000000000
46867  -31.863  -32.712  72.239 0.0000000000
126888  -33.221  -33.405  72.170 0.0000000000
44864  -34.202  -34.405  72.954 0.0000000000
47970  -34.345  -31.533  73.874 0.0000000000
47990  -34.711  -31.448  73.145 0.0000000000
46870  -35.410  -32.404  72.626 0.0000000000
45814  -37.253  -33.398  72.826 0.0000000000
137009  -36.053  -32.938  72.676 0.0000000000
45828  -35.480  -33.222  72.736 0.0000000000
44865  -35.580  -33.950  73.288 0.0000000000
129139  -34.968  -34.313  73.442 0.0000000000
148127  -35.887  -35.024  74.818 0.0000000000
43833  -36.444  -35.723  75.879 0.0000000000
42837  -36.507  -36.166  76.620 0.0000000000
42838  -37.267  -36.374  76.793 0.0000000000
42812  -37.069  -36.667  78.085 0.0000000000
41936  -38.628  -37.264  79.564 0.0000000000
146119  -39.091  -37.381  79.963 0.0000000000
41065  -42.579  -38.216  78.324 0.0000000000
46700  -16.396  -33.331  86.536 0.0000000000
44711  -16.194  -34.652  86.728 0.0000000000
43664  -16.804  -35.425  87.076 0.0000000000
141143  -21.210  -35.786  83.833 0.0000000000
44747  -16.934  -34.714  84.453 0.0000000000
43701  -17.024  -35.210  84.926 0.0000000000
43691  -18.378  -35.496  85.294 0.0000000000
43690  -17.479  -35.436  85.498 0.0000000000
44699  -18.702  -35.085  87.134 0.0000000000
124214  -18.944  -34.781  87.746 0.0000000000
44689  -20.151  -34.219  87.975 0.0000000000
45670  -21.020  -33.854  87.874 0.0000000000
63514  -44.318  -15.434  63.222 0.0000000000
64541  -45.551  -14.902  64.368 0.0000000000
64581  -45.814  -15.292  62.672 0.0000000000
141686  -46.203  -14.925  63.917 0.0000000000
64500  -48.434  -15.020  67.017 0.0000000000
64583  -47.857  -14.573  62.422 0.0000000000
65553  -48.611  -13.878  63.903 0.0000000000
64529  -48.152  -14.308  65.148 0.0000000000
64501  -49.232  -14.796  67.402 0.0000000000
64502  -50.031  -14.400  67.781 0.0000000000
65514  -50.672  -13.825  68.225 0.0000000000
65515  -51.247  -13.228  68.662 0.0000000000
66500  -50.986  -12.792  67.886 0.0000000000
68561  -48.635  -10.612  60.226 0.0000000000
68555  -48.797  -10.456  61.052 0.0000000000
126365  -49.212  -9.777  61.332 0.0000000000
67532  -48.862  -11.048  61.404 0.0000000000
146391  -49.547  -11.608  63.508 0.0000000000
67503  -49.809  -10.910  64.632 0.0000000000
67485  -50.131  -10.737  66.101 0.0000000000
75316  -56.181  -3.232  54.328 0.0000000000
76228  -56.920  -2.846  54.352 0.0000000000
76229  -57.597  -2.589  54.418 0.0000000000
77173  -58.068  -2.174  54.118 0.0000000000
76264  -56.149  -2.043  51.780 0.0000000000
77178  -57.856  -1.973  53.353 0.0000000000
77179  -58.667  -1.643  53.683 0.0000000000
77180  -59.576  -1.295  54.168 0.0000000000
123869  -60.794  -0.345  53.196 0.0000000000
126959  -61.892  -0.106  53.349 0.0000000000
146358  -58.047  -0.968  49.719 0.0000000000
78295  -58.717  -0.721  50.062 0.0000000000
78296  -59.770  -0.628  50.073 0.0000000000
126745  -61.732  -0.027  51.475 0.0000000000
77242  -62.512  -0.988  47.730 0.0000000000
78340  -63.664  -0.807  46.931 0.0000000000
42796  -30.678  -36.131  79.322 0.0000000000
42817  -29.808  -36.463  77.401 0.0000000000
42853  -33.276  -36.206  75.762 0.0000000000
42858  -39.969  -36.988  75.041 0.0000000000
42860  -41.712  -36.914  75.215 0.0000000000
42862  -43.516  -36.561  75.346 0.0000000000
42877  -42.133  -36.258  74.778 0.0000000000
43651  -16.392  -35.221  87.816 0.0000000000
43652  -17.236  -35.396  87.749 0.0000000000
43665  -17.673  -35.426  87.038 0.0000000000
43679  -17.188  -35.451  86.324 0.0000000000
43681  -19.078  -35.306  85.844 0.0000000000
43689  -16.813  -35.203  85.685 0.0000000000
43712  -26.908  -35.232  84.288 0.0000000000
43719  -21.891  -35.864  83.733 0.0000000000
43861  -32.815  -35.458  73.595 0.0000000000
44630  -9.232  -33.792  94.691 0.0000000000
44656  -14.799  -34.213  90.401 0.0000000000
44675  -19.171  -34.367  88.697 0.0000000000
44684  -15.562  -34.265  88.050 0.0000000000
44746  -16.677  -34.790  85.165 0.0000000000
44867  -39.081  -33.923  73.108 0.0000000000
44877  -34.055  -33.585  72.441 0.0000000000
45581  -11.368  -32.444  96.453 0.0000000000
45587  -10.114  -32.727  95.859 0.0000000000
45592  -9.022  -33.013  94.346 0.0000000000
45593  -11.856  -32.462  94.912 0.0000000000
45598  -8.783  -33.596  93.816 0.0000000000
45607  -8.656  -33.807  93.544 0.0000000000
45612  -14.229  -33.865  92.731 0.0000000000
45621  -13.974  -33.373  91.365 0.0000000000
45657  -15.359  -33.903  88.570 0.0000000000
45691  -22.712  -34.063  86.985 0.0000000000
45816  -39.579  -33.089  73.238 0.0000000000
45826  -33.799  -32.839  72.401 0.0000000000
45829  -36.677  -33.014  72.640 0.0000000000
46586  -10.703  -32.127  96.159 0.0000000000
46587  -12.108  -31.945  96.415 0.0000000000
46595  -12.524  -31.731  96.379 0.0000000000
46601  -9.350  -32.363  94.354 0.0000000000
46604  -11.990  -31.926  95.830 0.0000000000
46614  -11.639  -32.197  94.141 0.0000000000
46621  -10.696  -31.685  93.332 0.0000000000
46623  -12.909  -31.280  93.057 0.0000000000
46687  -16.272  -33.075  87.392 0.0000000000
46730  -35.678  -31.617  82.647 0.0000000000
46738  -34.868  -31.893  81.229 0.0000000000
46753  -33.758  -31.688  79.618 0.0000000000
46755  -35.002  -32.071  79.783 0.0000000000
46765  -32.923  -32.021  78.415 0.0000000000
46767  -35.416  -32.119  79.042 0.0000000000
46768  -36.374  -32.115  79.109 0.0000000000
46835  -33.190  -32.242  74.317 0.0000000000
46836  -39.797  -32.362  73.773 0.0000000000
46838  -41.164  -32.720  74.722 0.0000000000
46852  -38.424  -32.249  72.954 0.0000000000
46869  -34.463  -32.286  72.634 0.0000000000
47707  -12.623  -31.846  96.506 0.0000000000
47712  -10.655  -31.724  95.180 0.0000000000
47717  -10.966  -31.530  94.748 0.0000000000
47724  -11.353  -31.209  93.952 0.0000000000
47737  -12.306  -31.144  92.393 0.0000000000
47740  -14.438  -30.782  91.967 0.0000000000
47785  -16.689  -31.326  89.139 0.0000000000
47827  -35.986  -31.047  84.288 0.0000000000
47839  -35.873  -31.452  83.526 0.0000000000
47854  -35.092  -31.173  82.139 0.0000000000
47872  -34.140  -30.983  80.590 0.0000000000
47873  -34.610  -31.366  81.139 0.0000000000
47874  -35.178  -31.540  81.784 0.0000000000
47888  -33.801  -31.327  79.880 0.0000000000
47904  -32.727  -31.603  78.258 0.0000000000
47905  -32.982  -31.776  78.760 0.0000000000
47906  -34.912  -32.008  78.409 0.0000000000
47915  -33.198  -32.254  77.310 0.0000000000
47916  -34.366  -31.958  77.681 0.0000000000
47917  -35.416  -31.796  77.780 0.0000000000
47928  -33.109  -32.325  76.400 0.0000000000
47932  -37.478  -31.410  76.716 0.0000000000
47933  -38.815  -31.749  76.930 0.0000000000
47947  -31.538  -31.821  75.936 0.0000000000
47969  -30.976  -32.150  74.587 0.0000000000
47989  -33.887  -31.886  73.259 0.0000000000
47993  -38.388  -31.413  73.585 0.0000000000
48008  -30.959  -31.714  71.975 0.0000000000
48010  -34.346  -31.863  72.816 0.0000000000
48011  -35.037  -31.736  72.752 0.0000000000
48012  -35.889  -31.699  72.799 0.0000000000
48013  -36.787  -31.719  72.900 0.0000000000
48954  -15.533  -30.469  90.893 0.0000000000
49049  -35.044  -30.696  82.755 0.0000000000
49050  -35.281  -30.364  83.585 0.0000000000
49078  -33.775  -30.637  79.975 0.0000000000
49090  -33.219  -30.917  79.381 0.0000000000
49102  -32.596  -31.057  78.289 0.0000000000
49103  -32.892  -30.487  78.799 0.0000000000
49113  -32.257  -31.338  77.571 0.0000000000
49124  -31.737  -31.310  76.642 0.0000000000
49134  -30.958  -31.554  75.297 0.0000000000
49138  -36.732  -30.786  75.134 0.0000000000
49149  -34.809  -31.130  74.354 0.0000000000
49151  -36.362  -30.580  74.294 0.0000000000
49152  -37.252  -30.646  74.301 0.0000000000
49168  -35.938  -30.717  73.661 0.0000000000
49169  -36.789  -30.702  73.678 0.0000000000
49187  -30.818  -30.770  72.649 0.0000000000
50153  -34.324  -29.884  80.720 0.0000000000
50165  -34.240  -29.575  79.757 0.0000000000
50178  -33.645  -29.639  78.983 0.0000000000
50212  -31.882  -30.290  76.294 0.0000000000
50224  -31.737  -30.021  75.367 0.0000000000
50225  -32.598  -29.335  75.013 0.0000000000
50249  -31.465  -30.034  73.038 0.0000000000
51151  -35.213  -29.075  83.116 0.0000000000
51161  -34.952  -29.202  81.381 0.0000000000
51162  -35.450  -28.184  81.641 0.0000000000
51181  -34.905  -28.682  79.580 0.0000000000
51182  -35.283  -28.068  79.922 0.0000000000
51201  -34.313  -28.345  76.869 0.0000000000
51206  -33.362  -28.766  75.334 0.0000000000
52044  -35.542  -27.348  82.051 0.0000000000
52076  -35.446  -27.310  80.312 0.0000000000
52094  -34.833  -27.509  77.374 0.0000000000
52106  -33.864  -27.815  75.145 0.0000000000
52107  -34.163  -27.097  75.700 0.0000000000
52113  -33.181  -27.278  73.662 0.0000000000
52896  -35.340  -25.687  83.163 0.0000000000
52948  -34.833  -25.578  80.240 0.0000000000
52989  -35.287  -26.804  79.098 0.0000000000
53012  -34.249  -26.616  76.312 0.0000000000
53037  -33.332  -26.757  74.243 0.0000000000
53749  -36.024  -25.328  85.680 0.0000000000
53775  -35.511  -25.041  83.808 0.0000000000
53785  -35.303  -24.510  82.658 0.0000000000
53797  -35.108  -25.271  81.845 0.0000000000
53807  -34.544  -24.651  80.732 0.0000000000
53808  -34.942  -25.450  81.124 0.0000000000
53822  -34.063  -25.143  79.250 0.0000000000
53837  -32.915  -24.670  77.052 0.0000000000
53845  -33.122  -25.291  76.581 0.0000000000
54626  -36.185  -24.561  85.220 0.0000000000
54641  -35.881  -24.445  84.304 0.0000000000
54642  -36.362  -24.045  84.767 0.0000000000
54669  -35.322  -24.181  82.459 0.0000000000
54681  -34.723  -24.192  81.138 0.0000000000
54682  -35.049  -24.087  81.808 0.0000000000
54705  -33.609  -24.059  78.877 0.0000000000
54721  -33.488  -24.200  78.152 0.0000000000
54734  -32.822  -24.174  76.546 0.0000000000
54759  -32.276  -23.684  74.867 0.0000000000
54776  -41.425  -24.535  74.430 0.0000000000
55573  -37.116  -23.452  83.908 0.0000000000
55574  -38.034  -23.284  83.962 0.0000000000
55583  -35.658  -23.988  82.979 0.0000000000
55597  -36.086  -23.711  81.764 0.0000000000
55599  -38.016  -23.897  81.106 0.0000000000
55634  -34.906  -23.708  79.681 0.0000000000
55637  -39.573  -24.164  80.228 0.0000000000
55680  -32.544  -23.350  75.089 0.0000000000
56494  -38.656  -22.885  84.662 0.0000000000
56503  -40.810  -21.827  84.278 0.0000000000
56511  -39.729  -23.078  83.166 0.0000000000
56519  -40.851  -23.382  81.755 0.0000000000
56520  -41.407  -23.213  81.503 0.0000000000
56554  -43.600  -22.574  77.711 0.0000000000
56583  -31.944  -23.172  73.911 0.0000000000
57550  -44.235  -21.111  73.274 0.0000000000
58443  -43.693  -20.052  82.569 0.0000000000
58526  -45.660  -20.077  74.662 0.0000000000
62418  -46.688  -15.930  80.545 0.0000000000
62525  -41.295  -15.617  68.160 0.0000000000
63368  -46.894  -15.333  80.055 0.0000000000
64374  -46.291  -14.233  77.151 0.0000000000
64516  -48.332  -14.822  66.399 0.0000000000
64527  -46.651  -14.789  65.239 0.0000000000
64543  -47.106  -14.710  64.587 0.0000000000
64559  -45.666  -15.106  63.583 0.0000000000
64601  -46.508  -15.035  61.263 0.0000000000
65506  -50.823  -13.964  69.050 0.0000000000
66559  -49.294  -12.768  62.756 0.0000000000
73521  -53.827  -5.031  56.479 0.0000000000
123564  -17.680  -35.091  88.487 0.0000000000
123600  -34.385  -32.092  79.122 0.0000000000
124028  -35.700  -23.724  80.259 0.0000000000
124138  -45.260  -14.858  66.661 0.0000000000
124266  -34.774  -28.133  78.228 0.0000000000
124424  -29.346  -34.907  81.630 0.0000000000
124877  -34.776  -32.047  80.590 0.0000000000
125059  -48.656  -14.996  68.778 0.0000000000
126122  -33.413  -32.002  79.015 0.0000000000
126305  -31.873  -36.747  76.263 0.0000000000
127337  -48.814  -14.746  70.051 0.0000000000
127797  -41.915  -24.361  78.128 0.0000000000
127898  -33.333  -24.746  77.802 0.0000000000
128867  -40.097  -22.314  84.007 0.0000000000
129630  -29.123  -35.957  77.681 0.0000000000
130215  -38.105  -31.640  77.049 0.0000000000
130448  -48.010  -14.733  70.863 0.0000000000
131311  -35.381  -28.184  83.298 0.0000000000
131706  -47.546  -14.491  63.989 0.0000000000
131730  -8.509  -34.521  93.640 0.0000000000
131801  -44.112  -14.824  71.470 0.0000000000
132271  -35.225  -25.051  82.532 0.0000000000
133793  -35.444  -26.563  82.598 0.0000000000
134541  -8.901  -33.356  93.385 0.0000000000
134964  -35.449  -26.895  84.582 0.0000000000
135596  -34.083  -31.750  74.831 0.0000000000
136272  -37.233  -32.081  79.358 0.0000000000
137569  -34.484  -25.356  79.739 0.0000000000
137693  -12.898  -32.979  92.778 0.0000000000
138113  -35.526  -28.364  85.842 0.0000000000
138547  -45.495  -20.325  75.851 0.0000000000
143687  -36.254  -23.749  83.456 0.0000000000
143974  -14.821  -33.859  90.029 0.0000000000
144170  -47.843  -6.717  54.568 0.0000000000
144256  -37.051  -31.172  73.297 0.0000000000
145357  -32.204  -23.257  74.489 0.0000000000
145696  -23.903  -35.482  84.812 0.0000000000
145879  -36.501  -24.104  78.723 0.0000000000
145960  -51.272  -13.006  71.234 0.0000000000
145986  -28.987  -32.809  87.687 0.0000000000
146136  -35.243  -28.852  82.181 0.0000000000
146309  -34.216  -31.358  80.430 0.0000000000
146619  -44.351  -19.926  71.207 0.0000000000
146896  -63.769  -0.942  46.916 0.0000000000
147035  -56.442  -3.517  55.630 0.0000000000
147129  -38.855  -23.915  81.263 0.0000000000
147184  -35.490  -27.793  85.827 0.0000000000
148012  -43.531  -35.942  75.054 0.0000000000
148075  -35.555  -23.720  80.961 0.0000000000
148291  -44.880  -20.623  78.425 0.0000000000
148956  -41.247  -33.996  73.932 0.0000000000
149440  -40.085  -15.163  65.823 0.0000000000
149681  -40.095  -37.689  82.362 0.0000000000
