#!ascii label  , from subject sub-v1s6x0051318_ses-1 vox2ras=TkReg
1448
67187  -21.028  -12.509  9.058 0.5555555820
67207  -22.104  -12.111  7.631 0.6666666865
68114  -22.506  -11.400  7.211 0.7777777910
68136  -23.251  -11.477  6.901 0.7777777910
69144  -23.276  -10.445  6.200 0.8888888955
69147  -26.537  -9.978  6.497 0.8888888955
67186  -20.524  -12.436  9.816 0.5555555820
68093  -20.633  -11.822  9.260 0.5555555820
69125  -21.333  -10.824  7.817 0.6666666865
69131  -22.075  -10.591  7.225 0.8888888955
138589  -23.978  -11.372  6.578 0.8888888955
69164  -24.518  -10.542  5.549 0.8888888955
70205  -26.241  -9.441  5.893 1.0000000000
69148  -27.527  -9.858  6.953 0.8888888955
71186  -28.618  -8.544  6.457 1.0000000000
69124  -20.806  -10.138  8.159 0.7777777910
70191  -21.423  -9.227  6.994 1.0000000000
71192  -21.714  -7.993  5.709 1.0000000000
70202  -22.698  -8.928  5.691 1.0000000000
71208  -23.864  -8.239  4.757 1.0000000000
71184  -22.092  -8.559  5.858 1.0000000000
71210  -25.278  -8.493  4.619 1.0000000000
72189  -23.453  -7.438  4.312 1.0000000000
72190  -24.319  -7.800  4.362 1.0000000000
72169  -26.591  -7.574  5.157 1.0000000000
72154  -29.082  -7.826  6.255 1.0000000000
72192  -26.036  -7.272  4.446 1.0000000000
72170  -27.389  -7.326  5.526 1.0000000000
72171  -29.422  -7.275  6.032 1.0000000000
73132  -29.463  -6.170  5.652 1.0000000000
124504  -31.112  -6.767  5.510 0.7777777910
72166  -20.850  -6.849  5.907 0.8888888955
72209  -24.319  -7.147  3.994 1.0000000000
73147  -22.257  -6.815  4.735 1.0000000000
73164  -23.550  -6.715  3.879 1.0000000000
73150  -26.130  -6.420  4.229 1.0000000000
130337  -27.401  -6.116  5.017 1.0000000000
74051  -28.758  -5.540  5.487 1.0000000000
140803  -31.234  -6.057  5.424 1.0000000000
73134  -31.870  -6.407  5.002 0.8888888955
74054  -31.661  -5.522  5.215 1.0000000000
74071  -32.407  -5.589  3.791 0.7777777910
74092  -32.179  -6.359  1.798 0.7777777910
74049  -20.756  -5.484  5.816 0.5555555820
75868  -21.566  -3.635  4.311 0.7777777910
74065  -21.646  -5.200  4.851 0.8888888955
74082  -24.516  -5.676  3.450 1.0000000000
144546  -24.945  -6.158  3.558 1.0000000000
125074  -23.453  -5.079  3.521 0.8888888955
74982  -25.522  -4.929  3.315 1.0000000000
74067  -26.887  -4.994  4.150 1.0000000000
145077  -29.755  -4.358  5.374 1.0000000000
74950  -31.182  -4.804  5.300 0.8888888955
136167  -31.429  -4.116  5.087 1.0000000000
127241  -32.201  -4.065  4.576 0.8888888955
75000  -31.576  -4.591  0.775 0.7777777910
74103  -31.980  -6.136  -0.046 0.6666666865
74102  -31.561  -5.413  -0.238 0.6666666865
75847  -19.349  -3.022  6.858 0.4444444478
142735  -21.091  -3.619  4.813 0.7777777910
76708  -20.701  -2.423  4.933 0.6666666865
76729  -22.553  -2.862  3.277 0.7777777910
75884  -23.142  -3.593  3.269 0.8888888955
74995  -25.334  -4.218  2.988 0.8888888955
74969  -28.059  -4.331  5.090 1.0000000000
75886  -26.616  -3.451  3.654 1.0000000000
136318  -28.001  -3.138  4.595 1.0000000000
75852  -30.857  -3.498  5.242 1.0000000000
76713  -31.861  -2.646  4.690 0.8888888955
138928  -32.504  -3.099  3.590 0.7777777910
75909  -31.948  -3.637  1.130 0.7777777910
141838  -32.709  -5.221  -1.218 0.5555555820
75917  -30.987  -3.902  0.182 0.7777777910
75932  -30.742  -3.696  -1.560 0.6666666865
77705  -20.701  -1.571  4.786 0.6666666865
149709  -20.393  -1.999  5.439 0.6666666865
76728  -22.084  -2.159  3.302 0.7777777910
76744  -23.976  -2.790  2.476 0.8888888955
76731  -26.208  -2.687  3.351 0.8888888955
76745  -25.045  -2.026  2.551 1.0000000000
146592  -27.278  -2.060  4.050 1.0000000000
76712  -29.032  -2.233  5.317 1.0000000000
76698  -30.352  -2.849  5.372 0.8888888955
77712  -32.347  -1.854  3.893 0.8888888955
76746  -32.617  -2.045  2.411 0.8888888955
76757  -32.402  -2.664  1.580 0.7777777910
78753  -32.247  -1.111  4.194 0.8888888955
77739  -32.554  -1.101  2.247 0.7777777910
77761  -31.286  -1.592  0.182 0.7777777910
75923  -30.453  -3.059  -1.596 0.7777777910
75938  -30.698  -3.358  -2.456 0.6666666865
78735  -20.363  -0.739  5.208 0.6666666865
78734  -19.717  -0.953  5.927 0.5555555820
77723  -21.795  -1.479  3.468 0.7777777910
77724  -22.388  -1.489  2.880 0.8888888955
145752  -26.112  -0.982  3.175 1.0000000000
132713  -26.607  -1.811  3.628 1.0000000000
130275  -29.535  -0.843  5.243 1.0000000000
77710  -30.236  -1.372  5.361 0.8888888955
77762  -31.817  -1.132  0.771 0.7777777910
78794  -31.386  -0.695  0.176 0.7777777910
77785  -29.552  -1.949  -2.446 0.6666666865
77814  -30.039  -1.545  -3.271 0.5555555820
76802  -30.254  -2.259  -3.298 0.5555555820
78748  -21.630  -0.581  3.720 0.7777777910
79769  -21.076  0.256  4.180 0.6666666865
78759  -22.168  -0.894  3.184 0.8888888955
78775  -25.565  -0.470  2.722 1.0000000000
127020  -26.567  -0.380  3.581 1.0000000000
79773  -30.393  0.588  4.971 0.8888888955
78752  -30.624  -0.393  5.168 0.8888888955
136805  -32.115  1.082  4.309 0.8888888955
142613  -32.478  -0.348  2.452 0.8888888955
79825  -31.583  0.155  0.685 0.7777777910
135551  -31.423  1.132  -0.497 0.7777777910
79835  -31.241  0.345  -0.679 0.7777777910
78818  -30.223  -0.981  -2.943 0.5555555820
80696  -31.823  1.802  1.300 0.7777777910
80720  -30.926  0.821  -1.923 0.5555555820
79872  -31.146  -0.059  -3.608 0.5555555820
80721  -30.988  1.536  -1.169 0.6666666865
81482  -18.732  2.325  5.686 0.4444444478
133422  -20.605  0.866  4.543 0.5555555820
79811  -22.800  0.734  1.925 0.7777777910
78785  -24.208  -0.064  1.784 1.0000000000
78783  -23.102  0.147  1.864 0.8888888955
79800  -26.096  0.679  3.081 1.0000000000
79785  -27.422  0.528  4.166 0.8888888955
80649  -28.920  1.287  4.604 0.8888888955
79772  -29.381  0.679  4.770 0.8888888955
80651  -31.218  1.249  4.659 0.8888888955
80663  -32.393  1.325  3.695 0.8888888955
80695  -31.642  1.479  0.331 0.6666666865
80732  -31.072  1.832  -2.209 0.5555555820
81521  -22.823  2.906  1.971 0.6666666865
81520  -22.387  2.238  2.269 0.6666666865
81523  -25.392  2.062  2.297 0.7777777910
81507  -26.941  2.080  3.358 0.8888888955
135611  -26.214  2.103  2.793 0.7777777910
133737  -27.314  2.759  3.473 0.7777777910
134124  -27.711  2.132  4.038 0.8888888955
142969  -28.769  3.312  4.148 0.7777777910
80661  -29.155  2.035  4.641 0.8888888955
81499  -31.024  2.958  4.598 0.7777777910
81500  -31.905  2.738  4.169 0.7777777910
80686  -32.392  2.199  2.271 0.6666666865
83212  -31.528  4.277  4.128 0.6666666865
82365  -32.704  3.734  2.938 0.6666666865
82379  -32.555  3.154  2.237 0.6666666865
81548  -31.843  2.294  0.448 0.5555555820
83226  -32.852  4.490  2.576 0.6666666865
83237  -32.869  4.328  1.681 0.5555555820
82405  -31.889  3.797  -0.946 0.5555555820
136124  -31.129  2.798  -1.948 0.4444444478
83249  -32.438  4.474  -0.770 0.5555555820
135954  -23.321  5.025  2.452 0.3333333433
83221  -23.329  4.344  2.221 0.3333333433
83235  -24.353  4.135  1.618 0.5555555820
82387  -24.585  3.473  1.655 0.6666666865
83223  -25.387  4.795  1.984 0.5555555820
82388  -25.174  3.500  1.949 0.7777777910
82361  -27.310  3.622  3.240 0.7777777910
83208  -27.713  4.485  3.248 0.6666666865
82362  -28.212  3.887  3.690 0.6666666865
82363  -29.101  4.052  4.043 0.6666666865
83211  -30.593  4.855  4.294 0.6666666865
84094  -32.020  5.550  3.548 0.6666666865
84095  -32.798  5.291  2.927 0.6666666865
136447  -32.913  4.601  0.073 0.5555555820
84141  -32.896  5.283  -0.495 0.5555555820
84123  -33.363  5.648  1.141 0.6666666865
84106  -24.261  5.597  1.894 0.4444444478
84104  -23.154  5.467  2.653 0.4444444478
83222  -23.928  4.806  1.951 0.4444444478
84984  -24.530  6.397  1.844 0.5555555820
84121  -24.697  4.846  1.712 0.5555555820
84108  -26.828  5.329  2.539 0.6666666865
83224  -26.182  4.633  2.416 0.6666666865
135834  -27.407  4.984  2.862 0.6666666865
83209  -28.551  4.738  3.619 0.6666666865
139711  -30.050  5.525  4.038 0.6666666865
84952  -31.576  6.402  3.447 0.6666666865
84975  -32.870  6.575  2.490 0.6666666865
84989  -33.504  6.463  1.036 0.5555555820
84132  -33.289  5.921  0.248 0.6666666865
84972  -27.364  6.196  2.430 0.6666666865
84109  -27.515  5.518  2.757 0.6666666865
132089  -28.152  6.624  2.541 0.6666666865
84091  -28.603  5.476  3.353 0.6666666865
84110  -28.055  5.889  2.901 0.6666666865
84974  -32.029  7.010  2.825 0.6666666865
69130  -21.322  -9.975  7.454 1.0000000000
70192  -22.151  -9.270  6.340 1.0000000000
70216  -24.178  -9.266  5.102 1.0000000000
70206  -26.706  -8.701  5.833 1.0000000000
76695  -20.316  -2.591  5.750 0.5555555820
77698  -30.731  -2.080  5.331 0.8888888955
79756  -19.703  0.096  5.644 0.5555555820
81494  -19.988  2.579  4.730 0.5555555820
79782  -22.272  -0.136  3.088 0.7777777910
79783  -26.081  -0.060  3.122 1.0000000000
138957  -32.416  0.830  2.918 0.8888888955
81483  -19.356  2.774  5.239 0.2222222239
81558  -31.796  2.669  -0.363 0.6666666865
82360  -26.671  2.886  2.965 0.7777777910
81567  -31.447  3.092  -1.052 0.4444444478
84107  -25.908  5.442  2.237 0.6666666865
84987  -26.921  6.870  2.039 0.6666666865
77678  -18.833  -1.717  6.623 0.4444444478
78733  -18.934  -0.412  6.419 0.4444444478
85007  -33.176  6.102  -0.683 0.5555555820
84148  -32.377  5.538  -1.950 0.5555555820
135092  -23.401  6.124  2.584 0.2222222239
134258  -23.818  6.296  2.288 0.3333333433
84999  -33.512  6.794  0.068 0.5555555820
144151  -21.575  -13.675  9.533 0.5555555820
66197  -22.156  -13.912  9.195 0.5555555820
67194  -22.237  -12.863  8.072 0.6666666865
67208  -22.680  -12.626  7.614 0.5555555820
135006  -23.888  -12.682  7.590 0.5555555820
68139  -26.193  -10.887  7.259 0.7777777910
69132  -26.924  -10.426  7.190 0.8888888955
66180  -21.156  -13.745  10.322 0.5555555820
68115  -23.738  -12.079  7.136 0.6666666865
68116  -24.605  -11.595  7.089 0.6666666865
68138  -25.260  -10.994  6.589 0.8888888955
69133  -27.809  -10.584  7.475 0.7777777910
69149  -28.640  -10.009  7.260 0.7777777910
146548  -29.734  -9.320  6.618 0.8888888955
136942  -20.457  -13.016  11.027 0.4444444478
69096  -20.363  -11.140  9.491 0.5555555820
71187  -29.698  -8.659  6.466 1.0000000000
70160  -20.384  -9.662  9.153 0.2222222239
70186  -20.785  -9.174  7.701 0.6666666865
72172  -30.974  -7.710  5.714 0.8888888955
141927  -31.771  -7.798  4.451 0.6666666865
73152  -32.275  -6.372  4.114 0.7777777910
73181  -32.562  -7.118  1.848 0.6666666865
72141  -20.439  -7.451  7.342 0.5555555820
73186  -32.495  -6.747  1.081 0.6666666865
73094  -19.868  -6.205  7.331 0.4444444478
74104  -32.977  -6.225  -0.348 0.5555555820
75018  -33.306  -4.576  -1.719 0.5555555820
74931  -18.933  -4.242  7.653 0.2222222239
75022  -32.743  -3.968  -2.253 0.5555555820
76682  -19.061  -2.314  6.681 0.4444444478
75944  -32.258  -2.956  -3.196 0.5555555820
78715  -16.487  0.321  7.269 0.3333333433
77816  -32.816  -1.676  -4.003 0.5555555820
80634  -18.920  1.543  5.800 0.4444444478
78847  -31.657  0.056  -4.870 0.4444444478
130780  -18.494  2.670  5.837 0.3333333433
138290  -30.861  1.438  -4.808 0.5555555820
81577  -31.222  2.499  -3.033 0.4444444478
83220  -22.823  4.660  2.720 0.3333333433
83219  -22.218  4.052  3.104 0.3333333433
82375  -22.646  3.784  2.542 0.4444444478
82412  -31.407  3.606  -1.801 0.4444444478
84147  -31.865  4.844  -2.234 0.4444444478
85017  -32.262  6.193  -2.381 0.2222222239
84985  -25.281  6.550  1.798 0.6666666865
85877  -27.683  7.017  2.013 0.6666666865
84950  -28.890  6.245  3.111 0.6666666865
85861  -30.167  7.022  3.227 0.6666666865
85881  -31.278  7.769  2.813 0.6666666865
85882  -32.162  7.762  2.527 0.6666666865
144232  -32.659  7.211  2.413 0.6666666865
137551  -33.375  6.932  1.531 0.6666666865
85912  -33.571  7.268  0.970 0.4444444478
85926  -32.871  7.012  -2.045 0.3333333433
67193  -21.553  -12.401  8.326 0.6666666865
66196  -21.099  -13.076  9.688 0.5555555820
66205  -21.717  -13.162  8.864 0.6666666865
66226  -22.928  -13.151  7.892 0.6666666865
68101  -21.399  -11.650  8.036 0.6666666865
128001  -22.893  -12.119  7.245 0.7777777910
68113  -21.849  -11.337  7.553 0.7777777910
68135  -22.867  -10.826  6.786 0.8888888955
149228  -23.482  -10.989  6.487 0.8888888955
147598  -24.334  -10.024  5.328 1.0000000000
70193  -22.970  -9.700  5.975 1.0000000000
69145  -24.009  -10.835  5.981 0.8888888955
69143  -22.559  -10.100  6.604 1.0000000000
69146  -25.873  -10.495  6.420 0.8888888955
66195  -20.550  -13.020  10.417 0.4444444478
67173  -20.359  -12.337  10.564 0.4444444478
68079  -20.279  -11.837  9.896 0.5555555820
68094  -21.040  -11.922  8.621 0.6666666865
68100  -20.831  -11.112  8.618 0.5555555820
68137  -24.654  -11.135  6.005 0.8888888955
69165  -25.850  -10.117  5.908 1.0000000000
70194  -27.113  -9.283  6.363 1.0000000000
127741  -25.475  -9.723  5.458 1.0000000000
71195  -25.814  -8.798  5.313 1.0000000000
70195  -28.124  -9.252  6.662 1.0000000000
71197  -27.120  -8.010  5.709 1.0000000000
69113  -20.532  -10.272  9.022 0.5555555820
70176  -20.483  -9.406  8.568 0.6666666865
69142  -21.945  -9.808  6.978 1.0000000000
71176  -21.004  -8.626  7.098 0.8888888955
71183  -21.494  -8.500  6.434 0.8888888955
71182  -20.866  -7.998  6.853 0.8888888955
140814  -21.201  -7.843  6.235 1.0000000000
71194  -23.279  -8.613  5.220 1.0000000000
71207  -23.126  -7.937  4.866 1.0000000000
70217  -25.039  -9.209  4.880 1.0000000000
71196  -26.415  -8.209  5.364 1.0000000000
72188  -22.651  -7.447  4.706 1.0000000000
73148  -22.859  -6.887  4.167 1.0000000000
71198  -28.022  -7.740  6.101 1.0000000000
72155  -30.046  -7.799  6.195 0.8888888955
124557  -28.583  -7.126  5.850 1.0000000000
73151  -26.867  -6.746  4.908 1.0000000000
73166  -25.003  -6.782  3.810 1.0000000000
124656  -27.814  -6.681  5.471 1.0000000000
145849  -29.229  -6.773  5.819 1.0000000000
72173  -31.623  -7.327  5.071 0.8888888955
72193  -32.049  -7.167  4.336 0.7777777910
73129  -21.450  -6.670  5.324 1.0000000000
73114  -20.480  -6.496  6.585 0.5555555820
72153  -20.727  -7.287  6.527 0.6666666865
72167  -21.270  -7.378  5.738 1.0000000000
147003  -20.267  -6.869  7.135 0.5555555820
126016  -22.610  -6.197  4.394 1.0000000000
73146  -21.951  -6.047  4.873 0.8888888955
73163  -23.121  -6.274  3.994 1.0000000000
74084  -26.051  -5.496  3.804 1.0000000000
74068  -27.460  -5.409  4.828 1.0000000000
74069  -28.079  -5.030  5.222 1.0000000000
74052  -29.748  -5.279  5.467 1.0000000000
74971  -32.404  -4.783  4.290 0.8888888955
123976  -31.918  -5.668  1.853 0.7777777910
74098  -31.943  -6.139  0.894 0.6666666865
74031  -19.691  -5.359  7.276 0.5555555820
74032  -20.319  -5.616  6.575 0.5555555820
74933  -19.967  -4.771  6.813 0.6666666865
74947  -21.076  -4.932  5.433 0.6666666865
73128  -20.775  -6.188  5.849 0.7777777910
74050  -21.256  -5.775  5.329 0.7777777910
74966  -21.353  -4.308  4.866 0.7777777910
75866  -20.717  -3.180  5.251 0.6666666865
75883  -22.347  -3.649  3.797 0.8888888955
74967  -22.198  -4.575  4.366 0.8888888955
74979  -22.959  -4.469  3.653 0.8888888955
74066  -22.283  -5.490  4.521 0.8888888955
74080  -22.942  -5.450  4.029 1.0000000000
74980  -23.791  -4.410  3.107 0.8888888955
74983  -26.201  -4.394  3.550 1.0000000000
75849  -28.350  -3.739  5.136 1.0000000000
75870  -31.685  -3.389  4.887 0.8888888955
75901  -32.469  -3.856  2.476 0.8888888955
74996  -32.149  -4.796  2.401 0.7777777910
75001  -31.805  -5.188  1.323 0.7777777910
136319  -30.967  -4.181  -0.557 0.6666666865
149341  -33.118  -5.623  -0.880 0.5555555820
75011  -31.312  -4.488  -1.179 0.6666666865
76681  -18.729  -2.550  7.191 0.3333333433
75838  -18.911  -3.349  7.409 0.3333333433
75848  -20.140  -3.376  6.198 0.4444444478
74965  -20.766  -4.056  5.580 0.6666666865
76709  -20.976  -2.143  4.248 0.6666666865
75882  -21.765  -2.895  3.752 0.7777777910
75900  -25.090  -3.454  2.695 0.8888888955
74984  -27.117  -4.122  4.004 1.0000000000
76710  -27.653  -2.586  4.238 1.0000000000
76733  -32.528  -2.324  3.310 0.7777777910
145367  -31.188  -2.322  0.260 0.7777777910
75939  -31.736  -3.491  -2.626 0.5555555820
76743  -23.490  -2.117  2.397 0.8888888955
77708  -28.639  -1.445  4.926 1.0000000000
77775  -30.756  -1.391  -0.740 0.7777777910
131632  -30.733  -2.201  -0.498 0.7777777910
76792  -29.720  -2.330  -2.673 0.6666666865
78717  -18.303  -1.009  6.823 0.4444444478
77737  -24.537  -1.331  2.307 0.8888888955
78749  -27.952  -0.882  4.472 1.0000000000
78750  -28.762  -0.485  4.776 0.8888888955
78786  -31.890  -0.458  1.086 0.7777777910
143495  -30.990  -0.513  -0.821 0.6666666865
78831  -31.144  -0.593  -3.703 0.5555555820
77815  -31.483  -1.347  -3.696 0.5555555820
79755  -19.412  1.040  5.627 0.5555555820
79781  -21.673  0.532  3.496 0.6666666865
78773  -23.104  -0.504  2.070 0.8888888955
79770  -28.090  0.104  4.484 1.0000000000
79788  -32.427  0.095  3.099 0.8888888955
79814  -31.635  0.966  1.068 0.8888888955
79847  -30.797  -0.132  -2.535 0.6666666865
80675  -32.386  2.086  3.385 0.8888888955
80731  -31.122  0.884  -2.892 0.5555555820
80647  -20.380  1.691  4.667 0.5555555820
80648  -21.174  1.367  4.110 0.5555555820
79798  -24.627  0.473  1.950 1.0000000000
80672  -24.404  1.165  1.669 0.7777777910
80683  -22.587  1.464  2.055 0.7777777910
80659  -27.217  1.277  3.789 0.8888888955
80674  -25.775  1.297  2.719 0.7777777910
81576  -31.169  1.819  -3.585 0.5555555820
82374  -22.129  3.001  2.631 0.5555555820
82376  -23.403  3.550  1.812 0.4444444478
81536  -23.545  2.721  1.520 0.6666666865
81537  -24.935  2.795  1.943 0.6666666865
80685  -23.769  1.642  1.434 0.7777777910
80670  -21.662  1.511  3.177 0.7777777910
81506  -21.405  2.288  3.800 0.6666666865
135162  -25.784  3.015  2.396 0.7777777910
81522  -24.610  1.930  1.711 0.7777777910
81509  -29.361  2.747  4.505 0.7777777910
82348  -29.647  3.438  4.458 0.6666666865
81524  -32.485  2.893  3.129 0.6666666865
82364  -32.158  3.600  3.699 0.6666666865
133125  -31.524  5.018  3.973 0.6666666865
134327  -32.552  3.546  1.432 0.5555555820
82396  -32.352  3.172  0.366 0.5555555820
83256  -31.877  4.305  -1.599 0.4444444478
82418  -31.205  3.342  -3.066 0.4444444478
83257  -32.407  4.998  -1.401 0.5555555820
83234  -23.860  4.042  1.708 0.4444444478
82377  -25.645  3.985  2.174 0.6666666865
82378  -26.449  3.756  2.621 0.7777777910
84953  -32.491  6.145  3.070 0.6666666865
84988  -33.302  6.230  1.866 0.6666666865
84122  -25.125  5.654  1.771 0.5555555820
84970  -25.751  6.088  2.071 0.6666666865
84951  -29.942  6.246  3.571 0.6666666865
139639  -30.769  6.578  3.591 0.6666666865
85862  -31.021  7.144  3.183 0.6666666865
79754  -18.723  0.659  6.348 0.4444444478
82344  -20.413  2.974  4.431 0.3333333433
77677  -18.486  -1.821  6.977 0.4444444478
79737  -17.895  -0.030  6.836 0.4444444478
84153  -31.664  5.485  -2.694 0.3333333433
130593  -33.636  7.704  -0.734 0.3333333433
138757  -27.100  -11.100  7.674 0.6666666865
65217  -20.834  -14.204  10.890 0.5555555820
71188  -30.621  -8.568  6.059 0.7777777910
68078  -20.240  -11.531  10.189 0.4444444478
134422  -32.237  -7.205  3.349 0.6666666865
71175  -20.627  -8.197  7.578 0.7777777910
74932  -19.562  -3.942  7.051 0.3333333433
74030  -19.449  -4.687  7.360 0.3333333433
148872  -19.010  -4.745  7.749 0.1111111119
78716  -17.782  -0.371  6.988 0.4444444478
79753  -17.445  0.753  6.761 0.3333333433
80633  -18.276  1.543  6.330 0.3333333433
82359  -21.749  3.591  3.541 0.3333333433
85883  -32.871  7.772  2.194 0.6666666865
134575  -33.609  7.985  1.018 0.4444444478
65246  -25.777  -14.777  8.702 0.4444444478
64163  -27.542  -15.940  8.470 0.2222222239
65230  -22.518  -14.714  9.592 0.4444444478
130259  -23.160  -14.628  9.363 0.4444444478
65243  -22.850  -14.076  9.013 0.4444444478
65244  -23.786  -14.019  9.208 0.4444444478
66209  -25.467  -13.755  8.609 0.4444444478
65247  -26.568  -14.364  8.227 0.4444444478
65266  -27.959  -15.294  7.398 0.2222222239
66228  -24.578  -13.003  8.135 0.4444444478
66229  -25.810  -13.069  8.130 0.4444444478
65267  -28.741  -15.485  6.845 0.1111111119
65268  -29.683  -15.391  6.341 0.1111111119
67212  -26.558  -12.656  7.906 0.4444444478
66232  -28.093  -14.418  7.170 0.3333333433
67210  -24.342  -12.366  7.473 0.4444444478
67211  -25.080  -12.309  7.677 0.4444444478
66231  -27.356  -13.442  7.631 0.3333333433
66233  -28.719  -13.470  7.055 0.3333333433
65278  -29.508  -15.178  6.048 0.2222222239
129981  -28.060  -13.136  7.464 0.3333333433
139483  -25.851  -12.168  7.919 0.4444444478
67223  -29.996  -12.843  6.416 0.2222222239
139469  -30.252  -13.940  4.782 0.1111111119
66266  -32.181  -14.626  3.933 0.1111111119
67215  -29.342  -12.582  7.044 0.3333333433
69150  -29.359  -10.813  7.247 0.4444444478
69151  -30.090  -10.902  6.613 0.5555555820
69167  -31.093  -10.842  4.937 0.6666666865
68179  -31.696  -11.447  3.538 0.4444444478
70197  -30.365  -9.436  6.319 0.6666666865
69199  -33.136  -10.278  3.315 0.3333333433
138016  -31.275  -9.214  4.808 0.6666666865
129544  -32.439  -9.768  3.182 0.5555555820
71199  -31.207  -8.610  5.371 0.6666666865
71223  -32.288  -8.491  2.965 0.5555555820
70240  -33.573  -9.000  2.550 0.5555555820
143840  -33.128  -9.600  2.936 0.4444444478
71235  -33.583  -8.329  2.161 0.3333333433
71212  -31.618  -8.448  4.152 0.5555555820
72245  -34.237  -7.053  1.026 0.4444444478
73187  -33.504  -6.646  0.461 0.5555555820
72222  -33.160  -7.772  1.810 0.4444444478
74113  -34.092  -5.503  -0.752 0.4444444478
84973  -28.851  7.039  2.634 0.5555555820
143293  -28.273  7.229  2.154 0.5555555820
85879  -29.531  7.472  2.770 0.5555555820
86842  -30.594  8.483  2.707 0.5555555820
86843  -31.577  8.476  2.608 0.5555555820
87783  -31.943  9.226  2.521 0.5555555820
65233  -25.190  -15.000  9.287 0.4444444478
65248  -27.129  -15.318  8.272 0.2222222239
66206  -22.521  -13.476  8.532 0.4444444478
65277  -28.727  -14.843  6.527 0.2222222239
66246  -29.782  -14.224  5.451 0.2222222239
66255  -29.890  -15.017  4.861 0.1111111119
68157  -30.673  -11.841  4.599 0.4444444478
67233  -30.619  -12.761  4.224 0.3333333433
68140  -30.417  -11.884  6.081 0.4444444478
70208  -31.031  -10.025  4.345 0.6666666865
69197  -31.373  -10.801  3.539 0.4444444478
72235  -34.793  -7.468  1.522 0.3333333433
73188  -34.865  -6.484  0.541 0.4444444478
75934  -34.200  -3.964  -2.269 0.4444444478
86840  -28.927  8.673  2.050 0.5555555820
87797  -28.734  9.425  1.709 0.5555555820
66227  -23.615  -13.136  7.927 0.4444444478
141195  -32.465  -11.635  3.610 0.2222222239
86844  -32.453  8.468  2.377 0.5555555820
63143  -23.628  -16.489  10.085 0.4444444478
63165  -24.460  -16.384  9.797 0.4444444478
64146  -25.196  -15.892  9.470 0.4444444478
63179  -26.402  -16.188  8.735 0.2222222239
63180  -27.108  -16.386  8.853 0.2222222239
64147  -27.891  -16.228  9.062 0.1111111119
64124  -21.982  -15.007  10.341 0.4444444478
64125  -22.634  -15.513  10.145 0.4444444478
64186  -28.347  -15.616  7.528 0.1111111119
64187  -28.926  -15.657  7.190 0.1111111119
64204  -30.363  -15.641  5.823 0.1111111119
65286  -30.207  -16.108  4.855 0.1111111119
64228  -31.238  -16.735  4.742 0.1111111119
65294  -32.643  -15.473  3.681 0.1111111119
67244  -32.647  -13.541  3.777 0.1111111119
68171  -34.167  -12.015  3.867 0.2222222239
70228  -34.049  -9.660  3.101 0.1111111119
68181  -33.451  -11.237  3.600 0.2222222239
72223  -35.257  -7.987  1.940 0.2222222239
72236  -36.003  -7.586  1.408 0.2222222239
73182  -35.440  -7.031  0.991 0.3333333433
74122  -35.220  -4.853  -1.477 0.4444444478
75023  -35.691  -4.281  -2.574 0.3333333433
75941  -35.162  -3.521  -3.046 0.3333333433
130610  -32.815  -3.362  -2.841 0.4444444478
75946  -34.624  -2.953  -3.575 0.3333333433
133205  -21.665  3.049  3.374 0.4444444478
79885  -31.187  0.825  -5.184 0.4444444478
83269  -30.871  4.146  -3.599 0.3333333433
130424  -25.561  7.209  1.823 0.4444444478
86857  -33.553  8.673  1.414 0.5555555820
85898  -27.290  7.559  1.854 0.5555555820
86856  -28.351  8.528  1.806 0.5555555820
87781  -29.972  9.245  2.465 0.5555555820
87782  -30.959  9.256  2.561 0.5555555820
88687  -31.321  10.048  2.461 0.5555555820
87796  -27.947  9.271  1.699 0.5555555820
65229  -21.790  -14.301  9.873 0.4444444478
68117  -25.554  -11.560  7.480 0.5555555820
68118  -26.407  -11.661  7.831 0.5555555820
69134  -28.580  -10.940  7.541 0.6666666865
137219  -30.398  -10.254  6.333 0.6666666865
148322  -32.200  -7.887  3.029 0.5555555820
141590  -32.519  -7.779  2.460 0.5555555820
72233  -33.184  -7.137  1.151 0.4444444478
76804  -33.129  -2.367  -3.634 0.4444444478
136941  -31.112  4.780  -3.089 0.3333333433
66207  -23.259  -13.562  8.441 0.4444444478
147141  -28.525  -11.521  7.535 0.3333333433
67213  -27.432  -12.182  7.801 0.3333333433
131010  -25.138  -14.249  9.130 0.4444444478
64162  -26.409  -15.426  8.497 0.4444444478
64161  -25.802  -15.701  8.864 0.3333333433
140095  -26.906  -15.958  8.489 0.3333333433
64164  -28.158  -15.767  8.348 0.1111111119
64143  -23.138  -15.306  9.635 0.4444444478
64144  -23.751  -15.798  9.674 0.4444444478
65231  -23.801  -14.901  9.494 0.4444444478
66208  -23.936  -13.477  8.484 0.4444444478
65232  -24.536  -14.482  9.354 0.4444444478
65245  -24.624  -13.741  9.015 0.4444444478
65265  -27.362  -14.390  7.626 0.4444444478
66230  -26.737  -13.597  7.860 0.4444444478
64185  -27.788  -15.517  7.961 0.2222222239
65279  -30.027  -15.837  5.377 0.1111111119
65249  -29.729  -15.598  7.032 0.1111111119
66245  -29.303  -13.799  6.437 0.3333333433
67214  -28.486  -12.243  7.477 0.3333333433
130893  -29.789  -15.395  5.160 0.2222222239
67224  -30.330  -12.939  5.218 0.2222222239
132212  -30.739  -13.621  4.432 0.1111111119
66264  -30.368  -14.985  4.625 0.1111111119
125787  -31.632  -13.474  4.188 0.1111111119
65293  -31.881  -16.049  4.160 0.1111111119
68120  -29.781  -11.765  6.888 0.3333333433
68170  -30.858  -11.107  3.829 0.4444444478
68180  -32.321  -10.957  3.399 0.3333333433
68169  -30.728  -11.986  3.833 0.4444444478
67243  -31.878  -12.324  3.806 0.3333333433
69200  -34.382  -10.411  3.446 0.1111111119
69198  -32.112  -10.346  3.300 0.4444444478
70218  -31.352  -9.317  3.907 0.5555555820
129813  -31.638  -9.938  3.443 0.5555555820
71234  -32.888  -8.477  2.334 0.5555555820
70241  -34.820  -9.066  2.744 0.3333333433
74114  -35.435  -5.462  -0.723 0.4444444478
86841  -29.613  8.384  2.514 0.5555555820
85878  -28.008  7.718  1.822 0.5555555820
64145  -24.500  -15.408  9.533 0.4444444478
65292  -30.837  -16.217  4.541 0.1111111119
63166  -25.862  -16.334  9.255 0.4444444478
63167  -26.580  -16.609  9.372 0.2222222239
64116  -21.393  -15.258  10.912 0.4444444478
64165  -28.717  -15.613  8.095 0.1111111119
64205  -30.869  -16.830  5.222 0.1111111119
59183  -23.486  -20.687  15.364 0.1111111119
60175  -21.332  -19.862  13.327 0.3333333433
60165  -22.962  -19.871  14.262 0.2222222239
59210  -23.013  -20.401  14.805 0.2222222239
136347  -24.141  -20.418  15.510 0.1111111119
60140  -23.723  -19.947  14.993 0.1111111119
62167  -20.087  -17.424  13.420 0.3333333433
61141  -20.420  -18.295  13.411 0.3333333433
60174  -20.444  -19.409  13.614 0.3333333433
60186  -22.553  -19.169  12.724 0.3333333433
60187  -23.434  -18.792  12.903 0.3333333433
60176  -23.097  -19.373  13.489 0.2222222239
61124  -23.709  -19.348  14.320 0.2222222239
60166  -24.315  -19.421  14.841 0.1111111119
61143  -23.859  -18.822  13.710 0.2222222239
63114  -19.865  -16.021  13.232 0.2222222239
63103  -20.169  -16.800  13.000 0.2222222239
62178  -20.609  -17.620  12.869 0.3333333433
61153  -21.072  -18.354  12.813 0.3333333433
61154  -21.805  -18.765  12.497 0.3333333433
64106  -20.443  -15.380  12.005 0.2222222239
63115  -20.236  -16.078  12.454 0.3333333433
62192  -20.644  -16.978  12.080 0.3333333433
63127  -21.262  -16.009  11.207 0.3333333433
149309  -21.055  -16.663  11.499 0.3333333433
62194  -22.293  -17.415  11.539 0.3333333433
61167  -23.467  -18.010  11.772 0.3333333433
62195  -23.073  -17.544  11.377 0.3333333433
127648  -23.704  -17.686  11.213 0.3333333433
62180  -24.655  -18.067  12.037 0.3333333433
61157  -24.562  -18.281  12.626 0.1111111119
62197  -25.246  -17.853  11.760 0.2222222239
65191  -20.526  -14.546  12.156 0.2222222239
131086  -20.667  -14.872  11.640 0.3333333433
63141  -22.006  -15.783  10.752 0.3333333433
63128  -21.905  -16.642  11.192 0.3333333433
63142  -22.814  -16.339  10.590 0.3333333433
62210  -23.485  -17.152  10.715 0.3333333433
146055  -24.127  -17.048  10.215 0.3333333433
133364  -24.738  -17.872  11.363 0.3333333433
66150  -20.663  -13.425  12.745 0.3333333433
65204  -20.686  -14.250  11.476 0.3333333433
136040  -25.327  -16.590  9.877 0.3333333433
74105  -35.688  -5.964  -0.015 0.2222222239
75020  -36.446  -4.772  -2.332 0.2222222239
74115  -36.666  -5.748  -0.785 0.2222222239
77829  -32.635  -0.863  -4.507 0.3333333433
77830  -33.478  -1.240  -4.447 0.2222222239
144736  -22.183  -19.970  13.319 0.3333333433
61125  -24.411  -18.873  14.383 0.1111111119
64105  -20.096  -15.175  12.803 0.3333333433
61165  -21.982  -18.005  12.014 0.3333333433
61166  -22.719  -18.015  11.867 0.3333333433
61155  -23.101  -18.489  12.309 0.3333333433
61156  -23.955  -18.270  12.338 0.3333333433
63126  -20.630  -16.167  11.663 0.3333333433
65205  -20.935  -14.766  11.143 0.3333333433
63144  -24.857  -17.107  10.274 0.3333333433
58228  -23.303  -21.445  15.670 0.1111111119
61140  -19.700  -18.631  13.967 0.3333333433
59219  -20.768  -20.233  13.697 0.3333333433
59208  -21.434  -20.518  13.775 0.3333333433
59209  -22.262  -20.512  14.268 0.3333333433
58229  -24.176  -21.100  15.912 0.1111111119
59184  -24.658  -20.534  15.813 0.1111111119
60141  -24.620  -19.863  15.418 0.1111111119
61126  -25.107  -18.414  14.359 0.1111111119
64093  -19.888  -15.458  13.487 0.2222222239
61145  -25.173  -18.134  13.569 0.1111111119
125817  -25.826  -17.690  12.311 0.1111111119
65190  -20.452  -14.199  12.775 0.2222222239
134085  -25.797  -17.634  11.487 0.1111111119
62212  -25.261  -17.647  10.894 0.1111111119
63145  -26.053  -16.840  9.997 0.1111111119
75935  -36.586  -4.291  -2.796 0.2222222239
79887  -32.969  0.234  -5.129 0.2222222239
78832  -33.776  -0.457  -4.515 0.2222222239
67172  -20.385  -12.153  11.084 0.2222222239
71164  -20.393  -8.485  8.255 0.5555555820
66179  -20.558  -13.634  10.993 0.3333333433
65218  -21.362  -14.543  10.594 0.4444444478
66160  -20.665  -13.533  11.918 0.2222222239
76806  -35.305  -2.294  -3.633 0.2222222239
60185  -21.894  -19.575  12.837 0.3333333433
61142  -21.192  -19.099  13.042 0.3333333433
63102  -19.666  -16.779  13.781 0.2222222239
62166  -19.627  -17.735  13.920 0.2222222239
145293  -22.425  -18.521  12.278 0.3333333433
138682  -24.175  -18.489  13.074 0.2222222239
62179  -21.280  -17.846  12.352 0.3333333433
61144  -24.542  -18.455  13.762 0.1111111119
64115  -20.840  -15.433  11.394 0.3333333433
62193  -21.455  -17.279  11.727 0.3333333433
62209  -22.729  -16.991  11.114 0.3333333433
62211  -24.334  -17.595  10.807 0.3333333433
62181  -25.165  -18.080  12.644 0.1111111119
142093  -25.556  -17.133  10.358 0.1111111119
57288  -23.103  -22.143  16.035 0.1111111119
59182  -22.579  -21.066  15.037 0.2222222239
59218  -20.088  -20.227  14.004 0.3333333433
60173  -19.658  -19.429  14.196 0.2222222239
59207  -20.549  -20.969  14.122 0.3333333433
58249  -21.537  -21.256  14.455 0.3333333433
62150  -19.393  -17.265  14.651 0.2222222239
75021  -36.861  -4.822  -2.096 0.1111111119
75013  -37.060  -5.054  -1.014 0.1111111119
149499  -36.816  -3.492  -0.222 0.1111111119
75925  -37.002  -4.322  -1.468 0.1111111119
77787  -36.495  -2.374  -1.564 0.1111111119
77776  -36.189  -1.493  -0.985 0.1111111119
77818  -34.599  -1.799  -4.077 0.1111111119
131640  -35.738  -0.987  -1.341 0.1111111119
77819  -35.034  -1.422  -3.599 0.1111111119
78809  -35.455  -0.966  -2.077 0.1111111119
80754  -30.712  1.798  -5.352 0.2222222239
78833  -34.453  -0.997  -4.092 0.1111111119
78819  -34.788  -0.533  -3.209 0.1111111119
82424  -30.307  3.448  -4.906 0.1111111119
82425  -30.633  3.549  -4.202 0.2222222239
136339  -30.322  4.804  -4.067 0.1111111119
81590  -30.498  2.506  -5.131 0.1111111119
130653  -29.835  4.507  -5.007 0.1111111119
84160  -30.738  5.411  -3.564 0.1111111119
86853  -25.783  8.531  1.909 0.4444444478
145860  -27.005  7.958  1.856 0.4444444478
85022  -30.118  6.020  -3.948 0.1111111119
87780  -29.314  9.147  2.137 0.4444444478
86864  -33.824  8.539  0.606 0.3333333433
85936  -33.056  8.025  -2.229 0.1111111119
85944  -31.118  6.800  -3.548 0.1111111119
130979  -31.083  7.615  -3.689 0.1111111119
87798  -29.343  9.931  1.782 0.4444444478
134794  -28.951  10.091  1.275 0.4444444478
89593  -29.343  11.371  1.590 0.4444444478
131483  -30.300  9.983  2.263 0.4444444478
141832  -30.604  10.602  2.321 0.4444444478
88689  -32.945  10.465  2.461 0.4444444478
88690  -33.578  10.529  2.244 0.4444444478
139566  -33.671  9.929  1.836 0.2222222239
87804  -34.372  10.020  0.587 0.2222222239
87803  -34.130  9.203  0.131 0.2222222239
87806  -33.826  9.220  -0.871 0.2222222239
86885  -33.319  8.873  -1.983 0.2222222239
92194  -35.030  14.559  0.436 0.1111111119
90508  -34.936  12.409  -0.407 0.1111111119
88716  -32.511  10.538  -3.090 0.1111111119
88698  -26.523  10.010  1.882 0.4444444478
88699  -27.477  10.118  1.747 0.4444444478
143114  -28.112  10.452  1.748 0.3333333433
88700  -28.696  10.711  1.448 0.4444444478
90487  -29.859  12.135  1.981 0.4444444478
90488  -30.800  12.295  2.208 0.4444444478
89595  -31.518  11.611  2.400 0.4444444478
131052  -32.242  10.886  2.508 0.4444444478
129064  -33.230  11.110  2.511 0.4444444478
91357  -30.696  13.776  1.663 0.3333333433
89597  -33.505  11.873  2.463 0.3333333433
89609  -34.476  11.857  1.867 0.1111111119
136524  -34.402  11.128  1.552 0.1111111119
89616  -34.792  11.466  0.011 0.1111111119
87807  -34.297  9.927  -0.316 0.2222222239
88713  -34.296  10.750  -0.823 0.1111111119
130172  -34.534  11.726  -1.041 0.1111111119
88697  -25.934  9.887  2.234 0.2222222239
89606  -27.919  11.624  1.581 0.3333333433
135452  -28.132  12.184  1.254 0.3333333433
90500  -30.027  12.973  1.812 0.3333333433
90489  -31.873  12.424  2.331 0.4444444478
91358  -31.731  13.820  1.832 0.2222222239
91347  -32.290  13.185  2.219 0.2222222239
90491  -33.736  12.579  2.328 0.2222222239
90501  -34.765  12.495  1.341 0.1111111119
139760  -32.208  14.397  1.640 0.1111111119
91359  -32.706  13.862  1.941 0.1111111119
91360  -33.723  13.853  1.788 0.1111111119
90504  -35.001  12.388  0.534 0.1111111119
92186  -33.052  14.539  1.612 0.1111111119
137489  -34.377  14.051  1.374 0.1111111119
137964  -35.061  13.176  0.862 0.1111111119
132016  -27.637  10.946  1.755 0.3333333433
135184  -26.550  12.317  1.390 0.3333333433
90498  -27.574  12.950  0.699 0.3333333433
148002  -29.296  13.124  1.298 0.3333333433
136599  -29.548  13.784  1.252 0.2222222239
146911  -30.275  14.376  1.325 0.2222222239
142458  -31.263  14.591  1.477 0.1111111119
92981  -33.417  15.245  1.308 0.1111111119
92188  -34.540  14.585  1.037 0.1111111119
94528  -34.301  16.741  0.370 0.1111111119
90481  -26.468  12.522  3.146 0.1111111119
91345  -26.424  13.079  2.228 0.1111111119
91365  -26.341  14.006  0.466 0.2222222239
92191  -25.979  14.561  -0.318 0.2222222239
91355  -27.333  13.709  0.246 0.3333333433
92192  -26.456  14.613  -0.380 0.2222222239
92193  -27.833  15.135  0.069 0.2222222239
92978  -29.181  15.529  0.582 0.1111111119
92992  -29.208  16.247  0.422 0.1111111119
136899  -30.262  15.812  0.650 0.1111111119
93733  -30.975  16.252  0.953 0.1111111119
92980  -32.302  15.218  1.425 0.1111111119
93734  -31.895  16.163  1.220 0.1111111119
93747  -32.502  16.765  0.917 0.1111111119
92982  -34.135  15.133  1.131 0.1111111119
144129  -35.139  15.396  -0.114 0.1111111119
143064  -35.370  14.460  -0.446 0.1111111119
92174  -26.678  13.715  2.436 0.1111111119
92175  -27.416  14.285  3.025 0.1111111119
92179  -26.311  13.897  1.291 0.1111111119
92972  -26.884  15.522  1.912 0.1111111119
93729  -25.808  16.301  0.676 0.1111111119
93732  -25.772  16.760  -0.596 0.1111111119
92990  -26.056  15.604  -1.213 0.2222222239
93744  -26.056  16.590  -1.059 0.1111111119
94522  -27.048  18.151  -1.008 0.1111111119
93745  -28.534  16.848  -0.033 0.1111111119
94536  -28.991  18.376  -0.813 0.1111111119
93746  -31.284  16.894  0.593 0.1111111119
92967  -28.441  15.399  2.980 0.1111111119
129305  -26.497  17.188  0.992 0.1111111119
94507  -27.637  17.835  1.646 0.1111111119
94513  -26.475  17.955  0.012 0.1111111119
95286  -27.213  18.880  -1.003 0.1111111119
93726  -29.643  16.905  3.629 0.1111111119
92968  -30.447  16.055  3.960 0.1111111119
94499  -29.109  17.582  2.858 0.1111111119
75926  -37.309  -4.513  -0.348 0.1111111119
75936  -36.831  -4.000  -2.516 0.1111111119
76778  -36.805  -3.218  -1.484 0.1111111119
76768  -36.764  -2.508  0.333 0.1111111119
79873  -33.640  0.398  -4.336 0.1111111119
79874  -34.275  -0.080  -3.763 0.1111111119
80756  -32.990  0.992  -4.929 0.1111111119
83276  -29.646  5.042  -4.957 0.1111111119
86854  -26.658  8.473  1.830 0.4444444478
87785  -33.354  9.259  1.905 0.4444444478
127705  -34.021  9.280  0.964 0.3333333433
86871  -33.820  8.451  -0.319 0.2222222239
86878  -33.575  8.400  -1.330 0.1111111119
86884  -32.803  8.821  -2.662 0.1111111119
88686  -29.790  10.659  1.921 0.4444444478
87812  -33.844  9.988  -1.069 0.2222222239
89612  -34.753  11.696  1.046 0.1111111119
89618  -34.038  11.238  -1.776 0.1111111119
90499  -28.968  12.393  1.199 0.3333333433
91367  -34.902  13.906  0.964 0.1111111119
92989  -25.645  15.288  -0.904 0.2222222239
92991  -27.603  16.253  -0.328 0.1111111119
92973  -27.476  16.280  2.120 0.1111111119
94535  -27.819  18.679  -1.095 0.1111111119
142289  -28.502  18.225  2.271 0.1111111119
124630  -37.204  -2.752  1.760 0.1111111119
76759  -37.251  -3.003  0.836 0.1111111119
140330  -32.172  0.623  -5.489 0.2222222239
81585  -30.729  2.696  -4.255 0.2222222239
84159  -29.695  5.464  -4.556 0.1111111119
85896  -25.272  7.894  1.782 0.4444444478
87795  -27.035  9.238  1.722 0.4444444478
89594  -30.426  11.388  2.219 0.4444444478
89607  -28.824  11.424  1.305 0.4444444478
89596  -32.546  11.743  2.472 0.4444444478
90490  -32.885  12.528  2.419 0.2222222239
92966  -27.585  14.925  2.729 0.1111111119
92169  -28.807  14.621  4.497 0.1111111119
93725  -28.407  16.937  2.470 0.1111111119
75911  -37.478  -3.728  1.377 0.1111111119
73197  -37.273  -6.203  -0.380 0.1111111119
73198  -37.650  -5.960  -0.275 0.1111111119
75918  -37.348  -3.843  0.453 0.1111111119
77741  -37.217  -2.389  2.614 0.1111111119
75902  -37.385  -3.199  2.443 0.1111111119
78796  -36.423  -0.639  0.756 0.1111111119
130050  -35.846  -0.555  -0.582 0.1111111119
79836  -35.617  0.328  -0.400 0.1111111119
79861  -35.128  -0.175  -2.305 0.1111111119
80744  -32.728  1.861  -4.011 0.1111111119
80745  -33.430  1.271  -3.743 0.1111111119
79860  -34.615  0.381  -2.747 0.1111111119
81586  -32.340  2.599  -4.580 0.1111111119
83270  -32.000  4.211  -4.931 0.1111111119
83283  -29.845  5.130  -5.438 0.1111111119
85897  -26.338  7.628  1.896 0.4444444478
83282  -29.291  5.514  -5.492 0.1111111119
85021  -28.751  5.962  -5.144 0.1111111119
86893  -31.306  8.600  -3.581 0.1111111119
85943  -29.460  6.779  -4.499 0.1111111119
87779  -25.458  9.232  2.194 0.4444444478
87794  -26.213  9.221  1.954 0.4444444478
88724  -30.621  10.369  -3.978 0.1111111119
88685  -25.854  10.425  2.574 0.2222222239
134339  -26.689  10.864  1.793 0.3333333433
89604  -26.226  11.579  1.831 0.2222222239
89621  -33.750  11.819  -2.369 0.1111111119
90480  -26.118  11.733  2.749 0.1111111119
91353  -26.497  12.974  1.454 0.2222222239
91384  -35.033  13.545  -1.471 0.1111111119
92218  -34.735  14.200  -2.296 0.1111111119
90472  -26.603  11.617  3.705 0.1111111119
90473  -27.038  12.144  4.141 0.1111111119
92168  -28.162  14.056  3.829 0.1111111119
91338  -28.449  13.951  4.528 0.1111111119
93004  -35.424  15.290  -0.794 0.1111111119
91325  -28.745  13.460  4.919 0.1111111119
92155  -29.537  14.750  5.053 0.1111111119
95275  -30.319  18.407  -0.578 0.1111111119
95276  -31.793  18.041  -0.264 0.1111111119
95277  -32.914  17.867  0.165 0.1111111119
147869  -34.311  17.323  0.066 0.1111111119
92170  -29.457  14.971  4.811 0.1111111119
92956  -30.358  15.444  4.482 0.1111111119
95261  -28.014  19.173  0.831 0.1111111119
96025  -27.787  20.122  -0.802 0.1111111119
95243  -29.447  18.155  2.982 0.1111111119
79892  -31.079  1.258  -5.655 0.1111111119
85935  -32.418  7.482  -2.611 0.1111111119
138852  -33.146  9.877  2.240 0.4444444478
75943  -36.489  -3.616  -3.100 0.1111111119
83268  -30.244  4.240  -4.583 0.2222222239
134900  -28.442  9.987  1.619 0.4444444478
77802  -35.563  -1.737  -2.991 0.1111111119
78802  -36.314  -1.061  -0.032 0.1111111119
79850  -35.440  -0.083  -1.304 0.1111111119
81595  -31.094  2.181  -5.701 0.1111111119
135952  -30.496  4.073  -5.346 0.1111111119
82432  -31.121  3.585  -5.519 0.1111111119
85945  -32.209  8.120  -3.074 0.1111111119
86892  -29.907  7.942  -4.391 0.1111111119
89608  -34.054  11.277  2.279 0.2222222239
88702  -34.075  10.546  1.825 0.2222222239
88706  -34.546  10.903  0.730 0.1111111119
87811  -33.511  9.580  -1.716 0.2222222239
87818  -32.598  9.577  -3.052 0.1111111119
91376  -35.311  13.672  -0.286 0.1111111119
92993  -34.602  15.254  0.656 0.1111111119
89622  -34.334  11.929  -1.853 0.1111111119
90505  -35.192  13.108  0.100 0.1111111119
91375  -35.194  13.180  -0.711 0.1111111119
90514  -34.731  12.618  -1.447 0.1111111119
88725  -31.791  10.029  -3.455 0.1111111119
88712  -33.700  10.418  -1.749 0.2222222239
91346  -31.228  13.104  2.077 0.3333333433
91348  -33.261  13.220  2.235 0.2222222239
92187  -33.919  14.585  1.427 0.1111111119
89605  -26.897  11.666  1.555 0.3333333433
90497  -27.151  12.312  1.096 0.3333333433
90496  -26.206  12.160  1.823 0.1111111119
91354  -26.670  13.072  0.804 0.3333333433
91356  -28.512  13.335  0.854 0.3333333433
92185  -29.328  14.667  0.834 0.2222222239
139478  -30.314  15.071  1.044 0.1111111119
92979  -31.212  15.550  1.254 0.1111111119
93735  -32.949  16.047  1.216 0.1111111119
93748  -33.971  15.898  0.905 0.1111111119
133895  -33.449  16.723  0.789 0.1111111119
135042  -34.634  15.944  0.372 0.1111111119
94527  -33.762  17.464  0.288 0.1111111119
91341  -26.646  13.241  3.100 0.1111111119
91366  -26.602  13.879  0.207 0.3333333433
92183  -25.830  14.896  0.107 0.1111111119
92184  -28.208  14.179  0.503 0.3333333433
129901  -29.914  16.762  0.374 0.1111111119
143261  -33.022  17.297  0.654 0.1111111119
94526  -32.138  17.364  0.338 0.1111111119
92180  -26.530  14.649  1.733 0.1111111119
91342  -27.226  13.623  3.455 0.1111111119
92977  -25.715  15.516  0.686 0.1111111119
93731  -25.463  15.831  -0.481 0.1111111119
141916  -25.610  15.941  -1.093 0.1111111119
125930  -26.557  17.466  -0.713 0.1111111119
127281  -27.035  17.361  -0.874 0.1111111119
94523  -28.416  17.712  -0.593 0.1111111119
95287  -27.636  19.286  -1.176 0.1111111119
94524  -30.042  17.716  0.116 0.1111111119
94525  -31.154  17.643  0.081 0.1111111119
92176  -28.479  14.711  3.521 0.1111111119
92955  -29.659  15.203  3.881 0.1111111119
125675  -29.344  16.000  3.162 0.1111111119
95260  -27.636  18.514  1.197 0.1111111119
95273  -27.121  18.693  -0.226 0.1111111119
96024  -27.520  19.497  -1.082 0.1111111119
141735  -37.789  -5.286  0.419 0.1111111119
77763  -36.636  -1.521  0.663 0.1111111119
80762  -31.646  1.638  -5.663 0.1111111119
86894  -32.263  8.893  -3.234 0.1111111119
129775  -33.228  11.069  -2.513 0.1111111119
89628  -33.009  11.884  -2.857 0.1111111119
95288  -28.716  19.186  -1.263 0.1111111119
95255  -28.946  18.787  2.204 0.1111111119
77752  -36.639  -1.368  1.668 0.1111111119
92154  -28.966  14.429  4.852 0.1111111119
82433  -31.819  3.205  -5.222 0.1111111119
83277  -31.096  4.653  -5.488 0.1111111119
87828  -30.993  9.452  -3.732 0.1111111119
89627  -32.374  11.497  -3.256 0.1111111119
91394  -33.916  12.993  -2.778 0.1111111119
90486  -26.140  12.325  2.166 0.1111111119
89578  -26.461  11.011  4.371 0.1111111119
91395  -34.506  13.225  -2.242 0.1111111119
91336  -26.964  13.063  3.889 0.1111111119
95274  -27.520  19.422  -0.511 0.1111111119
96036  -28.035  19.930  -1.176 0.1111111119
72119  -19.862  -6.992  8.291 0.2222222239
138722  -19.490  -6.347  7.995 0.2222222239
69112  -20.268  -10.564  9.584 0.3333333433
72140  -20.005  -6.900  7.750 0.4444444478
85875  -23.835  7.670  2.680 0.2222222239
87770  -24.760  9.174  2.855 0.1111111119
137183  -25.431  9.746  2.584 0.1111111119
87778  -24.922  9.263  2.575 0.2222222239
82358  -20.845  4.435  4.683 0.1111111119
84089  -22.285  5.922  3.912 0.1111111119
84967  -22.645  6.498  3.673 0.1111111119
85859  -23.386  7.600  3.771 0.1111111119
86822  -24.698  8.920  3.765 0.1111111119
87763  -25.116  9.753  3.119 0.1111111119
88678  -25.247  9.882  2.954 0.1111111119
84969  -24.093  7.083  2.330 0.2222222239
71146  -20.278  -8.801  8.752 0.2222222239
77661  -18.404  -2.060  7.284 0.2222222239
84968  -23.589  6.860  2.585 0.1111111119
76664  -18.570  -2.850  7.487 0.1111111119
77660  -17.404  -1.261  7.841 0.3333333433
145532  -24.768  7.963  1.878 0.3333333433
86839  -24.883  8.575  2.060 0.3333333433
86838  -24.543  8.691  2.619 0.1111111119
71163  -20.170  -7.904  8.496 0.2222222239
85876  -24.351  7.960  2.371 0.1111111119
84948  -22.569  6.465  4.326 0.1111111119
86830  -24.239  8.351  2.765 0.1111111119
142534  -23.227  7.327  4.200 0.1111111119
139751  -23.575  7.366  4.367 0.1111111119
85850  -23.789  8.074  4.081 0.1111111119
84949  -22.824  7.050  4.088 0.1111111119
67245  -33.754  -13.108  4.060 0.1111111119
58247  -19.904  -21.592  14.511 0.1111111119
58248  -21.450  -21.986  15.034 0.1111111119
59181  -18.932  -20.458  15.757 0.1111111119
59206  -19.477  -20.116  14.576 0.1111111119
135406  -19.329  -18.776  14.546 0.1111111119
61123  -19.289  -18.089  14.559 0.1111111119
68062  -20.333  -11.204  11.780 0.1111111119
73074  -19.291  -6.003  8.013 0.1111111119
134573  -19.465  -6.386  8.277 0.1111111119
72120  -20.280  -7.599  8.056 0.1111111119
80615  -17.084  0.915  6.837 0.2222222239
146147  -18.201  2.157  6.206 0.2222222239
82312  -16.337  3.815  7.468 0.2222222239
82313  -17.109  4.657  7.096 0.2222222239
58245  -19.181  -20.795  14.946 0.1111111119
74011  -19.402  -5.747  7.704 0.1111111119
58225  -18.939  -21.443  15.382 0.1111111119
57307  -19.628  -22.380  14.793 0.1111111119
136193  -20.540  -21.856  14.602 0.1111111119
147740  -22.011  -21.571  14.961 0.1111111119
60139  -18.837  -19.141  15.604 0.1111111119
61122  -18.962  -18.450  15.220 0.1111111119
62149  -19.103  -17.772  15.169 0.1111111119
134685  -19.665  -16.069  13.812 0.1111111119
69085  -19.918  -9.754  11.927 0.1111111119
81430  -15.477  2.784  9.023 0.2222222239
82295  -19.037  4.411  7.204 0.2222222239
82315  -19.749  4.532  6.760 0.1111111119
82330  -18.624  4.185  6.452 0.2222222239
82331  -19.343  3.071  5.304 0.1111111119
80600  -15.129  1.782  8.160 0.2222222239
74010  -19.188  -5.065  7.687 0.1111111119
64079  -19.708  -15.818  14.062 0.1111111119
65166  -20.038  -15.032  13.643 0.1111111119
65177  -20.161  -14.677  13.253 0.1111111119
67151  -20.608  -12.515  11.897 0.1111111119
63088  -19.553  -16.452  14.408 0.1111111119
128941  -19.743  -20.916  14.432 0.1111111119
132977  -20.176  -10.045  10.922 0.1111111119
137700  -20.245  -10.500  11.500 0.1111111119
71145  -19.793  -8.120  10.021 0.1111111119
58246  -19.290  -21.637  14.725 0.1111111119
58226  -18.992  -22.160  15.080 0.1111111119
148543  -18.832  -19.706  15.920 0.1111111119
60164  -19.168  -19.308  14.866 0.1111111119
129207  -20.273  -10.415  12.336 0.1111111119
81432  -17.114  2.986  8.729 0.1111111119
61105  -18.760  -18.495  16.010 0.1111111119
62136  -19.194  -17.386  15.442 0.1111111119
68045  -20.488  -11.423  12.619 0.1111111119
69042  -20.586  -11.085  12.718 0.1111111119
70159  -19.865  -9.400  10.454 0.1111111119
82296  -19.999  4.187  7.214 0.1111111119
82316  -20.155  4.624  6.338 0.1111111119
83206  -21.495  4.867  4.399 0.1111111119
78676  -16.491  0.150  8.532 0.1111111119
83190  -21.103  4.930  5.088 0.1111111119
83207  -21.938  5.333  4.166 0.1111111119
62196  -24.152  -17.931  11.579 0.3333333433
64126  -23.194  -15.930  9.943 0.4444444478
66265  -31.297  -14.740  4.408 0.1111111119
67209  -23.286  -12.673  7.522 0.5555555820
67242  -30.755  -12.506  3.882 0.3333333433
67252  -33.044  -12.277  3.767 0.2222222239
68119  -27.991  -11.385  7.660 0.3333333433
68156  -25.219  -10.619  5.667 0.8888888955
69163  -23.806  -10.099  5.559 1.0000000000
69166  -30.671  -10.968  5.766 0.4444444478
70196  -29.108  -9.272  6.752 1.0000000000
70203  -23.373  -9.331  5.496 1.0000000000
70204  -24.805  -9.965  5.242 1.0000000000
70207  -30.877  -10.111  5.628 0.6666666865
70226  -31.998  -9.226  3.308 0.5555555820
70227  -32.660  -9.147  2.773 0.5555555820
71185  -27.607  -8.559  6.245 1.0000000000
71193  -22.450  -8.134  5.257 1.0000000000
71200  -31.409  -8.738  4.650 0.6666666865
71209  -24.726  -8.497  4.577 1.0000000000
71211  -25.869  -8.013  4.804 1.0000000000
71222  -31.827  -8.687  3.598 0.5555555820
71236  -34.459  -8.441  2.328 0.3333333433
71250  -34.138  -7.935  1.853 0.3333333433
72168  -21.921  -7.449  5.147 1.0000000000
72191  -25.170  -7.687  4.181 1.0000000000
72210  -31.967  -7.948  3.661 0.5555555820
72234  -33.855  -7.486  1.461 0.4444444478
73130  -27.995  -5.842  5.370 1.0000000000
73131  -28.620  -6.370  5.614 1.0000000000
73133  -30.413  -6.110  5.579 0.7777777910
73149  -25.566  -6.912  4.047 1.0000000000
73165  -24.348  -6.398  3.684 1.0000000000
73167  -25.492  -6.236  3.770 1.0000000000
73168  -32.366  -6.385  3.211 0.7777777910
73176  -32.357  -7.020  2.651 0.6666666865
73195  -34.373  -6.007  -0.095 0.4444444478
73196  -36.722  -6.320  -0.247 0.1111111119
74053  -30.785  -5.428  5.433 1.0000000000
74070  -32.198  -5.570  4.613 1.0000000000
74081  -23.691  -5.855  3.613 1.0000000000
74083  -25.227  -5.582  3.427 1.0000000000
74085  -32.287  -5.721  2.757 0.7777777910
74099  -37.815  -5.698  0.879 0.1111111119
74106  -37.836  -5.889  0.137 0.1111111119
74111  -31.813  -5.119  -0.905 0.5555555820
74112  -32.297  -5.697  -0.638 0.6666666865
74116  -37.237  -5.664  -0.679 0.1111111119
74121  -33.776  -5.077  -1.299 0.4444444478
74945  -20.201  -4.194  6.341 0.6666666865
74946  -20.517  -4.842  6.077 0.6666666865
74948  -28.803  -4.555  5.385 1.0000000000
74949  -30.384  -4.800  5.371 1.0000000000
74968  -27.554  -4.613  4.644 1.0000000000
74970  -32.013  -4.816  4.955 0.8888888955
74981  -24.732  -4.901  3.045 1.0000000000
74985  -32.450  -4.810  3.450 0.8888888955
74994  -24.565  -3.996  2.753 0.8888888955
75006  -31.205  -4.772  0.031 0.6666666865
75007  -31.593  -5.474  0.384 0.7777777910
75008  -37.626  -4.589  0.446 0.1111111119
75012  -36.472  -5.175  -1.572 0.2222222239
75014  -37.631  -5.361  -0.220 0.1111111119
75017  -32.155  -4.659  -1.573 0.6666666865
75019  -34.435  -4.456  -1.762 0.5555555820
75820  -18.677  -3.629  7.668 0.1111111119
75850  -29.131  -3.688  5.396 1.0000000000
75851  -30.007  -3.604  5.359 1.0000000000
75867  -21.069  -2.920  4.301 0.6666666865
75869  -27.739  -3.858  4.564 1.0000000000
75871  -32.295  -3.277  4.308 0.8888888955
75885  -25.810  -3.492  3.190 1.0000000000
75887  -27.401  -3.316  4.077 1.0000000000
75888  -32.557  -3.957  3.894 0.8888888955
75898  -23.862  -3.511  2.749 0.7777777910
75899  -24.444  -3.316  2.609 0.8888888955
75910  -32.085  -4.242  1.671 0.7777777910
75924  -30.714  -3.449  -0.784 0.6666666865
75931  -30.307  -2.875  -2.276 0.6666666865
75933  -31.388  -4.079  -1.970 0.5555555820
75937  -30.002  -2.676  -2.933 0.6666666865
75940  -33.855  -3.437  -2.891 0.4444444478
75942  -36.184  -3.822  -3.183 0.3333333433
75945  -33.501  -2.934  -3.348 0.4444444478
76694  -19.707  -2.667  6.335 0.4444444478
76696  -28.675  -3.004  5.221 1.0000000000
76697  -29.481  -2.920  5.404 0.8888888955
76699  -31.173  -2.760  5.164 0.8888888955
76711  -28.278  -2.377  4.731 1.0000000000
76714  -32.328  -2.505  4.086 0.7777777910
76727  -21.425  -2.186  3.767 0.6666666865
76730  -25.474  -2.745  2.799 0.8888888955
76732  -26.964  -2.664  3.817 1.0000000000
76742  -22.777  -2.144  2.728 0.8888888955
76758  -36.984  -2.164  1.196 0.1111111119
76766  -31.657  -2.901  0.648 0.7777777910
76767  -31.992  -1.895  0.924 0.7777777910
76776  -30.490  -2.708  -1.115 0.7777777910
76777  -30.746  -2.970  -0.135 0.7777777910
76785  -30.048  -2.453  -2.012 0.6666666865
76786  -36.133  -2.743  -3.178 0.1111111119
76787  -36.710  -3.036  -2.585 0.1111111119
76793  -30.902  -2.948  -3.089 0.6666666865
76794  -35.693  -3.064  -3.458 0.3333333433
76801  -29.468  -2.014  -3.044 0.5555555820
76803  -31.762  -2.298  -3.480 0.5555555820
76805  -34.770  -2.405  -3.855 0.1111111119
77676  -18.191  -1.218  7.111 0.3333333433
77693  -20.238  -1.448  5.516 0.5555555820
77697  -29.871  -2.159  5.425 0.8888888955
77706  -21.235  -1.462  3.998 0.6666666865
77707  -27.857  -1.801  4.391 1.0000000000
77709  -29.457  -1.592  5.336 0.8888888955
77711  -31.973  -1.907  4.509 0.8888888955
77725  -25.836  -1.927  2.940 1.0000000000
77726  -27.242  -1.309  4.145 1.0000000000
77727  -32.508  -1.504  3.212 0.8888888955
77735  -23.081  -1.352  2.315 0.8888888955
77736  -23.806  -1.437  2.134 0.8888888955
77738  -25.339  -1.206  2.633 1.0000000000
77740  -36.892  -1.582  2.596 0.1111111119
77750  -24.079  -0.736  1.915 0.8888888955
77751  -32.332  -1.098  1.379 0.7777777910
77774  -30.134  -2.005  -1.520 0.7777777910
77777  -36.545  -2.121  -0.463 0.1111111119
77786  -36.093  -1.918  -2.143 0.1111111119
77801  -29.586  -1.575  -2.784 0.6666666865
77817  -34.013  -1.942  -4.287 0.1111111119
77828  -31.855  -0.499  -4.432 0.4444444478
77831  -33.963  -1.225  -4.406 0.2222222239
78698  -16.336  0.248  7.730 0.3333333433
78718  -19.076  -1.211  6.421 0.4444444478
78747  -20.880  -0.682  4.395 0.6666666865
78751  -29.575  -0.015  5.044 0.8888888955
78760  -22.608  -0.751  2.593 0.8888888955
78761  -26.728  -0.961  3.796 1.0000000000
78762  -27.203  -0.344  4.143 1.0000000000
78763  -32.449  -0.676  3.195 0.8888888955
78774  -23.555  -0.837  2.024 0.8888888955
78776  -32.403  -0.394  1.783 0.7777777910
78784  -23.642  -0.119  1.760 0.8888888955
78808  -30.032  -0.932  -2.445 0.5555555820
78820  -35.232  -0.935  -2.854 0.1111111119
78830  -30.590  -0.876  -3.211 0.5555555820
78846  -31.232  0.098  -4.105 0.4444444478
78848  -32.335  -0.039  -5.175 0.4444444478
78849  -33.271  -0.582  -4.773 0.3333333433
78855  -31.560  0.706  -5.461 0.2222222239
79711  -15.712  0.881  8.475 0.1111111119
79722  -15.879  0.963  7.552 0.2222222239
79736  -17.048  0.690  6.910 0.3333333433
79767  -20.101  0.960  5.164 0.5555555820
79768  -20.464  0.120  4.829 0.5555555820
79771  -28.656  0.651  4.564 0.8888888955
79774  -31.643  0.373  4.642 0.8888888955
79784  -26.724  0.435  3.606 1.0000000000
79786  -28.022  1.127  4.389 0.8888888955
79787  -32.379  0.607  3.885 0.8888888955
79797  -22.260  0.823  2.658 0.7777777910
79799  -25.428  0.382  2.567 1.0000000000
79801  -32.446  0.279  2.220 0.7777777910
79812  -23.387  0.713  1.637 0.7777777910
79813  -24.016  0.613  1.557 1.0000000000
79815  -32.057  0.295  1.502 0.8888888955
79824  -31.555  0.691  0.112 0.7777777910
79848  -30.766  -0.144  -1.677 0.7777777910
79859  -31.066  0.034  -3.207 0.5555555820
79884  -31.183  0.870  -4.618 0.5555555820
79886  -32.340  1.031  -5.496 0.1111111119
79891  -30.922  1.358  -5.414 0.1111111119
79893  -31.544  1.118  -5.678 0.2222222239
80590  -15.514  1.741  9.332 0.2222222239
80614  -15.709  1.665  7.340 0.2222222239
80632  -17.622  1.474  6.566 0.3333333433
80650  -29.966  1.473  4.874 0.8888888955
80658  -26.490  1.317  3.244 0.8888888955
80660  -28.432  1.839  4.450 0.8888888955
80662  -30.918  2.179  4.667 0.8888888955
80671  -22.097  1.669  2.576 0.7777777910
80673  -25.023  1.218  2.170 0.7777777910
80676  -32.406  1.518  2.806 0.8888888955
80684  -23.066  1.311  1.641 0.7777777910
80709  -31.524  1.910  -0.398 0.6666666865
80733  -33.986  1.565  -3.078 0.1111111119
80743  -31.189  1.160  -3.863 0.5555555820
80746  -34.097  0.822  -3.321 0.1111111119
80755  -32.383  1.735  -5.274 0.1111111119
80760  -30.912  1.566  -5.604 0.1111111119
80761  -31.120  1.580  -5.732 0.1111111119
81418  -15.646  2.330  9.765 0.2222222239
81431  -16.122  2.684  9.587 0.2222222239
81448  -15.449  2.822  7.786 0.2222222239
81463  -16.332  2.728  6.964 0.2222222239
81480  -16.834  3.986  6.843 0.2222222239
81481  -17.357  3.205  6.492 0.2222222239
81495  -20.908  2.351  4.338 0.5555555820
81498  -30.219  2.852  4.719 0.7777777910
81505  -21.328  3.011  4.058 0.4444444478
81508  -28.525  2.554  4.310 0.7777777910
81519  -21.742  2.301  2.854 0.6666666865
81535  -22.979  2.044  1.653 0.6666666865
81538  -32.215  2.688  1.348 0.6666666865
81591  -31.741  2.374  -5.508 0.1111111119
81594  -30.763  2.129  -5.483 0.1111111119
82278  -16.332  3.659  8.856 0.1111111119
82279  -17.453  4.073  8.415 0.1111111119
82292  -15.921  3.592  8.226 0.2222222239
82293  -16.781  4.292  7.947 0.2222222239
82294  -17.901  4.617  7.466 0.2222222239
82314  -19.005  4.524  6.847 0.1111111119
82329  -17.581  4.323  6.650 0.3333333433
82349  -30.517  3.497  4.577 0.7777777910
82350  -31.375  3.526  4.344 0.6666666865
82386  -23.998  3.456  1.421 0.6666666865
82406  -32.075  3.290  -0.435 0.5555555820
82431  -30.450  3.452  -5.207 0.1111111119
82437  -30.786  2.958  -5.510 0.1111111119
82438  -31.272  2.844  -5.566 0.1111111119
83153  -19.076  4.138  5.813 0.1111111119
83154  -19.816  4.697  6.307 0.1111111119
83193  -30.008  4.158  4.449 0.6666666865
83194  -30.798  4.076  4.463 0.6666666865
83210  -29.471  4.904  4.097 0.6666666865
83213  -32.353  4.542  3.422 0.6666666865
83225  -27.000  4.452  2.767 0.6666666865
83236  -24.982  4.143  1.710 0.6666666865
83242  -32.717  4.052  0.727 0.5555555820
83263  -31.339  4.158  -2.522 0.3333333433
84090  -27.954  5.186  3.136 0.6666666865
84092  -29.304  5.598  3.632 0.6666666865
84093  -30.962  5.823  4.021 0.6666666865
84105  -23.587  5.590  2.345 0.4444444478
84111  -33.165  5.231  2.010 0.6666666865
84131  -33.098  4.845  1.014 0.5555555820
84164  -28.006  5.530  -6.091 0.1111111119
84165  -28.646  5.680  -5.543 0.1111111119
84934  -22.848  6.338  4.629 0.1111111119
84971  -26.456  6.105  2.264 0.6666666865
84986  -26.068  6.719  2.033 0.6666666865
85012  -32.839  6.224  -1.551 0.5555555820
85013  -33.385  6.924  -1.009 0.3333333433
85016  -31.411  6.129  -3.140 0.1111111119
85860  -29.469  6.816  3.082 0.6666666865
85880  -30.324  7.734  2.924 0.6666666865
85895  -24.782  7.312  1.797 0.2222222239
85899  -33.118  7.050  2.036 0.6666666865
85900  -33.320  7.733  1.637 0.6666666865
85919  -33.692  7.712  0.206 0.2222222239
85927  -33.380  7.595  -1.494 0.3333333433
85934  -32.025  6.844  -2.781 0.1111111119
86845  -33.120  8.500  2.031 0.5555555820
86855  -27.500  8.366  1.738 0.4444444478
87784  -32.779  9.200  2.295 0.5555555820
87799  -34.091  9.931  1.352 0.2222222239
87819  -33.126  9.391  -2.399 0.1111111119
87829  -31.899  9.296  -3.393 0.1111111119
88688  -32.331  10.004  2.470 0.4444444478
88701  -29.089  10.629  1.346 0.4444444478
88703  -34.318  10.503  1.227 0.2222222239
88709  -34.617  10.568  0.024 0.1111111119
88717  -33.158  10.094  -2.454 0.2222222239
89598  -34.140  12.016  2.308 0.1111111119
89603  -26.050  11.171  2.208 0.2222222239
90492  -34.342  12.575  1.980 0.1111111119
90524  -34.195  12.468  -2.314 0.1111111119
91349  -33.974  13.142  2.090 0.1111111119
91361  -34.533  13.313  1.511 0.1111111119
91368  -35.199  13.809  0.318 0.1111111119
91385  -35.370  13.811  -0.842 0.1111111119
92209  -35.301  14.314  -1.337 0.1111111119
124203  -29.980  -1.255  -1.873 0.6666666865
124571  -26.816  -5.874  4.439 1.0000000000
125701  -32.484  -3.464  1.871 0.7777777910
125765  -30.711  1.887  -4.699 0.2222222239
126267  -32.300  -6.537  2.457 0.7777777910
126343  -28.795  7.854  2.229 0.5555555820
126955  -32.468  -4.177  3.131 0.8888888955
127048  -31.366  -0.004  -0.077 0.7777777910
127537  -32.442  -1.744  1.686 0.8888888955
127726  -29.689  -9.959  6.821 0.6666666865
127994  -32.372  1.136  1.974 0.8888888955
128631  -31.110  2.338  -1.130 0.6666666865
128837  -17.923  4.755  6.856 0.2222222239
129966  -22.715  0.040  2.318 0.8888888955
130407  -32.517  -6.584  0.344 0.5555555820
130409  -36.876  -5.295  -1.276 0.1111111119
130619  -30.122  -6.936  5.835 1.0000000000
131528  -31.318  -1.325  4.998 0.8888888955
131766  -31.021  -9.326  5.546 0.7777777910
132676  -31.296  10.846  2.437 0.4444444478
133281  -24.037  -5.182  3.356 0.8888888955
133346  -27.920  3.073  3.876 0.7777777910
133843  -17.285  0.327  6.912 0.4444444478
134021  -32.656  -2.999  2.609 0.7777777910
134241  -30.927  -11.651  3.682 0.4444444478
134286  -30.034  4.689  -5.231 0.1111111119
134367  -24.231  -2.099  2.337 0.8888888955
135048  -33.748  9.416  1.491 0.3333333433
135063  -19.699  -1.899  6.148 0.4444444478
135207  -30.572  -4.194  5.291 1.0000000000
135214  -32.028  1.788  4.284 0.8888888955
135507  -31.525  -8.109  4.990 0.8888888955
135821  -24.718  -2.757  2.539 0.8888888955
136128  -23.301  -2.824  2.763 0.8888888955
136672  -19.734  3.047  4.898 0.3333333433
137081  -33.051  5.887  2.540 0.6666666865
137297  -32.535  3.845  -0.199 0.5555555820
137341  -34.124  -2.539  -3.897 0.4444444478
137575  -32.732  3.860  2.220 0.6666666865
137729  -28.888  0.168  4.682 1.0000000000
138003  -32.323  -0.177  4.053 0.8888888955
138507  -19.566  1.877  5.264 0.4444444478
138623  -31.130  -10.268  3.773 0.4444444478
138810  -24.210  2.691  1.456 0.6666666865
139129  -26.153  10.697  2.056 0.3333333433
139924  -18.901  2.890  5.532 0.2222222239
140785  -32.766  5.620  -1.233 0.5555555820
140892  -31.697  -0.495  4.701 0.8888888955
141165  -36.837  -2.079  2.002 0.1111111119
141176  -28.961  5.184  3.694 0.6666666865
141323  -29.905  2.262  4.801 0.8888888955
142332  -29.654  -1.539  -3.047 0.5555555820
143419  -24.741  -18.321  13.112 0.1111111119
144221  -27.389  -14.968  7.846 0.2222222239
144231  -31.435  -2.129  4.984 0.8888888955
144248  -32.525  -3.588  3.178 0.8888888955
144530  -19.090  -19.922  15.293 0.1111111119
144531  -31.081  0.795  -1.214 0.5555555820
144765  -29.059  -11.620  7.375 0.3333333433
145100  -31.835  7.380  -3.124 0.1111111119
145393  -21.951  3.593  3.018 0.4444444478
145816  -26.858  18.211  -0.777 0.1111111119
145975  -31.313  -4.791  -0.495 0.6666666865
146170  -24.806  -0.425  2.280 1.0000000000
146244  -27.952  -7.222  5.732 1.0000000000
146728  -26.382  -10.414  6.867 0.8888888955
147370  -36.666  -2.862  -0.366 0.1111111119
147677  -33.174  5.253  0.396 0.6666666865
147694  -36.560  -0.992  1.139 0.1111111119
148287  -33.548  9.026  -1.477 0.2222222239
148532  -31.788  10.450  2.486 0.4444444478
148561  -33.581  7.270  -0.365 0.4444444478
148982  -32.725  -14.556  3.663 0.1111111119
149169  -32.866  -6.820  0.718 0.6666666865
