#!ascii label  , from subject sub-v1s6x0051365_ses-1 vox2ras=TkReg
1535
50676  -33.484  -20.104  75.843 0.0000000000
60264  -42.635  -8.412  61.712 0.0000000000
59338  -30.045  -8.892  61.029 0.0000000000
41811  -6.258  -29.493  72.367 0.0000000000
102367  -20.983  -26.262  75.114 0.0000000000
48873  -8.341  -21.719  73.416 0.0000000000
116636  -8.021  -24.499  82.306 0.0000000000
54245  -37.680  -16.000  62.757 0.0000000000
102835  -2.798  -18.792  67.991 0.0000000000
38967  -2.296  -32.273  79.787 0.0000000000
52430  -34.999  -18.224  68.898 0.0000000000
44509  -30.803  -25.364  74.207 0.0000000000
43595  -27.735  -27.088  75.762 0.0000000000
63606  -44.612  -4.748  59.646 0.0000000000
57544  -35.149  -11.328  62.194 0.0000000000
45459  -16.168  -24.857  72.046 0.0000000000
109430  -5.769  -15.392  71.014 0.0000000000
44512  -4.296  -25.270  73.813 0.0000000000
45489  -3.138  -24.593  70.674 0.0000000000
119978  -6.106  -29.495  67.313 0.0000000000
40782  -9.821  -29.380  81.672 0.0000000000
118310  -5.929  -29.434  84.030 0.0000000000
55816  -27.761  -12.670  63.227 0.0000000000
44462  -25.165  -26.944  78.301 0.0000000000
44535  -23.464  -26.444  72.141 0.0000000000
47234  -8.384  -23.213  77.794 0.0000000000
44452  -4.348  -25.776  77.886 0.0000000000
56690  -40.170  -13.191  62.391 0.0000000000
42691  -11.045  -28.250  79.154 0.0000000000
45420  -13.381  -25.279  75.827 0.0000000000
49796  -5.803  -20.908  69.990 0.0000000000
47285  -2.995  -23.688  66.688 0.0000000000
46266  -6.056  -24.208  86.132 0.0000000000
108951  -3.510  -27.348  81.419 0.0000000000
40844  -2.316  -29.976  75.622 0.0000000000
51528  -33.129  -19.036  73.726 0.0000000000
48862  -35.529  -21.804  74.922 0.0000000000
50704  -35.106  -19.538  72.892 0.0000000000
46360  -33.275  -24.117  75.789 0.0000000000
45433  -33.348  -24.375  74.373 0.0000000000
45424  -31.518  -25.386  76.119 0.0000000000
62000  -43.722  -6.661  60.343 0.0000000000
117925  -39.643  -9.391  60.159 0.0000000000
61169  -41.550  -7.095  58.870 0.0000000000
62802  -42.286  -5.497  58.601 0.0000000000
59330  -33.264  -10.044  62.692 0.0000000000
110990  -26.497  -11.768  60.377 0.0000000000
58454  -29.564  -10.387  59.142 0.0000000000
56723  -32.851  -11.380  59.928 0.0000000000
43611  -6.047  -27.550  73.947 0.0000000000
43638  -6.353  -27.276  70.797 0.0000000000
103649  -7.422  -28.988  70.058 0.0000000000
39121  -5.776  -32.296  66.286 0.0000000000
40005  -5.719  -31.678  69.144 0.0000000000
39890  -10.577  -31.384  79.198 0.0000000000
38948  -8.739  -31.425  80.698 0.0000000000
55798  -28.950  -13.700  65.220 0.0000000000
54179  -32.345  -16.342  67.918 0.0000000000
52448  -33.113  -17.748  67.561 0.0000000000
54219  -31.451  -15.065  65.955 0.0000000000
54226  -30.073  -14.769  64.073 0.0000000000
45391  -27.086  -26.203  80.184 0.0000000000
43628  -26.844  -26.894  72.961 0.0000000000
43617  -25.498  -27.055  73.193 0.0000000000
65161  -44.225  -2.325  55.755 0.0000000000
65950  -44.813  -1.676  54.425 0.0000000000
47210  -8.393  -23.660  80.063 0.0000000000
46351  -6.179  -24.367  77.865 0.0000000000
46333  -5.136  -24.658  79.810 0.0000000000
54246  -39.552  -15.514  62.389 0.0000000000
55081  -35.351  -15.536  60.827 0.0000000000
53366  -36.212  -16.451  60.141 0.0000000000
55846  -37.561  -14.209  60.444 0.0000000000
44421  -12.021  -26.164  82.162 0.0000000000
45365  -12.672  -25.506  80.275 0.0000000000
50697  -8.041  -19.316  73.911 0.0000000000
51538  -7.113  -18.191  72.005 0.0000000000
105077  -7.621  -21.185  71.368 0.0000000000
44607  -3.178  -27.132  67.876 0.0000000000
47277  -1.597  -23.849  68.909 0.0000000000
44621  -2.989  -26.479  65.570 0.0000000000
46261  -8.062  -24.836  87.128 0.0000000000
113519  -4.300  -30.362  82.143 0.0000000000
42678  -3.538  -28.364  83.256 0.0000000000
100690  -3.236  -29.501  80.215 0.0000000000
42692  -3.398  -29.417  78.831 0.0000000000
40810  -2.400  -30.557  78.436 0.0000000000
52411  -34.290  -17.786  70.250 0.0000000000
44450  -28.570  -26.475  78.650 0.0000000000
44466  -29.935  -26.330  77.100 0.0000000000
43608  -29.124  -26.496  74.665 0.0000000000
64381  -45.365  -3.313  59.103 0.0000000000
64388  -42.466  -3.606  57.247 0.0000000000
108656  -36.413  -13.586  62.450 0.0000000000
106230  -34.078  -13.152  60.554 0.0000000000
45463  -20.367  -24.819  72.283 0.0000000000
44516  -18.906  -25.534  73.858 0.0000000000
52413  -4.241  -16.933  68.775 0.0000000000
101541  -5.335  -23.688  73.960 0.0000000000
47265  -5.050  -23.431  72.328 0.0000000000
45456  -4.301  -24.711  72.228 0.0000000000
43641  -4.245  -26.840  69.490 0.0000000000
42784  -3.810  -29.113  66.566 0.0000000000
43553  -10.539  -27.485  84.404 0.0000000000
43546  -8.580  -27.478  85.410 0.0000000000
40779  -8.634  -29.840  82.852 0.0000000000
38935  -6.055  -31.854  81.860 0.0000000000
58423  -26.633  -9.937  61.049 0.0000000000
55057  -27.608  -13.706  62.680 0.0000000000
107199  -22.318  -26.180  76.298 0.0000000000
43583  -26.604  -27.086  77.174 0.0000000000
43592  -24.426  -26.733  75.451 0.0000000000
44520  -22.391  -25.811  73.430 0.0000000000
50662  -7.279  -19.896  75.936 0.0000000000
49719  -7.353  -20.672  78.238 0.0000000000
48034  -8.528  -22.643  76.195 0.0000000000
46365  -5.647  -24.134  76.182 0.0000000000
45419  -4.324  -25.029  75.999 0.0000000000
42706  -5.879  -28.475  75.725 0.0000000000
58420  -40.887  -10.534  62.432 0.0000000000
57560  -38.474  -11.554  60.502 0.0000000000
44413  -11.346  -26.961  83.480 0.0000000000
41745  -10.656  -29.483  80.092 0.0000000000
40812  -11.528  -29.999  78.043 0.0000000000
44488  -17.548  -25.842  75.456 0.0000000000
45412  -16.065  -24.592  77.189 0.0000000000
45397  -14.333  -24.471  78.425 0.0000000000
44453  -11.807  -26.839  77.238 0.0000000000
41767  -11.467  -29.451  76.606 0.0000000000
53237  -6.010  -16.078  73.176 0.0000000000
52402  -6.466  -17.765  70.441 0.0000000000
50732  -3.525  -19.487  68.879 0.0000000000
48073  -3.384  -22.371  70.497 0.0000000000
121689  -2.111  -21.279  69.810 0.0000000000
48915  -1.967  -20.853  67.233 0.0000000000
46272  -7.124  -24.068  84.217 0.0000000000
44397  -5.788  -26.641  85.531 0.0000000000
45342  -4.473  -25.118  84.789 0.0000000000
46301  -4.851  -24.916  82.186 0.0000000000
45379  -3.759  -25.941  79.855 0.0000000000
42700  -3.951  -28.835  77.459 0.0000000000
41798  -3.821  -29.557  73.850 0.0000000000
39014  -1.863  -32.828  76.304 0.0000000000
39940  -1.640  -31.734  74.703 0.0000000000
39988  -3.332  -31.637  70.816 0.0000000000
50687  -33.514  -19.654  74.968 0.0000000000
50675  -32.640  -19.324  76.188 0.0000000000
48861  -34.694  -21.650  75.393 0.0000000000
49759  -34.218  -20.230  74.620 0.0000000000
48040  -33.767  -22.572  76.398 0.0000000000
48041  -34.410  -22.593  75.823 0.0000000000
49737  -32.880  -21.161  77.150 0.0000000000
48033  -33.317  -22.527  76.937 0.0000000000
61153  -43.434  -7.296  60.699 0.0000000000
59350  -40.897  -9.120  61.044 0.0000000000
60283  -40.636  -8.175  59.314 0.0000000000
60285  -42.095  -7.881  60.142 0.0000000000
61163  -43.046  -7.038  59.892 0.0000000000
59339  -31.467  -9.369  61.554 0.0000000000
59329  -32.640  -9.716  63.106 0.0000000000
113979  -30.944  -8.884  62.674 0.0000000000
58452  -27.600  -10.879  59.274 0.0000000000
59347  -30.469  -9.374  60.426 0.0000000000
58425  -32.104  -9.862  60.894 0.0000000000
41812  -6.869  -28.863  72.631 0.0000000000
42717  -7.120  -28.326  72.071 0.0000000000
41845  -6.547  -29.752  71.033 0.0000000000
40006  -6.536  -30.856  69.090 0.0000000000
40936  -6.106  -30.440  70.561 0.0000000000
116871  -10.596  -31.571  78.359 0.0000000000
38980  -9.973  -32.510  78.857 0.0000000000
54177  -31.626  -15.765  67.509 0.0000000000
54192  -31.770  -15.465  67.049 0.0000000000
54208  -31.154  -14.857  66.451 0.0000000000
55031  -30.249  -14.367  65.336 0.0000000000
65155  -45.020  -1.938  57.123 0.0000000000
65939  -44.789  -1.837  55.399 0.0000000000
65952  -45.982  -0.995  55.348 0.0000000000
46304  -8.460  -24.095  81.432 0.0000000000
46320  -8.075  -24.297  80.697 0.0000000000
46319  -7.020  -24.534  80.718 0.0000000000
53339  -38.512  -16.281  61.882 0.0000000000
53324  -39.809  -16.072  63.308 0.0000000000
54253  -36.667  -16.273  61.562 0.0000000000
108091  -35.795  -16.561  60.247 0.0000000000
53337  -37.065  -16.534  61.197 0.0000000000
54267  -37.874  -15.973  61.025 0.0000000000
45356  -13.516  -24.820  81.464 0.0000000000
45357  -14.428  -24.570  80.817 0.0000000000
44475  -20.878  -26.563  76.388 0.0000000000
44491  -20.358  -26.431  75.678 0.0000000000
117609  -3.231  -17.695  68.037 0.0000000000
49761  -8.534  -20.283  74.001 0.0000000000
49771  -8.381  -20.186  73.175 0.0000000000
48883  -8.037  -21.736  72.429 0.0000000000
43683  -2.841  -27.613  66.426 0.0000000000
43664  -3.014  -26.822  66.913 0.0000000000
43691  -2.697  -27.911  65.079 0.0000000000
46256  -9.406  -23.856  87.232 0.0000000000
45336  -9.586  -25.684  86.619 0.0000000000
39881  -3.044  -31.348  80.205 0.0000000000
114671  -3.231  -30.127  81.248 0.0000000000
40798  -2.900  -30.353  80.052 0.0000000000
116482  -2.805  -30.124  78.968 0.0000000000
39901  -1.850  -31.724  78.705 0.0000000000
51543  -33.614  -18.878  72.422 0.0000000000
51544  -34.247  -18.728  71.990 0.0000000000
52399  -33.394  -18.404  71.211 0.0000000000
53259  -33.070  -17.193  69.760 0.0000000000
44483  -31.354  -25.462  75.372 0.0000000000
104099  -30.555  -25.872  75.459 0.0000000000
44508  -30.398  -25.830  74.371 0.0000000000
44523  -29.394  -26.316  73.392 0.0000000000
63607  -44.947  -3.996  59.481 0.0000000000
63605  -43.795  -5.028  59.212 0.0000000000
64383  -42.635  -3.980  58.058 0.0000000000
63612  -44.149  -4.246  58.878 0.0000000000
64385  -43.947  -3.444  58.361 0.0000000000
56689  -36.491  -12.538  62.794 0.0000000000
56679  -36.953  -12.250  63.628 0.0000000000
101628  -36.295  -11.717  63.948 0.0000000000
116269  -34.119  -11.180  60.881 0.0000000000
56705  -33.292  -12.536  60.161 0.0000000000
57551  -34.738  -11.728  61.339 0.0000000000
109467  -35.517  -12.979  61.588 0.0000000000
54158  -5.039  -14.561  70.089 0.0000000000
112687  -4.392  -16.062  68.979 0.0000000000
119052  -5.158  -15.807  69.639 0.0000000000
47252  -4.643  -24.169  74.215 0.0000000000
46375  -4.726  -24.164  73.461 0.0000000000
45443  -4.460  -24.622  73.080 0.0000000000
115012  -6.974  -28.078  68.977 0.0000000000
104495  -5.244  -26.978  70.236 0.0000000000
42734  -5.327  -28.058  68.185 0.0000000000
42754  -4.545  -28.559  67.409 0.0000000000
42785  -5.172  -29.345  67.043 0.0000000000
40996  -5.420  -30.647  66.322 0.0000000000
41736  -9.882  -28.617  83.098 0.0000000000
41730  -9.562  -29.051  83.670 0.0000000000
40780  -9.189  -29.567  82.604 0.0000000000
38957  -7.472  -32.168  80.528 0.0000000000
38937  -7.181  -31.410  81.685 0.0000000000
38956  -6.582  -32.334  80.723 0.0000000000
111065  -5.208  -32.396  81.014 0.0000000000
57542  -26.434  -11.251  62.267 0.0000000000
55817  -28.842  -13.445  63.700 0.0000000000
55049  -29.203  -14.116  63.367 0.0000000000
55824  -27.923  -13.016  62.868 0.0000000000
56686  -26.635  -11.773  62.064 0.0000000000
103200  -24.495  -26.926  79.009 0.0000000000
44460  -23.077  -26.764  77.852 0.0000000000
116399  -23.746  -26.734  77.197 0.0000000000
43577  -27.766  -27.075  77.195 0.0000000000
44464  -27.281  -26.950  77.871 0.0000000000
103476  -27.043  -27.109  76.336 0.0000000000
43626  -24.724  -26.990  72.513 0.0000000000
43604  -25.234  -27.014  74.048 0.0000000000
43615  -23.660  -26.749  73.679 0.0000000000
44507  -23.288  -26.593  74.399 0.0000000000
44534  -22.599  -25.857  72.461 0.0000000000
44547  -21.983  -25.405  71.843 0.0000000000
48831  -8.416  -21.705  79.537 0.0000000000
107346  -8.525  -21.790  77.824 0.0000000000
48842  -8.428  -21.483  77.174 0.0000000000
48024  -8.584  -22.405  77.212 0.0000000000
47247  -7.534  -23.654  75.939 0.0000000000
47243  -7.638  -23.765  76.713 0.0000000000
46342  -4.403  -24.864  78.410 0.0000000000
46357  -4.522  -24.593  76.453 0.0000000000
45409  -4.429  -25.161  76.927 0.0000000000
43588  -5.624  -27.009  76.134 0.0000000000
44469  -5.094  -26.426  76.938 0.0000000000
57546  -40.605  -11.628  62.552 0.0000000000
57537  -41.427  -11.103  63.231 0.0000000000
56692  -41.113  -12.240  63.253 0.0000000000
56708  -38.473  -13.430  61.134 0.0000000000
56724  -37.415  -13.259  59.997 0.0000000000
56709  -38.914  -11.972  61.167 0.0000000000
58428  -39.738  -10.520  61.320 0.0000000000
44414  -11.762  -26.327  83.831 0.0000000000
44424  -11.252  -26.888  80.525 0.0000000000
43565  -10.779  -27.686  81.100 0.0000000000
42687  -10.908  -29.089  79.707 0.0000000000
41746  -10.951  -29.694  79.489 0.0000000000
41751  -11.509  -29.347  78.373 0.0000000000
45447  -17.461  -24.840  73.406 0.0000000000
44502  -17.786  -25.642  74.750 0.0000000000
106290  -16.660  -24.825  74.486 0.0000000000
121853  -14.135  -24.923  75.588 0.0000000000
104948  -15.020  -24.693  75.705 0.0000000000
45421  -14.406  -24.721  76.146 0.0000000000
45398  -15.330  -24.496  77.870 0.0000000000
45410  -13.402  -24.868  77.147 0.0000000000
45396  -13.243  -24.805  78.051 0.0000000000
107545  -12.871  -25.437  76.564 0.0000000000
43590  -11.695  -27.656  75.686 0.0000000000
53229  -6.074  -16.695  73.385 0.0000000000
50724  -7.361  -19.683  70.530 0.0000000000
51546  -6.986  -18.279  70.970 0.0000000000
50723  -6.690  -19.484  69.940 0.0000000000
121039  -4.971  -18.958  68.982 0.0000000000
50733  -4.818  -19.543  69.210 0.0000000000
47268  -3.959  -23.744  71.277 0.0000000000
47270  -4.910  -22.936  71.633 0.0000000000
47272  -3.107  -23.575  70.621 0.0000000000
117381  -1.726  -23.946  68.037 0.0000000000
105042  -1.330  -22.939  69.437 0.0000000000
48079  -1.379  -21.975  68.702 0.0000000000
48909  -1.720  -21.077  69.306 0.0000000000
48081  -1.785  -22.454  67.497 0.0000000000
110289  -3.065  -22.166  66.238 0.0000000000
102415  -5.891  -24.408  85.839 0.0000000000
42673  -7.603  -28.883  84.768 0.0000000000
43545  -7.486  -27.573  85.435 0.0000000000
42672  -5.876  -28.310  84.918 0.0000000000
43555  -3.382  -27.897  82.447 0.0000000000
44405  -3.916  -26.662  83.907 0.0000000000
44411  -3.659  -26.508  83.087 0.0000000000
103149  -4.363  -25.462  83.344 0.0000000000
45349  -3.859  -25.643  81.962 0.0000000000
45353  -3.621  -25.347  81.139 0.0000000000
108818  -3.665  -26.790  80.564 0.0000000000
41757  -2.803  -29.611  77.572 0.0000000000
42693  -3.607  -29.087  78.864 0.0000000000
41766  -3.214  -29.344  76.684 0.0000000000
42704  -4.384  -29.083  76.592 0.0000000000
41786  -3.510  -29.586  74.888 0.0000000000
101610  -1.538  -33.378  75.207 0.0000000000
101945  -1.686  -32.484  75.469 0.0000000000
52377  -32.968  -18.870  72.661 0.0000000000
48872  -36.104  -22.015  74.420 0.0000000000
49770  -35.890  -20.843  73.637 0.0000000000
49769  -35.283  -20.476  73.946 0.0000000000
51529  -33.699  -19.048  72.942 0.0000000000
45431  -32.043  -25.139  74.969 0.0000000000
46366  -33.212  -24.571  75.053 0.0000000000
47250  -35.484  -23.361  74.915 0.0000000000
45418  -32.338  -24.708  76.078 0.0000000000
62790  -44.099  -6.083  59.980 0.0000000000
61168  -39.605  -7.032  58.220 0.0000000000
62011  -39.842  -6.405  58.125 0.0000000000
62808  -40.735  -5.230  58.068 0.0000000000
62013  -41.283  -6.371  58.558 0.0000000000
62008  -42.762  -6.120  58.930 0.0000000000
57543  -34.529  -10.713  62.543 0.0000000000
58410  -35.098  -11.021  63.642 0.0000000000
59320  -34.044  -10.094  63.786 0.0000000000
104093  -33.460  -9.802  64.228 0.0000000000
55830  -26.439  -13.000  61.361 0.0000000000
56719  -26.352  -12.288  60.015 0.0000000000
57573  -28.123  -11.320  58.711 0.0000000000
57574  -29.140  -11.034  58.568 0.0000000000
57593  -30.702  -11.819  58.457 0.0000000000
58456  -31.549  -10.553  59.401 0.0000000000
58426  -32.968  -10.139  61.041 0.0000000000
43610  -5.100  -26.918  74.041 0.0000000000
44513  -4.268  -26.326  73.439 0.0000000000
43621  -6.160  -27.467  72.794 0.0000000000
42722  -7.322  -28.205  70.432 0.0000000000
42736  -7.180  -28.785  68.676 0.0000000000
40997  -6.304  -30.683  66.746 0.0000000000
40968  -7.056  -30.344  68.229 0.0000000000
40030  -6.318  -31.719  67.424 0.0000000000
40794  -10.255  -30.094  80.165 0.0000000000
39866  -9.288  -30.470  81.075 0.0000000000
38960  -9.756  -31.567  80.000 0.0000000000
55808  -28.807  -13.283  64.535 0.0000000000
53284  -33.730  -17.093  68.673 0.0000000000
116661  -34.410  -18.133  68.153 0.0000000000
53294  -32.207  -16.272  67.372 0.0000000000
114050  -32.010  -16.019  66.841 0.0000000000
53312  -31.372  -15.708  65.999 0.0000000000
55040  -30.188  -14.678  64.840 0.0000000000
55039  -29.976  -14.132  64.456 0.0000000000
44448  -26.131  -26.915  79.130 0.0000000000
101006  -27.805  -26.733  74.106 0.0000000000
116647  -26.623  -27.018  74.705 0.0000000000
114377  -26.317  -26.996  73.026 0.0000000000
43627  -25.739  -26.942  72.503 0.0000000000
65163  -43.446  -2.710  54.410 0.0000000000
103164  -44.147  -2.231  53.944 0.0000000000
65171  -45.082  -1.846  52.579 0.0000000000
65979  -45.726  -1.691  52.102 0.0000000000
47215  -8.485  -23.249  79.346 0.0000000000
46352  -7.182  -24.099  78.111 0.0000000000
46345  -7.473  -24.178  78.958 0.0000000000
102985  -5.908  -24.591  79.270 0.0000000000
109124  -4.210  -25.148  79.004 0.0000000000
55835  -39.401  -14.116  61.884 0.0000000000
55053  -40.571  -15.051  63.255 0.0000000000
53365  -35.380  -16.677  59.694 0.0000000000
53386  -35.894  -16.409  59.526 0.0000000000
55115  -36.384  -15.175  58.780 0.0000000000
55095  -36.756  -15.283  59.928 0.0000000000
55068  -38.394  -15.066  61.229 0.0000000000
107377  -12.617  -25.471  83.317 0.0000000000
106591  -13.144  -25.033  82.244 0.0000000000
44425  -12.044  -25.990  81.043 0.0000000000
44429  -11.823  -26.162  79.914 0.0000000000
44515  -13.749  -25.960  73.595 0.0000000000
43591  -12.218  -26.799  75.229 0.0000000000
101684  -6.585  -18.301  73.798 0.0000000000
52367  -6.367  -17.478  73.403 0.0000000000
51530  -8.008  -18.911  73.279 0.0000000000
50715  -8.197  -19.261  71.795 0.0000000000
48904  -7.261  -21.076  70.802 0.0000000000
44569  -2.965  -25.497  69.198 0.0000000000
46394  -2.433  -24.118  70.206 0.0000000000
45525  -2.509  -25.245  68.717 0.0000000000
45564  -2.537  -25.245  67.400 0.0000000000
46436  -3.112  -24.697  66.564 0.0000000000
47981  -8.490  -22.178  87.268 0.0000000000
47176  -7.748  -23.272  87.272 0.0000000000
46260  -7.255  -24.654  86.790 0.0000000000
101278  -5.143  -30.278  83.176 0.0000000000
41726  -4.575  -29.123  83.996 0.0000000000
40774  -3.878  -29.572  82.848 0.0000000000
41739  -3.311  -28.974  81.558 0.0000000000
41738  -3.430  -28.428  81.049 0.0000000000
43563  -3.765  -28.193  80.163 0.0000000000
41744  -3.478  -29.214  79.602 0.0000000000
41750  -2.934  -29.812  78.365 0.0000000000
41764  -2.400  -29.872  77.139 0.0000000000
51553  -36.226  -19.078  70.384 0.0000000000
50705  -35.944  -19.815  72.582 0.0000000000
51552  -35.512  -18.807  71.053 0.0000000000
52412  -34.969  -17.745  70.059 0.0000000000
53269  -33.206  -16.650  69.135 0.0000000000
53281  -31.913  -16.284  68.354 0.0000000000
43586  -28.687  -26.839  76.359 0.0000000000
45416  -31.111  -25.649  76.719 0.0000000000
43587  -29.335  -26.449  75.920 0.0000000000
103261  -28.367  -26.848  75.249 0.0000000000
115194  -28.241  -26.566  73.742 0.0000000000
63617  -41.841  -3.796  56.720 0.0000000000
64389  -43.087  -3.048  56.873 0.0000000000
65151  -44.464  -2.399  57.486 0.0000000000
55060  -37.182  -15.080  62.808 0.0000000000
55052  -38.103  -14.850  63.806 0.0000000000
55819  -37.844  -13.740  63.771 0.0000000000
103744  -31.888  -13.087  59.146 0.0000000000
55080  -34.662  -14.871  60.507 0.0000000000
55059  -35.933  -14.344  61.943 0.0000000000
44518  -20.616  -25.685  73.608 0.0000000000
44504  -19.389  -26.132  74.403 0.0000000000
45449  -19.230  -25.100  73.146 0.0000000000
45460  -17.737  -24.720  72.536 0.0000000000
52424  -3.510  -17.415  68.324 0.0000000000
51570  -3.637  -18.135  68.459 0.0000000000
47260  -7.154  -23.028  73.479 0.0000000000
48058  -6.894  -22.967  72.681 0.0000000000
47258  -5.248  -23.767  73.053 0.0000000000
110954  -4.517  -23.985  72.043 0.0000000000
45472  -3.705  -24.754  71.450 0.0000000000
44543  -4.258  -26.497  71.581 0.0000000000
44556  -3.472  -26.038  71.015 0.0000000000
44570  -3.490  -25.968  69.825 0.0000000000
43651  -3.661  -27.015  68.579 0.0000000000
113870  -9.709  -26.862  85.961 0.0000000000
42669  -9.133  -27.975  84.890 0.0000000000
42674  -8.616  -28.748  84.569 0.0000000000
40771  -7.510  -29.679  83.755 0.0000000000
39864  -8.422  -31.113  81.946 0.0000000000
39856  -7.189  -30.797  82.684 0.0000000000
40776  -5.909  -30.585  83.200 0.0000000000
104950  -5.295  -31.274  82.146 0.0000000000
38943  -4.493  -32.021  80.650 0.0000000000
105221  -3.032  -32.731  79.977 0.0000000000
59336  -28.047  -9.016  61.145 0.0000000000
60261  -28.646  -8.584  61.823 0.0000000000
59335  -27.069  -9.275  61.387 0.0000000000
51592  -34.272  -19.434  67.504 0.0000000000
108205  -27.370  -14.717  62.831 0.0000000000
58436  -26.830  -10.407  60.325 0.0000000000
44476  -21.733  -26.287  76.752 0.0000000000
44492  -21.688  -26.224  75.835 0.0000000000
44449  -27.644  -26.634  78.755 0.0000000000
105973  -26.803  -26.807  78.570 0.0000000000
44479  -25.854  -26.930  77.555 0.0000000000
43594  -26.465  -26.964  75.563 0.0000000000
43593  -25.477  -26.771  75.753 0.0000000000
107439  -24.655  -26.695  76.417 0.0000000000
111295  -23.879  -26.621  76.097 0.0000000000
102093  -22.702  -26.537  74.857 0.0000000000
103090  -21.244  -25.896  74.257 0.0000000000
44532  -20.946  -25.094  72.951 0.0000000000
65988  -46.004  -1.692  51.298 0.0000000000
65992  -46.488  -1.472  50.658 0.0000000000
66781  -47.510  -0.404  50.612 0.0000000000
50680  -7.837  -20.021  75.093 0.0000000000
106177  -8.448  -20.638  74.891 0.0000000000
49740  -7.719  -20.518  76.602 0.0000000000
49752  -8.518  -21.254  75.734 0.0000000000
48043  -8.466  -22.382  75.291 0.0000000000
101264  -7.413  -23.445  75.121 0.0000000000
47254  -6.272  -23.718  74.696 0.0000000000
106396  -4.585  -24.514  74.781 0.0000000000
46359  -5.931  -24.368  77.010 0.0000000000
46363  -4.539  -24.544  75.581 0.0000000000
44499  -4.536  -25.497  74.872 0.0000000000
109927  -5.169  -26.334  75.342 0.0000000000
43600  -6.203  -27.882  74.759 0.0000000000
41800  -6.174  -29.411  73.747 0.0000000000
59341  -42.210  -9.040  62.252 0.0000000000
55880  -36.741  -13.789  59.104 0.0000000000
56742  -36.907  -12.165  58.994 0.0000000000
57595  -36.951  -11.224  58.708 0.0000000000
58444  -38.658  -10.576  60.202 0.0000000000
59349  -40.026  -9.690  60.890 0.0000000000
42677  -10.578  -27.875  83.918 0.0000000000
42681  -10.299  -28.182  83.207 0.0000000000
44417  -11.377  -26.900  82.605 0.0000000000
42684  -10.503  -28.240  81.668 0.0000000000
41741  -10.059  -29.231  81.404 0.0000000000
40811  -11.161  -30.477  78.599 0.0000000000
44490  -19.008  -26.374  75.092 0.0000000000
121699  -17.900  -26.230  75.817 0.0000000000
44455  -17.560  -25.814  76.942 0.0000000000
110363  -16.412  -24.809  75.097 0.0000000000
45423  -16.800  -24.957  76.520 0.0000000000
45413  -17.096  -25.209  77.481 0.0000000000
45399  -16.581  -24.735  78.811 0.0000000000
45381  -15.899  -24.532  79.480 0.0000000000
46336  -15.180  -24.508  80.167 0.0000000000
45380  -13.405  -24.770  79.111 0.0000000000
44439  -12.720  -25.780  78.633 0.0000000000
43575  -11.721  -27.573  78.107 0.0000000000
43581  -11.982  -26.832  76.183 0.0000000000
120874  -11.326  -27.769  77.335 0.0000000000
42698  -11.593  -28.609  77.962 0.0000000000
40823  -11.539  -30.063  77.118 0.0000000000
54152  -5.754  -15.297  71.927 0.0000000000
52378  -6.685  -17.498  72.579 0.0000000000
53244  -6.553  -16.653  72.110 0.0000000000
53250  -5.831  -16.111  70.341 0.0000000000
52414  -5.076  -17.453  69.167 0.0000000000
104599  -4.149  -18.872  68.736 0.0000000000
50742  -3.082  -18.875  68.235 0.0000000000
48070  -6.453  -22.482  71.610 0.0000000000
48892  -6.064  -22.055  71.058 0.0000000000
48902  -5.465  -21.689  70.513 0.0000000000
48072  -2.480  -22.733  70.436 0.0000000000
48077  -2.523  -21.811  70.215 0.0000000000
48911  -3.825  -20.805  69.632 0.0000000000
49806  -2.891  -20.199  69.216 0.0000000000
49816  -2.156  -19.932  68.988 0.0000000000
116883  -2.403  -19.342  67.754 0.0000000000
48919  -2.858  -21.095  66.494 0.0000000000
44391  -8.330  -26.191  86.247 0.0000000000
44390  -7.247  -26.097  86.263 0.0000000000
45340  -6.155  -25.834  85.824 0.0000000000
112989  -4.731  -28.251  84.544 0.0000000000
44407  -4.820  -26.313  85.300 0.0000000000
116596  -4.841  -24.911  85.213 0.0000000000
46270  -5.033  -24.824  84.983 0.0000000000
46279  -5.783  -24.980  83.993 0.0000000000
46289  -6.250  -24.904  82.830 0.0000000000
107454  -4.581  -24.756  81.242 0.0000000000
114731  -3.874  -25.017  80.228 0.0000000000
106538  -4.149  -25.503  79.130 0.0000000000
43567  -3.988  -27.902  79.824 0.0000000000
43568  -4.196  -27.488  79.568 0.0000000000
44437  -4.683  -26.797  78.992 0.0000000000
42701  -5.067  -28.270  77.023 0.0000000000
41777  -5.687  -29.159  75.432 0.0000000000
108785  -5.302  -29.599  72.913 0.0000000000
38065  -2.133  -33.279  79.219 0.0000000000
38098  -1.861  -33.334  77.742 0.0000000000
114384  -1.636  -32.641  78.414 0.0000000000
39922  -1.804  -31.498  76.899 0.0000000000
40843  -1.882  -30.912  76.001 0.0000000000
120103  -2.034  -30.391  75.517 0.0000000000
115034  -2.078  -31.314  73.305 0.0000000000
103281  -2.541  -30.500  73.874 0.0000000000
40873  -2.666  -30.380  73.001 0.0000000000
40913  -3.340  -30.748  71.858 0.0000000000
40914  -4.409  -30.510  71.594 0.0000000000
102269  -5.014  -31.836  69.892 0.0000000000
38204  -3.894  -32.863  68.489 0.0000000000
50686  -32.923  -19.134  75.421 0.0000000000
120845  -33.142  -19.574  75.810 0.0000000000
49750  -34.048  -20.699  75.413 0.0000000000
48855  -34.033  -21.649  76.102 0.0000000000
49749  -33.528  -20.872  76.361 0.0000000000
48854  -33.485  -21.767  76.787 0.0000000000
49748  -32.922  -20.114  76.525 0.0000000000
61145  -43.083  -7.864  61.157 0.0000000000
61146  -43.813  -7.525  61.512 0.0000000000
60265  -43.392  -8.060  62.064 0.0000000000
60263  -41.837  -8.750  61.425 0.0000000000
60272  -41.597  -8.386  60.527 0.0000000000
60273  -42.363  -8.169  60.852 0.0000000000
61152  -42.719  -7.603  60.346 0.0000000000
119904  -31.223  -9.104  62.147 0.0000000000
59327  -30.602  -8.906  61.826 0.0000000000
59345  -28.551  -9.345  60.399 0.0000000000
59346  -29.552  -9.274  60.362 0.0000000000
107744  -30.772  -9.193  61.082 0.0000000000
41829  -6.954  -29.135  71.736 0.0000000000
41828  -6.140  -29.763  71.693 0.0000000000
40915  -5.546  -30.241  71.292 0.0000000000
103621  -10.136  -32.200  78.203 0.0000000000
54191  -31.400  -15.227  67.012 0.0000000000
46291  -8.476  -24.016  82.149 0.0000000000
46303  -8.062  -24.497  81.489 0.0000000000
53329  -38.081  -16.397  62.256 0.0000000000
53323  -39.061  -16.146  63.192 0.0000000000
53322  -38.381  -16.118  63.020 0.0000000000
54244  -36.925  -15.727  62.232 0.0000000000
53328  -37.410  -16.351  61.870 0.0000000000
53338  -37.748  -16.382  61.540 0.0000000000
46307  -15.290  -24.312  81.374 0.0000000000
116205  -14.409  -24.397  81.659 0.0000000000
120483  -20.974  -26.580  75.780 0.0000000000
119408  -20.371  -26.293  75.071 0.0000000000
51578  -3.193  -18.104  67.889 0.0000000000
115480  -8.513  -20.846  73.515 0.0000000000
42782  -2.723  -27.753  65.625 0.0000000000
39868  -2.963  -30.805  80.334 0.0000000000
39880  -2.597  -31.364  79.965 0.0000000000
40803  -2.624  -30.680  79.541 0.0000000000
39889  -2.144  -31.678  79.507 0.0000000000
52387  -33.234  -18.695  71.954 0.0000000000
52388  -33.753  -18.634  71.840 0.0000000000
52398  -32.784  -18.379  71.328 0.0000000000
104431  -32.347  -18.082  70.692 0.0000000000
44497  -31.380  -25.218  74.660 0.0000000000
44496  -30.811  -25.650  74.773 0.0000000000
63611  -43.204  -4.530  58.603 0.0000000000
57545  -35.817  -11.948  62.502 0.0000000000
57536  -36.239  -11.801  63.174 0.0000000000
103813  -35.559  -11.348  62.989 0.0000000000
56696  -35.396  -12.221  61.755 0.0000000000
54151  -5.184  -14.613  71.113 0.0000000000
54159  -5.411  -15.199  70.212 0.0000000000
46370  -4.612  -24.397  74.095 0.0000000000
46374  -4.766  -24.251  73.314 0.0000000000
120433  -4.547  -24.589  73.717 0.0000000000
42735  -6.473  -28.395  68.380 0.0000000000
43653  -6.174  -27.633  68.995 0.0000000000
42755  -5.792  -28.835  67.676 0.0000000000
110819  -4.726  -29.921  66.396 0.0000000000
41902  -5.844  -30.005  66.803 0.0000000000
41735  -9.521  -28.976  83.104 0.0000000000
40781  -9.604  -29.280  82.324 0.0000000000
57534  -27.029  -12.033  62.788 0.0000000000
51567  -35.576  -18.711  69.300 0.0000000000
120637  -28.324  -13.169  63.391 0.0000000000
56687  -27.193  -12.473  62.599 0.0000000000
44447  -25.358  -27.021  79.180 0.0000000000
104359  -23.700  -26.779  78.308 0.0000000000
44461  -24.405  -26.807  78.033 0.0000000000
43585  -28.139  -27.059  76.669 0.0000000000
43584  -27.692  -27.139  76.578 0.0000000000
121802  -24.033  -26.915  72.269 0.0000000000
43625  -23.871  -26.860  72.854 0.0000000000
44521  -23.110  -26.408  73.055 0.0000000000
44548  -22.839  -25.804  71.559 0.0000000000
48014  -8.573  -22.571  79.017 0.0000000000
48835  -8.451  -21.742  78.569 0.0000000000
48017  -8.568  -22.510  78.177 0.0000000000
117131  -8.337  -23.280  76.915 0.0000000000
46341  -4.146  -24.972  78.128 0.0000000000
46348  -4.359  -24.884  77.086 0.0000000000
119670  -4.191  -25.173  77.667 0.0000000000
116511  -4.643  -25.842  77.281 0.0000000000
56699  -40.008  -12.348  62.151 0.0000000000
113441  -40.580  -12.735  62.715 0.0000000000
56697  -39.092  -13.382  61.536 0.0000000000
116912  -38.826  -12.760  61.270 0.0000000000
113440  -39.361  -12.533  61.621 0.0000000000
117964  -40.099  -11.603  62.085 0.0000000000
43569  -11.346  -27.109  79.552 0.0000000000
42690  -10.817  -27.950  80.080 0.0000000000
107646  -11.183  -29.213  79.033 0.0000000000
42694  -11.421  -28.466  78.546 0.0000000000
103067  -16.812  -24.648  72.717 0.0000000000
45446  -16.504  -24.709  73.648 0.0000000000
112871  -13.655  -24.869  76.478 0.0000000000
45411  -14.673  -24.534  76.940 0.0000000000
52366  -5.663  -17.199  73.878 0.0000000000
49797  -6.855  -20.466  70.209 0.0000000000
50734  -5.910  -20.017  69.623 0.0000000000
49808  -4.905  -20.425  69.628 0.0000000000
46386  -3.471  -24.150  71.055 0.0000000000
46395  -2.807  -23.982  70.534 0.0000000000
46435  -2.425  -24.321  67.371 0.0000000000
103692  -1.434  -23.127  68.300 0.0000000000
47280  -2.085  -23.415  67.371 0.0000000000
48083  -2.607  -22.748  66.677 0.0000000000
103194  -6.780  -23.444  86.739 0.0000000000
101837  -6.548  -29.006  84.541 0.0000000000
116682  -3.450  -27.686  81.777 0.0000000000
44410  -3.462  -27.112  82.279 0.0000000000
44416  -3.679  -26.327  82.237 0.0000000000
44415  -3.563  -26.737  81.584 0.0000000000
44419  -3.599  -26.318  81.061 0.0000000000
43561  -3.585  -27.167  80.894 0.0000000000
41765  -2.567  -29.660  76.643 0.0000000000
42699  -3.216  -29.240  77.444 0.0000000000
41774  -2.842  -29.655  75.724 0.0000000000
37242  -1.512  -34.707  74.459 0.0000000000
102486  -1.527  -34.274  75.220 0.0000000000
38136  -1.277  -33.736  74.265 0.0000000000
51536  -32.709  -18.893  73.446 0.0000000000
48049  -35.941  -22.708  74.831 0.0000000000
48871  -35.625  -21.197  74.262 0.0000000000
50695  -33.389  -19.262  74.136 0.0000000000
50696  -34.058  -19.623  74.012 0.0000000000
115175  -33.620  -19.195  73.554 0.0000000000
51537  -33.255  -19.000  73.057 0.0000000000
108552  -32.517  -24.873  75.155 0.0000000000
45432  -32.611  -24.676  74.664 0.0000000000
48048  -35.234  -22.644  75.342 0.0000000000
47249  -34.598  -23.517  75.234 0.0000000000
47244  -33.283  -23.391  76.564 0.0000000000
46355  -32.751  -24.224  76.252 0.0000000000
45426  -32.663  -24.655  75.588 0.0000000000
62791  -44.749  -5.662  60.473 0.0000000000
62001  -44.420  -6.258  60.804 0.0000000000
59356  -38.759  -9.475  59.116 0.0000000000
59366  -38.503  -9.172  58.509 0.0000000000
59357  -39.403  -9.098  59.407 0.0000000000
61162  -41.082  -7.581  58.964 0.0000000000
60293  -40.237  -7.678  58.707 0.0000000000
102757  -40.603  -6.892  58.477 0.0000000000
105710  -42.754  -6.759  59.254 0.0000000000
62009  -43.338  -6.421  59.578 0.0000000000
58418  -33.911  -10.343  62.157 0.0000000000
58408  -33.915  -10.316  63.004 0.0000000000
100903  -32.077  -9.438  63.458 0.0000000000
59318  -32.618  -9.654  63.963 0.0000000000
56704  -26.411  -12.300  60.780 0.0000000000
57571  -26.675  -11.621  59.782 0.0000000000
58453  -28.422  -10.445  59.207 0.0000000000
57575  -30.198  -11.029  58.611 0.0000000000
58455  -30.609  -10.447  59.231 0.0000000000
59340  -32.367  -9.735  61.741 0.0000000000
58417  -33.162  -10.054  61.908 0.0000000000
57550  -33.748  -10.505  61.293 0.0000000000
43620  -4.921  -27.103  73.174 0.0000000000
41846  -7.286  -29.087  70.806 0.0000000000
43632  -7.035  -27.722  71.309 0.0000000000
42726  -7.309  -28.453  69.487 0.0000000000
41864  -7.365  -29.283  69.308 0.0000000000
117054  -7.101  -30.022  67.797 0.0000000000
40020  -6.503  -31.201  68.218 0.0000000000
40019  -5.965  -31.919  68.306 0.0000000000
39113  -5.691  -32.480  67.900 0.0000000000
39876  -10.061  -30.558  80.109 0.0000000000
116805  -9.780  -31.025  80.152 0.0000000000
39882  -10.274  -31.050  79.745 0.0000000000
53283  -33.092  -16.583  68.672 0.0000000000
53295  -32.894  -16.781  68.142 0.0000000000
54209  -31.538  -15.172  66.393 0.0000000000
54210  -31.787  -15.648  66.809 0.0000000000
53305  -31.659  -15.611  66.429 0.0000000000
53311  -30.802  -15.550  65.575 0.0000000000
54218  -30.761  -14.805  65.543 0.0000000000
55030  -29.670  -13.961  65.241 0.0000000000
44435  -26.282  -26.506  80.081 0.0000000000
102279  -27.478  -26.742  73.453 0.0000000000
43618  -26.865  -26.963  73.391 0.0000000000
65160  -43.500  -2.762  55.293 0.0000000000
64404  -42.777  -3.186  54.806 0.0000000000
65170  -44.294  -2.229  52.992 0.0000000000
120972  -45.228  -1.594  53.131 0.0000000000
65965  -45.326  -1.403  53.685 0.0000000000
47223  -8.119  -23.779  79.194 0.0000000000
117989  -6.120  -24.491  80.002 0.0000000000
46334  -6.891  -24.468  79.569 0.0000000000
102986  -4.972  -24.791  79.086 0.0000000000
55061  -39.772  -14.813  62.337 0.0000000000
108683  -40.339  -14.584  62.803 0.0000000000
55062  -40.147  -15.379  62.879 0.0000000000
54264  -34.867  -16.101  60.467 0.0000000000
53347  -36.610  -16.456  60.729 0.0000000000
54281  -36.356  -15.913  59.566 0.0000000000
54282  -36.640  -15.843  60.089 0.0000000000
54254  -38.474  -15.872  61.444 0.0000000000
116405  -38.127  -15.549  61.120 0.0000000000
55069  -39.129  -15.156  61.714 0.0000000000
55834  -38.758  -14.243  61.406 0.0000000000
112860  -12.861  -25.351  80.983 0.0000000000
44501  -13.300  -25.871  74.356 0.0000000000
44514  -12.947  -26.530  73.767 0.0000000000
51524  -7.150  -18.952  73.910 0.0000000000
49778  -8.075  -21.033  71.920 0.0000000000
49779  -8.239  -20.178  72.265 0.0000000000
49786  -7.776  -20.284  71.199 0.0000000000
44589  -3.052  -26.593  68.489 0.0000000000
44588  -2.735  -26.025  68.554 0.0000000000
44606  -2.819  -26.442  67.912 0.0000000000
44620  -2.869  -26.226  66.300 0.0000000000
111406  -2.772  -26.065  67.243 0.0000000000
121696  -2.910  -25.587  66.675 0.0000000000
46255  -8.347  -24.044  87.272 0.0000000000
46254  -7.566  -24.014  87.155 0.0000000000
40775  -4.366  -30.086  82.748 0.0000000000
40784  -3.788  -29.909  82.243 0.0000000000
40792  -3.213  -29.552  81.046 0.0000000000
40783  -3.378  -29.700  81.703 0.0000000000
41742  -3.418  -28.911  80.696 0.0000000000
104067  -3.538  -28.944  80.198 0.0000000000
41747  -3.259  -29.540  79.247 0.0000000000
40821  -2.412  -30.189  77.740 0.0000000000
41756  -2.765  -29.780  77.789 0.0000000000
50730  -36.671  -19.632  70.468 0.0000000000
115812  -36.592  -19.819  70.948 0.0000000000
49775  -35.587  -20.164  73.283 0.0000000000
50712  -35.427  -19.248  72.235 0.0000000000
52400  -34.079  -18.461  71.098 0.0000000000
51551  -34.735  -18.658  71.371 0.0000000000
51560  -34.856  -18.345  70.692 0.0000000000
52421  -34.392  -17.425  69.613 0.0000000000
53260  -33.753  -17.222  69.665 0.0000000000
53268  -32.507  -16.615  69.148 0.0000000000
45440  -32.671  -24.369  74.175 0.0000000000
44451  -29.830  -25.966  78.056 0.0000000000
100601  -29.021  -26.518  77.706 0.0000000000
44480  -29.228  -26.591  76.720 0.0000000000
110966  -31.615  -25.253  76.833 0.0000000000
43598  -29.560  -26.387  75.154 0.0000000000
110037  -29.933  -26.208  75.517 0.0000000000
43597  -28.851  -26.689  75.578 0.0000000000
43607  -28.391  -26.648  74.433 0.0000000000
119842  -28.775  -26.443  73.397 0.0000000000
65146  -45.677  -2.537  58.785 0.0000000000
63609  -41.524  -5.220  58.335 0.0000000000
63615  -40.528  -4.817  57.303 0.0000000000
63616  -41.316  -4.593  57.735 0.0000000000
115627  -41.953  -4.122  57.567 0.0000000000
101392  -42.439  -3.488  56.445 0.0000000000
64396  -42.838  -3.290  55.735 0.0000000000
64386  -44.702  -2.849  58.359 0.0000000000
65152  -45.224  -2.142  58.022 0.0000000000
55826  -36.967  -14.195  62.790 0.0000000000
104230  -37.490  -14.449  63.283 0.0000000000
55818  -37.160  -13.350  63.177 0.0000000000
56670  -36.768  -11.729  64.515 0.0000000000
56671  -37.492  -12.316  64.447 0.0000000000
58398  -34.646  -10.536  64.267 0.0000000000
58399  -35.334  -11.026  64.411 0.0000000000
102456  -32.084  -11.281  59.191 0.0000000000
56722  -31.619  -12.018  58.824 0.0000000000
104792  -32.446  -12.251  59.437 0.0000000000
55843  -33.452  -13.713  60.179 0.0000000000
116275  -34.096  -14.025  60.463 0.0000000000
55825  -35.782  -13.499  61.942 0.0000000000
55833  -35.426  -13.796  61.220 0.0000000000
115791  -36.574  -14.693  62.385 0.0000000000
44517  -19.749  -25.791  73.690 0.0000000000
45462  -19.501  -24.863  72.348 0.0000000000
45461  -18.646  -24.818  72.417 0.0000000000
54164  -4.635  -15.133  69.394 0.0000000000
102801  -4.205  -17.628  68.708 0.0000000000
106762  -6.439  -23.357  73.947 0.0000000000
47259  -6.198  -23.398  73.248 0.0000000000
107526  -4.715  -24.247  72.674 0.0000000000
47263  -4.772  -24.116  72.738 0.0000000000
46379  -4.340  -24.202  71.849 0.0000000000
43630  -5.200  -26.995  72.162 0.0000000000
44528  -4.291  -26.399  72.471 0.0000000000
43637  -5.219  -26.942  71.220 0.0000000000
43642  -5.429  -27.192  69.428 0.0000000000
44557  -4.020  -26.681  70.676 0.0000000000
107875  -3.419  -26.524  69.045 0.0000000000
43666  -3.946  -27.754  67.906 0.0000000000
40036  -6.413  -31.264  66.791 0.0000000000
40035  -5.907  -31.472  66.294 0.0000000000
120538  -10.067  -27.125  85.098 0.0000000000
42670  -9.973  -27.585  84.650 0.0000000000
40773  -9.165  -29.411  83.385 0.0000000000
41729  -9.060  -29.327  84.107 0.0000000000
40772  -8.475  -29.605  83.627 0.0000000000
41728  -8.106  -29.231  84.179 0.0000000000
40778  -7.779  -30.134  83.137 0.0000000000
39865  -8.888  -30.783  81.554 0.0000000000
39873  -8.509  -31.212  81.332 0.0000000000
38936  -6.584  -31.626  81.613 0.0000000000
39863  -7.629  -31.173  82.069 0.0000000000
39862  -6.671  -31.292  82.082 0.0000000000
39855  -6.318  -30.953  82.818 0.0000000000
39861  -5.920  -31.384  82.247 0.0000000000
40786  -5.585  -30.893  82.723 0.0000000000
39872  -5.542  -31.880  82.014 0.0000000000
39871  -4.964  -31.871  81.636 0.0000000000
38942  -3.667  -31.678  80.208 0.0000000000
52449  -33.987  -18.384  67.792 0.0000000000
55058  -28.464  -13.598  63.192 0.0000000000
54235  -28.892  -14.910  63.396 0.0000000000
55048  -28.308  -14.291  63.113 0.0000000000
113522  -26.416  -11.077  61.604 0.0000000000
107725  -26.434  -11.545  61.104 0.0000000000
57549  -26.483  -10.664  60.946 0.0000000000
58424  -27.438  -9.682  60.498 0.0000000000
44477  -22.604  -26.509  77.129 0.0000000000
103682  -22.581  -26.454  77.862 0.0000000000
43576  -27.142  -27.129  77.208 0.0000000000
44463  -26.492  -26.965  77.980 0.0000000000
101648  -25.815  -27.001  78.478 0.0000000000
101332  -26.263  -26.967  73.852 0.0000000000
101304  -25.879  -26.945  74.768 0.0000000000
43603  -24.187  -26.895  74.425 0.0000000000
119409  -25.050  -26.815  74.876 0.0000000000
44494  -23.399  -26.673  75.228 0.0000000000
101447  -22.605  -25.994  74.197 0.0000000000
44506  -21.923  -26.136  74.844 0.0000000000
44519  -21.996  -25.735  74.082 0.0000000000
103671  -21.503  -25.556  73.510 0.0000000000
45479  -21.450  -24.803  71.262 0.0000000000
44546  -21.182  -24.942  72.136 0.0000000000
105791  -46.270  -1.278  52.217 0.0000000000
65998  -46.985  -1.082  50.189 0.0000000000
49751  -8.071  -20.515  75.818 0.0000000000
49727  -7.496  -20.653  77.380 0.0000000000
48849  -8.576  -21.794  76.417 0.0000000000
49741  -8.345  -21.031  76.495 0.0000000000
48856  -8.607  -21.930  75.739 0.0000000000
48042  -8.103  -22.841  74.740 0.0000000000
47248  -8.188  -23.126  75.571 0.0000000000
108719  -6.535  -23.875  75.613 0.0000000000
47246  -5.516  -24.075  75.353 0.0000000000
47253  -4.906  -24.327  75.030 0.0000000000
47242  -6.950  -24.141  77.266 0.0000000000
46356  -4.370  -24.793  76.167 0.0000000000
46362  -4.500  -24.700  75.150 0.0000000000
44484  -4.418  -25.145  75.421 0.0000000000
44485  -4.902  -25.891  75.900 0.0000000000
43589  -6.040  -27.879  75.550 0.0000000000
41789  -6.441  -28.997  74.108 0.0000000000
42708  -6.199  -28.652  74.954 0.0000000000
58430  -41.350  -9.555  62.103 0.0000000000
117829  -41.970  -9.645  62.718 0.0000000000
58421  -41.566  -10.195  62.784 0.0000000000
60255  -30.078  -8.653  62.628 0.0000000000
55116  -36.638  -14.660  59.263 0.0000000000
55863  -37.054  -14.187  59.778 0.0000000000
56725  -37.802  -12.243  60.131 0.0000000000
105759  -37.293  -12.458  59.575 0.0000000000
57577  -37.409  -11.592  59.384 0.0000000000
57578  -38.058  -11.097  59.775 0.0000000000
57553  -40.188  -10.939  61.994 0.0000000000
58429  -40.442  -10.001  61.703 0.0000000000
43554  -10.903  -27.401  84.215 0.0000000000
43557  -10.885  -27.583  83.773 0.0000000000
43559  -10.692  -27.671  82.796 0.0000000000
44418  -12.009  -26.156  83.187 0.0000000000
42686  -10.578  -28.695  80.584 0.0000000000
41743  -10.309  -29.056  81.006 0.0000000000
118385  -10.298  -29.630  80.431 0.0000000000
40804  -11.228  -29.857  78.824 0.0000000000
40799  -10.933  -30.161  79.375 0.0000000000
39903  -10.961  -31.008  78.005 0.0000000000
40822  -11.404  -30.485  77.595 0.0000000000
44503  -18.566  -25.911  74.545 0.0000000000
44489  -18.237  -26.133  75.235 0.0000000000
44472  -18.048  -26.254  76.422 0.0000000000
44471  -17.441  -25.895  76.146 0.0000000000
45437  -15.874  -24.688  74.293 0.0000000000
45428  -15.266  -24.693  74.982 0.0000000000
45422  -15.590  -24.583  76.391 0.0000000000
100730  -16.076  -24.687  75.762 0.0000000000
45414  -17.241  -25.327  78.342 0.0000000000
102590  -16.439  -24.720  78.004 0.0000000000
115842  -15.478  -24.402  78.704 0.0000000000
101044  -14.657  -24.374  79.321 0.0000000000
45367  -13.986  -24.626  80.006 0.0000000000
44454  -12.553  -25.735  77.497 0.0000000000
44438  -12.105  -26.577  78.249 0.0000000000
42703  -11.509  -28.611  76.077 0.0000000000
119124  -11.382  -27.683  76.606 0.0000000000
106263  -11.255  -28.477  77.000 0.0000000000
41758  -11.546  -29.437  77.568 0.0000000000
54140  -5.216  -15.849  73.359 0.0000000000
54146  -5.534  -15.497  72.828 0.0000000000
54145  -4.968  -14.806  72.365 0.0000000000
53243  -6.246  -15.927  72.535 0.0000000000
113152  -7.148  -18.278  73.058 0.0000000000
52389  -6.715  -17.595  71.538 0.0000000000
53251  -6.399  -16.844  70.976 0.0000000000
52401  -5.919  -17.135  69.887 0.0000000000
52415  -5.870  -18.082  69.504 0.0000000000
51562  -4.851  -18.327  68.919 0.0000000000
50741  -2.577  -19.548  68.580 0.0000000000
47266  -5.974  -23.277  72.535 0.0000000000
48063  -6.536  -22.856  72.121 0.0000000000
48062  -5.786  -22.939  71.937 0.0000000000
48068  -4.303  -22.837  70.911 0.0000000000
48069  -5.171  -22.427  70.924 0.0000000000
48074  -4.409  -22.047  70.505 0.0000000000
46404  -2.213  -24.495  69.338 0.0000000000
47271  -2.194  -23.478  70.428 0.0000000000
47275  -1.710  -23.645  69.915 0.0000000000
48076  -1.683  -22.024  69.941 0.0000000000
48901  -3.553  -21.599  70.083 0.0000000000
48910  -2.773  -21.100  69.674 0.0000000000
48914  -1.689  -20.902  68.327 0.0000000000
49815  -1.876  -20.195  68.885 0.0000000000
49821  -1.959  -20.052  67.927 0.0000000000
50740  -2.149  -19.599  68.438 0.0000000000
49822  -2.391  -20.047  67.033 0.0000000000
44400  -8.986  -26.877  85.892 0.0000000000
43544  -6.356  -27.562  85.389 0.0000000000
44398  -6.794  -26.802  85.758 0.0000000000
42679  -3.955  -29.129  83.444 0.0000000000
42671  -4.067  -28.584  83.941 0.0000000000
43551  -4.400  -27.025  84.731 0.0000000000
44406  -4.309  -25.934  84.709 0.0000000000
44396  -4.651  -25.356  85.274 0.0000000000
45350  -4.316  -25.366  82.520 0.0000000000
46288  -4.931  -25.068  83.239 0.0000000000
46302  -5.944  -24.742  81.610 0.0000000000
45363  -3.688  -25.307  80.417 0.0000000000
45364  -3.773  -24.864  80.871 0.0000000000
46331  -3.946  -25.249  79.723 0.0000000000
43566  -3.829  -28.471  79.825 0.0000000000
43564  -3.769  -27.609  80.258 0.0000000000
42689  -3.843  -28.832  79.250 0.0000000000
42697  -3.891  -28.758  78.393 0.0000000000
43571  -4.237  -28.136  79.176 0.0000000000
43573  -4.605  -27.620  78.730 0.0000000000
43579  -4.708  -27.871  77.931 0.0000000000
41776  -4.715  -29.399  75.752 0.0000000000
41787  -4.962  -29.574  74.833 0.0000000000
41799  -5.116  -29.592  73.864 0.0000000000
41810  -4.158  -29.701  73.190 0.0000000000
38081  -2.153  -33.502  78.173 0.0000000000
118128  -1.766  -33.231  75.894 0.0000000000
37206  -1.991  -33.671  76.486 0.0000000000
38111  -1.980  -33.109  77.016 0.0000000000
38989  -1.654  -32.940  77.724 0.0000000000
39912  -1.716  -32.148  77.722 0.0000000000
39001  -1.765  -32.451  76.939 0.0000000000
117607  -1.740  -31.572  75.439 0.0000000000
40856  -1.818  -30.928  75.033 0.0000000000
39950  -2.334  -30.790  73.103 0.0000000000
39963  -2.507  -30.903  72.347 0.0000000000
106443  -2.942  -31.284  71.580 0.0000000000
39975  -3.755  -31.059  71.162 0.0000000000
39989  -4.379  -31.428  70.453 0.0000000000
51520  -33.054  -18.996  74.636 0.0000000000
105530  -32.507  -18.884  74.327 0.0000000000
51519  -32.628  -18.882  75.059 0.0000000000
49760  -34.890  -20.863  74.682 0.0000000000
47245  -33.878  -23.428  75.892 0.0000000000
48032  -32.865  -22.876  77.361 0.0000000000
48848  -33.076  -22.046  77.277 0.0000000000
61990  -44.168  -6.963  61.100 0.0000000000
121081  -40.314  -9.113  60.376 0.0000000000
59358  -40.095  -8.758  59.742 0.0000000000
60271  -40.846  -8.564  60.106 0.0000000000
60284  -41.482  -7.926  59.630 0.0000000000
120578  -41.625  -7.491  59.209 0.0000000000
119840  -42.217  -7.327  59.477 0.0000000000
117483  -32.662  -9.766  62.420 0.0000000000
59328  -31.860  -9.339  62.569 0.0000000000
60247  -31.355  -9.073  63.431 0.0000000000
57558  -26.970  -10.928  59.712 0.0000000000
118592  -28.166  -9.821  59.826 0.0000000000
58438  -29.027  -9.737  59.687 0.0000000000
58439  -30.038  -9.816  59.767 0.0000000000
58440  -31.006  -9.884  59.853 0.0000000000
59348  -31.286  -9.583  60.635 0.0000000000
43612  -6.652  -27.881  73.269 0.0000000000
43622  -6.845  -27.818  72.376 0.0000000000
40937  -7.027  -29.734  70.102 0.0000000000
40954  -7.113  -30.053  69.121 0.0000000000
116325  -6.535  -30.479  69.798 0.0000000000
39990  -5.659  -31.169  70.041 0.0000000000
38981  -10.519  -31.941  78.849 0.0000000000
38970  -10.237  -31.887  79.382 0.0000000000
38991  -9.377  -32.370  77.600 0.0000000000
54178  -31.961  -16.012  67.684 0.0000000000
54193  -32.004  -15.861  67.276 0.0000000000
115217  -31.328  -14.855  65.971 0.0000000000
55015  -30.764  -14.584  65.948 0.0000000000
55014  -29.805  -14.391  65.983 0.0000000000
43636  -26.682  -26.501  72.355 0.0000000000
65154  -44.335  -2.281  56.607 0.0000000000
65927  -44.873  -1.855  56.253 0.0000000000
65941  -46.156  -1.104  56.312 0.0000000000
47211  -8.504  -23.869  80.900 0.0000000000
54255  -39.070  -15.929  61.895 0.0000000000
54247  -39.919  -15.864  62.961 0.0000000000
53331  -39.262  -16.040  62.583 0.0000000000
54239  -39.489  -16.142  63.788 0.0000000000
54252  -35.941  -16.055  61.321 0.0000000000
54265  -35.672  -16.416  60.614 0.0000000000
53336  -36.291  -16.477  61.028 0.0000000000
53348  -37.378  -16.423  61.002 0.0000000000
53349  -37.981  -16.242  61.372 0.0000000000
46305  -13.896  -24.502  82.382 0.0000000000
45366  -13.430  -24.994  80.550 0.0000000000
44459  -21.101  -26.281  77.183 0.0000000000
52423  -3.372  -17.340  68.069 0.0000000000
52431  -3.417  -17.339  67.835 0.0000000000
50698  -8.279  -19.574  73.633 0.0000000000
48884  -8.353  -20.973  72.754 0.0000000000
105728  -7.681  -21.639  71.784 0.0000000000
43682  -2.675  -26.962  65.901 0.0000000000
117397  -2.837  -27.193  65.386 0.0000000000
45330  -8.982  -24.860  87.099 0.0000000000
45335  -8.644  -25.580  86.768 0.0000000000
39869  -3.321  -30.820  80.790 0.0000000000
39859  -3.763  -30.430  81.614 0.0000000000
40791  -3.038  -30.186  80.679 0.0000000000
101020  -3.067  -29.793  79.514 0.0000000000
115573  -2.306  -30.922  79.091 0.0000000000
120598  -33.979  -18.883  72.438 0.0000000000
50711  -34.504  -19.075  72.480 0.0000000000
52410  -33.576  -17.884  70.388 0.0000000000
112517  -32.905  -17.977  70.515 0.0000000000
46371  -34.313  -24.392  74.014 0.0000000000
44482  -30.887  -25.738  76.072 0.0000000000
44495  -30.247  -26.113  74.905 0.0000000000
43609  -29.924  -26.237  74.415 0.0000000000
44522  -28.983  -26.477  73.935 0.0000000000
43619  -29.698  -26.278  73.957 0.0000000000
62803  -42.975  -5.320  58.847 0.0000000000
63610  -42.216  -4.723  58.313 0.0000000000
119813  -43.395  -3.887  58.375 0.0000000000
64384  -43.151  -3.413  57.795 0.0000000000
105996  -44.695  -3.615  58.809 0.0000000000
57559  -33.555  -11.609  60.432 0.0000000000
56706  -34.161  -12.127  60.671 0.0000000000
55832  -35.009  -12.773  60.954 0.0000000000
55844  -34.895  -13.796  60.623 0.0000000000
56688  -35.875  -12.776  62.202 0.0000000000
45477  -19.782  -24.696  71.539 0.0000000000
53261  -5.163  -16.578  69.417 0.0000000000
117754  -4.664  -23.970  73.573 0.0000000000
43643  -6.345  -27.296  69.888 0.0000000000
43652  -4.827  -27.337  68.723 0.0000000000
40995  -4.383  -30.521  65.895 0.0000000000
42680  -10.241  -28.250  83.642 0.0000000000
42676  -10.271  -28.113  84.060 0.0000000000
41731  -9.941  -28.598  83.603 0.0000000000
38947  -7.997  -31.485  80.877 0.0000000000
38946  -7.083  -31.629  81.131 0.0000000000
38945  -6.223  -31.983  81.317 0.0000000000
38944  -5.638  -32.149  81.528 0.0000000000
38955  -5.857  -32.486  80.959 0.0000000000
118644  -5.365  -32.985  80.514 0.0000000000
103603  -26.354  -10.354  61.749 0.0000000000
51590  -32.498  -17.999  66.905 0.0000000000
55050  -29.804  -14.338  63.639 0.0000000000
55831  -27.086  -12.942  62.300 0.0000000000
44465  -28.104  -26.871  77.862 0.0000000000
43616  -24.509  -27.048  73.448 0.0000000000
101122  -23.063  -26.114  73.820 0.0000000000
44533  -21.745  -25.434  72.720 0.0000000000
65176  -43.747  -2.616  52.525 0.0000000000
48834  -8.152  -21.084  77.914 0.0000000000
121303  -8.187  -23.369  76.241 0.0000000000
100978  -6.735  -24.051  76.444 0.0000000000
46350  -5.107  -24.593  77.617 0.0000000000
46349  -4.456  -24.777  77.351 0.0000000000
44468  -4.603  -25.473  76.439 0.0000000000
42702  -5.753  -27.955  76.369 0.0000000000
118834  -41.698  -11.921  63.772 0.0000000000
56707  -37.909  -13.334  60.626 0.0000000000
113880  -38.387  -12.545  60.803 0.0000000000
57561  -39.101  -11.030  60.909 0.0000000000
57552  -39.615  -11.547  61.624 0.0000000000
44420  -11.371  -26.865  81.630 0.0000000000
45439  -18.043  -25.327  74.011 0.0000000000
45438  -17.261  -25.095  74.225 0.0000000000
45430  -17.167  -25.137  75.003 0.0000000000
45427  -14.393  -24.907  75.185 0.0000000000
110895  -14.173  -24.568  77.640 0.0000000000
121765  -11.747  -27.575  75.025 0.0000000000
107801  -11.473  -29.346  75.825 0.0000000000
40835  -11.503  -30.038  76.223 0.0000000000
51547  -7.760  -18.667  71.402 0.0000000000
51555  -7.325  -18.951  70.580 0.0000000000
51554  -6.595  -18.598  70.015 0.0000000000
51563  -5.756  -19.043  69.360 0.0000000000
47269  -4.447  -23.485  71.676 0.0000000000
48067  -3.682  -23.153  70.781 0.0000000000
112103  -1.721  -21.588  67.674 0.0000000000
48918  -2.274  -21.804  66.848 0.0000000000
42668  -8.089  -28.292  85.147 0.0000000000
42667  -7.023  -28.403  85.155 0.0000000000
43550  -3.893  -27.716  84.017 0.0000000000
43556  -3.466  -27.328  83.189 0.0000000000
44412  -4.163  -25.808  83.855 0.0000000000
45345  -3.958  -25.893  82.845 0.0000000000
45354  -3.937  -24.970  81.633 0.0000000000
44423  -3.619  -26.031  80.536 0.0000000000
42695  -3.118  -29.637  78.247 0.0000000000
42696  -3.248  -29.396  77.879 0.0000000000
41775  -3.730  -29.526  75.997 0.0000000000
38122  -1.690  -33.921  75.868 0.0000000000
39031  -1.454  -32.677  74.475 0.0000000000
39974  -2.577  -31.302  71.794 0.0000000000
48050  -36.438  -22.846  74.239 0.0000000000
108934  -36.578  -22.222  73.873 0.0000000000
115895  -36.100  -21.486  73.925 0.0000000000
108229  -34.838  -19.871  73.575 0.0000000000
49768  -34.668  -20.207  74.172 0.0000000000
50703  -34.282  -19.335  73.213 0.0000000000
44498  -31.992  -24.794  74.452 0.0000000000
46361  -33.822  -24.070  75.331 0.0000000000
46367  -34.075  -24.235  74.701 0.0000000000
47251  -35.997  -23.484  74.302 0.0000000000
45417  -31.954  -25.016  76.357 0.0000000000
47241  -32.780  -23.791  76.941 0.0000000000
46354  -32.355  -24.427  76.740 0.0000000000
45425  -32.047  -25.049  75.640 0.0000000000
62799  -44.317  -5.437  59.800 0.0000000000
63602  -44.884  -5.118  60.252 0.0000000000
60282  -39.853  -8.407  59.043 0.0000000000
60292  -39.478  -7.935  58.500 0.0000000000
60298  -39.093  -7.522  58.099 0.0000000000
61174  -39.077  -7.031  57.731 0.0000000000
62012  -40.373  -5.951  58.226 0.0000000000
62801  -41.092  -5.680  58.363 0.0000000000
102251  -41.856  -5.933  58.591 0.0000000000
61170  -42.133  -6.643  58.884 0.0000000000
62798  -43.572  -5.771  59.368 0.0000000000
58419  -34.996  -10.967  62.940 0.0000000000
58409  -34.531  -10.612  63.364 0.0000000000
59319  -33.315  -9.945  63.464 0.0000000000
57572  -27.241  -11.501  59.222 0.0000000000
118931  -28.212  -11.920  58.456 0.0000000000
57591  -28.819  -11.824  58.372 0.0000000000
57592  -29.744  -11.737  58.355 0.0000000000
57576  -31.223  -11.122  58.761 0.0000000000
58441  -31.840  -10.118  60.088 0.0000000000
58443  -33.379  -10.821  60.574 0.0000000000
58427  -34.446  -10.892  61.668 0.0000000000
109530  -4.525  -14.304  71.972 0.0000000000
43631  -6.278  -27.349  71.780 0.0000000000
43639  -6.982  -27.520  70.393 0.0000000000
43644  -7.028  -27.689  69.642 0.0000000000
42756  -6.750  -29.315  67.913 0.0000000000
41903  -6.577  -30.031  67.300 0.0000000000
40982  -6.685  -30.690  67.434 0.0000000000
39118  -5.958  -32.521  67.015 0.0000000000
40789  -9.907  -29.703  80.814 0.0000000000
40788  -9.585  -29.824  81.337 0.0000000000
40793  -9.751  -30.227  80.558 0.0000000000
39875  -9.497  -30.741  80.497 0.0000000000
38949  -9.301  -31.286  80.400 0.0000000000
38959  -9.137  -31.892  80.212 0.0000000000
38958  -8.371  -32.074  80.377 0.0000000000
56669  -28.322  -12.941  63.889 0.0000000000
56668  -27.594  -12.585  63.921 0.0000000000
52429  -34.403  -17.493  69.066 0.0000000000
52438  -34.395  -17.781  68.527 0.0000000000
52437  -33.642  -17.519  68.106 0.0000000000
53306  -32.801  -17.017  67.751 0.0000000000
104729  -32.372  -16.854  67.244 0.0000000000
52447  -31.930  -16.649  66.729 0.0000000000
52454  -31.452  -16.573  66.221 0.0000000000
52453  -30.772  -16.754  65.708 0.0000000000
54227  -30.212  -15.224  64.875 0.0000000000
55038  -29.496  -13.739  63.978 0.0000000000
44434  -25.498  -26.883  79.894 0.0000000000
43606  -27.798  -26.925  74.831 0.0000000000
101175  -27.173  -27.079  75.237 0.0000000000
43605  -27.168  -26.924  74.182 0.0000000000
107780  -26.282  -26.821  72.639 0.0000000000
44549  -23.559  -26.503  71.125 0.0000000000
65169  -43.538  -2.619  53.476 0.0000000000
65164  -44.132  -2.266  54.883 0.0000000000
65177  -44.570  -2.339  52.063 0.0000000000
109011  -45.735  -1.396  52.912 0.0000000000
119097  -46.134  -0.797  54.538 0.0000000000
47224  -8.422  -23.243  78.636 0.0000000000
104844  -7.949  -23.744  78.362 0.0000000000
46344  -6.570  -24.424  78.709 0.0000000000
46335  -7.731  -24.223  79.858 0.0000000000
46343  -5.466  -24.629  78.475 0.0000000000
56698  -39.658  -13.242  62.006 0.0000000000
56691  -40.512  -13.692  62.785 0.0000000000
54240  -40.385  -15.665  63.513 0.0000000000
103475  -35.105  -16.743  60.064 0.0000000000
52491  -34.600  -16.944  59.473 0.0000000000
54300  -36.010  -16.004  58.933 0.0000000000
55082  -37.265  -14.965  60.306 0.0000000000
54266  -37.270  -15.888  60.532 0.0000000000
109018  -37.799  -15.167  60.797 0.0000000000
55847  -38.100  -14.257  60.986 0.0000000000
45351  -12.578  -25.527  82.617 0.0000000000
45355  -12.667  -25.449  81.750 0.0000000000
45458  -15.360  -25.028  72.319 0.0000000000
45445  -15.193  -24.919  73.123 0.0000000000
45444  -14.453  -25.227  73.403 0.0000000000
45435  -14.115  -24.933  74.359 0.0000000000
44487  -13.736  -25.392  75.104 0.0000000000
44486  -12.898  -25.986  75.142 0.0000000000
44470  -12.565  -26.053  75.940 0.0000000000
43602  -12.601  -26.581  74.487 0.0000000000
52357  -5.991  -17.913  74.201 0.0000000000
50706  -7.953  -18.656  72.385 0.0000000000
50707  -8.261  -19.359  72.777 0.0000000000
117692  -7.867  -19.267  71.015 0.0000000000
104592  -2.992  -24.903  69.826 0.0000000000
115651  -2.749  -24.985  69.276 0.0000000000
45543  -2.470  -25.695  68.081 0.0000000000
46414  -2.101  -24.724  68.295 0.0000000000
47286  -3.419  -23.950  65.988 0.0000000000
121513  -7.890  -22.581  87.359 0.0000000000
47175  -7.160  -23.258  87.126 0.0000000000
47180  -7.009  -23.913  86.912 0.0000000000
46259  -6.525  -24.377  86.451 0.0000000000
109108  -5.200  -29.601  83.765 0.0000000000
41733  -4.473  -29.675  83.356 0.0000000000
104791  -3.558  -29.054  82.869 0.0000000000
41740  -3.443  -29.327  82.280 0.0000000000
41732  -3.384  -28.663  82.365 0.0000000000
42682  -3.406  -28.241  81.700 0.0000000000
43558  -3.491  -27.879  81.092 0.0000000000
43560  -3.628  -27.768  80.584 0.0000000000
108009  -3.609  -28.365  80.452 0.0000000000
42685  -3.644  -28.792  80.065 0.0000000000
42688  -3.622  -29.112  79.366 0.0000000000
40833  -2.047  -30.027  76.255 0.0000000000
51568  -36.184  -19.135  69.716 0.0000000000
49776  -36.440  -20.662  72.872 0.0000000000
50713  -36.179  -19.502  71.934 0.0000000000
51545  -35.030  -18.902  71.836 0.0000000000
50720  -35.684  -19.100  71.686 0.0000000000
50721  -36.241  -19.371  71.146 0.0000000000
51561  -35.620  -18.379  70.114 0.0000000000
52422  -35.040  -17.889  69.520 0.0000000000
53270  -33.795  -16.925  69.156 0.0000000000
53282  -32.476  -16.429  68.475 0.0000000000
45406  -29.318  -26.192  78.710 0.0000000000
43578  -28.452  -26.886  77.077 0.0000000000
43596  -28.251  -27.050  76.068 0.0000000000
45415  -30.535  -25.785  77.418 0.0000000000
44481  -30.050  -26.151  76.185 0.0000000000
43629  -28.185  -26.475  73.123 0.0000000000
120994  -41.528  -4.150  57.228 0.0000000000
64394  -41.278  -3.492  56.039 0.0000000000
65153  -43.637  -2.732  56.173 0.0000000000
64390  -43.829  -2.914  57.664 0.0000000000
65150  -43.831  -2.598  56.962 0.0000000000
54237  -38.144  -15.752  63.480 0.0000000000
55051  -37.694  -15.321  63.280 0.0000000000
56680  -37.595  -12.863  63.818 0.0000000000
57535  -35.717  -11.403  63.801 0.0000000000
57525  -36.012  -11.353  64.542 0.0000000000
55845  -35.219  -14.515  60.803 0.0000000000
55066  -35.636  -14.983  61.400 0.0000000000
55067  -36.229  -15.389  61.864 0.0000000000
44505  -20.293  -26.157  74.403 0.0000000000
45448  -18.364  -24.957  73.266 0.0000000000
51569  -3.175  -18.048  68.046 0.0000000000
48051  -7.974  -22.596  73.853 0.0000000000
48059  -7.729  -22.457  72.939 0.0000000000
47264  -4.691  -23.998  72.724 0.0000000000
44527  -4.043  -25.455  72.829 0.0000000000
44542  -3.996  -25.556  71.778 0.0000000000
109289  -3.374  -25.309  71.112 0.0000000000
45490  -3.260  -25.308  70.562 0.0000000000
110774  -3.086  -26.184  68.978 0.0000000000
43665  -3.213  -27.586  67.280 0.0000000000
42783  -2.912  -28.446  66.145 0.0000000000
43547  -9.582  -27.265  85.390 0.0000000000
42675  -9.575  -28.554  84.244 0.0000000000
104191  -7.290  -29.273  84.283 0.0000000000
41727  -6.652  -29.616  83.909 0.0000000000
40787  -9.252  -30.026  81.826 0.0000000000
39858  -8.825  -30.338  82.196 0.0000000000
38938  -7.880  -31.375  81.585 0.0000000000
39857  -8.106  -30.573  82.452 0.0000000000
40777  -6.731  -30.357  83.377 0.0000000000
41734  -5.906  -30.014  83.573 0.0000000000
40785  -4.907  -30.635  82.441 0.0000000000
39860  -4.619  -30.919  81.826 0.0000000000
39870  -4.142  -31.295  81.145 0.0000000000
38953  -2.791  -32.093  79.979 0.0000000000
59337  -29.104  -8.848  61.049 0.0000000000
60262  -29.622  -8.662  61.808 0.0000000000
59334  -26.504  -9.587  61.852 0.0000000000
52439  -34.932  -18.491  68.369 0.0000000000
51583  -34.733  -18.837  67.930 0.0000000000
51591  -33.417  -18.869  67.303 0.0000000000
55065  -26.579  -13.743  62.046 0.0000000000
56695  -26.629  -12.297  61.730 0.0000000000
57557  -26.606  -11.133  60.322 0.0000000000
44446  -23.074  -26.646  78.523 0.0000000000
106743  -21.893  -26.226  77.538 0.0000000000
101235  -26.926  -26.593  79.403 0.0000000000
43582  -26.222  -26.909  76.570 0.0000000000
44478  -25.456  -26.761  76.756 0.0000000000
101549  -24.902  -26.800  77.387 0.0000000000
106358  -23.070  -26.374  76.237 0.0000000000
44493  -22.485  -26.277  75.554 0.0000000000
65184  -45.453  -2.221  50.758 0.0000000000
65991  -45.965  -2.044  50.340 0.0000000000
65997  -46.279  -1.776  49.839 0.0000000000
66785  -47.607  -0.344  49.772 0.0000000000
50688  -6.703  -19.266  74.727 0.0000000000
50689  -7.647  -19.514  74.486 0.0000000000
50690  -8.303  -19.835  74.317 0.0000000000
109073  -8.555  -21.181  74.207 0.0000000000
49728  -8.067  -20.938  77.119 0.0000000000
48863  -8.566  -21.574  75.050 0.0000000000
48052  -8.408  -22.059  74.425 0.0000000000
47255  -7.297  -23.179  74.298 0.0000000000
115591  -5.214  -24.012  74.656 0.0000000000
47233  -7.785  -23.743  77.522 0.0000000000
46358  -4.924  -24.413  76.732 0.0000000000
46364  -4.901  -24.217  75.915 0.0000000000
45434  -4.448  -24.826  74.409 0.0000000000
44500  -4.776  -26.190  74.425 0.0000000000
43599  -5.660  -27.192  74.983 0.0000000000
42709  -6.438  -28.194  74.116 0.0000000000
41801  -6.668  -28.895  73.356 0.0000000000
116758  -6.332  -29.312  73.023 0.0000000000
60256  -42.948  -8.649  62.588 0.0000000000
115258  -38.484  -15.621  63.999 0.0000000000
55879  -36.550  -13.951  58.422 0.0000000000
121153  -36.466  -13.179  58.072 0.0000000000
109652  -36.974  -13.121  59.352 0.0000000000
56741  -36.615  -12.923  58.584 0.0000000000
57594  -36.564  -11.868  58.279 0.0000000000
115810  -37.087  -10.476  58.421 0.0000000000
58458  -37.657  -10.564  59.005 0.0000000000
58459  -38.369  -10.200  59.458 0.0000000000
58460  -38.941  -9.746  59.859 0.0000000000
58445  -39.314  -10.124  60.569 0.0000000000
41737  -9.929  -28.842  82.396 0.0000000000
43562  -10.963  -27.502  82.046 0.0000000000
42683  -10.246  -28.561  82.173 0.0000000000
39883  -10.549  -30.386  79.783 0.0000000000
39891  -10.787  -30.759  79.277 0.0000000000
39902  -10.828  -31.215  78.785 0.0000000000
39913  -10.545  -31.456  77.599 0.0000000000
105028  -19.821  -26.321  75.064 0.0000000000
108006  -19.472  -26.381  75.794 0.0000000000
112550  -18.601  -26.355  75.829 0.0000000000
44440  -17.700  -25.881  77.833 0.0000000000
118538  -15.686  -24.661  73.589 0.0000000000
45429  -16.985  -25.147  75.702 0.0000000000
105747  -17.281  -25.283  78.970 0.0000000000
121518  -15.980  -24.556  78.343 0.0000000000
45368  -16.312  -24.663  80.082 0.0000000000
112866  -13.197  -25.130  79.896 0.0000000000
44430  -12.695  -25.672  79.430 0.0000000000
104818  -12.173  -26.452  79.020 0.0000000000
43572  -11.682  -27.374  78.710 0.0000000000
115828  -12.357  -26.174  76.670 0.0000000000
53238  -6.411  -16.582  72.957 0.0000000000
107092  -6.249  -15.953  71.523 0.0000000000
116183  -2.476  -19.194  68.129 0.0000000000
48064  -7.298  -22.356  72.053 0.0000000000
118019  -5.688  -22.580  71.422 0.0000000000
48893  -7.049  -21.780  71.269 0.0000000000
48903  -6.496  -21.364  70.562 0.0000000000
112195  -1.675  -22.948  70.237 0.0000000000
49795  -4.683  -21.258  70.046 0.0000000000
49807  -4.007  -20.062  69.371 0.0000000000
49805  -2.132  -20.570  69.379 0.0000000000
48920  -3.915  -20.936  66.157 0.0000000000
48085  -3.681  -21.774  65.938 0.0000000000
105561  -8.139  -24.102  82.932 0.0000000000
44392  -9.254  -26.326  86.292 0.0000000000
44399  -7.938  -26.780  85.637 0.0000000000
45334  -7.709  -25.480  86.699 0.0000000000
45333  -6.724  -25.239  86.394 0.0000000000
45332  -5.877  -24.928  86.034 0.0000000000
106685  -5.424  -29.005  84.366 0.0000000000
43552  -5.270  -27.381  85.182 0.0000000000
121338  -5.283  -25.836  85.538 0.0000000000
45339  -5.261  -25.136  85.614 0.0000000000
102528  -5.552  -24.875  85.494 0.0000000000
121389  -5.721  -24.816  85.315 0.0000000000
46271  -6.267  -24.672  84.777 0.0000000000
46278  -4.544  -25.023  84.215 0.0000000000
46280  -6.801  -24.597  83.656 0.0000000000
113593  -7.445  -24.562  82.857 0.0000000000
46290  -7.223  -24.652  81.978 0.0000000000
46318  -5.560  -24.647  80.629 0.0000000000
46317  -4.393  -24.779  80.391 0.0000000000
46332  -4.290  -24.961  79.544 0.0000000000
106781  -4.330  -25.643  78.552 0.0000000000
44422  -3.807  -26.862  80.151 0.0000000000
43570  -4.101  -28.375  79.288 0.0000000000
44428  -3.992  -26.925  79.816 0.0000000000
103442  -4.138  -26.342  79.342 0.0000000000
43574  -5.157  -26.761  78.044 0.0000000000
43580  -5.378  -27.314  77.154 0.0000000000
42705  -5.384  -28.765  76.202 0.0000000000
41788  -6.015  -29.418  74.606 0.0000000000
104287  -2.332  -32.875  79.808 0.0000000000
38112  -2.414  -33.556  77.177 0.0000000000
38080  -1.730  -33.204  78.448 0.0000000000
38979  -1.796  -32.693  79.303 0.0000000000
101180  -2.107  -31.064  77.738 0.0000000000
39929  -1.857  -31.982  76.149 0.0000000000
40832  -2.057  -30.456  76.941 0.0000000000
109959  -1.731  -31.868  73.815 0.0000000000
39949  -1.999  -31.030  74.056 0.0000000000
40857  -2.226  -30.457  74.791 0.0000000000
41785  -2.704  -29.974  74.742 0.0000000000
41797  -3.116  -30.075  73.863 0.0000000000
40874  -3.289  -29.963  73.087 0.0000000000
120932  -2.708  -30.991  72.004 0.0000000000
40890  -2.926  -30.515  72.459 0.0000000000
40891  -3.991  -30.067  72.406 0.0000000000
41827  -5.259  -29.955  72.027 0.0000000000
40935  -4.952  -30.871  70.877 0.0000000000
38213  -4.405  -33.351  67.814 0.0000000000
38228  -5.390  -33.179  66.667 0.0000000000
39107  -5.276  -32.318  68.730 0.0000000000
39119  -6.189  -31.836  66.652 0.0000000000
41881  -7.209  -29.639  68.464 0.0000000000
42711  -6.663  -28.395  73.544 0.0000000000
42712  -6.984  -28.220  72.910 0.0000000000
44467  -30.530  -25.933  76.638 0.0000000000
45348  -3.695  -26.069  81.596 0.0000000000
46321  -8.289  -24.265  81.131 0.0000000000
48881  -36.548  -21.486  73.416 0.0000000000
49784  -36.716  -20.141  72.139 0.0000000000
50738  -36.775  -19.517  69.946 0.0000000000
51584  -35.271  -19.184  68.138 0.0000000000
53330  -38.676  -16.217  62.558 0.0000000000
53367  -36.828  -16.334  60.575 0.0000000000
55827  -39.965  -13.937  62.381 0.0000000000
58437  -27.498  -10.309  59.744 0.0000000000
63620  -41.046  -4.102  56.838 0.0000000000
64393  -40.513  -3.458  56.171 0.0000000000
65951  -45.577  -1.205  54.488 0.0000000000
100921  -26.812  -14.410  62.390 0.0000000000
106752  -7.264  -28.489  71.295 0.0000000000
116958  -35.030  -16.742  59.776 0.0000000000
118037  -8.538  -23.119  87.299 0.0000000000
120416  -36.499  -15.323  59.405 0.0000000000
121315  -3.545  -27.528  80.966 0.0000000000
