#!ascii label  , from subject sub-v1s6x0051365_ses-1 vox2ras=TkReg
725
64596  14.196  -5.597  -5.429 0.2500000000
63691  14.479  -6.269  -5.567 0.2500000000
63705  15.107  -6.599  -6.247 0.7500000000
66437  13.350  -3.432  -5.140 0.2500000000
65521  13.699  -4.331  -5.447 0.1250000000
65533  13.800  -3.659  -5.817 0.3750000000
106730  14.659  -5.691  -6.100 0.7500000000
62895  16.410  -7.087  -6.987 0.8750000000
107052  14.272  -4.118  -6.378 0.3750000000
65520  14.204  -4.989  -5.822 0.3750000000
64619  14.773  -4.952  -6.713 0.8750000000
64617  16.990  -5.911  -7.780 1.0000000000
64618  16.197  -5.775  -7.407 1.0000000000
64610  15.328  -5.729  -6.836 0.8750000000
63713  16.682  -6.515  -7.407 1.0000000000
62894  17.105  -7.249  -7.385 1.0000000000
66449  13.626  -3.095  -5.789 0.2500000000
65541  15.070  -4.066  -7.201 0.8750000000
64629  17.755  -5.573  -8.211 1.0000000000
64630  16.756  -5.138  -7.964 1.0000000000
65540  15.696  -4.850  -7.508 1.0000000000
63731  18.390  -6.227  -8.204 1.0000000000
63712  17.643  -6.534  -7.843 1.0000000000
66438  13.009  -2.722  -4.853 0.1250000000
66448  14.041  -3.243  -6.399 0.6250000000
66454  15.297  -3.288  -7.785 1.0000000000
66455  14.567  -3.344  -7.127 0.8750000000
65552  15.706  -3.932  -7.829 1.0000000000
64628  18.868  -5.713  -8.399 1.0000000000
65550  18.169  -4.968  -8.652 1.0000000000
65551  16.439  -4.171  -8.299 1.0000000000
117361  20.600  -6.223  -8.748 1.0000000000
63730  19.073  -6.515  -8.350 1.0000000000
70704  12.523  1.302  -6.305 0.2500000000
67317  13.235  -2.573  -5.473 0.2500000000
67327  13.095  -1.849  -5.993 0.3750000000
67326  13.622  -2.521  -6.232 0.5000000000
67334  14.842  -2.575  -7.803 1.0000000000
67335  14.240  -2.559  -6.987 0.6250000000
126012  16.383  -3.538  -8.931 1.0000000000
66462  15.847  -3.391  -8.482 1.0000000000
65549  18.934  -5.093  -8.513 1.0000000000
66475  17.551  -3.834  -9.305 1.0000000000
65562  19.725  -5.215  -8.498 1.0000000000
63746  20.221  -5.835  -8.788 1.0000000000
112104  20.561  -5.510  -8.743 1.0000000000
64640  21.131  -5.714  -8.856 1.0000000000
69860  13.265  0.764  -6.669 0.5000000000
118493  12.561  0.400  -6.326 0.3750000000
68962  12.652  -0.398  -6.360 0.3750000000
68973  13.538  -0.664  -6.931 0.5000000000
68176  14.478  -1.323  -8.549 0.8750000000
67347  14.726  -1.957  -8.663 1.0000000000
68175  14.637  -1.334  -8.963 1.0000000000
66476  16.672  -3.312  -9.263 1.0000000000
122829  15.305  -2.128  -9.270 1.0000000000
66474  18.509  -4.039  -9.196 1.0000000000
66472  21.175  -4.310  -8.888 1.0000000000
104783  20.423  -4.838  -8.589 1.0000000000
65561  21.197  -5.213  -9.041 0.8750000000
70716  13.375  1.621  -6.665 0.5000000000
69859  13.816  0.192  -7.207 0.5000000000
69858  14.485  0.407  -7.792 0.6250000000
69873  14.965  0.614  -8.409 0.6250000000
68985  15.153  -0.418  -8.808 1.0000000000
68986  14.429  -0.798  -8.548 0.7500000000
68187  15.347  -1.270  -9.221 1.0000000000
67344  19.841  -2.416  -8.668 1.0000000000
67345  18.825  -2.510  -8.921 1.0000000000
68173  17.798  -2.251  -9.091 1.0000000000
68185  16.900  -1.961  -9.395 1.0000000000
125610  19.616  -2.920  -9.091 1.0000000000
67355  19.084  -3.444  -9.135 1.0000000000
67356  18.123  -3.165  -9.203 1.0000000000
105387  21.074  -3.283  -8.941 0.8750000000
118661  20.201  -3.763  -8.696 1.0000000000
117648  14.015  1.036  -7.242 0.5000000000
70714  14.655  1.297  -7.788 0.8750000000
68984  16.717  -0.145  -8.962 1.0000000000
69881  15.969  0.022  -8.962 1.0000000000
68172  19.183  -1.850  -8.090 1.0000000000
115038  17.898  -0.855  -8.501 1.0000000000
68186  16.044  -1.645  -9.498 1.0000000000
68982  19.636  -1.057  -7.746 1.0000000000
67354  21.860  -2.660  -9.480 1.0000000000
120575  20.312  -2.851  -9.008 1.0000000000
68171  20.241  -1.673  -8.204 1.0000000000
67343  20.915  -2.271  -8.823 1.0000000000
70715  14.153  1.952  -7.193 0.5000000000
70728  15.102  1.531  -8.207 1.0000000000
70725  17.415  1.104  -8.071 1.0000000000
69870  17.085  0.549  -8.553 1.0000000000
70727  15.608  1.209  -8.509 1.0000000000
69856  19.633  0.404  -7.543 1.0000000000
69857  18.688  0.392  -7.659 1.0000000000
69868  21.067  -0.081  -7.776 1.0000000000
68970  20.115  -0.280  -7.609 1.0000000000
68971  19.133  -0.337  -7.634 1.0000000000
68170  21.230  -1.363  -8.556 1.0000000000
68981  20.667  -0.883  -7.875 1.0000000000
67342  21.878  -1.722  -9.344 0.8750000000
73166  16.146  4.795  -6.560 1.0000000000
122336  15.409  4.943  -6.474 0.3750000000
72341  16.362  4.241  -7.121 0.8750000000
71544  16.712  2.669  -7.661 1.0000000000
119670  19.204  1.072  -7.498 1.0000000000
74007  16.828  5.258  -6.168 0.8750000000
73165  17.252  4.409  -6.714 1.0000000000
126246  17.137  3.813  -7.199 1.0000000000
72358  17.534  3.112  -7.395 1.0000000000
124455  19.638  1.568  -7.469 1.0000000000
125422  19.177  2.558  -7.381 1.0000000000
70712  20.259  1.147  -7.503 1.0000000000
73994  16.464  6.041  -5.595 0.7500000000
114018  18.015  4.987  -6.244 1.0000000000
72340  18.009  3.713  -6.974 1.0000000000
71541  19.852  3.066  -7.137 1.0000000000
118786  18.331  4.292  -6.594 1.0000000000
72339  19.274  3.813  -6.682 1.0000000000
78258  16.898  11.766  -4.050 0.1250000000
78257  17.727  11.885  -3.896 0.1250000000
78264  17.472  10.422  -4.627 0.2500000000
78263  18.210  10.994  -4.744 0.1250000000
77402  18.307  10.012  -5.207 0.3750000000
111405  18.230  11.615  -4.732 0.2500000000
78262  18.936  10.594  -5.641 0.5000000000
78271  18.939  11.086  -6.216 0.3750000000
116095  18.663  11.210  -5.409 0.2500000000
79183  18.452  11.814  -5.611 0.2500000000
79196  18.599  11.605  -6.864 0.2500000000
78286  18.935  10.941  -7.309 0.3750000000
120194  13.882  -5.669  -5.000 0.1250000000
65507  13.386  -4.230  -4.809 0.1250000000
104804  19.624  -6.859  -8.521 1.0000000000
68983  18.213  -0.280  -7.979 1.0000000000
63680  14.065  -6.117  -4.866 0.1250000000
116216  15.110  -7.523  -6.103 0.6250000000
62881  16.570  -7.910  -6.850 0.7500000000
64597  13.740  -5.166  -5.086 0.1250000000
62893  18.043  -7.471  -7.766 1.0000000000
62908  19.023  -7.329  -8.181 1.0000000000
114216  20.254  -6.800  -8.644 1.0000000000
115610  12.592  -0.386  -6.311 0.2500000000
68156  12.594  -1.107  -6.263 0.2500000000
125993  21.662  -5.630  -9.137 0.8750000000
66471  21.878  -3.686  -9.548 0.8750000000
65560  21.868  -4.681  -9.566 0.8750000000
73148  15.032  5.139  -6.361 0.1250000000
73167  14.866  4.837  -6.754 0.1250000000
107032  14.149  2.924  -7.254 0.3750000000
108064  14.837  3.069  -7.612 0.6250000000
72359  15.618  4.087  -7.371 0.8750000000
70711  21.269  1.584  -7.527 1.0000000000
115333  20.281  2.153  -7.362 1.0000000000
74863  17.287  6.440  -5.478 0.8750000000
74006  18.834  5.561  -5.987 1.0000000000
73164  19.122  4.744  -6.337 1.0000000000
72356  20.652  3.748  -6.764 1.0000000000
78253  17.687  11.907  -3.001 0.1250000000
115069  16.618  10.644  -4.343 0.1250000000
114745  17.468  8.791  -5.098 0.6250000000
77401  19.180  9.730  -5.858 0.5000000000
78270  19.280  10.361  -6.535 0.5000000000
79180  17.545  12.356  -4.214 0.2500000000
78285  19.303  10.259  -7.588 0.5000000000
115094  18.105  12.677  -5.527 0.1250000000
121764  18.351  12.235  -6.470 0.2500000000
79215  18.283  11.520  -8.167 0.2500000000
78304  18.439  10.793  -8.686 0.3750000000
79216  17.655  12.096  -8.755 0.2500000000
79952  17.941  12.913  -6.855 0.1250000000
63692  14.082  -5.885  -5.050 0.1250000000
107332  14.688  -7.159  -5.633 0.5000000000
62882  15.745  -7.320  -6.568 0.7500000000
63714  15.894  -6.498  -6.896 0.8750000000
62909  18.462  -6.820  -8.095 1.0000000000
64627  19.551  -5.649  -8.552 1.0000000000
122177  17.310  -4.698  -8.610 1.0000000000
66461  16.963  -4.032  -9.126 1.0000000000
63729  19.777  -6.220  -8.685 1.0000000000
67336  13.710  -1.684  -6.757 0.5000000000
112533  14.466  -1.871  -7.721 0.8750000000
67346  15.257  -2.701  -8.700 1.0000000000
66477  15.861  -2.972  -9.227 1.0000000000
65564  18.259  -4.523  -9.012 1.0000000000
123532  17.631  -4.410  -9.080 1.0000000000
66473  19.438  -4.367  -8.717 1.0000000000
68163  14.250  -1.137  -7.682 0.6250000000
68972  14.323  -0.390  -7.720 0.6250000000
68996  15.984  -0.713  -9.259 1.0000000000
67357  17.155  -2.887  -9.338 1.0000000000
67358  16.232  -2.545  -9.452 1.0000000000
120648  21.753  -5.355  -9.350 0.8750000000
68995  16.776  -1.055  -9.271 1.0000000000
120108  18.297  -1.674  -8.540 1.0000000000
69872  15.596  0.454  -8.705 1.0000000000
104585  17.522  -0.120  -8.589 1.0000000000
122710  17.333  -0.661  -8.962 1.0000000000
109529  18.660  -1.090  -7.873 1.0000000000
68174  17.550  -1.363  -9.069 1.0000000000
71545  14.770  2.199  -7.741 0.6250000000
71558  15.503  2.145  -8.090 0.7500000000
70726  16.185  1.563  -8.402 1.0000000000
105355  16.745  1.136  -8.389 1.0000000000
71556  16.883  1.770  -7.879 1.0000000000
70713  17.843  1.739  -7.651 1.0000000000
70724  18.280  1.091  -7.708 1.0000000000
69855  20.513  0.390  -7.589 1.0000000000
69869  17.829  0.463  -8.119 1.0000000000
73182  15.477  4.678  -6.984 0.7500000000
71557  16.165  2.239  -8.010 1.0000000000
71543  17.434  2.322  -7.569 1.0000000000
111685  18.930  1.828  -7.519 1.0000000000
110381  17.660  5.743  -5.752 0.8750000000
72357  18.669  3.124  -7.236 1.0000000000
71542  18.252  2.453  -7.458 1.0000000000
78246  16.770  11.436  -3.131 0.1250000000
78247  16.193  11.146  -3.746 0.1250000000
79963  18.140  12.208  -7.574 0.2500000000
62858  14.339  -6.681  -5.089 0.2500000000
62846  13.896  -6.921  -3.742 0.1250000000
125284  14.326  -7.022  -4.786 0.1250000000
106101  17.382  -7.938  -7.353 1.0000000000
73149  14.472  4.565  -6.865 0.5000000000
117909  15.745  3.114  -7.696 0.8750000000
73183  14.921  4.594  -7.227 0.7500000000
72360  14.863  3.984  -7.452 0.8750000000
115663  16.533  3.540  -7.456 1.0000000000
74005  19.956  5.404  -6.191 1.0000000000
73163  20.278  4.565  -6.455 1.0000000000
78266  16.453  9.920  -4.546 0.3750000000
117071  18.379  8.869  -5.443 0.7500000000
77403  17.595  9.525  -5.021 0.5000000000
59623  17.283  -11.882  -6.241 0.7500000000
58752  19.684  -12.176  -6.462 0.7500000000
59624  16.464  -11.722  -5.951 0.7500000000
59646  16.146  -10.970  -6.210 0.7500000000
59642  19.289  -11.585  -6.917 0.7500000000
59644  17.751  -11.453  -6.730 0.7500000000
60443  17.648  -10.671  -6.709 0.7500000000
59660  19.834  -11.070  -7.354 0.7500000000
60442  18.314  -10.822  -6.914 0.7500000000
61238  15.639  -9.343  -6.235 0.7500000000
62090  15.496  -8.320  -6.308 0.6250000000
61236  17.639  -9.925  -6.703 0.7500000000
61237  17.142  -9.443  -6.733 0.8750000000
62089  16.436  -8.884  -6.600 0.8750000000
60457  20.425  -10.463  -7.571 0.7500000000
60459  18.883  -10.093  -7.098 0.7500000000
105686  19.253  -9.490  -7.482 0.7500000000
61258  17.996  -9.200  -7.118 0.8750000000
61259  17.269  -8.650  -7.078 0.8750000000
61255  20.398  -9.471  -7.792 0.7500000000
62104  19.400  -8.810  -7.866 0.8750000000
62106  18.001  -8.349  -7.532 0.8750000000
61272  20.199  -8.751  -8.078 0.7500000000
62120  20.011  -8.142  -8.348 0.8750000000
62121  19.295  -8.098  -8.104 0.8750000000
62118  21.618  -8.058  -8.553 0.8750000000
62907  20.559  -7.420  -8.513 0.8750000000
62906  21.287  -7.374  -8.579 0.8750000000
63728  20.953  -6.741  -8.635 0.8750000000
62904  23.304  -6.884  -8.839 0.3750000000
121953  22.644  -6.969  -8.902 0.6250000000
63726  22.240  -6.523  -8.894 0.7500000000
63745  21.206  -6.228  -8.746 0.7500000000
63741  24.006  -6.389  -9.554 0.5000000000
63725  23.045  -6.431  -9.209 0.5000000000
63742  23.593  -6.021  -9.907 0.7500000000
64639  22.171  -5.535  -9.428 0.7500000000
64626  24.625  -5.647  -9.521 0.1250000000
64636  24.195  -5.687  -10.232 0.3750000000
64637  23.816  -5.514  -10.352 0.6250000000
64638  23.113  -5.418  -9.773 0.6250000000
65559  22.669  -4.842  -9.809 0.6250000000
65539  25.422  -4.683  -8.069 0.1250000000
65547  25.028  -4.760  -9.052 0.1250000000
65571  24.363  -4.412  -10.614 0.1250000000
66468  24.737  -3.967  -10.251 0.1250000000
66469  23.376  -4.128  -10.621 0.6250000000
117588  23.184  -3.438  -10.824 0.6250000000
67353  22.639  -2.988  -10.511 0.7500000000
66460  25.642  -3.370  -9.002 0.1250000000
67351  25.097  -2.264  -9.752 0.1250000000
67365  24.301  -2.714  -11.242 0.1250000000
66485  23.395  -2.858  -11.135 0.5000000000
110321  22.720  -2.066  -10.110 0.7500000000
66453  25.560  -3.096  -8.167 0.1250000000
67366  23.913  -2.427  -11.391 0.5000000000
68194  23.817  -1.658  -11.338 0.5000000000
74849  16.414  6.977  -5.281 0.6250000000
75736  16.141  7.782  -5.166 0.5000000000
69003  23.655  -0.861  -11.087 0.6250000000
68979  22.517  -0.080  -8.902 0.6250000000
68980  21.603  -0.539  -8.328 0.8750000000
69004  23.269  -0.563  -9.932 0.6250000000
74848  17.633  7.092  -5.351 0.7500000000
120237  21.859  0.169  -8.190 0.8750000000
71539  21.833  2.330  -7.548 0.8750000000
71540  21.138  3.037  -7.174 0.8750000000
69867  22.404  0.740  -8.551 0.7500000000
70723  22.128  1.525  -7.881 0.8750000000
71555  22.353  2.770  -8.073 0.8750000000
114687  22.021  3.157  -7.556 0.8750000000
121832  22.962  0.092  -11.274 0.3750000000
69880  22.855  0.242  -9.754 0.5000000000
123130  22.545  0.903  -9.461 0.6250000000
69886  23.322  0.186  -11.327 0.2500000000
70735  22.467  0.771  -10.703 0.5000000000
75735  17.073  7.701  -5.129 0.6250000000
75734  18.083  7.837  -5.330 0.7500000000
74862  18.490  6.426  -5.609 0.8750000000
73181  21.337  4.561  -6.796 0.7500000000
72355  21.674  3.816  -7.229 0.8750000000
70722  22.462  1.512  -8.674 0.6250000000
121467  22.396  2.089  -8.086 0.7500000000
72384  22.343  3.051  -8.886 0.7500000000
69890  22.982  0.713  -11.504 0.2500000000
76576  17.555  8.285  -5.156 0.6250000000
108212  19.631  6.172  -5.916 0.8750000000
120306  20.089  6.576  -6.045 0.7500000000
121785  22.121  4.665  -8.320 0.7500000000
71554  22.432  2.203  -8.846 0.5000000000
70753  22.109  1.772  -11.420 0.2500000000
71574  21.777  2.311  -11.284 0.5000000000
70746  22.011  1.452  -10.932 0.5000000000
110452  23.073  1.414  -11.566 0.2500000000
75733  19.082  7.939  -5.732 0.7500000000
74860  20.435  6.979  -6.264 0.7500000000
75747  20.092  7.890  -6.253 0.7500000000
74872  21.825  6.262  -7.433 0.7500000000
74859  21.258  6.796  -6.780 0.7500000000
75746  20.721  7.476  -6.665 0.7500000000
74021  22.068  5.453  -7.830 0.7500000000
74883  21.823  6.191  -8.240 0.7500000000
73206  21.535  4.004  -10.169 0.5000000000
118106  21.461  3.146  -10.984 0.3750000000
76575  19.567  8.808  -6.020 0.6250000000
76582  20.620  8.199  -6.956 0.7500000000
75759  21.107  7.598  -7.294 0.7500000000
75767  21.778  6.856  -7.997 0.7500000000
74051  20.974  4.871  -10.569 0.3750000000
74041  21.269  5.409  -9.626 0.3750000000
107628  21.457  3.170  -12.205 0.1250000000
72400  21.055  3.497  -12.475 0.1250000000
73215  21.017  3.981  -11.328 0.2500000000
76583  20.179  8.717  -6.614 0.7500000000
75768  21.228  7.554  -8.112 0.7500000000
74897  21.190  6.055  -9.163 0.3750000000
74884  21.179  6.782  -8.613 0.3750000000
73216  20.704  4.623  -11.851 0.2500000000
74033  21.707  5.405  -8.710 0.6250000000
73227  21.197  4.185  -13.382 0.1250000000
73233  20.791  4.145  -13.316 0.1250000000
73226  21.678  3.823  -12.773 0.1250000000
77409  19.754  9.524  -6.764 0.6250000000
76591  20.725  8.324  -7.768 0.3750000000
74909  20.247  6.728  -10.907 0.2500000000
116962  20.708  6.789  -9.722 0.3750000000
123048  20.552  5.277  -13.334 0.1250000000
74052  20.538  5.579  -11.345 0.3750000000
74042  20.805  5.917  -10.238 0.3750000000
74067  22.015  5.163  -12.807 0.1250000000
123165  20.509  4.341  -12.675 0.1250000000
77416  19.676  9.636  -7.893 0.3750000000
77415  20.331  8.973  -7.341 0.3750000000
77421  20.096  9.053  -8.280 0.3750000000
75795  20.253  7.667  -10.239 0.3750000000
76606  19.955  8.348  -9.724 0.3750000000
76600  20.341  8.310  -8.623 0.3750000000
75781  20.411  7.462  -9.037 0.3750000000
74939  20.749  6.567  -13.606 0.1250000000
74922  20.387  6.215  -11.966 0.1250000000
125694  21.077  5.276  -13.677 0.1250000000
77422  19.178  9.651  -8.970 0.2500000000
76601  19.511  9.015  -9.342 0.2500000000
75811  19.334  8.068  -11.348 0.1250000000
75796  19.534  7.757  -10.969 0.1250000000
75829  20.222  7.467  -12.805 0.1250000000
74910  19.975  7.234  -11.590 0.1250000000
78303  19.040  10.160  -8.556 0.3750000000
77428  18.892  9.564  -10.022 0.2500000000
76621  18.950  8.502  -10.881 0.1250000000
77437  18.742  9.156  -10.715 0.1250000000
76637  18.886  8.837  -11.375 0.1250000000
76668  20.508  8.523  -13.907 0.1250000000
76663  19.909  8.918  -12.790 0.1250000000
78346  18.873  9.589  -10.505 0.1250000000
77465  19.740  9.493  -12.879 0.1250000000
111800  18.837  9.467  -11.161 0.1250000000
77489  19.696  10.108  -14.183 0.1250000000
77488  20.293  9.434  -14.403 0.1250000000
62892  18.654  -7.989  -7.823 0.8750000000
62905  22.032  -7.361  -8.778 0.6250000000
68195  23.337  -1.462  -10.733 0.6250000000
70736  22.406  1.451  -9.867 0.5000000000
70745  22.505  1.013  -11.297 0.3750000000
74847  18.604  7.241  -5.516 0.8750000000
74861  19.552  7.021  -5.810 0.7500000000
110419  20.631  6.164  -6.256 0.8750000000
74873  21.466  5.972  -6.693 0.7500000000
74022  21.714  5.382  -7.065 0.7500000000
73180  21.935  4.640  -7.535 0.7500000000
117572  22.028  2.320  -10.197 0.5000000000
119888  21.882  3.276  -9.836 0.5000000000
74934  20.230  6.643  -12.783 0.1250000000
76607  19.065  8.876  -10.307 0.2500000000
77447  19.226  9.457  -11.984 0.1250000000
76669  19.851  9.306  -13.730 0.1250000000
65572  23.965  -4.263  -10.843 0.5000000000
74923  19.900  7.556  -12.092 0.1250000000
70744  23.211  0.681  -11.508 0.1250000000
58735  18.235  -12.571  -5.964 0.7500000000
58737  16.749  -12.535  -5.709 0.7500000000
59625  15.590  -11.442  -5.601 0.7500000000
58734  19.167  -12.671  -5.932 0.7500000000
58754  17.930  -12.053  -6.581 0.7500000000
58751  20.597  -12.187  -6.452 0.7500000000
60445  15.897  -10.165  -6.213 0.7500000000
59659  20.551  -11.239  -7.349 0.6250000000
60456  21.045  -9.886  -7.727 0.6250000000
61270  21.340  -8.518  -8.224 0.6250000000
62117  22.222  -8.168  -8.595 0.5000000000
62891  23.561  -7.443  -8.172 0.3750000000
62116  22.739  -7.546  -8.655 0.5000000000
62903  24.073  -6.770  -8.478 0.1250000000
63723  25.040  -5.930  -7.880 0.1250000000
64625  25.037  -5.452  -8.490 0.1250000000
65529  25.633  -4.643  -7.119 0.1250000000
66452  25.701  -3.186  -7.075 0.1250000000
67341  25.823  -2.674  -9.042 0.1250000000
68169  25.897  -1.841  -9.008 0.1250000000
68993  24.427  -1.083  -10.853 0.1250000000
69002  23.891  -1.131  -11.348 0.2500000000
109929  23.721  -0.355  -11.281 0.2500000000
76577  16.763  8.327  -4.990 0.5000000000
71581  23.012  2.370  -11.606 0.1250000000
72404  21.638  3.210  -12.324 0.1250000000
77404  17.019  9.044  -4.891 0.3750000000
113071  22.202  4.516  -12.401 0.1250000000
74931  21.769  5.748  -13.070 0.1250000000
74060  22.463  5.373  -11.738 0.1250000000
74938  21.049  6.648  -13.794 0.1250000000
76653  21.414  8.180  -13.561 0.1250000000
123380  17.666  12.201  -3.420 0.1250000000
77423  18.717  10.301  -9.363 0.2500000000
78324  18.960  10.137  -9.702 0.1250000000
108559  19.176  9.908  -11.019 0.1250000000
77478  19.545  10.134  -13.786 0.1250000000
77487  21.073  9.200  -14.448 0.1250000000
78399  19.620  10.824  -14.214 0.1250000000
68994  22.176  -0.901  -9.141 0.7500000000
68184  22.916  -1.296  -9.698 0.7500000000
74008  15.852  5.425  -5.942 0.3750000000
108016  19.814  -7.459  -8.460 0.8750000000
63744  21.759  -5.958  -8.914 0.7500000000
66470  22.630  -3.972  -10.124 0.6250000000
117639  21.454  0.765  -7.728 0.8750000000
74004  21.028  5.319  -6.464 0.8750000000
78325  18.250  11.092  -9.437 0.1250000000
59645  17.046  -11.209  -6.419 0.7500000000
58736  17.546  -12.404  -5.969 0.7500000000
59643  18.435  -11.525  -6.849 0.7500000000
58753  18.744  -12.094  -6.507 0.7500000000
59641  20.180  -11.714  -7.008 0.7500000000
60426  15.349  -10.658  -5.716 0.7500000000
60444  16.870  -10.302  -6.486 0.7500000000
60460  18.255  -9.994  -6.836 0.7500000000
122097  16.409  -9.638  -6.459 0.7500000000
61239  14.789  -9.046  -5.806 0.6250000000
60458  19.620  -10.118  -7.490 0.7500000000
61257  18.752  -9.350  -7.306 0.8750000000
62105  18.706  -8.637  -7.626 0.8750000000
61271  20.900  -8.790  -7.951 0.7500000000
62119  20.876  -8.106  -8.278 0.7500000000
63727  21.566  -6.670  -8.725 0.7500000000
63743  22.643  -5.927  -9.264 0.7500000000
63724  24.570  -6.176  -8.700 0.2500000000
65548  24.776  -4.914  -10.214 0.2500000000
64647  24.167  -5.027  -10.582 0.3750000000
65558  23.584  -4.907  -10.457 0.6250000000
106317  25.433  -3.954  -8.567 0.1250000000
66444  25.579  -3.895  -7.588 0.1250000000
65557  25.180  -4.026  -9.465 0.1250000000
66483  24.187  -3.650  -10.862 0.1250000000
66467  25.129  -3.179  -9.492 0.1250000000
66484  23.838  -3.338  -11.163 0.5000000000
67352  24.071  -2.818  -10.061 0.1250000000
121242  24.828  -2.249  -10.984 0.1250000000
67367  23.310  -2.229  -11.082 0.6250000000
68193  24.349  -1.919  -11.322 0.1250000000
72374  22.301  3.751  -8.013 0.7500000000
73195  22.111  3.936  -9.007 0.6250000000
71587  21.775  2.664  -11.997 0.1250000000
70759  22.157  2.141  -11.588 0.1250000000
70752  22.570  1.423  -11.474 0.2500000000
120543  22.641  1.954  -11.562 0.1250000000
75758  21.574  7.040  -7.543 0.7500000000
114668  21.629  4.715  -9.356 0.3750000000
107871  21.407  2.998  -11.849 0.1250000000
119720  21.127  3.496  -11.899 0.3750000000
73223  20.766  3.919  -12.311 0.1250000000
72405  21.087  3.560  -12.994 0.1250000000
74061  20.430  5.135  -12.420 0.2500000000
74073  20.829  4.797  -13.559 0.1250000000
74068  21.427  5.007  -13.494 0.1250000000
74069  20.483  4.632  -13.136 0.1250000000
74070  20.446  6.009  -13.267 0.1250000000
74933  20.284  5.718  -12.879 0.1250000000
76620  19.532  8.249  -10.479 0.3750000000
74074  20.835  5.709  -13.625 0.1250000000
75834  20.625  7.486  -13.540 0.1250000000
74945  20.949  7.181  -13.865 0.1250000000
123220  20.236  6.696  -12.304 0.1250000000
116360  21.767  6.686  -12.823 0.1250000000
75821  21.328  7.097  -13.596 0.1250000000
121295  19.370  8.343  -11.823 0.1250000000
75835  20.369  8.393  -13.093 0.1250000000
76654  19.313  8.881  -12.203 0.1250000000
76667  20.865  8.506  -14.180 0.1250000000
111939  19.786  8.258  -12.416 0.1250000000
113666  19.064  10.115  -10.326 0.1250000000
57814  17.524  -13.191  -5.435 0.7500000000
58738  15.859  -12.271  -5.443 0.7500000000
61219  15.111  -9.888  -5.744 0.5000000000
61254  21.424  -9.141  -7.913 0.6250000000
62103  22.357  -8.679  -8.135 0.5000000000
68182  25.451  -1.512  -9.637 0.1250000000
118670  25.692  -1.192  -9.186 0.1250000000
68183  24.910  -1.698  -10.519 0.1250000000
119952  22.277  2.637  -11.870 0.1250000000
75828  21.049  7.646  -13.967 0.1250000000
57816  16.056  -12.983  -5.336 0.7500000000
59626  14.804  -11.029  -5.156 0.5000000000
122173  18.082  -13.579  -5.088 0.6250000000
57813  18.622  -13.269  -5.358 0.6250000000
57810  21.253  -13.138  -5.193 0.3750000000
58733  20.104  -12.730  -5.942 0.6250000000
120145  21.814  -12.364  -5.650 0.2500000000
62102  23.022  -8.238  -7.981 0.3750000000
76578  16.442  8.678  -4.848 0.2500000000
78265  17.030  9.951  -4.839 0.2500000000
59640  21.026  -11.670  -7.054 0.5000000000
59658  21.156  -10.868  -7.437 0.5000000000
60455  21.845  -10.114  -7.467 0.3750000000
57811  20.468  -13.224  -5.373 0.6250000000
61269  21.827  -8.653  -8.355 0.5000000000
118338  18.675  -14.675  -4.478 0.6250000000
59610  14.661  -11.344  -4.387 0.3750000000
58722  14.641  -12.246  -4.167 0.3750000000
57800  18.525  -13.991  -4.805 0.6250000000
56833  21.117  -14.174  -4.276 0.3750000000
57799  19.984  -13.787  -4.966 0.5000000000
60410  14.476  -10.411  -4.769 0.2500000000
57796  22.400  -13.396  -4.389 0.3750000000
59621  22.241  -11.708  -5.969 0.2500000000
58721  22.037  -12.921  -5.102 0.2500000000
62075  14.730  -8.133  -5.724 0.3750000000
59639  21.878  -11.205  -6.836 0.2500000000
60441  22.501  -10.536  -6.889 0.3750000000
61235  22.706  -9.836  -7.258 0.2500000000
61252  22.892  -9.065  -7.568 0.2500000000
68954  12.592  -1.053  -6.194 0.1250000000
71546  13.499  2.499  -6.687 0.2500000000
62101  23.940  -7.909  -7.317 0.2500000000
73168  14.493  4.437  -7.110 0.3750000000
72362  13.709  3.280  -6.756 0.2500000000
77405  16.544  9.254  -4.730 0.2500000000
69843  12.449  0.563  -6.264 0.1250000000
68157  12.654  -1.262  -6.062 0.2500000000
72361  14.245  3.771  -7.212 0.3750000000
57812  19.605  -13.257  -5.448 0.6250000000
58732  21.037  -12.626  -5.761 0.5000000000
123934  14.711  -10.347  -5.314 0.3750000000
109369  14.389  -8.803  -5.240 0.2500000000
57815  16.586  -13.259  -5.317 0.6250000000
61220  14.435  -9.673  -5.263 0.3750000000
61253  22.146  -9.249  -7.825 0.2500000000
118399  19.227  -13.690  -4.962 0.6250000000
125878  21.543  -12.761  -5.433 0.2500000000
58731  22.584  -12.254  -5.385 0.2500000000
59622  21.442  -11.983  -6.301 0.3750000000
57798  20.787  -13.677  -4.790 0.5000000000
57797  21.584  -13.554  -4.624 0.3750000000
59609  15.151  -11.857  -4.897 0.3750000000
57801  17.675  -13.933  -4.878 0.6250000000
56834  20.335  -14.284  -4.458 0.3750000000
56835  19.413  -14.358  -4.567 0.5000000000
60425  22.752  -11.014  -6.222 0.2500000000
61234  23.504  -9.541  -6.903 0.2500000000
68940  12.736  -0.939  -4.856 0.1250000000
55988  16.640  -14.986  -4.129 0.5000000000
56825  19.954  -14.876  -4.065 0.2500000000
55972  19.593  -15.467  -3.609 0.3750000000
55985  19.124  -15.074  -4.151 0.5000000000
56837  17.155  -14.474  -4.552 0.5000000000
123796  15.874  -14.070  -4.443 0.5000000000
57802  16.845  -13.809  -4.954 0.5000000000
119345  16.346  -14.276  -4.510 0.5000000000
107257  16.009  -13.638  -4.911 0.3750000000
55961  15.117  -15.779  -2.437 0.1250000000
56826  16.188  -15.515  -3.573 0.3750000000
57788  14.794  -13.047  -3.790 0.2500000000
54057  15.677  -17.447  -2.475 0.1250000000
55976  15.801  -16.078  -3.004 0.2500000000
55021  16.500  -16.349  -3.362 0.3750000000
55974  17.862  -15.756  -3.753 0.3750000000
54997  14.757  -16.283  -1.841 0.1250000000
55975  16.999  -15.741  -3.769 0.3750000000
106622  14.735  -15.010  -2.384 0.1250000000
57773  14.393  -13.131  -2.656 0.1250000000
69885  23.747  -0.526  -11.376 0.1250000000
57803  15.388  -12.848  -4.730 0.3750000000
56836  17.976  -14.620  -4.574 0.5000000000
56824  20.670  -14.680  -4.009 0.2500000000
55987  17.494  -15.168  -4.223 0.5000000000
56838  15.755  -14.542  -3.811 0.5000000000
55986  18.315  -15.202  -4.216 0.3750000000
55973  18.731  -15.619  -3.681 0.3750000000
121119  15.125  -14.513  -2.936 0.2500000000
56827  15.017  -13.831  -3.294 0.1250000000
57787  15.464  -13.682  -4.209 0.1250000000
55010  15.418  -16.610  -2.503 0.1250000000
119608  14.593  -15.512  -1.991 0.1250000000
56814  15.488  -15.217  -2.984 0.2500000000
54996  15.164  -17.044  -2.062 0.1250000000
55019  19.174  -15.999  -3.143 0.2500000000
54067  16.639  -17.007  -3.097 0.2500000000
55008  17.960  -16.804  -2.686 0.2500000000
54056  16.258  -17.509  -2.652 0.1250000000
55009  16.055  -16.894  -2.929 0.1250000000
55020  17.338  -16.550  -3.330 0.2500000000
54055  17.018  -17.338  -2.681 0.1250000000
123856  14.403  -9.254  -4.337 0.1250000000
73995  15.926  6.347  -5.410 0.1250000000
74850  16.278  7.088  -5.228 0.1250000000
75729  16.323  7.921  -5.117 0.1250000000
75737  16.187  8.268  -4.964 0.1250000000
75726  15.918  7.640  -3.765 0.1250000000
77397  16.139  9.550  -4.481 0.1250000000
73985  15.890  6.400  -5.346 0.1250000000
75730  16.132  8.464  -4.794 0.1250000000
75722  15.752  8.247  -3.553 0.1250000000
76561  16.943  8.689  -2.940 0.1250000000
73996  15.787  5.610  -5.722 0.1250000000
71528  13.044  2.740  -6.357 0.1250000000
107143  14.604  -10.150  -3.963 0.1250000000
72326  13.854  4.018  -6.941 0.1250000000
73121  15.498  5.595  -4.714 0.1250000000
74841  15.714  6.953  -4.225 0.1250000000
118207  16.378  7.046  -3.848 0.1250000000
75720  17.553  7.957  -3.319 0.1250000000
76560  18.064  8.629  -3.303 0.1250000000
76567  16.422  9.512  -2.852 0.1250000000
74009  15.116  4.992  -5.947 0.1250000000
110735  14.442  -7.703  -5.078 0.1250000000
76571  16.157  8.801  -4.693 0.1250000000
72342  14.150  3.951  -6.638 0.1250000000
62067  14.346  -8.607  -4.808 0.1250000000
61208  14.346  -9.524  -4.711 0.1250000000
62053  14.411  -8.491  -3.426 0.1250000000
61200  14.475  -9.746  -3.683 0.1250000000
74824  17.080  7.427  -3.658 0.1250000000
76562  16.194  8.732  -3.171 0.1250000000
75721  16.530  8.127  -3.325 0.1250000000
74837  17.389  6.703  -3.771 0.1250000000
57786  21.877  -14.011  -4.031 0.1250000000
58720  22.886  -12.722  -4.732 0.1250000000
58730  23.341  -12.067  -5.025 0.1250000000
59620  23.065  -11.579  -5.618 0.1250000000
60424  23.665  -10.800  -5.688 0.1250000000
60440  23.231  -10.298  -6.519 0.1250000000
60422  25.206  -10.156  -5.171 0.1250000000
61218  24.097  -9.827  -6.014 0.1250000000
61233  24.897  -9.076  -5.954 0.1250000000
62074  25.798  -8.675  -5.595 0.1250000000
62087  24.456  -8.443  -6.635 0.1250000000
55007  19.513  -16.253  -2.621 0.1250000000
117121  18.327  -16.243  -3.248 0.1250000000
55960  19.994  -15.893  -3.059 0.1250000000
55959  20.689  -15.576  -2.664 0.1250000000
56813  21.866  -14.699  -2.829 0.1250000000
57785  22.687  -13.807  -3.641 0.1250000000
56822  22.472  -14.218  -3.029 0.1250000000
57795  23.236  -13.151  -4.052 0.1250000000
58718  24.569  -12.314  -4.128 0.1250000000
59619  24.423  -11.164  -5.076 0.1250000000
60409  25.145  -10.752  -4.821 0.1250000000
61216  25.589  -9.534  -5.273 0.1250000000
62880  24.822  -7.683  -6.827 0.1250000000
62879  25.704  -7.492  -6.492 0.1250000000
62864  26.134  -7.916  -5.875 0.1250000000
62890  24.452  -7.260  -7.639 0.1250000000
56823  21.311  -14.591  -3.588 0.1250000000
62088  23.667  -8.746  -7.165 0.1250000000
55971  20.488  -15.189  -3.445 0.1250000000
55970  21.123  -15.022  -2.935 0.1250000000
110866  22.041  -14.277  -3.455 0.1250000000
58719  23.684  -12.464  -4.358 0.1250000000
126386  23.723  -11.489  -5.228 0.1250000000
59608  24.097  -11.798  -4.639 0.1250000000
61217  24.872  -9.787  -5.558 0.1250000000
60423  24.578  -10.412  -5.397 0.1250000000
119795  24.147  -9.144  -6.540 0.1250000000
62086  25.337  -8.223  -6.249 0.1250000000
55006  20.142  -16.142  -2.270 0.1250000000
58707  24.092  -12.905  -3.781 0.1250000000
59661  19.038  -10.895  -7.111 0.7500000000
61256  19.741  -9.296  -7.765 0.7500000000
65563  18.925  -4.676  -8.718 1.0000000000
68963  12.413  -0.817  -6.275 0.2500000000
69849  13.160  0.059  -6.633 0.3750000000
69871  16.282  0.727  -8.735 1.0000000000
71582  21.780  2.520  -11.733 0.1250000000
72399  22.173  3.310  -12.201 0.1250000000
73228  20.661  3.889  -12.979 0.1250000000
74932  21.293  5.935  -13.562 0.1250000000
74940  20.372  6.759  -13.230 0.1250000000
75833  20.904  7.836  -13.917 0.1250000000
76563  15.742  8.836  -3.615 0.1250000000
76568  16.002  9.080  -4.434 0.1250000000
111294  18.826  -16.501  -2.647 0.1250000000
111884  14.596  -0.229  -8.390 1.0000000000
119506  21.710  4.469  -13.174 0.1250000000
125444  20.963  -9.243  -7.819 0.6250000000
