#!ascii label  , from subject sub-v1s6x0051365_ses-1 vox2ras=TkReg
1448
31740  27.582  -41.829  5.038 0.8999999762
30940  27.747  -42.614  4.854 0.8000000119
109454  28.159  -42.770  4.205 0.8000000119
30102  28.006  -43.545  3.811 0.6999999881
30118  27.820  -43.619  2.925 0.8000000119
30942  26.288  -42.495  5.449 0.8999999762
30964  28.158  -41.935  4.420 1.0000000000
30963  28.371  -41.709  3.810 1.0000000000
31776  28.271  -41.917  3.205 0.8999999762
30980  28.166  -42.777  3.260 0.8000000119
105782  26.968  -42.941  1.713 0.8000000119
30999  27.904  -42.215  2.605 0.8999999762
31020  26.398  -42.985  1.065 0.6999999881
30133  26.098  -43.719  0.977 0.6999999881
31742  25.761  -41.627  5.408 0.8000000119
31741  26.807  -41.743  5.417 0.8999999762
107997  26.270  -40.902  5.508 0.8999999762
109044  25.102  -40.766  5.509 0.8999999762
31759  23.237  -41.429  4.625 0.8999999762
31758  27.936  -40.996  4.623 0.8999999762
32595  28.413  -40.599  4.016 1.0000000000
31793  27.921  -41.344  2.383 0.8999999762
32639  27.627  -40.414  1.913 1.0000000000
114483  27.169  -41.103  1.405 0.8999999762
31018  27.326  -42.104  1.807 0.8999999762
31019  26.743  -42.394  1.246 0.8000000119
110776  25.680  -43.043  0.416 0.6999999881
32579  26.815  -40.223  5.582 0.8999999762
32580  25.837  -40.134  5.825 0.8999999762
32581  24.155  -40.470  5.540 0.8999999762
32582  23.456  -40.714  5.087 0.8999999762
109612  27.225  -40.987  5.277 0.8999999762
32578  27.599  -40.213  5.077 0.8999999762
32608  28.374  -40.348  3.398 1.0000000000
31824  26.432  -41.123  0.705 0.8000000119
105664  26.186  -42.128  0.631 0.8000000119
31050  25.431  -42.180  -0.042 0.8000000119
112958  24.618  -40.855  -0.810 0.8000000119
31849  24.378  -41.599  -0.915 0.8000000119
32675  23.966  -40.951  -1.271 0.8000000119
33438  24.833  -39.983  5.884 0.8999999762
124151  23.697  -40.407  5.546 0.8999999762
32583  22.651  -40.468  5.162 0.8999999762
33437  26.474  -39.520  5.912 0.8999999762
32562  23.248  -40.325  5.763 0.8999999762
31745  22.002  -40.482  5.415 0.8000000119
32584  21.413  -40.564  4.631 0.8000000119
32564  21.933  -40.626  6.483 0.6999999881
31723  21.567  -40.928  5.861 0.6999999881
30967  20.667  -41.725  5.061 0.6999999881
32596  28.175  -40.063  4.484 0.8999999762
30921  20.572  -42.328  5.909 0.6999999881
109398  19.969  -42.987  5.836 0.6999999881
33448  28.306  -39.364  4.390 1.0000000000
30922  19.680  -42.713  6.590 0.6000000238
33460  28.454  -39.723  3.843 1.0000000000
33474  28.181  -39.776  3.007 1.0000000000
33475  27.867  -39.861  2.322 1.0000000000
32640  27.048  -40.236  1.212 1.0000000000
126010  26.788  -40.685  0.980 0.8999999762
33483  27.354  -39.471  1.679 1.0000000000
33490  26.642  -39.482  0.910 0.8999999762
32653  26.461  -40.268  0.672 0.8000000119
32654  25.849  -40.510  0.173 0.8000000119
32666  25.260  -40.714  -0.364 0.8000000119
114390  24.813  -40.024  -0.742 0.8000000119
124961  24.248  -40.319  -1.168 0.8000000119
32676  23.472  -40.148  -1.549 0.8000000119
33513  24.194  -39.587  -1.282 0.8000000119
113881  22.663  -39.546  -1.993 0.8000000119
33417  25.565  -39.373  6.280 0.8999999762
33418  24.580  -39.393  6.389 0.8999999762
33439  23.951  -39.979  5.955 0.8999999762
32563  22.927  -40.082  6.430 0.8999999762
33436  27.302  -39.538  5.502 0.8999999762
33449  27.945  -39.466  4.929 0.8999999762
31724  21.031  -41.687  6.441 0.6000000238
34354  28.187  -38.763  4.727 1.0000000000
30923  18.727  -42.828  6.905 0.5000000000
33461  28.177  -39.038  3.319 1.0000000000
30907  17.555  -42.107  6.979 0.5000000000
34380  27.769  -38.416  2.775 1.0000000000
116249  27.815  -39.177  2.480 1.0000000000
34387  27.415  -38.507  1.951 1.0000000000
34395  26.150  -38.700  0.622 0.8999999762
112264  25.423  -40.042  -0.257 0.8000000119
34404  25.447  -38.664  0.019 0.8999999762
33499  25.171  -39.371  -0.364 0.8000000119
33500  24.674  -39.258  -0.888 0.8000000119
35354  25.002  -37.857  -0.219 0.8999999762
34405  24.819  -38.623  -0.585 0.8000000119
35367  24.035  -37.091  -1.212 0.8999999762
34416  23.398  -38.219  -1.746 0.8000000119
34417  22.591  -38.670  -2.024 0.8000000119
35370  21.585  -37.298  -1.697 0.8000000119
34418  21.478  -38.358  -1.952 0.8000000119
33419  23.418  -39.894  6.352 0.8999999762
33416  26.326  -38.982  6.280 0.8999999762
108391  25.908  -38.702  6.719 0.8999999762
32545  22.350  -40.205  7.069 0.6999999881
34337  27.691  -38.845  5.372 0.8999999762
34315  26.669  -38.338  6.482 0.8999999762
31709  20.527  -41.467  7.319 0.6999999881
31725  20.153  -42.114  6.931 0.6000000238
30905  19.107  -42.173  7.242 0.6000000238
32548  19.825  -40.819  7.852 0.6999999881
31710  19.494  -41.502  7.508 0.6000000238
31711  18.557  -41.478  7.372 0.5000000000
118706  28.424  -38.842  4.058 1.0000000000
32550  18.020  -40.854  7.243 0.5000000000
34368  28.114  -38.240  3.573 1.0000000000
35332  26.834  -37.712  1.611 1.0000000000
34394  26.798  -38.652  1.277 1.0000000000
35344  25.686  -37.801  0.459 0.8999999762
35324  27.065  -37.130  2.142 1.0000000000
35333  26.068  -37.303  1.125 0.8999999762
35343  26.344  -38.030  0.979 0.8999999762
35355  24.560  -37.037  -0.534 0.8999999762
36313  23.355  -36.511  -1.240 0.8999999762
35368  23.359  -37.322  -1.614 0.8999999762
35345  25.178  -36.997  0.064 0.8999999762
36312  23.993  -36.333  -0.734 0.8999999762
36303  21.723  -36.382  -1.303 0.8999999762
36302  22.626  -36.033  -1.096 0.8999999762
34316  25.118  -38.824  6.781 0.8999999762
33394  23.012  -39.524  7.104 0.8999999762
34317  24.389  -38.910  7.069 0.8999999762
112457  22.259  -39.602  7.959 0.8000000119
34287  26.157  -38.168  7.027 0.8999999762
32546  21.602  -40.598  7.449 0.6999999881
34314  27.380  -38.221  5.835 0.8999999762
32547  20.800  -40.831  7.784 0.6999999881
32549  18.748  -40.622  7.571 0.5000000000
35301  28.186  -37.960  4.419 1.0000000000
32566  17.369  -40.721  6.781 0.5000000000
35315  27.847  -37.403  3.658 1.0000000000
36272  27.437  -37.022  2.834 1.0000000000
36263  27.066  -36.157  2.983 1.0000000000
36282  26.416  -36.681  1.763 1.0000000000
36273  26.914  -36.569  2.395 1.0000000000
36283  25.743  -36.465  1.128 0.8999999762
36293  25.257  -36.295  0.521 0.8999999762
123898  24.191  -35.642  0.334 0.8999999762
124129  21.420  -35.249  -3.610 0.6999999881
109710  20.760  -35.384  -3.444 0.8000000119
109828  19.997  -35.989  -3.253 0.8000000119
37223  19.255  -35.777  -2.899 0.8000000119
34288  25.543  -38.318  7.234 1.0000000000
114954  24.897  -38.463  7.322 1.0000000000
34271  23.875  -38.235  8.235 1.0000000000
34291  22.812  -38.996  8.164 0.6999999881
123391  21.773  -40.099  7.877 0.6999999881
34336  27.995  -38.115  5.200 0.8999999762
35268  27.145  -37.589  6.328 0.8999999762
32532  20.124  -40.157  8.466 0.6999999881
122786  18.505  -39.750  7.559 0.6000000238
35302  27.886  -36.899  4.488 1.0000000000
35284  28.040  -37.447  5.032 0.8999999762
35285  27.642  -37.491  5.611 0.8999999762
114202  16.832  -39.839  6.628 0.4000000060
36262  27.545  -36.540  3.642 1.0000000000
115776  26.485  -35.911  2.350 1.0000000000
37176  25.821  -35.714  1.667 1.0000000000
37166  25.541  -34.992  1.832 1.0000000000
106975  18.846  -35.897  -1.177 0.8999999762
107001  22.783  -35.262  -4.371 0.6000000238
37221  22.024  -35.108  -3.841 0.6000000238
38206  21.319  -34.604  -3.512 0.8000000119
110078  19.843  -35.115  -3.269 0.8000000119
36340  18.822  -36.441  -2.599 0.8999999762
37201  18.398  -35.971  -1.738 0.8999999762
36210  26.974  -36.938  6.778 0.8999999762
35269  26.575  -37.622  6.964 0.8999999762
34273  21.904  -38.889  8.880 0.8000000119
33395  21.429  -39.662  8.568 0.6999999881
33384  20.114  -39.422  8.886 0.6999999881
33398  18.797  -39.118  7.806 0.6000000238
33420  17.372  -39.071  6.802 0.4000000060
36230  27.784  -36.784  5.302 0.8999999762
105725  27.638  -36.122  4.241 1.0000000000
37158  26.676  -35.355  2.973 1.0000000000
37165  26.090  -35.150  2.307 1.0000000000
37196  20.324  -35.417  -0.592 0.8999999762
120938  19.441  -33.986  -1.001 0.8999999762
114163  18.897  -35.105  -1.132 0.8999999762
38196  18.350  -34.305  -2.338 0.8999999762
37202  18.290  -35.185  -2.123 0.8999999762
115896  24.604  -34.214  -4.660 0.6000000238
114035  23.872  -34.205  -4.554 0.6000000238
38219  22.655  -34.449  -4.066 0.6000000238
124867  22.058  -34.294  -3.603 0.8000000119
121388  20.439  -34.606  -3.431 0.8000000119
38208  18.576  -34.486  -2.557 0.8999999762
35250  25.122  -37.861  7.832 0.8999999762
34289  24.367  -38.349  7.743 0.8999999762
34272  23.289  -38.424  8.548 0.6999999881
35229  25.002  -37.196  8.310 0.8999999762
34270  24.382  -37.622  8.448 0.8999999762
34274  20.744  -38.991  9.164 0.6000000238
36209  27.368  -36.855  6.046 1.0000000000
110583  27.193  -36.244  6.528 1.0000000000
36195  26.437  -36.899  7.490 1.0000000000
34275  19.826  -38.590  8.845 0.6000000238
33397  19.490  -39.293  8.408 0.6000000238
34293  18.419  -38.329  7.548 0.5000000000
37151  27.763  -35.970  4.943 1.0000000000
107225  27.468  -36.105  5.743 1.0000000000
37157  27.316  -35.630  3.684 1.0000000000
38144  26.532  -34.653  2.716 1.0000000000
38145  25.930  -34.377  1.955 1.0000000000
38158  25.211  -34.534  1.482 1.0000000000
38159  24.695  -34.693  1.182 1.0000000000
39166  24.049  -33.789  0.529 1.0000000000
38169  23.431  -34.496  0.573 1.0000000000
39167  23.045  -33.772  0.291 1.0000000000
38170  22.613  -34.493  0.248 0.8999999762
38180  19.983  -34.449  -0.676 0.8999999762
38182  18.660  -34.551  -1.444 0.8999999762
115238  18.380  -33.758  -2.577 0.8999999762
39212  25.844  -33.455  -4.521 0.6000000238
39213  24.965  -33.448  -4.601 0.6000000238
39214  24.073  -33.490  -4.557 0.6000000238
39215  23.194  -33.717  -4.338 0.6000000238
112074  20.662  -33.875  -3.488 0.8000000119
39205  19.673  -34.107  -3.259 0.8000000119
36196  25.674  -37.135  8.019 0.8999999762
35230  23.653  -37.757  8.904 0.6999999881
35232  22.002  -37.871  9.430 0.6000000238
106208  21.194  -38.227  9.419 0.6000000238
36194  26.903  -36.366  7.133 0.8999999762
34292  19.110  -38.372  8.155 0.5000000000
37132  27.483  -35.297  5.526 0.8999999762
117288  27.454  -34.945  4.114 1.0000000000
38134  27.047  -34.847  3.432 1.0000000000
39136  26.681  -33.931  2.313 1.0000000000
112446  26.238  -33.551  1.579 1.0000000000
39154  25.430  -33.833  1.347 1.0000000000
39155  24.720  -34.133  1.079 1.0000000000
39177  21.770  -33.147  -0.366 1.0000000000
40178  20.445  -32.921  -0.854 0.8999999762
39179  19.934  -33.569  -0.907 0.8999999762
39180  18.877  -33.915  -1.332 0.8999999762
40189  17.444  -32.330  -1.966 0.8999999762
40225  25.351  -32.714  -4.310 0.6000000238
115863  22.654  -32.847  -4.107 0.6000000238
109325  20.944  -33.036  -3.543 0.6999999881
112019  20.016  -33.213  -3.437 0.6999999881
117522  18.443  -32.833  -3.009 0.8000000119
39207  18.034  -33.009  -2.524 0.8999999762
40224  26.179  -32.840  -4.117 0.6000000238
40216  20.288  -32.434  -3.472 0.6999999881
126115  19.529  -32.619  -3.379 0.8000000119
40218  18.668  -32.307  -3.269 0.8999999762
35233  20.381  -37.888  9.207 0.6000000238
37102  26.344  -35.693  8.177 0.8999999762
36177  25.297  -36.524  8.441 0.8000000119
109291  24.060  -36.092  9.192 0.6999999881
37111  27.288  -35.507  6.331 0.8999999762
37101  26.647  -36.026  7.657 0.8000000119
113158  27.588  -35.065  4.825 1.0000000000
113432  27.358  -34.821  6.135 0.8000000119
38125  27.604  -34.321  4.510 0.8999999762
38107  27.518  -34.365  5.428 0.8000000119
38133  27.521  -34.313  3.757 1.0000000000
38143  27.158  -34.182  3.051 1.0000000000
39153  27.122  -33.240  1.754 1.0000000000
40155  26.668  -32.834  1.061 1.0000000000
40156  25.841  -33.150  0.826 1.0000000000
40166  24.540  -33.028  -0.042 1.0000000000
39175  23.647  -33.186  -0.202 1.0000000000
39176  22.694  -33.085  -0.363 1.0000000000
40177  21.199  -32.477  -0.820 0.8999999762
40179  19.795  -32.949  -1.200 0.8999999762
113333  19.211  -33.266  -1.348 0.8999999762
40181  17.767  -32.379  -1.725 0.8999999762
40226  23.453  -32.783  -4.422 0.6000000238
40215  21.172  -32.087  -3.594 0.6999999881
40200  17.520  -32.345  -2.344 0.8999999762
41261  25.968  -31.524  -3.079 0.6000000238
40212  25.718  -32.127  -3.730 0.6000000238
41264  20.830  -31.210  -3.637 0.6999999881
41266  18.870  -31.383  -3.495 0.6999999881
35221  23.237  -37.091  9.370 0.6999999881
35223  21.750  -36.997  9.642 0.6000000238
37084  25.654  -35.767  8.498 0.8000000119
37085  24.843  -35.870  8.845 0.8000000119
126272  23.468  -36.410  9.373 0.6999999881
36166  22.817  -36.350  9.528 0.6999999881
114587  27.219  -34.918  6.968 0.6999999881
113358  27.007  -35.191  7.963 0.8000000119
39107  27.764  -33.570  4.875 0.6999999881
39120  27.876  -33.672  4.029 0.8000000119
39135  28.261  -33.105  2.724 0.8000000119
113954  27.837  -33.690  3.262 0.8000000119
115515  27.542  -33.540  2.510 0.8999999762
40154  27.445  -32.479  1.340 0.8999999762
40165  25.351  -32.681  0.212 1.0000000000
40175  23.361  -32.658  -0.736 1.0000000000
118272  22.848  -32.437  -0.966 1.0000000000
40173  24.897  -32.227  -0.410 1.0000000000
40174  24.091  -32.490  -0.661 1.0000000000
40176  22.098  -32.477  -0.820 1.0000000000
115513  20.499  -32.182  -1.211 0.8999999762
41231  19.978  -31.541  -1.476 0.8999999762
125506  19.312  -32.573  -1.414 0.8999999762
41233  17.988  -31.718  -1.557 0.8999999762
40213  24.935  -31.967  -3.963 0.6000000238
112891  24.381  -32.587  -4.414 0.6000000238
109978  22.871  -32.089  -4.309 0.6000000238
40227  22.101  -32.088  -3.996 0.6999999881
41243  17.461  -31.677  -1.814 0.8999999762
41267  17.945  -31.565  -3.266 0.8999999762
42273  21.295  -30.542  -3.866 0.6999999881
41265  19.897  -31.186  -3.525 0.6999999881
117060  18.202  -30.854  -3.429 0.8999999762
111355  17.558  -30.785  -3.063 0.8999999762
117092  25.235  -35.040  8.818 0.6999999881
111371  24.187  -35.036  9.194 0.6000000238
37086  23.231  -35.553  9.432 0.6000000238
36180  21.227  -36.387  9.379 0.6000000238
38067  27.271  -34.239  7.662 0.6999999881
38058  24.793  -34.229  8.897 0.6000000238
38080  27.400  -34.058  6.541 0.6999999881
39087  27.593  -33.424  5.786 0.6999999881
40143  28.463  -32.489  2.324 0.8000000119
39152  27.942  -32.875  1.995 0.8000000119
41212  27.616  -31.697  0.956 0.8000000119
40163  27.017  -32.186  0.753 0.8000000119
40164  26.229  -32.230  0.389 1.0000000000
41226  24.407  -31.655  -0.963 1.0000000000
41227  23.482  -31.912  -1.161 1.0000000000
41229  21.691  -31.701  -1.249 1.0000000000
41241  23.065  -31.057  -1.382 1.0000000000
41228  22.565  -31.782  -1.237 1.0000000000
42232  21.320  -30.777  -1.453 1.0000000000
42233  20.304  -30.568  -1.510 1.0000000000
42234  19.195  -30.782  -1.535 0.8999999762
116163  23.645  -31.974  -4.372 0.6000000238
42236  17.689  -30.913  -1.653 0.8999999762
41262  25.350  -31.366  -3.569 0.6000000238
41263  24.654  -31.248  -3.905 0.6000000238
41277  23.146  -31.450  -4.316 0.6999999881
114774  17.398  -31.019  -1.942 0.8999999762
116978  22.031  -30.659  -4.282 0.6999999881
42274  20.368  -30.442  -3.639 0.6999999881
42276  18.158  -30.103  -3.356 0.8999999762
37087  22.473  -34.950  9.279 0.5000000000
38057  25.747  -34.293  8.663 0.6000000238
39050  27.324  -33.389  7.311 0.6999999881
39051  26.992  -33.507  8.110 0.6999999881
39062  27.508  -33.228  6.576 0.6999999881
40116  27.963  -32.635  5.297 0.6999999881
118261  28.479  -32.495  3.826 0.6999999881
40130  28.696  -32.416  3.039 0.6999999881
40153  28.283  -32.019  1.656 0.8000000119
115822  27.619  -30.928  0.551 0.8000000119
41213  26.941  -31.496  0.389 0.8000000119
42221  27.012  -30.708  -0.027 0.8000000119
42230  25.533  -30.555  -0.825 0.8999999762
108556  25.242  -31.424  -0.649 1.0000000000
42229  26.403  -30.283  -0.525 0.8000000119
42231  24.702  -30.796  -1.139 0.8999999762
42243  24.084  -30.185  -1.279 1.0000000000
42245  22.760  -30.237  -1.466 1.0000000000
41242  22.214  -30.950  -1.453 1.0000000000
122375  20.242  -29.641  -1.548 1.0000000000
114822  18.824  -30.048  -1.613 0.8999999762
42235  18.277  -30.460  -1.571 0.8999999762
43142  17.767  -29.614  -1.816 0.8999999762
43141  18.192  -29.732  -1.646 0.8999999762
43156  17.585  -29.677  -2.012 0.8999999762
42272  25.089  -30.609  -3.678 0.6000000238
41276  23.853  -31.133  -4.213 0.6000000238
42288  21.711  -29.896  -4.129 0.6999999881
43183  19.906  -29.582  -3.658 0.8000000119
43185  18.156  -29.203  -3.237 0.8999999762
42271  25.742  -30.699  -3.288 0.6000000238
125308  22.371  -30.046  -4.316 0.6999999881
43182  20.915  -29.735  -3.772 0.6999999881
43184  18.885  -29.429  -3.551 0.8000000119
44115  18.102  -28.673  -3.028 0.8999999762
43198  20.544  -28.865  -3.802 0.6999999881
44114  18.510  -28.353  -3.331 0.8999999762
39043  25.277  -33.532  8.582 0.5000000000
39044  24.382  -33.474  8.644 0.5000000000
40052  26.994  -32.776  7.732 0.6999999881
40046  24.838  -32.834  8.295 0.5000000000
40073  27.407  -32.604  7.074 0.6999999881
40094  27.655  -32.624  6.236 0.6999999881
40115  28.422  -32.137  4.567 0.6999999881
108989  28.753  -31.799  3.813 0.6999999881
41187  29.187  -31.126  2.425 0.6999999881
41188  28.837  -31.842  2.384 0.6999999881
41201  28.357  -31.069  1.204 0.8000000119
42220  27.566  -30.269  0.242 0.8000000119
123261  24.164  -29.527  -1.310 0.8999999762
42244  23.449  -30.403  -1.374 1.0000000000
42246  21.897  -30.073  -1.589 1.0000000000
43138  20.999  -29.844  -1.568 1.0000000000
43151  24.878  -29.860  -1.209 0.8000000119
43153  22.495  -29.385  -1.552 0.8999999762
43154  21.605  -29.169  -1.654 1.0000000000
43155  20.654  -28.896  -1.659 1.0000000000
44079  22.218  -28.564  -1.719 0.8999999762
44064  19.892  -28.228  -1.827 1.0000000000
44065  19.001  -28.637  -1.832 1.0000000000
45053  18.366  -28.187  -2.751 0.8999999762
42287  22.968  -30.661  -4.285 0.6999999881
120291  18.489  -28.086  -2.555 0.8999999762
42285  24.437  -30.609  -4.011 0.6000000238
42286  23.831  -30.211  -4.186 0.6000000238
44133  18.428  -27.982  -3.198 0.8999999762
43195  23.072  -29.718  -4.306 0.6999999881
43196  22.260  -29.220  -4.267 0.6999999881
43197  21.414  -29.096  -4.018 0.6999999881
44112  19.528  -28.585  -3.648 0.6999999881
45066  19.484  -27.682  -3.732 0.8000000119
44130  21.128  -28.256  -4.065 0.6999999881
45084  18.737  -27.320  -3.637 0.8000000119
46023  18.673  -26.764  -3.763 0.8999999762
44131  20.236  -27.907  -3.772 0.6999999881
126602  26.493  -32.991  8.168 0.6000000238
40053  26.273  -32.419  7.843 0.5000000000
109791  27.857  -31.942  5.996 0.6999999881
41123  27.491  -31.848  6.731 0.5000000000
41151  28.574  -31.254  4.634 0.6999999881
42179  29.043  -30.820  3.799 0.6999999881
41171  29.354  -30.803  3.034 0.6999999881
42192  29.392  -30.372  2.442 0.6999999881
41200  29.040  -30.718  1.756 0.6999999881
43112  29.237  -29.829  1.706 0.6999999881
42207  28.697  -30.319  1.240 0.6999999881
42219  28.169  -30.306  0.681 0.8000000119
43126  27.879  -29.484  0.284 0.8000000119
43127  27.169  -29.908  -0.252 0.8000000119
122924  25.750  -29.706  -0.928 0.8000000119
44061  27.280  -28.392  -0.469 0.8000000119
44063  25.907  -28.929  -1.020 0.8000000119
117078  24.593  -29.074  -1.280 0.8000000119
115121  23.083  -28.755  -1.519 0.8999999762
44080  21.385  -28.369  -1.827 0.8999999762
44081  20.712  -28.130  -1.869 1.0000000000
45038  25.481  -27.511  -1.473 0.8000000119
44077  24.346  -28.493  -1.424 0.8000000119
45042  20.383  -27.558  -2.089 1.0000000000
43194  24.763  -29.811  -4.045 0.6000000238
45044  18.838  -27.591  -2.573 1.0000000000
44128  23.094  -28.826  -4.413 0.6999999881
44129  22.407  -28.344  -4.394 0.6999999881
45052  18.501  -27.471  -2.918 0.8999999762
46002  18.610  -26.878  -2.999 1.0000000000
105714  21.772  -27.846  -4.334 0.6999999881
120348  20.834  -27.222  -4.249 0.8000000119
45082  19.672  -27.014  -4.011 0.8000000119
43076  28.972  -29.826  3.897 0.6999999881
42178  29.400  -30.103  3.212 0.6999999881
43097  29.497  -29.526  2.522 0.6999999881
105399  29.481  -28.987  1.908 0.6999999881
44034  29.061  -29.102  1.355 0.6999999881
43113  28.636  -29.629  0.959 0.6999999881
44049  27.833  -28.541  -0.005 0.8000000119
43136  27.255  -29.075  -0.330 0.8000000119
44062  26.670  -28.633  -0.720 0.8000000119
45031  26.938  -27.895  -0.818 0.8000000119
44075  26.101  -28.121  -1.150 0.8000000119
112579  22.825  -27.957  -1.795 0.8999999762
45041  21.924  -27.886  -2.038 0.8999999762
45040  23.596  -27.564  -1.798 0.8000000119
45992  22.343  -27.412  -2.205 0.8999999762
118572  21.161  -27.703  -2.066 0.8999999762
105178  23.895  -29.281  -4.306 0.6000000238
124065  22.037  -26.895  -2.447 0.8999999762
119085  21.379  -26.597  -2.546 0.8999999762
45993  19.962  -26.832  -2.373 1.0000000000
44127  24.780  -28.702  -4.418 0.6000000238
46880  19.476  -26.153  -2.944 0.8999999762
45081  22.415  -27.643  -4.545 0.6999999881
46891  19.138  -25.606  -3.517 0.8999999762
46021  19.932  -26.243  -4.423 0.8000000119
46022  18.918  -26.240  -4.148 0.8999999762
113476  18.823  -25.509  -4.136 0.8000000119
44048  28.610  -28.685  0.709 0.6999999881
44047  29.088  -27.787  0.899 0.6999999881
107311  28.384  -27.832  0.198 0.6999999881
115849  24.868  -26.924  -1.771 0.8000000119
45991  23.523  -26.978  -2.189 0.8000000119
45990  24.124  -27.118  -1.862 0.8000000119
45999  23.435  -26.442  -2.577 0.8000000119
119035  20.840  -27.042  -2.268 0.8999999762
105676  23.833  -28.361  -4.555 0.6000000238
119965  22.758  -26.798  -2.469 0.8000000119
46888  22.921  -26.079  -2.964 0.8999999762
46889  21.139  -25.754  -3.129 0.8999999762
46879  20.452  -26.298  -2.669 0.8999999762
45079  24.414  -27.929  -4.724 0.6000000238
45080  23.061  -27.939  -4.607 0.6999999881
46890  19.903  -25.585  -3.272 0.8999999762
46019  21.873  -27.054  -4.598 0.6999999881
47726  18.848  -25.332  -3.940 0.8000000119
46909  20.120  -25.467  -4.934 0.6999999881
46910  19.305  -25.398  -4.469 0.8000000119
44021  29.552  -28.672  2.548 0.6999999881
45015  29.552  -27.702  1.666 0.6999999881
105084  29.419  -26.995  1.203 0.6999999881
45998  24.227  -26.456  -2.326 0.8000000119
46887  23.762  -25.849  -2.935 0.8000000119
46000  22.089  -26.306  -2.818 0.8999999762
45100  23.747  -27.432  -4.852 0.6000000238
47724  20.381  -24.901  -3.664 0.8999999762
121188  23.462  -26.862  -5.055 0.6999999881
46018  22.864  -27.052  -4.819 0.6999999881
46927  21.203  -25.549  -5.214 0.6999999881
47743  19.319  -24.661  -4.464 0.8000000119
116080  20.374  -24.926  -5.376 0.6999999881
46928  19.546  -24.555  -5.068 0.8000000119
113350  19.174  -24.928  -4.428 0.8000000119
47768  20.157  -24.218  -5.588 0.8000000119
45003  29.609  -27.745  2.512 0.6999999881
105456  29.734  -26.910  2.053 0.6000000238
45099  24.584  -27.296  -5.100 0.6000000238
47722  23.202  -25.317  -3.400 0.8000000119
115742  21.960  -24.304  -3.968 0.8999999762
47741  21.037  -24.285  -4.136 0.8999999762
110018  23.986  -26.746  -5.247 0.6000000238
112198  20.531  -23.587  -4.496 0.8999999762
46033  22.123  -26.279  -4.968 0.8000000119
47742  19.853  -24.233  -4.418 0.8999999762
48578  19.452  -23.799  -5.182 0.8000000119
47767  21.327  -24.705  -5.665 0.6999999881
48587  19.605  -23.317  -5.565 0.8000000119
48575  19.575  -23.193  -5.194 0.8000000119
47740  22.563  -24.751  -3.694 0.8000000119
46925  24.104  -25.990  -5.555 0.5000000000
112838  23.188  -26.290  -5.295 0.6000000238
117245  23.332  -25.434  -5.665 0.6000000238
46926  22.330  -25.529  -5.444 0.6999999881
49439  20.505  -22.651  -4.744 0.8000000119
47766  22.590  -24.765  -5.820 0.6000000238
47781  21.818  -23.962  -6.147 0.6000000238
47782  20.643  -23.779  -6.011 0.6999999881
49458  20.428  -22.250  -6.032 0.8000000119
48570  19.765  -23.221  -4.799 0.8000000119
48586  21.026  -23.027  -6.245 0.6000000238
48568  22.704  -23.999  -4.194 0.8000000119
48569  21.631  -23.498  -4.411 0.8000000119
46939  24.171  -25.196  -5.915 0.6000000238
49449  20.581  -21.826  -5.563 0.8000000119
49446  19.997  -22.452  -5.120 0.8000000119
105359  21.479  -22.029  -6.313 0.6000000238
49437  22.690  -23.051  -4.379 0.8000000119
49438  21.666  -22.264  -4.695 0.8000000119
46940  23.470  -24.772  -5.982 0.6000000238
47780  22.998  -24.070  -6.200 0.6000000238
125565  20.826  -21.315  -5.416 0.8000000119
48585  22.263  -23.155  -6.381 0.6000000238
50369  20.976  -20.944  -5.757 0.6999999881
50359  21.371  -21.356  -4.960 0.8000000119
50375  22.527  -21.431  -6.487 0.6000000238
50376  21.429  -20.810  -6.163 0.6000000238
51279  21.436  -20.459  -5.923 0.6999999881
48584  23.535  -23.206  -6.474 0.6000000238
49456  23.454  -22.143  -6.569 0.6000000238
123013  24.495  -22.447  -4.099 0.8000000119
125963  22.742  -22.244  -4.533 0.8000000119
47779  24.142  -24.333  -6.317 0.6000000238
49436  23.646  -22.558  -4.330 0.8000000119
47778  25.240  -24.345  -6.385 0.5000000000
51270  22.330  -20.282  -5.467 0.8000000119
50358  22.248  -21.528  -4.769 0.8000000119
48583  24.741  -23.485  -6.498 0.6000000238
52137  22.655  -19.843  -5.938 0.6000000238
49453  26.272  -23.054  -7.078 0.5000000000
49455  24.377  -22.537  -6.586 0.6000000238
50373  24.072  -21.644  -6.717 0.6000000238
50384  22.451  -20.416  -6.363 0.6000000238
50372  24.958  -21.879  -6.824 0.6000000238
51283  23.661  -20.820  -6.855 0.6000000238
51291  23.218  -20.163  -6.728 0.6000000238
117540  24.302  -21.564  -4.323 0.8000000119
50357  23.248  -21.675  -4.562 0.8000000119
126736  25.215  -21.314  -4.088 0.8000000119
51255  24.873  -20.724  -4.395 0.6999999881
118762  24.065  -20.602  -4.621 0.6999999881
49454  25.345  -22.794  -6.729 0.6000000238
52146  22.462  -19.999  -6.130 0.6000000238
52136  23.329  -19.541  -6.006 0.6000000238
52128  23.216  -19.906  -5.557 0.6999999881
49462  25.889  -22.176  -7.137 0.5000000000
52153  23.513  -19.571  -6.887 0.6000000238
50381  25.440  -21.177  -7.232 0.5000000000
51289  24.827  -20.076  -7.292 0.6000000238
51290  23.871  -20.023  -7.141 0.6000000238
50380  26.457  -21.553  -7.386 0.5000000000
51254  25.664  -20.674  -4.065 0.6999999881
51268  24.508  -19.997  -4.771 0.6000000238
52127  24.022  -19.501  -5.547 0.6000000238
113482  23.816  -20.023  -5.046 0.6000000238
52135  23.904  -19.211  -6.396 0.6000000238
52126  25.011  -19.495  -5.117 0.6000000238
51288  26.061  -20.345  -7.460 0.5000000000
52151  25.212  -19.110  -7.519 0.6000000238
52152  24.219  -19.282  -7.236 0.6000000238
52145  23.243  -19.666  -6.426 0.6000000238
53103  24.710  -19.006  -6.007 0.6000000238
52150  26.202  -19.398  -7.638 0.6000000238
53124  25.974  -18.605  -7.675 0.6000000238
51287  27.074  -20.090  -7.677 0.5000000000
52164  26.831  -19.051  -7.824 0.5000000000
52163  27.872  -19.725  -7.930 0.4000000060
53139  27.442  -18.533  -8.146 0.5000000000
51267  25.304  -20.057  -4.478 0.6000000238
53126  24.761  -18.804  -7.263 0.6000000238
53111  24.565  -18.733  -6.859 0.6000000238
53092  25.742  -18.991  -5.346 0.6000000238
53141  26.089  -18.170  -7.633 0.6000000238
54118  26.023  -18.119  -7.592 0.6000000238
53140  26.556  -18.187  -7.904 0.6000000238
53138  28.341  -18.415  -8.418 0.4000000060
104508  27.398  -17.538  -8.389 0.4000000060
53110  25.405  -18.367  -7.218 0.6000000238
53102  25.374  -18.517  -6.430 0.5000000000
115012  25.692  -19.546  -4.664 0.5000000000
54092  25.929  -17.995  -6.846 0.5000000000
54128  26.477  -17.733  -7.826 0.6000000238
114501  26.792  -17.667  -8.122 0.5000000000
53091  26.714  -18.764  -4.979 0.4000000060
54106  25.977  -17.972  -7.395 0.6000000238
54105  26.416  -17.620  -7.338 0.5000000000
54127  26.922  -16.988  -8.271 0.4000000060
54117  26.466  -17.649  -7.849 0.6000000238
54116  26.812  -16.934  -7.920 0.6000000238
54104  27.009  -17.372  -7.067 0.4000000060
55060  27.446  -16.874  -8.651 0.4000000060
55061  27.274  -16.380  -8.732 0.4000000060
54091  26.713  -17.814  -6.475 0.4000000060
55053  27.274  -16.488  -8.620 0.4000000060
116120  27.304  -16.346  -7.988 0.4000000060
53099  28.114  -18.134  -5.200 0.4000000060
53100  27.207  -18.242  -5.554 0.4000000060
55047  27.638  -16.881  -7.250 0.4000000060
56022  27.758  -15.588  -8.978 0.4000000060
56014  27.575  -15.905  -8.619 0.4000000060
56005  27.853  -16.125  -7.844 0.4000000060
54089  28.666  -17.618  -5.646 0.4000000060
54090  27.697  -17.624  -6.220 0.4000000060
55046  28.573  -16.598  -6.987 0.4000000060
55038  28.438  -17.226  -6.437 0.4000000060
36339  19.303  -36.682  -2.855 0.8000000119
35373  18.566  -37.514  -2.042 0.8999999762
36305  19.023  -36.794  -1.128 0.8999999762
35359  18.681  -37.340  -1.626 0.8999999762
35357  19.553  -37.675  -1.486 0.8999999762
113233  25.351  -35.812  1.032 0.8999999762
37177  25.070  -35.168  1.330 1.0000000000
36314  22.556  -36.795  -1.605 0.8999999762
36300  23.675  -35.706  -0.037 0.8999999762
38168  24.166  -34.558  0.870 1.0000000000
37194  22.807  -35.537  -0.388 0.8999999762
37188  22.258  -35.092  -0.143 0.8999999762
37186  23.887  -35.186  0.638 1.0000000000
123828  20.109  -36.147  -0.693 0.8999999762
38178  21.795  -34.515  -0.094 0.8999999762
53101  26.285  -18.380  -5.918 0.4000000060
53090  27.563  -18.607  -4.666 0.4000000060
32626  28.157  -40.478  2.696 1.0000000000
121525  24.250  -40.932  5.259 0.8999999762
31825  25.687  -41.355  0.106 0.8000000119
34338  26.999  -38.918  5.923 0.8999999762
33491  25.889  -39.576  0.221 0.8000000119
34415  24.223  -38.640  -1.328 0.8000000119
115331  23.452  -39.149  -1.668 0.8000000119
35323  27.414  -37.744  2.343 1.0000000000
108443  23.955  -37.808  -1.446 0.8999999762
35369  22.520  -37.722  -1.918 0.8000000119
35356  20.665  -36.992  -1.334 0.8999999762
34406  20.503  -37.869  -1.786 0.8000000119
109721  25.595  -36.977  0.648 0.8999999762
110123  21.938  -35.599  -0.807 0.8999999762
34290  23.637  -38.842  7.603 1.0000000000
116348  19.236  -39.966  7.958 0.6000000238
33399  17.828  -39.982  7.106 0.4000000060
37185  24.686  -35.568  0.696 0.8999999762
36338  20.203  -36.830  -3.095 0.6999999881
39206  19.034  -33.969  -2.854 0.8000000119
35249  25.971  -37.719  7.505 0.8999999762
107218  19.570  -36.095  -0.817 0.8999999762
37209  18.377  -35.847  -2.140 0.8999999762
35231  22.919  -37.843  9.226 0.6999999881
108358  18.103  -39.087  7.296 0.4000000060
39189  18.157  -33.682  -2.003 0.8999999762
39194  18.238  -33.653  -2.447 0.8999999762
39203  22.375  -33.660  -3.762 0.6999999881
40214  21.824  -32.903  -3.720 0.6999999881
36178  24.614  -36.743  8.782 0.8000000119
39165  24.994  -33.480  0.648 1.0000000000
111218  21.411  -33.837  -0.260 0.8999999762
38179  20.933  -34.546  -0.405 0.8999999762
37195  21.348  -35.216  -0.424 0.8999999762
39181  18.324  -33.822  -1.796 0.8999999762
36181  20.351  -36.713  8.893 0.5000000000
40180  18.543  -32.481  -1.537 0.8999999762
41279  21.653  -31.320  -3.959 0.6999999881
116476  17.329  -31.112  -2.405 0.8999999762
42275  19.158  -30.425  -3.556 0.8000000119
37068  22.436  -35.689  9.498 0.6000000238
38056  26.703  -34.319  8.361 0.8000000119
39106  28.165  -32.958  4.330 0.6999999881
39119  28.290  -33.111  3.476 0.6999999881
41225  25.593  -31.966  -0.154 1.0000000000
41230  20.835  -31.548  -1.316 1.0000000000
42277  17.679  -29.941  -3.008 0.8999999762
38059  23.891  -34.075  9.062 0.6000000238
37088  21.648  -35.451  9.152 0.5000000000
41224  26.175  -31.266  -0.264 0.8999999762
126281  23.164  -33.938  8.869 0.5000000000
41172  29.110  -31.514  3.085 0.6999999881
122559  28.831  -31.381  1.860 0.8000000119
44066  18.137  -28.956  -1.776 0.8999999762
40074  26.919  -32.011  7.425 0.6000000238
40054  25.352  -32.319  7.783 0.5000000000
40093  28.221  -31.628  5.396 0.6999999881
43152  23.418  -29.619  -1.402 0.8999999762
43137  26.546  -29.428  -0.633 0.8000000119
44076  25.150  -28.442  -1.300 0.8000000119
46001  18.836  -26.197  -3.407 0.8999999762
41107  25.986  -31.757  7.419 0.5000000000
41152  28.244  -30.860  5.360 0.6999999881
44078  23.692  -28.237  -1.563 0.8999999762
120763  21.618  -27.288  -2.257 0.8999999762
46020  21.012  -26.296  -4.744 0.8000000119
110558  29.279  -28.427  1.418 0.6999999881
45037  26.521  -27.210  -1.340 0.8000000119
47725  19.327  -24.956  -3.827 0.8999999762
125668  29.627  -28.328  1.973 0.6999999881
47723  22.264  -25.544  -3.287 0.8999999762
44001  29.442  -28.273  3.112 0.6000000238
107499  20.767  -21.436  -6.041 0.6999999881
49457  22.659  -22.424  -6.497 0.6000000238
51271  21.459  -20.536  -5.644 0.8000000119
51292  22.403  -20.112  -6.233 0.6000000238
51269  23.299  -20.438  -5.017 0.6999999881
50382  24.442  -20.934  -7.090 0.6000000238
52144  23.932  -19.125  -6.997 0.6000000238
54088  29.345  -17.550  -5.277 0.4000000060
36304  19.743  -36.827  -0.909 0.8999999762
105534  26.348  -48.913  5.335 0.4000000060
26192  24.645  -48.152  5.485 0.4000000060
26193  23.576  -48.214  5.060 0.4000000060
25317  26.913  -48.284  4.709 0.4000000060
26174  25.035  -47.316  5.715 0.4000000060
123042  24.107  -47.557  5.395 0.4000000060
105337  27.176  -47.707  4.279 0.3000000119
26173  26.050  -47.460  5.652 0.4000000060
105470  27.206  -47.440  3.565 0.4000000060
27165  26.479  -46.447  1.942 0.4000000060
27166  25.977  -46.371  1.226 0.4000000060
28099  25.807  -45.368  0.991 0.4000000060
26175  24.062  -46.815  5.501 0.5000000000
27112  26.448  -46.849  5.193 0.4000000060
27113  25.741  -46.654  5.716 0.4000000060
27148  27.195  -46.576  3.409 0.5000000000
27158  26.850  -46.117  2.565 0.4000000060
28098  26.406  -45.723  1.786 0.4000000060
29146  25.470  -44.695  0.376 0.5000000000
30149  25.221  -44.194  -0.046 0.6000000238
29147  25.050  -44.762  -0.367 0.5000000000
119765  24.294  -43.828  -1.057 0.6000000238
30180  23.813  -43.203  -1.326 0.4000000060
27114  24.844  -46.333  5.715 0.5000000000
27132  23.241  -46.424  5.179 0.5000000000
109408  22.584  -46.009  4.634 0.5000000000
28080  21.988  -45.674  4.016 0.5000000000
28043  26.291  -46.095  5.399 0.6000000238
27131  26.774  -46.331  4.777 0.5000000000
28064  26.892  -45.635  4.900 0.6000000238
28079  27.325  -45.705  3.278 0.5000000000
28089  26.969  -45.162  2.429 0.5000000000
29129  26.353  -44.204  1.427 0.6000000238
30148  25.571  -43.942  0.455 0.6000000238
125817  25.150  -42.835  -0.225 0.6000000238
31051  24.761  -42.260  -0.542 0.6000000238
31064  24.143  -42.373  -1.095 0.6000000238
31850  23.716  -41.688  -1.364 0.6000000238
106215  24.581  -43.144  -0.692 0.6000000238
31065  23.426  -42.395  -1.507 0.6000000238
31851  22.352  -41.381  -2.140 0.6000000238
28045  24.692  -45.440  5.725 0.5000000000
28065  23.179  -45.541  5.183 0.5000000000
122997  22.467  -44.988  4.622 0.5000000000
29106  21.762  -44.836  3.833 0.5000000000
107527  26.274  -45.238  5.494 0.6000000238
28044  25.566  -45.788  5.694 0.6000000238
110525  27.453  -45.127  4.075 0.6000000238
29087  27.068  -44.752  5.114 0.6000000238
116515  27.530  -44.979  3.126 0.5000000000
29118  26.801  -44.308  1.998 0.6000000238
30132  26.624  -43.632  1.567 0.6000000238
108071  23.070  -41.779  -1.703 0.6000000238
118224  23.168  -44.754  5.195 0.6000000238
29107  21.247  -44.816  3.259 0.5000000000
29064  25.434  -44.881  5.709 0.6000000238
28046  23.837  -45.066  5.578 0.6000000238
30104  21.433  -43.949  3.382 0.5000000000
30120  20.993  -43.569  2.667 0.5000000000
29063  26.263  -44.197  5.571 0.6000000238
30119  27.210  -43.628  2.216 0.6000000238
32677  22.564  -40.416  -2.064 0.6999999881
29066  23.694  -44.084  5.421 0.6000000238
29088  22.811  -44.031  4.886 0.6000000238
29089  22.116  -44.008  4.189 0.6000000238
29065  24.549  -44.559  5.716 0.6000000238
30090  23.246  -43.165  4.977 0.6000000238
30103  21.887  -43.050  3.756 0.6000000238
117098  21.357  -42.871  3.049 0.6000000238
31002  20.915  -42.651  2.217 0.6000000238
121042  24.463  -43.802  5.629 0.6000000238
31022  19.500  -41.746  1.379 0.5000000000
30089  27.185  -43.848  5.180 0.6000000238
31809  19.175  -40.482  1.484 0.6000000238
33514  21.831  -39.791  -2.353 0.6999999881
30981  22.400  -42.219  3.895 0.6000000238
30066  24.859  -43.160  5.579 0.6000000238
30067  24.027  -43.142  5.369 0.6000000238
30091  22.549  -43.139  4.392 0.6000000238
31001  21.470  -41.891  2.588 0.6000000238
111894  21.002  -41.567  2.157 0.6000000238
30064  26.701  -43.274  5.394 0.6000000238
31795  20.482  -40.550  2.096 0.6000000238
30063  27.351  -43.142  5.137 0.6000000238
112636  21.126  -39.129  -2.107 0.6999999881
34419  20.529  -38.475  -1.990 0.6999999881
30065  25.781  -43.262  5.620 0.6000000238
30966  22.952  -42.282  4.497 0.6999999881
35371  19.494  -38.348  -1.952 0.6999999881
30965  23.610  -42.292  4.996 0.6999999881
30943  25.309  -42.395  5.406 0.6999999881
30944  24.409  -42.327  5.266 0.6999999881
31760  22.695  -41.375  4.099 0.6999999881
31777  22.245  -41.242  3.528 0.6999999881
31778  21.718  -41.126  3.019 0.6000000238
32610  21.076  -40.329  3.234 0.6999999881
32600  20.670  -40.308  3.456 0.6000000238
32628  20.040  -39.753  2.551 0.5000000000
35386  18.762  -37.279  -2.410 0.8000000119
31743  24.782  -41.549  5.268 0.6999999881
31744  23.928  -41.492  5.075 0.6999999881
32597  22.699  -40.724  4.535 0.6999999881
32598  22.205  -40.477  4.013 0.6999999881
31780  18.938  -40.408  2.805 0.5000000000
118529  22.036  -40.475  4.567 0.6999999881
31779  19.848  -40.339  3.375 0.6000000238
44060  27.669  -27.826  -0.385 0.6999999881
45989  25.750  -26.663  -1.675 0.6999999881
45029  28.196  -27.130  -0.313 0.6000000238
46885  25.484  -25.587  -2.455 0.6999999881
46886  24.704  -25.599  -2.797 0.6999999881
47721  24.077  -25.079  -3.341 0.6999999881
47739  23.522  -24.417  -3.773 0.6999999881
45022  28.896  -27.065  0.370 0.6000000238
45984  27.925  -26.496  -0.806 0.6000000238
45987  27.214  -26.569  -1.321 0.6999999881
46878  25.979  -25.913  -1.971 0.6999999881
117839  24.807  -24.879  -3.265 0.6999999881
47738  24.430  -24.348  -3.568 0.6999999881
45983  28.794  -26.324  -0.222 0.6000000238
46875  28.336  -25.228  -1.106 0.6000000238
46877  26.844  -25.621  -1.802 0.6999999881
46884  26.207  -25.137  -2.415 0.6999999881
47737  25.325  -24.259  -3.358 0.6999999881
48566  24.800  -23.636  -3.695 0.6999999881
45977  29.382  -26.332  0.616 0.6000000238
45982  29.407  -25.750  0.145 0.6000000238
47712  27.574  -25.072  -1.647 0.6000000238
47719  26.711  -24.266  -2.616 0.5000000000
47736  26.113  -23.858  -3.184 0.6999999881
49434  25.854  -22.503  -3.530 0.6999999881
50356  25.152  -22.030  -3.911 0.6999999881
55067  29.466  -15.718  -9.221 0.3000000119
55068  28.466  -15.686  -9.130 0.3000000119
123519  27.476  -15.886  -8.955 0.3000000119
25318  25.208  -48.892  5.543 0.4000000060
116840  24.333  -48.772  5.204 0.3000000119
25320  22.790  -48.753  4.368 0.4000000060
25328  27.212  -49.117  4.394 0.3000000119
26194  22.755  -47.786  4.590 0.4000000060
25338  26.977  -48.064  2.838 0.4000000060
105489  23.314  -47.293  5.141 0.4000000060
26222  26.364  -46.987  1.688 0.4000000060
27178  25.545  -46.022  0.551 0.4000000060
28109  25.318  -45.433  0.123 0.5000000000
30167  23.755  -44.086  -1.390 0.4000000060
27149  22.143  -46.512  3.992 0.4000000060
119241  23.137  -42.971  -1.668 0.5000000000
28090  20.878  -45.300  2.813 0.5000000000
29119  20.872  -44.433  2.735 0.5000000000
30121  20.449  -43.898  2.064 0.5000000000
30134  19.672  -43.834  1.517 0.5000000000
32678  21.641  -40.599  -2.434 0.6000000238
116761  20.074  -42.859  1.732 0.5000000000
31023  18.587  -41.021  1.010 0.4000000060
32642  18.913  -39.997  1.842 0.5000000000
35384  19.248  -38.331  -2.024 0.6999999881
32630  18.682  -40.063  2.113 0.5000000000
35385  18.879  -38.090  -2.127 0.8000000119
35398  19.449  -37.530  -2.590 0.6999999881
116459  18.272  -42.456  3.245 0.5000000000
30983  19.351  -41.264  3.611 0.6000000238
42156  28.478  -30.269  4.727 0.6000000238
47706  29.148  -24.538  -0.748 0.5000000000
48549  28.870  -23.730  -1.312 0.5000000000
120685  27.476  -24.328  -2.021 0.5000000000
49429  27.249  -22.795  -2.761 0.5000000000
49433  26.614  -22.652  -3.196 0.5000000000
50355  25.959  -21.468  -3.690 0.5000000000
56032  29.548  -14.735  -9.499 0.3000000119
56033  28.712  -14.715  -9.465 0.3000000119
56034  28.274  -14.824  -9.209 0.3000000119
30088  27.718  -43.362  4.672 0.6000000238
29086  27.585  -44.186  4.431 0.6000000238
29105  27.707  -44.322  3.456 0.6000000238
107264  23.208  -41.058  -1.679 0.6999999881
114718  21.943  -39.082  -2.228 0.6999999881
45030  27.428  -27.206  -0.875 0.6999999881
48567  23.518  -23.537  -4.157 0.6999999881
35397  20.448  -37.730  -3.038 0.6999999881
45988  26.557  -26.344  -1.610 0.6999999881
25303  26.344  -48.095  5.361 0.4000000060
26172  26.645  -47.560  4.902 0.4000000060
106836  27.334  -48.283  3.857 0.3000000119
26191  27.088  -46.946  4.331 0.5000000000
27133  22.665  -46.904  4.640 0.5000000000
27179  25.134  -46.200  -0.114 0.3000000119
108755  23.185  -43.638  -1.648 0.4000000060
110429  21.037  -46.202  2.914 0.5000000000
32613  19.396  -39.971  2.651 0.6000000238
47720  25.428  -25.032  -2.932 0.6999999881
114604  24.114  -23.827  -3.879 0.6999999881
46871  28.331  -25.878  -0.780 0.6000000238
46876  27.615  -25.869  -1.320 0.6999999881
47713  26.982  -24.911  -2.142 0.6999999881
46870  29.018  -25.471  -0.467 0.6000000238
47711  28.249  -24.444  -1.476 0.5000000000
107015  25.973  -24.539  -2.955 0.6999999881
48565  25.562  -23.383  -3.490 0.6999999881
49435  25.033  -22.863  -3.797 0.6999999881
48559  26.705  -23.380  -2.907 0.5000000000
48564  26.184  -23.164  -3.296 0.5000000000
117080  26.499  -22.001  -3.412 0.5000000000
46864  29.728  -25.585  0.842 0.5000000000
48554  28.054  -23.667  -1.850 0.5000000000
48557  27.933  -22.931  -2.288 0.5000000000
50348  27.574  -21.399  -2.992 0.5000000000
119301  20.159  -38.202  -2.301 0.6000000238
108966  19.734  -38.064  -2.270 0.6000000238
36351  21.863  -36.725  -3.979 0.5000000000
34448  20.953  -38.455  -3.393 0.6000000238
36337  21.062  -36.825  -3.480 0.6000000238
37233  24.021  -35.854  -4.508 0.5000000000
36350  22.496  -36.629  -4.347 0.5000000000
30068  19.691  -43.498  5.378 0.5000000000
104869  20.731  -36.176  -3.428 0.6000000238
108052  23.098  -36.090  -4.514 0.5000000000
37232  24.871  -35.577  -4.570 0.5000000000
30046  19.335  -43.349  6.185 0.4000000060
30047  18.515  -43.638  6.532 0.4000000060
30924  17.796  -42.953  7.120 0.4000000060
37234  23.469  -35.351  -4.514 0.5000000000
121841  25.406  -35.008  -4.529 0.5000000000
38217  24.167  -34.963  -4.615 0.5000000000
30925  16.903  -42.366  6.678 0.4000000060
115789  25.493  -34.274  -4.664 0.5000000000
108549  24.949  -34.841  -4.702 0.5000000000
35234  19.559  -37.431  8.462 0.4000000060
35251  18.752  -37.503  7.775 0.4000000060
34294  17.720  -38.329  7.048 0.3000000119
40047  23.957  -32.839  8.214 0.4000000060
39046  22.771  -33.629  8.236 0.4000000060
37089  20.736  -35.741  8.690 0.4000000060
37090  20.016  -35.911  8.401 0.4000000060
40056  23.548  -32.432  7.519 0.4000000060
38062  21.055  -34.952  8.175 0.4000000060
36182  19.649  -36.421  8.325 0.4000000060
38071  20.585  -34.585  7.306 0.4000000060
37103  20.278  -35.282  7.891 0.4000000060
36197  19.045  -36.577  7.858 0.4000000060
35252  18.035  -37.569  7.251 0.4000000060
38060  22.568  -34.241  8.728 0.4000000060
38069  22.084  -33.947  7.872 0.4000000060
38061  21.843  -34.603  8.468 0.4000000060
40055  24.427  -32.331  7.675 0.4000000060
39053  22.382  -33.283  7.542 0.4000000060
39054  21.616  -33.508  7.082 0.4000000060
38070  21.351  -34.271  7.548 0.4000000060
39055  20.883  -33.922  6.796 0.4000000060
37104  19.453  -35.687  7.765 0.4000000060
38081  20.060  -34.172  6.591 0.4000000060
38082  19.428  -34.552  6.678 0.4000000060
37105  18.647  -35.850  7.331 0.4000000060
41109  23.989  -31.822  7.121 0.4000000060
40075  23.135  -32.011  6.878 0.4000000060
39063  22.105  -32.930  6.971 0.4000000060
41134  27.680  -31.002  6.150 0.5000000000
41124  26.661  -31.240  6.798 0.4000000060
41126  24.452  -31.208  6.701 0.4000000060
41128  22.752  -31.533  6.268 0.4000000060
40076  22.279  -32.302  6.525 0.4000000060
123005  21.113  -33.369  6.445 0.4000000060
106295  21.023  -32.924  5.977 0.4000000060
124781  26.773  -30.586  6.260 0.5000000000
42139  25.914  -30.567  6.339 0.4000000060
42140  24.913  -30.608  6.242 0.4000000060
41127  23.566  -31.333  6.519 0.4000000060
39064  21.598  -32.898  6.457 0.4000000060
41135  27.116  -30.270  5.867 0.5000000000
42147  25.355  -30.070  5.734 0.4000000060
42141  23.996  -30.675  6.124 0.4000000060
41136  23.164  -30.854  5.901 0.4000000060
42145  26.873  -29.606  5.407 0.4000000060
42148  24.449  -30.150  5.610 0.4000000060
42149  23.597  -30.266  5.458 0.4000000060
43055  26.274  -28.931  4.919 0.4000000060
43987  25.596  -28.269  4.612 0.4000000060
43056  25.293  -29.035  4.844 0.4000000060
43057  24.447  -29.106  4.789 0.4000000060
43053  28.363  -29.375  4.470 0.5000000000
106670  27.641  -28.906  4.758 0.5000000000
115627  26.967  -28.658  4.856 0.4000000060
110790  24.829  -28.575  4.655 0.4000000060
112246  24.044  -28.397  4.547 0.3000000119
43075  29.330  -29.121  3.287 0.5000000000
43054  27.088  -29.072  5.051 0.5000000000
43044  25.795  -29.500  5.327 0.4000000060
43045  24.875  -29.577  5.210 0.4000000060
43046  24.022  -29.667  5.107 0.4000000060
43984  28.240  -28.633  4.307 0.5000000000
43985  27.422  -28.292  4.592 0.5000000000
43986  26.548  -28.232  4.650 0.4000000060
44980  29.270  -27.519  3.326 0.5000000000
44965  28.165  -27.797  4.187 0.5000000000
44967  26.163  -27.591  4.448 0.4000000060
44968  25.373  -27.404  4.383 0.4000000060
44969  24.770  -27.919  4.500 0.3000000119
112010  24.110  -27.560  4.335 0.3000000119
44970  23.404  -27.800  4.336 0.3000000119
44981  28.684  -27.178  3.763 0.5000000000
45960  29.491  -26.817  2.783 0.4000000060
45929  26.891  -26.801  4.168 0.3000000119
122272  26.504  -27.197  4.325 0.4000000060
45930  26.023  -26.783  4.208 0.4000000060
44983  25.030  -26.590  4.023 0.3000000119
44984  24.238  -26.871  4.066 0.3000000119
44985  23.565  -27.132  4.079 0.3000000119
112009  22.977  -27.364  4.075 0.3000000119
45941  28.536  -26.434  3.672 0.3000000119
45940  29.127  -26.765  3.358 0.4000000060
116093  29.679  -26.082  2.292 0.4000000060
45971  29.685  -26.215  1.476 0.4000000060
45943  26.593  -26.080  3.860 0.3000000119
45945  24.365  -26.290  3.704 0.3000000119
122401  22.434  -26.471  3.574 0.3000000119
45948  21.745  -26.540  3.618 0.3000000119
45942  27.550  -26.204  3.879 0.3000000119
45946  23.704  -26.480  3.703 0.3000000119
45947  23.001  -26.780  3.758 0.3000000119
46819  29.202  -25.965  3.112 0.3000000119
46837  29.475  -25.219  2.489 0.3000000119
46856  29.791  -25.424  1.671 0.4000000060
47705  29.772  -24.972  0.128 0.4000000060
120999  29.909  -24.170  -0.157 0.4000000060
48558  27.366  -23.575  -2.426 0.4000000060
46820  28.289  -25.618  3.512 0.3000000119
47660  28.840  -25.013  3.063 0.3000000119
47701  29.998  -24.825  1.073 0.3000000119
109592  30.143  -24.184  0.573 0.4000000060
112976  28.614  -22.994  -1.723 0.4000000060
49427  28.423  -22.273  -2.119 0.4000000060
49428  27.785  -22.175  -2.668 0.4000000060
48545  30.252  -23.394  0.105 0.3000000119
108463  29.945  -22.826  -0.451 0.3000000119
49422  29.021  -22.303  -1.501 0.4000000060
50341  28.781  -21.592  -1.772 0.4000000060
50347  28.230  -21.517  -2.449 0.4000000060
51243  28.029  -20.728  -2.760 0.4000000060
51252  27.350  -20.635  -3.276 0.4000000060
51253  26.537  -20.516  -3.684 0.4000000060
105940  30.212  -22.684  0.659 0.3000000119
49414  30.184  -22.067  -0.259 0.3000000119
49421  29.603  -22.214  -0.846 0.3000000119
50340  29.306  -21.684  -1.218 0.4000000060
51234  29.256  -20.930  -1.256 0.4000000060
51242  28.644  -20.856  -2.089 0.4000000060
116174  28.596  -20.136  -2.517 0.3000000119
52106  27.900  -19.930  -3.145 0.4000000060
52114  27.450  -19.469  -3.640 0.3000000119
52115  26.752  -19.714  -3.879 0.3000000119
51266  26.037  -19.954  -4.146 0.4000000060
52124  27.105  -19.123  -4.226 0.3000000119
52125  26.342  -19.333  -4.489 0.3000000119
49403  30.309  -21.994  0.259 0.3000000119
50334  30.288  -21.336  -0.048 0.3000000119
50335  29.832  -21.364  -0.606 0.3000000119
52095  29.148  -20.215  -1.760 0.3000000119
111615  29.120  -19.670  -2.224 0.3000000119
52113  28.102  -19.268  -3.421 0.3000000119
53080  27.848  -18.912  -3.919 0.3000000119
53079  28.647  -18.713  -3.487 0.3000000119
50318  30.169  -21.261  0.502 0.3000000119
51222  30.100  -20.603  -0.242 0.3000000119
51233  29.638  -20.125  -0.834 0.3000000119
52094  29.481  -19.474  -1.496 0.3000000119
52104  29.369  -19.052  -2.217 0.3000000119
52105  28.703  -19.363  -2.869 0.3000000119
53089  28.394  -18.458  -4.334 0.3000000119
53088  29.157  -18.150  -3.942 0.3000000119
54077  29.005  -18.088  -4.877 0.3000000119
42157  27.762  -30.232  5.488 0.5000000000
104397  20.667  -39.153  -2.511 0.6000000238
106986  20.544  -38.983  -2.671 0.5000000000
34449  20.459  -38.471  -2.939 0.5000000000
34467  21.776  -38.313  -3.922 0.5000000000
36347  25.074  -36.394  -4.297 0.5000000000
36349  23.821  -36.785  -4.538 0.5000000000
107370  22.342  -37.436  -4.231 0.5000000000
31761  20.676  -40.764  4.342 0.6000000238
30968  20.165  -41.424  4.284 0.6000000238
30945  20.172  -42.619  5.104 0.6000000238
30092  19.592  -43.237  4.722 0.5000000000
29067  19.329  -44.179  4.916 0.5000000000
30069  19.128  -44.080  5.635 0.5000000000
29052  18.316  -44.475  5.946 0.5000000000
107382  17.426  -44.575  6.357 0.4000000060
30049  16.691  -43.841  6.628 0.4000000060
111025  16.496  -42.985  6.549 0.4000000060
30926  16.024  -42.347  6.454 0.4000000060
112174  16.541  -38.882  6.512 0.3000000119
34319  17.029  -38.253  6.650 0.3000000119
35253  17.414  -37.607  6.791 0.4000000060
37113  18.345  -35.256  6.725 0.4000000060
36199  17.690  -36.870  6.864 0.4000000060
108528  19.342  -34.091  6.405 0.4000000060
39065  20.510  -33.468  6.267 0.4000000060
40097  19.396  -32.661  5.902 0.4000000060
40077  21.572  -32.280  5.951 0.4000000060
109920  22.783  -30.425  5.278 0.4000000060
40096  20.826  -32.138  5.703 0.4000000060
43058  23.611  -29.152  4.713 0.4000000060
43988  23.130  -28.511  4.487 0.4000000060
43047  23.201  -29.808  4.937 0.4000000060
44971  22.654  -27.883  4.258 0.3000000119
44972  21.871  -27.920  4.113 0.3000000119
37220  25.646  -35.608  -4.041 0.5000000000
32568  15.934  -40.069  6.468 0.4000000060
38083  18.738  -34.553  6.469 0.4000000060
39067  18.828  -33.827  6.251 0.4000000060
41137  22.380  -31.085  5.668 0.4000000060
40095  21.494  -31.419  5.530 0.4000000060
32567  16.532  -40.747  6.582 0.4000000060
37222  21.435  -35.920  -3.810 0.5000000000
113323  28.772  -29.081  3.872 0.5000000000
41108  24.930  -31.760  7.261 0.4000000060
44002  28.949  -28.300  3.720 0.5000000000
48548  29.613  -23.620  -0.626 0.4000000060
50354  26.866  -21.344  -3.414 0.4000000060
35396  21.416  -37.588  -3.689 0.6000000238
119240  22.971  -36.908  -4.499 0.5000000000
36348  24.552  -36.357  -4.480 0.5000000000
38072  19.840  -34.911  7.129 0.4000000060
37112  19.097  -35.144  6.955 0.4000000060
41125  25.458  -31.166  6.821 0.4000000060
39066  19.639  -33.475  6.177 0.4000000060
42146  26.293  -30.059  5.839 0.4000000060
117619  27.752  -29.525  5.061 0.5000000000
126512  28.818  -27.686  3.757 0.5000000000
44966  27.046  -27.565  4.395 0.4000000060
44982  27.820  -26.972  4.118 0.4000000060
48553  29.332  -22.974  -1.133 0.4000000060
109683  30.329  -22.607  0.017 0.3000000119
110104  27.170  -20.015  -3.484 0.4000000060
51201  30.233  -20.740  0.190 0.3000000119
110079  29.796  -19.213  -0.603 0.3000000119
54076  29.749  -17.590  -4.498 0.3000000119
40078  20.254  -32.804  5.917 0.4000000060
32644  17.393  -40.453  1.149 0.4000000060
32631  17.864  -40.380  1.622 0.4000000060
31004  17.140  -41.202  1.863 0.4000000060
30122  17.058  -42.426  2.212 0.3000000119
31003  17.913  -40.601  2.194 0.4000000060
30106  17.743  -43.107  2.976 0.3000000119
31067  21.782  -42.105  -2.353 0.5000000000
30105  18.485  -43.357  3.784 0.5000000000
29108  18.090  -44.245  3.816 0.3000000119
31852  21.373  -41.339  -2.539 0.5000000000
32679  20.944  -40.671  -2.733 0.5000000000
31853  20.851  -41.289  -2.841 0.5000000000
123294  19.736  -42.260  4.339 0.5000000000
30093  19.114  -43.570  4.387 0.4000000060
33515  21.014  -39.922  -2.584 0.5000000000
32690  20.730  -40.903  -3.002 0.5000000000
105372  20.828  -40.424  -3.127 0.3000000119
33530  20.775  -39.987  -2.809 0.4000000060
109776  20.722  -39.164  -3.168 0.4000000060
32716  21.136  -40.773  -3.482 0.3000000119
33562  21.073  -39.867  -3.390 0.3000000119
126136  21.625  -39.589  -3.880 0.3000000119
34468  21.328  -39.074  -3.636 0.3000000119
111648  22.926  -39.039  -4.433 0.3000000119
105568  22.070  -39.003  -4.148 0.3000000119
29053  16.517  -44.845  6.370 0.3000000119
35410  24.097  -37.692  -4.543 0.4000000060
34465  23.503  -38.359  -4.522 0.4000000060
34466  22.622  -38.278  -4.355 0.4000000060
113046  15.936  -44.083  6.402 0.3000000119
114281  15.673  -40.850  6.452 0.3000000119
36211  17.978  -36.025  6.828 0.3000000119
36212  17.238  -36.233  6.373 0.3000000119
37114  17.672  -35.423  6.367 0.3000000119
38084  18.037  -34.829  6.370 0.3000000119
39088  18.956  -33.217  6.104 0.3000000119
41139  19.914  -31.889  5.631 0.3000000119
40098  18.548  -32.592  5.968 0.3000000119
40099  17.642  -32.594  5.928 0.3000000119
42150  21.930  -30.562  5.186 0.3000000119
41138  20.535  -31.353  5.365 0.3000000119
124171  19.967  -31.301  5.293 0.3000000119
41153  19.422  -31.265  5.236 0.3000000119
42158  22.371  -29.902  4.817 0.3000000119
42151  20.991  -30.652  5.088 0.3000000119
42152  20.016  -30.756  4.914 0.3000000119
43061  21.048  -29.251  4.429 0.3000000119
42160  20.545  -29.991  4.605 0.3000000119
43059  22.765  -29.221  4.623 0.3000000119
43060  21.921  -29.246  4.523 0.3000000119
31066  22.639  -42.382  -1.923 0.5000000000
35411  23.212  -37.578  -4.526 0.4000000060
30050  15.771  -43.210  6.400 0.3000000119
42159  21.489  -29.951  4.722 0.3000000119
29090  18.773  -44.792  4.720 0.3000000119
29068  18.923  -44.837  5.164 0.3000000119
28031  17.416  -45.302  5.862 0.3000000119
112263  21.591  -47.013  3.311 0.4000000060
27159  20.545  -46.505  2.305 0.4000000060
28091  20.484  -45.819  2.256 0.4000000060
28111  18.284  -45.370  0.957 0.4000000060
29148  18.196  -44.222  0.865 0.3000000119
28100  20.035  -45.569  1.677 0.4000000060
29132  19.141  -44.697  1.246 0.4000000060
30135  18.916  -43.551  1.041 0.4000000060
29165  24.372  -44.681  -1.045 0.3000000119
29131  19.917  -44.763  1.641 0.4000000060
110369  17.343  -42.400  0.033 0.3000000119
31037  17.736  -41.468  0.437 0.3000000119
31024  16.186  -41.857  0.769 0.3000000119
31840  16.250  -41.546  -0.232 0.3000000119
106342  16.433  -42.659  1.561 0.3000000119
109550  18.722  -42.290  0.935 0.4000000060
31827  16.979  -40.842  0.462 0.3000000119
31797  16.682  -40.976  1.127 0.3000000119
27180  19.537  -46.108  1.390 0.4000000060
27168  19.080  -45.545  1.284 0.4000000060
115666  16.781  -43.389  2.193 0.3000000119
26205  22.279  -47.368  3.928 0.3000000119
29133  16.237  -43.587  1.538 0.3000000119
25304  25.640  -48.158  5.665 0.4000000060
25319  23.680  -49.136  4.815 0.3000000119
26212  26.777  -47.058  2.542 0.4000000060
27115  23.942  -45.947  5.585 0.5000000000
27130  27.271  -46.085  4.149 0.5000000000
27150  21.623  -46.180  3.540 0.4000000060
27167  20.123  -46.338  1.757 0.4000000060
28081  21.416  -45.506  3.407 0.5000000000
28101  19.577  -45.356  1.431 0.4000000060
28102  16.114  -44.499  1.491 0.3000000119
28110  24.758  -45.536  -0.633 0.3000000119
29117  27.418  -44.356  2.672 0.5000000000
29120  20.415  -44.978  2.169 0.4000000060
29130  25.923  -44.470  0.988 0.5000000000
30048  17.656  -43.841  6.739 0.4000000060
30150  18.059  -42.981  0.601 0.3000000119
30165  25.181  -43.533  -0.137 0.6000000238
30166  24.775  -44.023  -0.558 0.5000000000
30906  18.227  -42.201  7.242 0.5000000000
30941  27.166  -42.540  5.287 0.6000000238
30969  19.015  -42.528  3.883 0.5000000000
30982  21.943  -42.086  3.217 0.6000000238
30984  18.499  -41.438  3.055 0.5000000000
30985  17.687  -41.779  2.611 0.5000000000
31000  27.571  -42.884  2.423 0.8000000119
31005  16.674  -41.801  1.549 0.4000000060
31021  20.392  -41.733  1.799 0.6000000238
31038  16.768  -41.612  -0.146 0.3000000119
31712  17.777  -41.477  7.097 0.5000000000
31726  17.088  -41.480  6.671 0.5000000000
31727  16.280  -41.560  6.533 0.4000000060
31728  15.447  -41.645  6.444 0.3000000119
31746  21.139  -41.352  5.374 0.6999999881
31775  28.378  -41.109  3.368 1.0000000000
31794  21.163  -40.921  2.543 0.6000000238
31796  17.273  -40.526  1.370 0.4000000060
31808  19.897  -40.806  1.656 0.6000000238
31810  18.487  -40.398  1.405 0.4000000060
31811  16.896  -40.558  0.875 0.3000000119
31826  17.855  -40.587  0.982 0.4000000060
31828  16.473  -41.283  0.346 0.3000000119
31839  25.035  -41.491  -0.448 0.8000000119
31841  15.755  -41.747  -0.308 0.3000000119
32565  21.352  -41.141  6.942 0.6000000238
32599  21.510  -40.228  3.924 0.6999999881
32609  21.771  -40.486  3.568 0.6999999881
32611  20.321  -39.914  2.984 0.6000000238
32612  19.967  -39.800  2.849 0.5000000000
32627  20.593  -40.179  2.721 0.6999999881
32629  19.463  -39.886  2.391 0.5000000000
32641  19.657  -39.965  1.986 0.6000000238
32643  18.174  -40.325  1.553 0.4000000060
33383  20.668  -39.751  8.774 0.6999999881
33396  21.085  -40.269  8.259 0.6999999881
33546  20.729  -39.765  -3.069 0.4000000060
34318  23.816  -39.396  6.671 0.8999999762
34432  20.200  -38.264  -2.282 0.6000000238
35222  22.473  -37.088  9.553 0.6999999881
35358  19.026  -37.484  -1.295 0.8999999762
35372  18.834  -38.092  -1.839 0.6999999881
36167  22.043  -36.294  9.635 0.6000000238
36179  23.948  -36.986  9.116 0.6999999881
36198  18.336  -36.724  7.347 0.4000000060
36294  24.563  -36.176  -0.028 0.8999999762
36301  23.307  -35.960  -0.717 0.8999999762
36315  18.439  -36.740  -1.893 0.8999999762
36325  18.541  -36.640  -2.229 0.8999999762
37100  27.078  -35.711  7.125 0.8999999762
37178  24.428  -35.025  1.033 1.0000000000
37187  23.074  -35.125  0.253 0.8999999762
37197  18.517  -35.237  -1.604 0.8999999762
37210  18.471  -34.918  -2.374 0.8999999762
37224  18.638  -35.566  -2.475 0.8999999762
37235  22.252  -35.962  -4.263 0.5000000000
38068  26.167  -35.066  8.489 0.8000000119
38181  19.219  -34.550  -1.010 0.8999999762
38189  18.299  -34.515  -1.925 0.8999999762
38207  19.242  -34.866  -2.860 0.8000000119
38209  18.487  -34.225  -2.517 0.8999999762
38218  23.340  -34.651  -4.468 0.6000000238
39042  26.185  -33.575  8.425 0.6000000238
39045  23.525  -33.460  8.520 0.5000000000
39052  23.124  -33.019  7.907 0.4000000060
39168  22.190  -33.784  0.063 1.0000000000
39178  20.639  -33.760  -0.538 0.8999999762
39204  21.578  -33.729  -3.542 0.8000000119
40045  25.738  -32.895  8.260 0.5000000000
40057  22.741  -32.649  7.246 0.4000000060
40217  19.610  -31.947  -3.461 0.6999999881
40219  17.851  -32.333  -2.886 0.8999999762
41129  22.110  -31.752  5.939 0.4000000060
41232  19.027  -31.795  -1.478 0.8999999762
41240  23.887  -31.013  -1.307 1.0000000000
41255  17.293  -31.710  -2.083 0.8999999762
41268  17.478  -31.651  -2.664 0.8999999762
41278  22.428  -31.386  -4.256 0.6999999881
42247  17.600  -30.271  -1.872 0.8999999762
42260  17.449  -30.299  -2.388 0.8999999762
43139  19.695  -29.069  -1.609 1.0000000000
43140  18.869  -29.355  -1.652 0.8999999762
43150  25.240  -29.195  -1.149 0.8000000119
43169  17.674  -29.334  -2.556 0.8999999762
44082  18.094  -28.562  -2.143 0.8999999762
44083  17.738  -29.076  -1.973 0.8999999762
44097  17.949  -28.755  -2.362 0.8999999762
44113  19.136  -28.030  -3.639 0.8999999762
44132  18.646  -27.733  -3.435 0.8000000119
44986  22.296  -27.195  3.893 0.3000000119
45032  19.171  -28.068  -2.139 1.0000000000
45039  24.455  -27.745  -1.566 0.8000000119
45043  19.576  -27.502  -2.260 1.0000000000
45067  18.462  -27.517  -2.959 0.8999999762
45083  19.023  -27.031  -3.991 0.8000000119
45085  18.545  -27.312  -3.451 0.8999999762
45994  19.145  -26.803  -2.739 0.8999999762
45997  25.178  -26.215  -2.179 0.6999999881
46010  18.734  -26.081  -3.838 0.8000000119
46011  18.630  -26.853  -3.376 0.8999999762
47756  19.436  -24.332  -4.806 0.8000000119
47769  19.651  -23.824  -5.421 0.8000000119
48576  19.480  -23.891  -4.879 0.8000000119
48582  25.745  -23.662  -6.643 0.5000000000
49432  27.147  -22.069  -3.165 0.5000000000
49445  20.732  -21.722  -5.112 0.8000000119
49450  19.854  -22.643  -5.606 0.8000000119
50364  21.745  -20.827  -5.131 0.8000000119
50365  21.079  -21.041  -5.338 0.8000000119
50374  23.376  -21.412  -6.633 0.6000000238
50383  23.066  -20.846  -6.573 0.6000000238
51256  23.554  -21.040  -4.620 0.8000000119
51257  22.736  -20.917  -4.860 0.6999999881
51278  21.932  -20.188  -5.899 0.6999999881
51284  21.916  -20.258  -6.077 0.6999999881
52154  22.902  -19.950  -6.433 0.6000000238
53071  29.155  -18.745  -2.835 0.3000000119
53125  25.558  -18.502  -7.464 0.6000000238
56023  27.261  -16.064  -8.959 0.4000000060
104810  20.821  -36.085  -0.768 0.8999999762
106413  23.246  -34.590  9.253 0.6000000238
106444  24.469  -37.843  -0.930 0.8999999762
106570  19.535  -29.905  -1.574 1.0000000000
107055  22.623  -38.474  8.922 0.6999999881
107420  20.291  -47.089  1.983 0.4000000060
108053  27.719  -37.766  3.030 1.0000000000
108514  21.095  -37.344  9.507 0.6000000238
108785  26.548  -47.749  1.822 0.4000000060
109427  22.528  -40.364  6.023 0.8999999762
111196  23.878  -28.946  -1.403 0.8000000119
111864  26.047  -36.365  8.106 0.8999999762
112063  23.008  -27.379  -2.124 0.8999999762
112113  19.448  -35.258  -0.821 0.8999999762
112153  19.883  -32.341  -1.350 0.8999999762
112262  20.868  -47.081  2.618 0.4000000060
112314  24.282  -23.161  -4.037 0.6999999881
112744  19.133  -33.198  -3.127 0.8000000119
113126  19.995  -23.033  -6.045 0.8000000119
113463  21.094  -33.221  -0.486 0.8999999762
113860  25.507  -46.739  0.469 0.4000000060
114172  18.608  -28.351  -2.131 1.0000000000
114257  17.118  -43.228  6.817 0.4000000060
114813  17.806  -32.971  -2.233 0.8999999762
115735  18.365  -31.130  -1.518 0.8999999762
115736  17.840  -33.008  -1.952 0.8999999762
115981  25.225  -43.988  5.773 0.6000000238
116482  20.391  -31.756  -3.504 0.6999999881
116551  18.374  -33.151  -1.651 0.8999999762
116572  24.290  -31.774  -4.219 0.6000000238
116774  23.189  -44.291  -1.679 0.4000000060
117048  18.735  -28.689  -3.509 0.8999999762
117496  28.324  -42.237  3.808 0.8999999762
117659  21.583  -24.899  -3.571 0.8999999762
117769  18.844  -44.116  4.365 0.4000000060
119099  19.905  -23.598  -5.756 0.8000000119
119139  28.345  -41.284  4.102 1.0000000000
119426  26.371  -44.876  1.599 0.6000000238
119987  17.793  -30.186  -1.699 0.8999999762
120362  19.392  -42.921  1.341 0.5000000000
121056  24.693  -27.261  4.297 0.3000000119
121673  27.571  -35.539  4.378 1.0000000000
122684  21.807  -28.559  -4.211 0.6999999881
123329  26.796  -41.779  1.123 0.8000000119
123480  18.633  -36.614  -1.503 0.8999999762
124241  29.731  -20.739  -0.696 0.3000000119
126187  17.860  -44.877  5.872 0.3000000119
126255  15.891  -41.624  0.136 0.3000000119
126633  27.066  -26.114  -1.543 0.6999999881
