#!ascii label  , from subject sub-v1s6x0051365_ses-1 vox2ras=TkReg
1378
3890  29.757  -75.238  -5.672 0.5000000000
11763  20.220  -64.532  -1.858 0.6000000238
11748  20.313  -64.699  -0.908 0.6000000238
125979  19.443  -64.675  -1.056 0.6000000238
11749  19.249  -64.646  -0.372 0.6999999881
10911  18.079  -64.848  -0.575 0.6000000238
11730  21.590  -64.734  0.750 0.6999999881
117433  20.191  -64.711  0.078 0.6000000238
7961  22.272  -70.063  -6.675 0.5000000000
7983  24.373  -69.282  -9.206 0.6000000238
7987  23.452  -69.412  -9.491 0.6000000238
117943  22.661  -70.388  -7.801 0.5000000000
7267  26.176  -70.009  -7.798 0.5000000000
7982  25.215  -69.474  -9.082 0.4000000060
114847  23.576  -70.090  -9.493 0.5000000000
7278  23.107  -70.600  -8.831 0.6000000238
8653  18.863  -67.790  -1.988 0.5000000000
6515  29.929  -71.689  -5.876 0.4000000060
9336  17.895  -67.314  -2.481 0.5000000000
8635  18.250  -67.899  -1.553 0.5000000000
10124  17.307  -66.227  -3.060 0.6000000238
11800  17.392  -64.237  -3.820 0.6000000238
11762  21.099  -64.534  -1.680 0.6000000238
11761  22.168  -64.505  -1.604 0.6999999881
11747  21.535  -64.727  -0.808 0.6999999881
12611  24.404  -63.776  0.035 0.6000000238
112743  22.783  -64.549  0.073 0.6999999881
12610  25.281  -63.380  0.238 0.6000000238
11727  24.029  -64.254  0.893 0.6000000238
11729  22.340  -64.606  0.647 0.6999999881
12590  24.796  -63.715  0.980 0.6999999881
11733  18.539  -64.922  0.477 0.6000000238
7947  21.871  -69.873  -5.826 0.5000000000
111886  22.245  -69.592  -7.469 0.6000000238
7974  24.668  -69.179  -8.432 0.6000000238
8713  23.721  -68.742  -8.791 0.6999999881
7279  22.841  -69.835  -9.026 0.6000000238
9405  18.451  -66.335  -4.709 0.5000000000
9389  18.252  -66.853  -3.157 0.5000000000
5164  30.135  -73.345  -5.398 0.5000000000
10133  17.816  -66.196  -3.845 0.5000000000
110347  19.349  -64.039  -4.240 0.6999999881
10962  16.851  -64.866  -4.529 0.6000000238
106039  21.225  -64.386  -3.235 0.6999999881
119523  19.668  -64.368  -3.321 0.6000000238
11818  17.917  -63.814  -4.539 0.6000000238
106031  21.613  -64.419  -2.400 0.6999999881
11784  19.453  -64.598  -2.609 0.6000000238
120695  23.863  -64.036  -0.499 0.6000000238
11760  23.009  -64.333  -1.321 0.6000000238
11745  23.235  -64.333  -0.578 0.6000000238
12609  26.004  -63.085  0.285 0.6000000238
12589  25.790  -63.293  1.140 0.6999999881
11712  20.336  -64.820  1.685 0.6999999881
10894  17.853  -65.165  1.280 0.5000000000
11709  23.653  -64.271  1.566 0.6999999881
11710  22.234  -64.443  1.489 0.6999999881
11732  19.662  -64.897  0.867 0.6000000238
8708  21.918  -68.118  -8.224 0.5000000000
7962  21.868  -69.188  -6.650 0.5000000000
105475  21.616  -69.169  -5.656 0.5000000000
8714  23.014  -68.349  -9.018 0.6999999881
7975  21.989  -68.879  -7.859 0.6000000238
113163  24.367  -69.117  -7.357 0.5000000000
8705  23.925  -68.538  -7.828 0.6999999881
8706  23.408  -67.969  -8.288 0.6999999881
7988  23.033  -68.880  -9.420 0.6000000238
7984  22.694  -69.047  -9.154 0.6000000238
7249  25.726  -70.495  -6.694 0.4000000060
7250  24.962  -70.279  -6.341 0.4000000060
7959  25.092  -69.829  -7.366 0.5000000000
10166  18.179  -65.459  -5.415 0.5000000000
11816  19.982  -64.183  -5.138 0.5000000000
124215  18.615  -64.313  -5.616 0.5000000000
10961  17.291  -64.956  -5.055 0.5000000000
111418  21.911  -64.363  -3.914 0.6000000238
11817  18.670  -63.857  -5.254 0.5000000000
107719  22.686  -64.396  -3.195 0.6999999881
12661  25.333  -63.417  -2.250 0.6000000238
11781  23.941  -63.977  -2.676 0.6999999881
11783  22.428  -64.353  -2.434 0.6999999881
12643  25.970  -63.254  -1.703 0.6000000238
11759  24.378  -63.667  -1.897 0.6000000238
119875  23.499  -64.023  -1.929 0.6999999881
13431  27.018  -62.746  -1.106 0.6999999881
125656  25.112  -63.399  -1.400 0.6000000238
12629  24.438  -63.771  -0.930 0.6000000238
14237  28.034  -61.692  0.052 0.6000000238
13416  27.517  -62.314  -0.504 0.6999999881
12627  25.787  -63.158  -0.390 0.6999999881
15837  28.130  -59.183  -0.281 0.6000000238
14226  28.309  -60.944  0.520 0.6000000238
13402  27.288  -62.214  0.367 0.6999999881
109234  19.030  -64.904  2.438 0.6000000238
14227  27.747  -61.529  0.861 0.6999999881
11690  22.646  -64.148  2.402 0.6999999881
11713  19.598  -65.027  1.850 0.6000000238
15822  27.564  -59.152  0.458 0.6999999881
14218  28.020  -60.874  1.196 0.6000000238
13392  27.229  -62.174  1.381 0.8000000119
12588  26.570  -62.769  1.674 0.6999999881
107197  25.053  -63.539  1.873 0.6999999881
122076  23.066  -64.265  1.770 0.6999999881
8696  21.562  -68.349  -7.216 0.6000000238
9420  23.563  -67.163  -7.839 0.6999999881
9426  22.941  -67.482  -8.481 0.6999999881
8715  22.597  -68.342  -8.888 0.6000000238
8694  23.927  -68.537  -6.791 0.5000000000
8695  23.676  -67.947  -7.358 0.6999999881
7236  24.627  -70.079  -5.520 0.4000000060
7960  24.299  -69.460  -6.360 0.5000000000
9415  19.178  -66.337  -5.532 0.5000000000
9414  20.202  -67.193  -5.575 0.5000000000
10998  19.434  -64.745  -6.265 0.5000000000
11815  21.232  -64.353  -4.992 0.6000000238
117914  23.858  -64.293  -4.157 0.6000000238
113145  22.966  -64.350  -4.042 0.6999999881
11796  24.340  -64.074  -3.501 0.6999999881
11797  23.508  -64.257  -3.337 0.6999999881
12660  26.098  -63.356  -2.476 0.6000000238
12673  25.725  -63.569  -3.066 0.6000000238
11780  24.807  -63.718  -2.863 0.6999999881
13429  28.661  -62.299  -1.492 0.6999999881
13430  27.823  -62.427  -1.350 0.6999999881
12642  27.306  -62.818  -1.883 0.6999999881
12550  20.803  -63.940  3.738 0.6000000238
14235  29.070  -60.697  -1.182 0.6000000238
14245  28.932  -61.586  -1.235 0.6999999881
120917  26.651  -63.036  -1.589 0.6999999881
16676  26.945  -58.964  -1.962 0.6000000238
16649  28.056  -58.780  -0.972 0.6000000238
16663  28.199  -58.803  -1.681 0.6000000238
15017  28.949  -59.928  -1.303 0.6000000238
13415  28.319  -61.929  -0.773 0.6999999881
11672  20.393  -64.434  3.117 0.6000000238
114253  27.450  -58.763  -1.352 0.6000000238
118132  28.530  -59.368  -0.989 0.6000000238
13370  25.206  -63.333  3.777 0.6999999881
11669  23.059  -63.935  3.240 0.6000000238
11691  21.694  -64.255  2.355 0.6999999881
11692  20.789  -64.497  2.413 0.6000000238
15852  26.082  -59.227  -2.013 0.5000000000
16651  26.739  -58.819  -0.613 0.6000000238
111050  27.270  -59.359  1.233 0.8000000119
15806  27.431  -59.778  1.861 0.8000000119
14209  27.104  -61.632  3.057 0.8000000119
13379  26.682  -62.485  2.590 0.8000000119
110414  25.224  -63.535  2.809 0.6999999881
11689  23.727  -64.141  2.497 0.6999999881
14989  27.757  -60.453  1.717 0.8000000119
14208  27.289  -61.850  2.257 0.8000000119
8716  22.287  -67.634  -8.449 0.6999999881
9427  21.754  -67.395  -7.889 0.6999999881
9428  21.154  -67.193  -7.309 0.6999999881
8680  21.343  -68.388  -6.030 0.6000000238
9419  24.014  -66.815  -7.111 0.6999999881
9422  20.565  -66.941  -6.611 0.6000000238
9412  24.320  -67.415  -5.856 0.6000000238
10164  19.772  -66.251  -6.257 0.5000000000
15737  18.169  -60.033  6.515 0.6000000238
10997  20.235  -65.236  -6.728 0.5000000000
14930  18.539  -60.685  5.924 0.5000000000
119401  20.208  -64.650  -6.440 0.5000000000
14153  20.031  -61.321  6.334 0.6000000238
117188  24.209  -64.377  -5.012 0.6999999881
11832  21.751  -64.605  -5.819 0.6000000238
11795  25.231  -63.958  -3.717 0.6999999881
11813  23.349  -64.421  -4.916 0.6999999881
13336  21.012  -62.355  5.461 0.6000000238
12672  26.725  -63.550  -3.058 0.6999999881
11794  26.171  -63.887  -3.873 0.6000000238
13428  29.445  -62.207  -1.889 0.6999999881
12640  29.097  -62.922  -1.962 0.6999999881
12659  27.531  -63.232  -2.523 0.6999999881
12531  21.212  -63.483  4.413 0.6000000238
13353  21.584  -62.904  5.002 0.6000000238
14244  29.474  -61.202  -1.791 0.6000000238
12641  28.143  -62.719  -2.065 0.6999999881
12529  22.989  -63.258  4.667 0.6000000238
12532  20.307  -63.444  4.174 0.6000000238
15037  27.939  -60.122  -3.811 0.6000000238
15851  28.734  -59.464  -1.821 0.6000000238
12528  23.963  -63.173  4.750 0.6999999881
12547  23.450  -63.632  4.010 0.6000000238
12549  21.644  -63.790  3.890 0.6000000238
15866  26.723  -59.463  -2.729 0.6000000238
14981  26.715  -59.969  3.081 0.6000000238
14961  26.438  -60.575  3.730 0.6000000238
13369  25.787  -62.661  4.003 0.6999999881
12546  24.317  -63.544  3.969 0.6000000238
11670  22.112  -63.869  3.130 0.6000000238
126327  26.069  -58.820  1.419 0.6000000238
14191  26.646  -61.376  3.721 0.8000000119
15823  26.601  -58.838  0.819 0.6000000238
15793  27.001  -59.715  2.390 0.6999999881
119091  25.970  -63.028  3.199 0.8000000119
10195  23.154  -66.656  -8.180 0.6999999881
114196  23.009  -66.289  -8.195 0.6999999881
10196  22.316  -66.480  -7.922 0.6999999881
10163  24.636  -66.665  -6.728 0.6999999881
10197  21.561  -66.649  -7.586 0.6000000238
11012  20.940  -65.931  -7.115 0.6000000238
16572  19.351  -58.592  7.121 0.6000000238
15731  17.933  -59.200  6.737 0.6000000238
15729  19.677  -59.532  7.327 0.6000000238
15738  17.418  -59.785  6.198 0.6000000238
113324  21.077  -65.375  -6.933 0.6000000238
14925  18.996  -60.289  6.881 0.5000000000
11829  24.613  -64.555  -5.914 0.6999999881
11831  22.835  -64.673  -5.778 0.6999999881
14922  21.191  -60.436  6.956 0.4000000060
14923  20.082  -60.538  6.937 0.5000000000
11811  25.613  -64.203  -4.737 0.6999999881
118024  24.916  -64.386  -5.116 0.8000000119
14151  21.638  -61.036  6.393 0.5000000000
11793  27.110  -64.020  -3.921 0.6000000238
11812  24.701  -64.229  -4.340 0.6999999881
14158  22.180  -61.531  5.931 0.6000000238
12658  28.605  -63.451  -2.618 0.6999999881
12671  27.759  -63.763  -3.250 0.6999999881
14157  23.844  -61.829  5.984 0.6999999881
13335  21.924  -62.265  5.561 0.6000000238
123964  30.259  -61.325  -2.870 0.6999999881
115378  29.774  -62.939  -2.163 0.6999999881
14945  24.393  -61.169  5.651 0.5000000000
13352  22.485  -62.793  5.179 0.6000000238
15050  28.460  -60.644  -4.250 0.6000000238
112865  29.393  -60.486  -3.171 0.6000000238
105198  29.697  -60.780  -2.551 0.6999999881
13351  23.464  -62.640  5.383 0.6999999881
15036  28.736  -60.248  -3.460 0.6000000238
15026  28.943  -59.985  -2.605 0.6000000238
14944  25.638  -60.446  4.261 0.5000000000
14176  25.022  -61.671  5.394 0.6000000238
15882  27.394  -59.771  -3.330 0.6000000238
118314  25.395  -58.957  1.504 0.6000000238
15794  25.763  -59.507  2.974 0.5000000000
13350  25.403  -62.353  4.773 0.6999999881
15838  24.335  -59.285  -0.238 0.6000000238
126038  23.564  -66.094  -8.241 0.6999999881
11009  23.444  -65.749  -8.146 0.6999999881
11010  22.637  -65.838  -7.788 0.6000000238
11011  21.754  -65.922  -7.454 0.6000000238
16573  18.876  -57.780  6.678 0.4000000060
16574  17.874  -58.248  6.636 0.5000000000
11847  23.348  -64.924  -6.800 0.6000000238
16571  20.467  -58.614  7.214 0.5000000000
16582  17.181  -58.947  6.465 0.6000000238
11846  24.251  -64.916  -6.923 0.6999999881
11845  25.084  -64.957  -6.900 0.6999999881
11848  22.342  -64.953  -6.627 0.6000000238
15728  20.748  -59.643  7.321 0.5000000000
11810  26.610  -64.227  -4.741 0.6999999881
14921  22.029  -60.360  6.745 0.4000000060
11792  30.039  -64.685  -3.109 0.6999999881
109662  29.368  -64.487  -3.465 0.6999999881
11808  28.933  -64.698  -4.171 0.6999999881
14150  22.315  -60.905  6.268 0.6000000238
13457  31.040  -62.251  -3.457 0.6999999881
12655  30.988  -62.944  -2.847 0.6999999881
11779  28.671  -64.095  -3.408 0.6999999881
107004  27.999  -64.318  -3.987 0.6999999881
14928  23.594  -60.818  5.901 0.5000000000
107741  22.977  -61.289  6.097 0.5000000000
14266  30.042  -61.360  -4.256 0.6000000238
14251  30.615  -62.014  -2.799 0.6999999881
12656  30.331  -63.362  -2.481 0.6999999881
12657  29.598  -63.483  -2.422 0.6999999881
14946  24.133  -60.192  5.226 0.5000000000
14277  27.217  -61.178  -5.657 0.5000000000
14267  29.021  -61.262  -4.674 0.6000000238
14259  30.026  -60.904  -3.345 0.6000000238
10193  25.240  -65.906  -8.342 0.6999999881
10993  24.740  -65.336  -8.086 0.6999999881
18134  19.545  -56.948  6.466 0.4000000060
119653  25.934  -65.833  -8.215 0.6999999881
10994  23.865  -65.298  -7.885 0.6999999881
17338  17.467  -57.527  6.379 0.4000000060
10992  25.559  -65.382  -8.013 0.6999999881
16583  16.396  -58.564  6.071 0.6000000238
10974  26.665  -65.023  -6.527 0.8000000119
11844  25.877  -64.994  -6.738 0.6999999881
10960  28.751  -65.218  -5.106 0.6000000238
11826  27.033  -64.643  -5.565 0.6000000238
17346  14.292  -57.847  4.917 0.6000000238
11807  29.875  -65.075  -3.767 0.6999999881
115205  28.203  -64.700  -4.695 0.6000000238
12670  31.437  -63.642  -3.283 0.6000000238
14265  30.867  -61.884  -4.194 0.6000000238
17360  12.108  -58.315  3.333 0.5000000000
14275  29.583  -61.716  -5.302 0.6000000238
14276  28.718  -61.526  -5.692 0.5000000000
10991  26.301  -65.508  -7.618 0.6999999881
18136  17.853  -56.870  6.273 0.4000000060
10990  27.184  -65.648  -7.281 0.8000000119
17339  16.765  -57.591  6.098 0.5000000000
10972  28.525  -65.615  -6.160 0.8000000119
123233  16.174  -56.568  4.753 0.4000000060
18155  16.746  -56.849  5.620 0.4000000060
113001  27.801  -65.458  -6.530 0.6999999881
18170  14.460  -56.889  4.384 0.4000000060
17340  15.944  -57.653  5.547 0.5000000000
12679  32.023  -63.825  -4.209 0.6000000238
121970  30.527  -65.151  -3.478 0.6000000238
10959  29.689  -65.478  -4.623 0.6999999881
18177  15.949  -55.830  3.893 0.4000000060
13471  31.320  -62.287  -5.012 0.6000000238
13456  31.472  -62.948  -3.761 0.6000000238
18186  13.538  -56.619  2.819 0.4000000060
17358  13.701  -57.338  4.310 0.6000000238
14274  30.502  -61.929  -5.108 0.6000000238
116666  29.271  -62.008  -6.405 0.5000000000
14289  28.365  -62.142  -6.685 0.5000000000
18153  18.312  -56.242  6.027 0.4000000060
11007  27.429  -66.381  -7.937 0.8000000119
18168  17.066  -56.090  5.115 0.4000000060
10989  28.154  -66.147  -7.342 0.6999999881
10950  30.736  -65.799  -4.191 0.6000000238
11790  31.450  -64.496  -3.408 0.6000000238
10949  31.365  -65.400  -3.782 0.6000000238
18954  15.844  -55.367  3.213 0.4000000060
18185  14.535  -56.256  2.881 0.4000000060
14288  30.144  -62.125  -6.193 0.4000000060
18931  18.681  -55.378  5.733 0.4000000060
10988  29.226  -66.273  -6.780 0.6999999881
18942  17.465  -55.406  4.726 0.4000000060
10146  31.726  -66.438  -5.036 0.6999999881
10958  30.590  -66.123  -5.269 0.6000000238
18943  16.694  -55.648  4.363 0.4000000060
11806  32.052  -64.940  -4.369 0.6000000238
18962  15.555  -55.215  2.491 0.4000000060
13485  31.849  -62.780  -6.071 0.6000000238
18192  14.220  -55.934  2.033 0.3000000119
13499  30.528  -62.560  -7.288 0.4000000060
14301  29.202  -62.585  -8.297 0.4000000060
115595  30.024  -62.386  -8.516 0.4000000060
18952  17.120  -54.953  3.999 0.4000000060
19812  16.746  -54.535  3.255 0.4000000060
12678  32.566  -63.879  -5.403 0.6000000238
13469  32.382  -63.346  -6.022 0.6000000238
13497  32.566  -63.157  -7.043 0.6000000238
13511  30.795  -62.383  -8.028 0.4000000060
13510  31.715  -62.368  -8.056 0.5000000000
14308  30.224  -61.888  -8.763 0.4000000060
108634  14.590  -53.677  -0.457 0.3000000119
14307  31.019  -61.369  -8.484 0.4000000060
109951  20.031  -51.995  5.043 0.4000000060
20777  15.911  -53.249  0.523 0.3000000119
21770  12.867  -52.162  -1.657 0.4000000060
115404  22.120  -51.558  4.742 0.4000000060
22618  19.546  -51.475  3.348 0.4000000060
21739  17.063  -52.165  1.126 0.3000000119
21731  18.234  -51.939  2.141 0.3000000119
21750  14.593  -52.842  -0.725 0.3000000119
21748  15.881  -52.560  0.215 0.3000000119
20803  13.693  -52.505  -1.201 0.3000000119
22616  21.060  -51.255  4.030 0.4000000060
22631  20.132  -50.782  3.043 0.4000000060
22633  18.902  -51.627  2.454 0.4000000060
22660  16.963  -51.646  0.594 0.3000000119
22661  16.349  -51.837  0.319 0.3000000119
25384  10.153  -49.340  -0.981 0.4000000060
24502  9.366  -49.402  0.005 0.3000000119
24501  10.180  -49.422  0.232 0.3000000119
21768  15.025  -51.917  -0.662 0.3000000119
21769  14.336  -51.882  -1.183 0.3000000119
23570  20.528  -50.023  2.773 0.4000000060
22632  19.497  -50.983  2.474 0.4000000060
112990  18.523  -51.338  1.535 0.3000000119
22659  18.451  -50.910  0.923 0.3000000119
112066  17.532  -50.950  0.616 0.3000000119
23641  12.212  -50.722  -2.360 0.3000000119
114441  16.061  -51.049  -0.195 0.3000000119
25383  10.660  -48.724  -0.515 0.3000000119
22689  15.424  -51.138  -0.676 0.3000000119
107606  12.237  -48.258  -1.497 0.4000000060
25369  10.701  -48.687  0.051 0.3000000119
26276  11.974  -48.052  -0.915 0.3000000119
24500  10.914  -49.008  0.406 0.3000000119
23582  19.448  -50.506  1.855 0.4000000060
23583  19.132  -50.791  1.180 0.4000000060
23600  18.043  -50.259  0.581 0.3000000119
24538  11.700  -49.979  -2.144 0.4000000060
23611  17.303  -50.352  0.104 0.3000000119
24536  13.418  -49.635  -1.748 0.3000000119
24528  11.926  -49.072  -1.764 0.4000000060
24527  13.763  -48.869  -1.679 0.4000000060
25367  12.146  -48.281  0.231 0.3000000119
24475  19.896  -49.842  2.013 0.4000000060
24496  19.269  -49.427  0.921 0.4000000060
24497  18.448  -49.467  0.567 0.4000000060
24498  17.713  -49.595  0.156 0.4000000060
23612  16.570  -50.404  -0.298 0.3000000119
24524  15.711  -48.761  -0.817 0.3000000119
24525  15.116  -49.060  -1.473 0.3000000119
25398  14.456  -48.367  -1.546 0.3000000119
26274  13.948  -47.392  -1.429 0.5000000000
25399  13.498  -48.072  -1.587 0.4000000060
107976  13.183  -47.281  -1.448 0.4000000060
25366  12.985  -48.134  0.392 0.3000000119
25351  19.596  -48.585  1.250 0.4000000060
25364  17.928  -48.794  0.268 0.4000000060
25380  17.318  -48.202  -0.242 0.3000000119
26254  15.979  -47.257  -0.897 0.3000000119
27198  16.294  -46.488  -0.696 0.3000000119
28128  15.727  -45.634  -1.081 0.3000000119
114614  16.670  -48.892  -0.538 0.3000000119
25381  16.315  -48.046  -0.635 0.3000000119
26272  15.400  -47.319  -1.271 0.3000000119
27216  15.006  -46.679  -1.439 0.3000000119
28147  14.907  -45.688  -1.476 0.3000000119
25397  15.224  -48.137  -1.339 0.3000000119
126186  14.157  -46.437  -1.355 0.3000000119
27218  12.891  -46.931  -1.141 0.3000000119
25354  13.553  -48.821  0.843 0.3000000119
25330  21.617  -48.642  2.990 0.3000000119
25339  20.820  -48.595  2.601 0.3000000119
26224  19.985  -47.812  1.607 0.3000000119
120597  19.069  -46.834  1.192 0.3000000119
28112  17.440  -45.587  0.327 0.3000000119
116815  16.035  -44.681  -0.843 0.3000000119
26225  19.309  -47.676  1.143 0.3000000119
26237  17.595  -47.297  0.261 0.3000000119
27197  17.147  -46.465  -0.038 0.3000000119
28127  16.610  -45.622  -0.392 0.3000000119
28146  15.199  -44.660  -1.436 0.3000000119
108891  14.581  -44.668  -1.379 0.3000000119
28149  13.711  -45.841  -1.069 0.3000000119
28130  13.661  -45.719  -0.831 0.3000000119
27186  12.888  -46.898  -0.581 0.3000000119
26239  13.168  -47.143  0.209 0.3000000119
116812  22.418  -48.123  3.889 0.3000000119
26214  20.547  -47.849  2.289 0.3000000119
109383  19.763  -46.970  1.447 0.3000000119
27181  18.746  -46.166  1.116 0.3000000119
29183  14.875  -43.785  -1.460 0.3000000119
29168  14.149  -44.168  -0.952 0.3000000119
28115  13.939  -45.923  -0.075 0.3000000119
120071  13.961  -49.304  1.065 0.3000000119
30151  17.328  -43.658  0.139 0.3000000119
29167  16.365  -43.656  -0.678 0.3000000119
29151  14.430  -44.105  -0.300 0.3000000119
27184  14.452  -46.399  0.659 0.3000000119
25365  13.766  -48.004  0.732 0.3000000119
106534  14.491  -47.914  0.965 0.3000000119
30168  16.621  -42.565  -0.486 0.3000000119
30169  15.672  -42.607  -1.088 0.3000000119
30171  14.388  -43.314  -0.911 0.3000000119
31052  16.104  -41.905  -0.649 0.3000000119
31054  15.147  -42.171  -0.757 0.3000000119
30153  14.659  -43.414  -0.215 0.3000000119
28113  14.608  -44.813  0.414 0.3000000119
26228  14.891  -47.300  1.025 0.3000000119
25352  15.247  -48.205  1.456 0.3000000119
4511  29.954  -74.318  -5.294 0.5000000000
5802  30.620  -72.917  -6.175 0.5000000000
5803  30.121  -72.441  -5.628 0.4000000060
111453  21.062  -64.880  -0.015 0.6999999881
11731  20.691  -64.859  0.822 0.6999999881
7248  26.727  -70.550  -7.007 0.4000000060
12628  25.083  -63.423  -0.578 0.6000000238
11833  20.608  -64.300  -5.999 0.5000000000
107587  26.272  -63.066  -1.000 0.6000000238
11827  26.213  -64.521  -5.675 0.8000000119
11809  27.471  -64.445  -4.716 0.6000000238
14268  28.099  -61.181  -5.077 0.5000000000
11778  29.415  -64.043  -2.930 0.6999999881
18179  13.975  -56.651  3.741 0.4000000060
121040  27.523  -62.187  -6.996 0.5000000000
13470  31.927  -62.938  -4.873 0.6000000238
13501  28.912  -62.622  -7.517 0.4000000060
10132  31.805  -66.053  -4.418 0.6000000238
120443  32.642  -64.570  -4.918 0.6000000238
18969  15.893  -54.546  2.082 0.3000000119
13498  31.675  -62.616  -7.417 0.4000000060
22603  20.532  -51.587  4.526 0.4000000060
25350  20.213  -48.694  1.890 0.3000000119
26213  21.231  -47.851  2.862 0.3000000119
10160  32.540  -67.911  -6.157 0.5000000000
10176  32.253  -67.759  -6.563 0.5000000000
10178  30.007  -67.000  -7.209 0.6999999881
10189  29.689  -67.602  -7.649 0.6999999881
11008  26.621  -66.178  -8.097 0.6000000238
117337  32.452  -67.261  -5.752 0.5000000000
10162  30.373  -66.476  -6.380 0.6000000238
10179  28.969  -66.886  -7.636 0.6000000238
122649  26.269  -66.912  -7.681 0.6000000238
10181  24.538  -66.304  -8.209 0.6000000238
117898  30.125  -68.414  -7.027 0.6999999881
9425  27.245  -67.276  -7.763 0.6000000238
121392  28.825  -67.835  -8.015 0.6999999881
10191  27.316  -66.806  -8.055 0.6000000238
10180  25.522  -66.525  -8.087 0.6000000238
10145  32.520  -66.633  -4.620 0.5000000000
8669  29.113  -68.407  -5.621 0.6999999881
114806  27.559  -67.685  -6.512 0.6999999881
121329  26.965  -67.600  -5.554 0.6000000238
9418  25.460  -66.804  -6.522 0.6000000238
8677  30.406  -68.691  -6.190 0.6000000238
8678  29.260  -68.299  -6.726 0.6999999881
107754  26.535  -67.196  -6.564 0.6000000238
8667  31.044  -68.735  -5.480 0.6000000238
117485  33.596  -66.224  -4.867 0.5000000000
8668  29.848  -68.513  -5.041 0.6999999881
105872  28.000  -67.956  -5.241 0.6000000238
10969  34.393  -65.928  -5.899 0.5000000000
116642  33.059  -66.341  -4.660 0.5000000000
119332  34.571  -64.399  -6.738 0.5000000000
10970  33.892  -66.016  -5.822 0.5000000000
13496  33.767  -63.146  -7.127 0.4000000060
10912  16.904  -65.420  -0.883 0.4000000060
11764  19.501  -64.669  -1.646 0.4000000060
114686  17.642  -65.217  -1.415 0.4000000060
10928  17.721  -65.326  -2.180 0.5000000000
10941  17.469  -65.058  -3.096 0.5000000000
10942  17.101  -65.554  -2.736 0.5000000000
11825  33.873  -65.346  -6.361 0.5000000000
109289  17.151  -65.483  -3.210 0.5000000000
8568  17.367  -68.608  1.267 0.6000000238
12694  33.942  -63.883  -7.070 0.4000000060
10951  16.749  -64.865  -3.762 0.5000000000
9365  16.977  -66.681  -2.353 0.5000000000
112797  17.497  -68.095  -1.102 0.5000000000
10930  16.014  -65.571  -1.475 0.5000000000
10929  16.678  -65.505  -1.941 0.5000000000
9339  15.673  -66.542  -1.036 0.5000000000
9338  16.097  -66.706  -1.561 0.5000000000
9320  15.961  -67.406  -0.946 0.5000000000
117638  16.607  -66.919  -1.913 0.5000000000
8636  16.676  -67.465  -1.343 0.5000000000
8614  16.694  -68.150  -0.535 0.5000000000
12695  33.217  -63.539  -7.201 0.5000000000
14286  33.505  -62.307  -6.906 0.4000000060
12700  33.283  -63.214  -7.355 0.4000000060
14297  32.946  -62.601  -7.504 0.4000000060
10870  18.147  -65.237  2.298 0.5000000000
9321  15.470  -67.406  -0.223 0.5000000000
12687  32.952  -63.987  -6.603 0.5000000000
13509  32.574  -62.815  -7.624 0.4000000060
11673  19.601  -64.516  2.999 0.5000000000
11695  17.333  -64.937  3.243 0.5000000000
11697  15.532  -64.511  3.113 0.5000000000
120511  17.565  -65.268  2.807 0.5000000000
117990  32.234  -62.365  -7.889 0.4000000060
113844  19.253  -64.030  3.370 0.5000000000
11675  17.064  -64.149  3.431 0.5000000000
12533  19.302  -63.353  3.881 0.5000000000
12554  16.933  -63.284  3.341 0.5000000000
12570  15.558  -63.593  2.937 0.5000000000
12591  14.064  -63.507  2.027 0.4000000060
12534  18.467  -62.833  3.690 0.5000000000
13381  15.914  -62.720  2.410 0.6000000238
13395  14.482  -62.840  1.434 0.6000000238
13355  19.709  -62.794  4.630 0.5000000000
14193  18.230  -61.986  3.886 0.5000000000
13371  17.801  -62.406  3.503 0.5000000000
106524  16.394  -62.370  2.498 0.6000000238
13405  15.092  -62.397  0.465 0.6000000238
13420  14.483  -62.559  -0.377 0.6000000238
13435  13.954  -62.877  -0.939 0.5000000000
12662  14.381  -63.192  -2.844 0.5000000000
12674  14.344  -63.619  -3.924 0.5000000000
13337  20.093  -62.324  5.338 0.5000000000
14177  19.208  -62.150  5.102 0.5000000000
14178  18.468  -61.766  4.677 0.5000000000
14194  17.548  -61.601  3.630 0.5000000000
14195  16.785  -61.390  3.270 0.6000000238
13404  16.037  -61.938  0.694 0.6000000238
125244  15.181  -62.306  -0.267 0.6000000238
13434  14.626  -62.584  -1.315 0.6000000238
15889  14.978  -59.246  -3.941 0.5000000000
12681  15.062  -63.501  -4.967 0.5000000000
14160  20.449  -61.835  5.954 0.5000000000
14162  18.833  -61.418  5.475 0.5000000000
14947  18.131  -61.049  5.060 0.6000000238
14962  17.231  -60.862  3.878 0.6000000238
14982  16.208  -60.907  2.746 0.6000000238
14220  16.217  -61.433  1.277 0.6000000238
119856  16.188  -61.099  0.541 0.6000000238
121280  15.680  -62.023  -0.188 0.6000000238
14238  16.499  -61.789  -0.823 0.6000000238
13433  15.468  -62.375  -1.687 0.6000000238
13459  15.324  -62.641  -3.046 0.5000000000
13473  15.128  -63.027  -3.866 0.5000000000
121743  15.825  -62.510  -3.799 0.5000000000
14261  16.362  -62.001  -4.117 0.5000000000
13487  15.646  -62.301  -5.675 0.5000000000
14270  16.236  -61.727  -5.004 0.5000000000
14948  17.475  -60.699  4.718 0.6000000238
14949  16.760  -60.380  4.443 0.6000000238
14964  15.806  -60.435  3.207 0.6000000238
14991  15.726  -60.203  1.557 0.6000000238
108849  16.262  -60.540  0.979 0.6000000238
15006  16.762  -61.003  -0.546 0.6000000238
14998  16.009  -59.794  0.614 0.6000000238
15018  16.599  -61.100  -1.959 0.5000000000
15019  16.552  -60.523  -1.302 0.5000000000
13458  16.105  -62.177  -3.226 0.5000000000
15874  16.377  -60.103  -3.065 0.5000000000
123128  15.368  -59.097  -1.636 0.6000000238
15042  16.387  -60.652  -3.590 0.5000000000
15888  15.919  -59.782  -3.597 0.5000000000
16679  15.491  -58.774  -3.132 0.5000000000
104584  14.020  -57.927  -3.022 0.5000000000
15775  15.012  -60.244  3.745 0.6000000238
15813  14.774  -59.899  1.837 0.6000000238
15829  15.268  -59.327  0.632 0.6000000238
15858  15.705  -59.607  -1.071 0.6000000238
109607  14.699  -58.635  -1.797 0.6000000238
16680  14.890  -58.222  -2.736 0.5000000000
15756  14.579  -59.651  4.582 0.6000000238
15859  14.995  -58.952  -1.005 0.6000000238
16656  13.728  -58.590  -1.151 0.6000000238
107594  14.054  -58.137  -2.376 0.5000000000
16595  13.938  -58.802  4.759 0.6000000238
15777  13.234  -59.469  3.558 0.6000000238
15814  13.699  -59.749  1.821 0.6000000238
106462  14.482  -59.080  0.367 0.6000000238
16657  12.744  -59.024  -0.339 0.5000000000
16596  13.286  -58.820  4.225 0.6000000238
15799  12.923  -59.693  2.597 0.6000000238
15778  12.297  -59.233  3.186 0.6000000238
15831  13.468  -59.338  0.928 0.6000000238
15817  11.426  -59.094  1.676 0.6000000238
16635  11.216  -58.627  1.033 0.5000000000
17380  11.552  -58.140  2.595 0.4000000060
108372  25.965  -66.202  -8.248 0.6000000238
10190  28.094  -66.876  -8.014 0.6999999881
10957  32.343  -65.814  -4.550 0.5000000000
10956  33.039  -65.378  -5.012 0.5000000000
11824  35.016  -65.281  -6.127 0.5000000000
10987  34.379  -65.633  -6.261 0.5000000000
8615  15.868  -68.017  -0.352 0.6000000238
14210  16.384  -61.642  2.308 0.6000000238
13432  16.072  -62.160  -1.892 0.6000000238
15027  16.457  -60.878  -2.824 0.5000000000
15798  13.977  -59.849  2.712 0.6000000238
15830  14.573  -59.461  1.122 0.6000000238
15832  12.416  -59.326  1.053 0.6000000238
16643  11.956  -59.177  0.370 0.6000000238
3891  28.903  -75.673  -5.436 0.4000000060
3873  27.168  -75.929  -2.583 0.5000000000
4493  27.011  -75.213  -3.031 0.5000000000
3877  27.492  -75.457  -3.762 0.4000000060
3883  28.297  -75.563  -4.713 0.4000000060
4504  28.434  -74.814  -4.214 0.4000000060
3882  29.213  -75.025  -4.990 0.4000000060
5110  27.800  -74.334  -1.841 0.5000000000
4478  27.417  -75.084  -2.275 0.5000000000
5128  27.799  -73.531  -3.107 0.5000000000
5148  28.620  -73.742  -3.906 0.5000000000
4503  29.271  -74.319  -4.591 0.4000000060
5109  27.708  -73.337  -2.120 0.5000000000
121614  29.146  -72.928  -4.069 0.5000000000
5147  29.526  -73.572  -4.658 0.4000000060
5785  29.469  -72.671  -4.846 0.4000000060
108189  27.884  -72.702  -2.877 0.5000000000
5761  27.735  -72.397  -2.224 0.5000000000
5773  28.427  -72.763  -3.513 0.5000000000
6504  28.895  -72.213  -3.983 0.5000000000
6516  29.541  -72.000  -5.325 0.4000000060
113483  23.877  -68.180  -5.186 0.5000000000
7946  23.941  -69.182  -5.319 0.4000000060
7932  23.856  -68.903  -4.561 0.4000000060
7225  24.314  -69.696  -4.616 0.4000000060
7224  25.076  -70.533  -4.760 0.4000000060
7234  26.380  -70.908  -6.003 0.4000000060
6493  28.044  -72.072  -3.248 0.5000000000
7223  26.197  -71.043  -4.863 0.4000000060
6518  27.243  -71.155  -5.423 0.4000000060
108104  29.120  -71.417  -5.732 0.4000000060
6477  27.485  -71.848  -2.443 0.4000000060
107957  28.999  -71.847  -4.761 0.4000000060
8670  24.048  -68.317  -4.226 0.4000000060
7205  24.663  -70.147  -3.893 0.4000000060
106535  25.522  -70.788  -3.930 0.4000000060
6432  27.597  -71.380  -0.853 0.4000000060
107998  26.514  -71.164  -3.760 0.4000000060
6517  28.206  -71.482  -5.041 0.4000000060
123884  26.798  -71.279  -2.062 0.4000000060
6494  27.398  -71.571  -3.370 0.4000000060
6495  26.706  -71.202  -3.002 0.4000000060
6505  28.232  -71.749  -4.114 0.4000000060
9411  24.874  -67.194  -5.441 0.5000000000
9402  25.020  -67.541  -4.219 0.4000000060
9386  24.790  -67.851  -3.355 0.4000000060
8650  24.665  -68.250  -2.712 0.4000000060
7183  24.579  -69.775  -3.079 0.4000000060
123767  25.089  -70.443  -3.287 0.4000000060
7204  25.823  -70.866  -2.988 0.4000000060
6456  26.383  -70.999  -1.583 0.4000000060
7182  25.619  -70.681  -2.034 0.4000000060
9401  25.891  -67.343  -5.174 0.5000000000
9385  25.515  -67.621  -3.335 0.5000000000
7906  24.638  -68.739  -2.056 0.4000000060
8632  24.923  -68.591  -1.447 0.4000000060
7905  24.804  -69.227  -1.282 0.4000000060
7875  25.605  -69.481  0.363 0.4000000060
9384  26.575  -67.557  -3.282 0.4000000060
120407  27.016  -67.638  -4.355 0.5000000000
9361  26.648  -67.531  -2.263 0.4000000060
9319  25.378  -68.104  -1.323 0.4000000060
112202  27.329  -67.546  -2.888 0.5000000000
9360  27.689  -67.435  -2.310 0.4000000060
9335  26.127  -67.634  -1.360 0.4000000060
123490  26.428  -67.567  -0.674 0.4000000060
9400  28.228  -67.933  -4.001 0.6000000238
114542  28.891  -68.300  -4.731 0.6000000238
9359  28.565  -67.321  -2.559 0.5000000000
9333  28.156  -67.191  -1.694 0.4000000060
8703  31.215  -68.563  -7.227 0.5000000000
14932  17.015  -60.207  5.413 0.5000000000
15754  16.201  -59.910  5.246 0.5000000000
16584  15.498  -58.675  5.643 0.5000000000
15739  16.636  -59.541  5.969 0.5000000000
15755  15.349  -59.503  5.262 0.5000000000
112081  15.712  -60.163  4.339 0.5000000000
5129  27.417  -74.323  -2.634 0.5000000000
4492  27.540  -74.542  -3.382 0.5000000000
7206  24.062  -69.177  -3.761 0.4000000060
7916  24.351  -68.931  -2.843 0.4000000060
6479  26.414  -71.086  -2.369 0.4000000060
107088  25.886  -67.582  -2.697 0.4000000060
9362  25.644  -67.724  -2.033 0.4000000060
122315  25.009  -70.309  -2.517 0.4000000060
107066  25.115  -69.809  -0.937 0.4000000060
117094  25.994  -67.571  -4.034 0.5000000000
8610  25.234  -68.647  -0.623 0.4000000060
9383  27.472  -67.650  -3.507 0.5000000000
9382  28.066  -67.580  -3.103 0.6000000238
9334  27.140  -67.381  -1.329 0.5000000000
116114  28.941  -67.671  -3.328 0.5000000000
120813  33.626  -61.303  -2.146 0.3000000119
14250  33.807  -61.970  -2.272 0.3000000119
120370  33.995  -62.139  -2.985 0.3000000119
109269  33.771  -61.505  -2.788 0.3000000119
15864  33.350  -59.902  -3.169 0.3000000119
111598  33.098  -59.023  -2.650 0.3000000119
13427  33.621  -62.511  -1.697 0.3000000119
12638  33.603  -63.348  -1.929 0.4000000060
12654  33.899  -63.740  -2.809 0.4000000060
14243  33.445  -61.594  -1.461 0.3000000119
11774  33.824  -64.688  -2.965 0.4000000060
12653  34.437  -63.381  -3.472 0.4000000060
10130  33.408  -66.273  -4.287 0.4000000060
10144  32.663  -66.517  -4.541 0.4000000060
15014  33.380  -60.700  -1.766 0.3000000119
125701  34.708  -63.200  -3.960 0.3000000119
11804  35.076  -64.818  -5.285 0.4000000060
15892  33.199  -59.953  -4.435 0.3000000119
14256  34.401  -62.212  -4.376 0.3000000119
10924  32.399  -65.354  -1.997 0.4000000060
10108  31.410  -66.354  -2.113 0.4000000060
9380  30.942  -67.779  -3.799 0.4000000060
9399  31.374  -68.339  -4.790 0.4000000060
12626  33.320  -63.069  -1.084 0.4000000060
11775  33.150  -65.069  -2.444 0.4000000060
10107  32.138  -66.286  -2.373 0.4000000060
9356  32.209  -67.406  -3.133 0.4000000060
9398  32.135  -68.072  -4.852 0.4000000060
13413  33.261  -62.312  -0.895 0.3000000119
10939  32.872  -66.010  -2.764 0.4000000060
10131  32.707  -66.833  -3.579 0.4000000060
8675  32.277  -68.950  -6.552 0.4000000060
15003  33.083  -60.760  -0.970 0.3000000119
10948  33.951  -65.744  -3.955 0.4000000060
8665  32.459  -68.317  -5.927 0.4000000060
15015  33.058  -59.921  -1.367 0.3000000119
10947  34.559  -65.522  -4.748 0.4000000060
12677  35.032  -63.693  -5.323 0.4000000060
10926  30.859  -65.776  -1.374 0.4000000060
9358  29.571  -67.199  -2.719 0.4000000060
10908  31.171  -65.179  -0.782 0.4000000060
10925  31.652  -65.607  -1.617 0.4000000060
10109  30.602  -66.329  -2.005 0.4000000060
9381  29.932  -67.826  -3.538 0.4000000060
114552  32.549  -62.902  0.106 0.3000000119
118110  32.579  -64.187  -0.928 0.4000000060
14995  32.531  -59.932  0.381 0.3000000119
14234  32.777  -60.762  -0.105 0.3000000119
8666  32.006  -68.787  -5.807 0.4000000060
15004  32.767  -59.919  -0.529 0.3000000119
10110  29.630  -66.549  -1.822 0.4000000060
13484  34.275  -62.722  -6.380 0.3000000119
14273  33.718  -61.837  -6.153 0.3000000119
13483  34.710  -62.774  -5.340 0.3000000119
8676  31.732  -69.114  -6.539 0.4000000060
8660  30.387  -68.303  -4.440 0.4000000060
8661  29.342  -68.202  -4.131 0.4000000060
9332  28.921  -66.971  -2.029 0.4000000060
13444  33.976  -62.788  -2.689 0.3000000119
108135  33.632  -60.969  -3.337 0.3000000119
15880  33.256  -59.589  -3.938 0.3000000119
11758  32.808  -64.571  -1.615 0.4000000060
12669  34.908  -63.854  -4.291 0.4000000060
10120  33.223  -66.392  -3.476 0.4000000060
11789  34.312  -65.198  -3.762 0.4000000060
118675  32.158  -67.170  -4.166 0.4000000060
13468  34.772  -63.039  -4.468 0.4000000060
10907  32.023  -64.816  -1.052 0.4000000060
123292  31.294  -67.053  -2.395 0.4000000060
10122  31.977  -67.229  -2.619 0.4000000060
121302  33.003  -62.820  -0.490 0.3000000119
10121  32.571  -66.936  -2.964 0.4000000060
14233  33.045  -61.551  -0.557 0.3000000119
11742  32.031  -64.158  -0.294 0.4000000060
120846  32.644  -61.552  0.256 0.3000000119
2005  27.403  -79.775  -1.709 0.3000000119
2006  26.735  -79.991  -2.275 0.3000000119
109788  28.378  -79.274  -1.032 0.3000000119
113245  27.297  -80.324  -1.058 0.3000000119
2004  27.569  -79.159  -2.081 0.3000000119
2012  27.055  -79.269  -2.537 0.3000000119
2408  28.679  -78.845  -0.868 0.3000000119
1990  28.320  -79.401  -0.575 0.3000000119
1997  27.903  -79.831  -0.928 0.3000000119
2412  28.970  -78.219  -1.222 0.3000000119
2413  28.450  -78.760  -1.338 0.3000000119
2421  27.233  -78.734  -2.598 0.3000000119
3878  27.051  -76.097  -3.326 0.3000000119
2398  29.247  -78.377  0.476 0.3000000119
1982  28.277  -79.442  0.250 0.3000000119
2407  29.141  -78.267  -0.490 0.3000000119
1989  28.683  -78.873  -0.081 0.3000000119
1546  27.860  -79.867  -0.210 0.3000000119
2880  27.529  -77.512  -2.287 0.3000000119
3375  27.532  -76.607  -2.106 0.3000000119
3380  27.066  -76.933  -2.871 0.3000000119
2867  29.838  -77.005  -1.360 0.3000000119
2879  28.322  -78.087  -1.684 0.3000000119
2878  29.182  -77.482  -1.484 0.3000000119
3373  29.519  -76.656  -1.696 0.3000000119
114322  28.396  -76.268  -1.638 0.3000000119
4464  28.419  -75.369  -1.562 0.3000000119
5736  28.967  -72.460  -0.517 0.4000000060
5094  28.417  -74.531  -1.446 0.4000000060
2400  24.658  -78.996  -0.009 0.3000000119
117266  23.301  -78.288  -0.886 0.3000000119
1547  27.236  -80.400  -0.403 0.3000000119
105531  26.676  -80.677  -0.770 0.3000000119
1952  27.436  -79.178  1.820 0.3000000119
1971  26.866  -79.621  1.147 0.3000000119
2399  25.401  -79.015  0.645 0.3000000119
1984  25.135  -79.919  0.193 0.3000000119
2409  23.892  -79.226  -0.669 0.3000000119
2365  29.054  -78.650  2.268 0.3000000119
1970  27.506  -79.557  1.256 0.3000000119
1983  25.735  -79.961  0.568 0.3000000119
1541  24.984  -80.570  -0.263 0.3000000119
1991  24.517  -79.989  -0.292 0.3000000119
121243  27.838  -79.747  0.433 0.3000000119
1538  27.375  -80.123  0.236 0.3000000119
117411  26.135  -80.754  -0.063 0.3000000119
1162  25.408  -80.853  -0.539 0.3000000119
125527  26.531  -80.711  -0.282 0.3000000119
1161  26.033  -80.892  -0.554 0.3000000119
2420  27.834  -78.711  -1.886 0.3000000119
2887  27.453  -78.248  -2.407 0.3000000119
1981  28.735  -78.990  0.850 0.3000000119
3374  28.410  -77.243  -1.686 0.3000000119
107725  24.830  -78.046  0.399 0.3000000119
1167  25.436  -81.010  -0.980 0.3000000119
1969  28.172  -79.467  1.204 0.3000000119
1972  26.160  -79.491  1.015 0.3000000119
1532  27.045  -80.026  0.684 0.3000000119
1548  24.722  -80.861  -0.721 0.3000000119
4465  27.851  -74.987  -1.686 0.3000000119
115673  30.108  -68.356  1.858 0.3000000119
8584  30.612  -68.515  1.083 0.3000000119
7860  29.371  -69.427  1.246 0.3000000119
7138  28.849  -70.508  0.612 0.4000000060
6410  28.697  -71.034  0.079 0.4000000060
7139  27.903  -70.963  -0.128 0.3000000119
108588  27.867  -71.932  -1.355 0.3000000119
8551  29.586  -67.796  2.428 0.3000000119
7861  28.682  -69.373  1.418 0.4000000060
7862  27.733  -69.353  1.483 0.4000000060
7863  26.855  -69.453  1.448 0.4000000060
7155  26.993  -70.883  -0.270 0.3000000119
8585  25.891  -68.724  0.863 0.4000000060
7874  26.206  -69.537  1.030 0.4000000060
7141  25.516  -70.050  -0.328 0.3000000119
8609  25.715  -68.302  0.214 0.3000000119
8582  32.272  -68.245  0.450 0.3000000119
9301  31.691  -67.675  1.159 0.3000000119
7872  30.469  -69.770  0.352 0.4000000060
7873  29.738  -69.872  0.744 0.4000000060
6409  29.388  -70.930  0.179 0.3000000119
6431  28.451  -71.662  -0.492 0.3000000119
126073  28.419  -72.155  -0.817 0.3000000119
9290  32.000  -67.026  1.710 0.3000000119
9291  31.158  -67.406  2.096 0.3000000119
9292  30.352  -67.670  2.420 0.3000000119
9283  29.832  -67.056  2.956 0.3000000119
8552  28.791  -67.812  2.183 0.3000000119
8565  28.222  -68.539  1.704 0.4000000060
10062  29.380  -66.521  3.372 0.3000000119
10063  28.818  -66.527  2.813 0.3000000119
9284  29.154  -67.161  2.806 0.3000000119
9293  27.858  -67.661  1.769 0.4000000060
8567  26.413  -68.881  1.396 0.4000000060
10069  28.331  -66.342  1.999 0.3000000119
10070  27.790  -66.905  1.598 0.4000000060
9303  26.180  -67.916  0.936 0.4000000060
10076  28.758  -66.044  0.303 0.3000000119
10094  27.409  -66.826  0.419 0.4000000060
9302  26.693  -67.313  0.831 0.4000000060
112121  26.231  -67.705  0.127 0.4000000060
10910  29.596  -65.836  -0.108 0.3000000119
9316  27.778  -66.998  -0.703 0.4000000060
10092  29.215  -66.340  -0.659 0.3000000119
120241  34.513  -70.425  -3.297 0.3000000119
7203  33.511  -70.306  -3.766 0.3000000119
6474  33.198  -71.212  -3.569 0.3000000119
114039  32.644  -71.047  -3.088 0.3000000119
9315  33.090  -68.045  0.002 0.3000000119
8606  33.429  -68.439  -1.110 0.3000000119
8631  32.823  -69.070  -1.219 0.3000000119
7165  31.637  -70.845  -1.695 0.3000000119
121987  33.516  -67.164  0.886 0.3000000119
9299  33.474  -67.513  0.332 0.3000000119
8607  32.630  -68.709  -0.378 0.3000000119
7888  32.195  -69.391  -0.759 0.3000000119
7889  31.316  -69.724  -0.309 0.3000000119
107757  30.560  -71.008  -0.449 0.3000000119
6429  29.939  -71.436  -0.127 0.3000000119
5735  29.714  -72.210  -0.496 0.3000000119
5749  29.468  -73.004  -0.939 0.3000000119
5092  29.193  -73.943  -1.274 0.3000000119
10075  33.011  -66.846  1.573 0.3000000119
118483  28.575  -65.639  1.539 0.3000000119
10077  27.965  -66.224  1.040 0.3000000119
11726  29.196  -65.033  1.341 0.3000000119
105331  28.499  -65.775  0.914 0.3000000119
108285  29.798  -65.153  0.421 0.3000000119
10909  30.370  -65.466  -0.472 0.3000000119
10091  30.037  -65.991  -1.117 0.3000000119
7178  35.138  -70.251  -2.714 0.3000000119
7912  34.325  -69.370  -3.333 0.3000000119
8648  33.934  -69.054  -3.026 0.3000000119
7180  32.917  -70.363  -3.450 0.3000000119
9331  34.240  -67.856  -1.468 0.3000000119
7902  33.312  -69.189  -2.218 0.3000000119
7901  35.769  -69.962  -2.060 0.3000000119
7919  35.137  -69.141  -3.216 0.3000000119
8659  35.051  -68.742  -3.211 0.3000000119
8647  34.595  -68.602  -3.062 0.3000000119
8630  34.083  -68.525  -2.271 0.3000000119
10090  34.104  -67.048  0.232 0.3000000119
115095  35.620  -69.360  -2.850 0.3000000119
8658  35.735  -68.515  -3.163 0.3000000119
9330  34.826  -67.848  -2.649 0.3000000119
118105  34.794  -67.370  -1.746 0.3000000119
5093  28.391  -73.670  -1.356 0.3000000119
108922  28.268  -72.688  -1.225 0.3000000119
7140  26.245  -70.286  0.368 0.4000000060
9317  26.959  -67.317  -0.225 0.4000000060
10892  30.678  -64.819  0.095 0.3000000119
8563  30.850  -67.978  1.546 0.3000000119
8564  29.272  -68.656  1.751 0.3000000119
8583  31.351  -68.369  0.760 0.3000000119
110273  28.077  -70.548  0.593 0.4000000060
108248  27.186  -70.548  0.562 0.4000000060
9294  26.890  -67.560  1.447 0.4000000060
9300  32.722  -67.475  0.848 0.3000000119
8608  31.858  -68.991  0.124 0.3000000119
7154  30.706  -70.302  -0.216 0.3000000119
6408  30.057  -70.567  0.211 0.4000000060
6430  29.248  -71.671  -0.155 0.3000000119
10059  32.170  -66.341  2.501 0.3000000119
9282  30.641  -66.965  2.835 0.3000000119
10061  30.160  -66.448  3.528 0.3000000119
9285  28.466  -67.082  2.268 0.4000000060
10893  29.036  -65.524  0.712 0.3000000119
7164  32.353  -70.431  -2.422 0.3000000119
7904  31.873  -70.092  -1.290 0.3000000119
7153  31.215  -70.559  -0.815 0.3000000119
11725  29.899  -64.296  1.056 0.3000000119
9337  17.286  -67.458  -1.850 0.4000000060
1531  27.556  -79.769  0.752 0.3000000119
1533  26.334  -80.259  0.555 0.3000000119
1539  26.762  -80.510  0.152 0.3000000119
1540  25.648  -80.531  0.112 0.3000000119
1560  26.797  -80.453  -1.497 0.3000000119
1950  28.477  -79.068  1.958 0.3000000119
1951  28.017  -79.304  1.976 0.3000000119
1968  28.728  -78.965  1.604 0.3000000119
1996  27.976  -79.248  -1.467 0.3000000119
2868  29.537  -77.571  -0.933 0.3000000119
3866  27.671  -75.697  -1.858 0.3000000119
5821  30.553  -71.932  -6.456 0.4000000060
6433  26.855  -71.168  -1.014 0.3000000119
6455  27.189  -71.481  -1.709 0.4000000060
6478  27.053  -71.427  -2.514 0.4000000060
6506  27.359  -71.375  -4.405 0.4000000060
7122  29.080  -69.986  1.014 0.4000000060
7123  28.316  -70.054  1.137 0.4000000060
7124  27.434  -70.119  1.187 0.4000000060
7125  26.717  -70.104  1.070 0.4000000060
7137  29.436  -70.384  0.558 0.4000000060
7156  26.228  -70.674  -0.651 0.4000000060
7166  25.599  -70.385  -1.190 0.4000000060
7167  24.930  -70.051  -1.637 0.4000000060
7201  34.815  -69.765  -3.230 0.3000000119
7202  34.101  -70.080  -3.631 0.3000000119
7235  25.451  -70.673  -5.710 0.4000000060
7286  23.083  -69.400  -9.438 0.6000000238
7859  30.070  -69.110  1.102 0.3000000119
7871  30.944  -69.067  0.508 0.3000000119
7890  25.180  -69.340  -0.392 0.4000000060
7903  32.541  -69.648  -1.798 0.3000000119
7911  36.124  -68.606  -2.826 0.3000000119
7913  33.445  -69.665  -3.424 0.3000000119
7914  32.866  -69.849  -2.817 0.3000000119
7915  24.613  -69.508  -2.203 0.4000000060
7973  25.687  -69.594  -8.554 0.4000000060
7986  24.014  -69.569  -9.587 0.5000000000
8566  27.018  -68.458  1.703 0.4000000060
8586  25.416  -68.883  0.151 0.3000000119
8649  24.959  -68.149  -2.004 0.4000000060
8662  24.351  -68.358  -3.466 0.4000000060
8679  23.801  -67.719  -6.441 0.6999999881
8691  31.998  -69.162  -7.122 0.4000000060
8692  31.201  -68.873  -7.004 0.4000000060
8693  29.380  -68.135  -7.656 0.6999999881
8704  30.359  -68.228  -7.383 0.6999999881
8707  22.316  -68.709  -8.638 0.6000000238
8717  23.557  -69.018  -9.393 0.6000000238
9295  26.418  -68.281  1.329 0.4000000060
9314  33.792  -67.677  -0.445 0.3000000119
9318  25.744  -67.943  -0.569 0.4000000060
9329  35.426  -67.228  -2.388 0.3000000119
9354  35.590  -67.576  -3.058 0.3000000119
9355  35.330  -68.127  -3.203 0.3000000119
9357  31.494  -67.562  -2.897 0.4000000060
9363  25.159  -67.782  -2.653 0.4000000060
9366  16.388  -66.267  -2.025 0.5000000000
9379  31.683  -67.438  -3.832 0.4000000060
9397  32.458  -67.627  -5.108 0.4000000060
9403  24.467  -67.906  -3.959 0.4000000060
9409  32.373  -68.567  -6.675 0.4000000060
9410  28.413  -68.093  -6.303 0.6999999881
9413  20.793  -67.683  -6.050 0.6000000238
9416  31.644  -68.310  -7.191 0.5000000000
9417  28.382  -67.873  -7.498 0.6999999881
9421  21.111  -67.727  -6.813 0.6000000238
9423  30.511  -68.096  -7.467 0.5000000000
9424  29.551  -67.977  -7.897 0.6999999881
9429  22.646  -67.814  -8.670 0.6000000238
10060  31.073  -66.340  3.215 0.3000000119
10078  27.243  -66.923  1.192 0.4000000060
10093  28.292  -66.520  -0.135 0.3000000119
10111  28.690  -66.787  -1.179 0.3000000119
10112  15.922  -65.964  -1.583 0.5000000000
10123  30.568  -67.072  -2.474 0.4000000060
10125  16.873  -65.917  -2.538 0.5000000000
10134  16.865  -65.459  -3.915 0.6000000238
10147  17.302  -65.555  -4.667 0.5000000000
10159  32.534  -67.475  -5.431 0.5000000000
10161  31.630  -66.852  -6.095 0.6000000238
10165  19.046  -65.637  -6.039 0.5000000000
10177  31.193  -67.342  -6.905 0.5000000000
10182  23.725  -66.331  -8.195 0.6999999881
10183  20.275  -65.981  -6.799 0.5000000000
10184  19.550  -65.405  -6.429 0.5000000000
10188  30.627  -67.716  -7.343 0.6999999881
10192  26.475  -66.666  -8.116 0.6000000238
10194  24.216  -65.839  -8.291 0.6999999881
10198  20.893  -66.526  -7.111 0.6000000238
10199  22.623  -67.104  -8.300 0.6999999881
10200  22.135  -67.079  -8.089 0.6999999881
10871  16.801  -65.247  2.899 0.5000000000
10881  17.244  -65.364  2.125 0.5000000000
10927  18.675  -65.099  -2.316 0.5000000000
10938  33.632  -65.632  -3.233 0.4000000060
10940  18.396  -64.755  -3.016 0.5000000000
10943  16.470  -65.723  -1.939 0.5000000000
10954  34.695  -65.700  -5.688 0.5000000000
10955  34.119  -66.100  -5.200 0.5000000000
10968  34.724  -65.636  -6.160 0.5000000000
10971  29.483  -65.835  -5.683 0.8000000119
10973  27.868  -64.981  -5.552 0.6000000238
10975  18.700  -64.952  -6.010 0.5000000000
10976  17.862  -64.567  -5.403 0.5000000000
10977  17.247  -64.409  -4.946 0.6000000238
10995  22.972  -65.318  -7.505 0.6999999881
10996  21.991  -65.363  -7.176 0.6000000238
11671  21.218  -64.176  3.149 0.6000000238
11674  17.961  -64.398  3.342 0.5000000000
11688  24.289  -63.991  1.714 0.6999999881
11693  19.960  -64.785  2.460 0.6000000238
11694  18.149  -65.018  2.958 0.5000000000
11696  16.432  -64.754  3.415 0.5000000000
11698  14.684  -63.929  2.639 0.5000000000
11711  21.222  -64.581  1.582 0.6999999881
11714  18.848  -65.136  1.562 0.6000000238
11728  23.113  -64.448  0.939 0.6999999881
11743  31.440  -64.628  -0.291 0.4000000060
11744  23.552  -64.224  0.144 0.6000000238
11746  22.470  -64.634  -0.706 0.6000000238
11757  33.408  -64.193  -2.159 0.4000000060
11765  18.662  -64.863  -1.320 0.6000000238
11773  34.456  -64.273  -3.552 0.4000000060
11776  30.915  -63.962  -2.791 0.6999999881
11777  30.197  -64.148  -2.668 0.6999999881
11782  23.165  -64.257  -2.569 0.6999999881
11788  34.757  -64.752  -4.291 0.4000000060
11791  30.756  -64.781  -2.986 0.6000000238
11798  20.333  -64.335  -3.493 0.6000000238
11799  18.579  -64.177  -3.650 0.6000000238
11805  33.252  -65.034  -6.003 0.5000000000
11814  22.360  -64.448  -4.883 0.6999999881
11819  17.129  -64.228  -4.522 0.6000000238
11828  25.399  -64.518  -5.829 0.8000000119
11830  23.776  -64.620  -5.853 0.6999999881
11834  17.736  -63.949  -5.139 0.5000000000
11841  34.792  -65.124  -6.490 0.5000000000
11842  34.249  -64.806  -6.608 0.4000000060
11843  33.617  -64.429  -6.682 0.5000000000
11849  21.181  -64.838  -6.595 0.6000000238
12530  22.071  -63.465  4.615 0.6000000238
12548  22.537  -63.720  3.996 0.6000000238
12551  19.967  -64.067  3.593 0.6000000238
12552  18.602  -63.716  3.455 0.5000000000
12553  17.752  -63.359  3.410 0.5000000000
12566  25.927  -63.181  2.223 0.6999999881
12567  24.510  -63.876  3.189 0.6999999881
12568  23.849  -63.967  3.409 0.6000000238
12569  16.185  -63.904  3.547 0.5000000000
12612  13.872  -63.324  1.247 0.4000000060
12639  33.144  -63.825  -1.316 0.4000000060
12644  13.970  -62.921  -1.768 0.5000000000
12680  15.455  -63.049  -5.596 0.5000000000
12686  34.996  -64.410  -6.325 0.5000000000
13333  24.510  -62.437  5.395 0.6999999881
13334  22.864  -62.086  5.784 0.6000000238
13354  20.678  -62.886  4.824 0.6000000238
13356  18.833  -62.536  4.360 0.5000000000
13368  26.460  -62.223  3.520 0.8000000119
13372  17.094  -62.341  3.270 0.5000000000
13380  16.406  -62.991  3.099 0.6000000238
13382  14.891  -63.073  2.334 0.5000000000
13393  16.192  -62.113  1.708 0.6000000238
13394  15.509  -62.420  1.528 0.6000000238
13403  26.612  -62.778  0.751 0.6000000238
13406  14.059  -62.866  0.542 0.6000000238
13414  32.860  -62.249  -0.170 0.3000000119
13417  26.587  -62.702  -0.247 0.6999999881
13418  16.129  -62.171  -1.356 0.6000000238
13419  15.492  -62.292  -0.866 0.6000000238
13445  30.234  -62.542  -2.385 0.6999999881
13446  16.309  -61.763  -2.480 0.5000000000
13447  15.721  -62.344  -2.422 0.5000000000
13448  14.817  -62.622  -2.179 0.6000000238
13472  15.778  -62.618  -4.729 0.5000000000
13486  31.092  -62.296  -6.144 0.6000000238
13495  34.467  -63.719  -6.807 0.5000000000
13500  29.725  -62.575  -7.137 0.4000000060
13502  28.047  -62.492  -7.492 0.5000000000
13512  29.825  -62.611  -7.899 0.4000000060
14152  20.769  -61.186  6.452 0.6000000238
14159  21.325  -61.720  5.943 0.6000000238
14161  19.629  -61.729  5.793 0.5000000000
14174  26.147  -61.115  4.192 0.6000000238
14175  25.612  -61.359  4.715 0.5000000000
14179  17.866  -61.277  4.222 0.6000000238
14190  27.115  -60.801  3.196 0.8000000119
14192  26.075  -61.878  4.213 0.6999999881
14219  27.672  -61.325  1.696 0.8000000119
14228  16.047  -61.336  -0.063 0.6000000238
14236  28.651  -61.082  -0.392 0.6000000238
14246  16.441  -61.743  -1.568 0.6000000238
14252  30.012  -61.675  -2.316 0.6999999881
14258  30.556  -61.565  -3.440 0.6999999881
14260  16.468  -61.498  -3.439 0.5000000000
14269  16.516  -61.215  -4.324 0.5000000000
14300  30.939  -62.087  -8.381 0.4000000060
14924  19.317  -61.029  6.261 0.5000000000
14929  22.736  -60.329  6.243 0.6000000238
14931  17.796  -60.428  5.600 0.6000000238
14963  16.470  -60.612  3.612 0.6000000238
14980  27.310  -60.287  2.495 0.6999999881
14983  15.747  -60.594  2.357 0.6000000238
14988  28.229  -60.309  0.917 0.6000000238
14990  16.018  -60.938  1.818 0.6000000238
14996  28.551  -60.320  0.148 0.6000000238
14997  16.259  -60.518  0.193 0.6000000238
15005  28.795  -60.176  -0.625 0.6000000238
15007  16.193  -60.121  -0.352 0.6000000238
15016  29.239  -60.268  -1.873 0.6000000238
15025  33.510  -60.721  -2.555 0.3000000119
15028  16.377  -60.241  -2.348 0.5000000000
15034  33.479  -60.421  -3.933 0.3000000119
15035  29.352  -60.731  -3.859 0.6000000238
15043  16.155  -60.489  -4.259 0.5000000000
15730  18.714  -59.405  7.067 0.6000000238
15740  15.971  -59.281  5.697 0.5000000000
15757  13.783  -59.370  4.234 0.6000000238
15771  26.022  -59.984  3.623 0.5000000000
15776  14.236  -59.853  3.631 0.6000000238
15800  12.072  -59.451  2.408 0.6000000238
15801  11.552  -59.176  2.173 0.6000000238
15805  27.932  -59.770  1.191 0.8000000119
15807  26.713  -59.246  1.781 0.6999999881
15808  25.918  -59.099  2.086 0.6000000238
15815  12.698  -59.593  1.759 0.6000000238
15816  11.897  -59.384  1.726 0.6000000238
15821  28.281  -59.698  0.432 0.6000000238
15824  25.193  -58.893  0.283 0.6000000238
15833  11.727  -59.198  1.157 0.6000000238
15842  15.378  -59.254  -0.159 0.6000000238
15843  14.469  -58.857  -0.479 0.6000000238
15844  13.594  -59.077  -0.065 0.6000000238
15845  12.809  -59.302  0.345 0.5000000000
15865  28.259  -59.202  -2.339 0.6000000238
15875  16.050  -59.448  -2.812 0.5000000000
15876  15.461  -58.861  -2.431 0.6000000238
15881  28.182  -59.749  -3.048 0.6000000238
15896  15.546  -59.954  -4.580 0.5000000000
16594  14.685  -58.787  5.241 0.5000000000
16609  12.683  -58.822  3.750 0.6000000238
16625  11.684  -58.893  2.710 0.6000000238
16626  11.277  -58.701  2.086 0.6000000238
16631  25.728  -58.673  0.820 0.6000000238
16650  27.494  -58.827  -0.447 0.6000000238
16664  26.497  -59.024  -1.315 0.6000000238
16674  33.207  -58.205  -2.909 0.3000000119
16675  27.636  -58.883  -2.174 0.6000000238
17324  20.762  -57.823  6.659 0.5000000000
17326  18.143  -57.451  6.482 0.4000000060
17345  15.244  -57.266  4.843 0.6000000238
17347  13.591  -58.143  4.515 0.6000000238
17359  12.982  -57.987  3.950 0.6000000238
17379  12.703  -57.367  3.253 0.4000000060
18154  17.496  -56.429  5.795 0.4000000060
18169  15.300  -56.422  4.169 0.4000000060
18178  15.290  -55.915  3.187 0.4000000060
18180  13.352  -57.133  3.660 0.4000000060
18932  17.888  -55.827  5.368 0.4000000060
18941  18.053  -55.184  5.158 0.4000000060
18953  16.431  -55.195  3.587 0.4000000060
18961  16.126  -54.801  2.862 0.4000000060
18963  14.992  -55.733  2.148 0.4000000060
20788  15.578  -53.203  0.058 0.3000000119
20789  15.138  -53.420  -0.195 0.3000000119
21689  19.334  -52.213  4.725 0.4000000060
21732  17.733  -51.998  1.653 0.3000000119
21740  16.406  -52.372  0.611 0.3000000119
21749  15.360  -52.681  -0.241 0.3000000119
21771  12.237  -52.431  -1.951 0.4000000060
22602  21.384  -51.606  4.619 0.4000000060
22617  20.316  -51.168  3.813 0.4000000060
22647  19.094  -51.045  1.830 0.3000000119
22648  17.683  -51.455  1.127 0.3000000119
22669  16.768  -51.124  0.146 0.3000000119
22670  15.726  -51.813  -0.090 0.3000000119
23571  19.874  -50.421  2.431 0.4000000060
23598  19.478  -50.095  1.250 0.4000000060
23599  18.954  -50.267  0.791 0.3000000119
23601  10.104  -50.099  0.765 0.3000000119
23602  9.317  -49.749  0.339 0.3000000119
23629  15.761  -50.394  -0.617 0.3000000119
23642  11.523  -50.834  -2.443 0.3000000119
24484  20.102  -49.301  1.901 0.4000000060
24485  19.785  -49.344  1.487 0.3000000119
24508  17.046  -49.670  -0.358 0.4000000060
24509  16.131  -49.633  -0.568 0.3000000119
24526  14.402  -49.526  -1.655 0.3000000119
24529  11.098  -49.334  -1.689 0.4000000060
24530  10.476  -49.623  -1.478 0.4000000060
24537  12.499  -49.783  -1.914 0.4000000060
25342  15.076  -49.193  1.841 0.3000000119
25353  14.381  -48.765  1.145 0.3000000119
25355  12.703  -48.950  0.667 0.3000000119
25363  18.738  -48.474  0.747 0.4000000060
25368  11.326  -48.406  0.178 0.3000000119
25370  10.198  -49.230  -0.211 0.3000000119
25382  11.220  -48.303  -0.347 0.3000000119
25396  15.647  -47.889  -0.939 0.3000000119
25400  10.544  -48.981  -1.112 0.3000000119
25405  12.859  -48.747  -1.750 0.4000000060
26206  21.959  -47.959  3.329 0.3000000119
26236  18.445  -47.351  0.816 0.3000000119
26238  14.024  -47.188  0.697 0.3000000119
26240  12.569  -47.628  -0.162 0.3000000119
26253  16.801  -47.299  -0.436 0.3000000119
26255  12.516  -47.504  -0.772 0.3000000119
26256  11.947  -48.059  -0.307 0.3000000119
26273  14.747  -47.394  -1.451 0.5000000000
26275  12.607  -47.588  -1.329 0.4000000060
27171  15.267  -46.645  1.125 0.3000000119
27182  17.975  -46.424  0.740 0.3000000119
27183  14.382  -45.539  0.369 0.3000000119
27185  13.318  -46.362  -0.407 0.3000000119
27199  13.168  -46.298  -0.968 0.3000000119
27215  15.568  -46.524  -1.243 0.3000000119
27217  13.382  -46.582  -1.206 0.3000000119
28114  14.191  -45.018  -0.434 0.3000000119
28129  14.078  -44.904  -1.091 0.3000000119
28148  14.247  -45.420  -1.280 0.3000000119
29149  17.642  -44.757  0.499 0.3000000119
29166  16.923  -44.705  -0.109 0.3000000119
29182  15.451  -43.669  -1.327 0.3000000119
29184  14.408  -43.926  -1.154 0.3000000119
30170  14.690  -42.592  -1.034 0.3000000119
30184  15.094  -43.040  -1.402 0.3000000119
30185  14.718  -43.085  -1.232 0.3000000119
31040  14.798  -42.669  -0.562 0.3000000119
31053  15.572  -41.988  -0.756 0.3000000119
31069  15.041  -42.431  -1.160 0.3000000119
105105  24.394  -67.740  -4.737 0.4000000060
106223  25.039  -58.969  0.954 0.6000000238
106272  12.835  -47.908  -1.622 0.4000000060
106274  31.309  -62.417  -4.214 0.6000000238
106309  20.562  -64.434  -2.619 0.6999999881
106510  30.535  -67.531  -3.042 0.4000000060
107038  27.877  -61.495  -6.123 0.5000000000
107408  23.753  -64.063  -1.188 0.6000000238
107488  27.460  -61.048  2.478 0.8000000119
108414  18.536  -58.636  6.873 0.6000000238
109139  28.111  -67.371  -8.056 0.6000000238
109563  25.022  -60.740  5.080 0.5000000000
109672  28.873  -73.207  -0.873 0.3000000119
109993  28.818  -67.492  -7.962 0.6999999881
110051  24.874  -63.091  4.626 0.6000000238
110476  15.907  -59.640  -1.938 0.5000000000
110540  27.660  -59.394  -2.707 0.6000000238
110633  11.291  -48.557  -1.134 0.3000000119
110973  16.714  -62.142  2.931 0.5000000000
111417  20.694  -64.284  -4.150 0.6999999881
111419  21.974  -64.747  -0.009 0.6999999881
112154  13.690  -46.552  0.273 0.3000000119
112447  32.692  -63.500  -0.518 0.4000000060
112679  11.233  -58.774  0.001 0.5000000000
112788  14.725  -56.401  3.698 0.4000000060
113013  28.529  -59.713  -0.227 0.6000000238
113107  17.723  -68.359  -0.313 0.5000000000
113196  21.454  -67.767  -7.517 0.6000000238
113669  23.848  -68.598  -5.927 0.5000000000
113762  22.411  -69.409  -8.405 0.6000000238
113907  15.087  -58.068  5.304 0.5000000000
113942  17.387  -49.032  -0.221 0.4000000060
114356  19.512  -64.258  -5.908 0.5000000000
114524  17.008  -61.345  -1.186 0.5000000000
114970  15.455  -59.601  1.154 0.6000000238
115870  15.022  -60.243  2.737 0.6000000238
116076  34.797  -63.464  -6.141 0.3000000119
116473  24.485  -80.620  -0.590 0.3000000119
117631  18.792  -64.442  3.051 0.5000000000
118000  11.934  -57.531  2.962 0.4000000060
118136  14.819  -51.160  -1.196 0.3000000119
118940  26.713  -63.206  -2.218 0.6000000238
119281  34.387  -62.621  -3.634 0.3000000119
119507  27.313  -65.104  -6.272 0.6999999881
119536  26.471  -59.469  2.492 0.6000000238
120265  31.050  -71.305  -1.168 0.3000000119
121011  10.271  -49.156  -0.678 0.3000000119
121046  17.382  -62.818  3.383 0.5000000000
121233  16.231  -51.461  0.120 0.3000000119
121725  26.840  -58.710  0.025 0.8000000119
123730  25.363  -62.918  4.345 0.6999999881
123926  17.217  -56.988  6.125 0.5000000000
124045  26.991  -62.359  1.989 0.8000000119
124128  18.560  -46.693  0.973 0.3000000119
124288  20.611  -64.979  -6.706 0.5000000000
124329  11.982  -58.858  -0.354 0.6000000238
124352  33.795  -69.837  -3.678 0.3000000119
124355  25.630  -63.255  -1.011 0.6000000238
124718  31.401  -66.821  2.487 0.3000000119
125110  17.098  -58.175  6.421 0.6000000238
125242  13.615  -46.882  -1.352 0.3000000119
125299  24.482  -61.820  5.723 0.5000000000
126018  22.004  -64.423  -3.007 0.6999999881
126080  31.484  -67.804  -4.312 0.4000000060
126126  23.653  -69.663  -9.578 0.5000000000
126415  24.547  -63.857  2.429 0.6999999881
126611  14.453  -58.727  -1.093 0.6000000238
126656  22.849  -64.245  -1.958 0.6999999881
