#!ascii label  , from subject sub-v1s6x0051365_ses-1 vox2ras=TkReg
2170
12560  41.487  -62.811  1.862 0.2000000030
13364  42.084  -62.458  2.608 0.2000000030
13375  41.901  -62.104  2.011 0.2000000030
118632  40.730  -60.778  2.131 0.1000000015
124589  42.057  -62.706  3.260 0.3000000119
13374  42.511  -61.788  2.790 0.2000000030
13384  41.405  -62.149  1.407 0.1000000015
12580  41.347  -62.660  1.419 0.2000000030
14200  42.385  -61.377  2.586 0.1000000015
120355  41.660  -61.353  2.086 0.1000000015
14973  41.407  -60.166  2.609 0.1000000015
15786  41.738  -59.164  2.839 0.1000000015
17367  42.903  -57.852  2.384 0.1000000015
15787  40.688  -59.128  2.675 0.1000000015
16614  41.162  -58.272  2.623 0.1000000015
17386  42.520  -57.249  1.670 0.2000000030
17368  41.741  -57.652  2.288 0.1000000015
15762  44.037  -59.335  4.085 0.1000000015
108191  44.314  -58.773  3.689 0.1000000015
14185  42.882  -61.187  3.210 0.2000000030
15785  42.350  -59.998  3.092 0.1000000015
14956  43.324  -60.656  3.626 0.1000000015
15764  43.018  -59.831  3.510 0.1000000015
16605  42.758  -59.049  3.123 0.1000000015
111599  43.648  -57.230  1.726 0.1000000015
18975  43.877  -55.581  0.356 0.2000000030
17385  44.135  -56.589  1.240 0.2000000030
19828  43.519  -55.115  -0.282 0.1000000015
17398  43.252  -56.833  0.899 0.2000000030
20783  42.679  -53.769  -0.955 0.2000000030
19856  42.791  -54.661  -1.529 0.1000000015
21755  42.193  -53.245  -2.098 0.1000000015
16604  43.703  -58.983  3.448 0.1000000015
17355  44.995  -57.396  3.185 0.1000000015
20784  42.258  -53.427  -0.476 0.2000000030
110228  41.663  -52.920  -1.099 0.2000000030
21757  40.457  -52.704  -1.838 0.2000000030
21756  41.910  -52.964  -1.772 0.2000000030
124034  40.810  -52.868  -2.332 0.1000000015
21780  40.776  -52.888  -3.059 0.2000000030
108858  43.519  -58.393  2.819 0.1000000015
18183  44.780  -56.723  2.749 0.1000000015
123298  44.346  -56.984  1.963 0.1000000015
18190  44.352  -56.151  1.403 0.2000000030
19822  43.263  -54.603  1.029 0.2000000030
19829  43.436  -54.740  0.155 0.3000000119
21782  39.296  -52.372  -2.914 0.3000000119
21796  40.107  -52.485  -3.424 0.2000000030
22707  40.332  -52.103  -4.094 0.2000000030
105268  41.482  -52.979  -4.213 0.2000000030
20773  42.713  -54.004  0.336 0.3000000119
118189  44.199  -55.830  0.995 0.2000000030
21758  39.636  -52.453  -1.702 0.3000000119
117471  38.421  -51.891  -3.446 0.3000000119
23643  37.728  -50.474  -3.909 0.3000000119
22719  38.742  -51.385  -4.208 0.3000000119
22717  41.033  -51.822  -4.623 0.2000000030
21804  41.493  -52.597  -4.884 0.2000000030
23616  37.079  -50.796  -2.085 0.4000000060
22675  38.936  -52.211  -1.004 0.3000000119
22695  37.604  -51.538  -2.833 0.3000000119
21744  41.341  -52.840  -0.204 0.2000000030
21745  40.586  -52.492  -0.917 0.2000000030
23651  38.294  -50.645  -4.305 0.3000000119
22718  40.109  -51.314  -4.506 0.2000000030
118116  38.973  -49.970  -4.610 0.2000000030
117573  40.986  -51.082  -5.426 0.2000000030
24531  37.250  -48.992  -2.435 0.3000000119
23635  37.399  -50.701  -3.206 0.3000000119
24548  38.911  -49.194  -4.420 0.2000000030
25427  40.615  -48.194  -5.473 0.2000000030
25412  39.527  -48.562  -4.785 0.2000000030
25426  41.640  -48.716  -6.117 0.1000000015
115585  39.858  -49.987  -5.088 0.2000000030
23662  41.550  -50.266  -6.173 0.2000000030
24565  41.028  -49.653  -5.743 0.2000000030
22716  41.272  -51.745  -5.583 0.2000000030
25401  37.829  -48.116  -2.551 0.3000000119
25406  38.390  -48.173  -3.247 0.3000000119
25407  37.793  -48.770  -3.090 0.3000000119
109761  38.849  -46.899  -3.188 0.2000000030
26294  39.008  -47.492  -3.700 0.3000000119
26287  39.331  -46.715  -3.891 0.2000000030
24540  38.187  -48.995  -3.790 0.3000000119
109122  39.618  -47.825  -4.710 0.1000000015
26305  40.662  -47.302  -5.542 0.1000000015
27250  41.722  -47.021  -6.656 0.1000000015
27251  40.651  -46.032  -5.831 0.1000000015
25431  42.333  -48.465  -7.204 0.1000000015
27223  38.247  -46.925  -1.971 0.3000000119
27222  38.601  -46.591  -2.581 0.2000000030
28161  39.023  -45.495  -3.447 0.2000000030
29196  39.297  -44.139  -3.905 0.2000000030
123606  39.460  -43.215  -4.277 0.1000000015
28160  39.535  -45.242  -4.113 0.1000000015
121645  39.489  -44.560  -4.236 0.1000000015
29208  39.802  -44.838  -4.955 0.1000000015
27238  39.972  -46.524  -4.977 0.1000000015
121870  41.506  -46.333  -6.714 0.1000000015
27258  41.596  -45.959  -7.155 0.1000000015
28153  38.663  -45.777  -2.681 0.2000000030
31093  40.229  -42.102  -5.316 0.1000000015
31106  40.944  -42.357  -6.244 0.1000000015
125932  40.491  -43.650  -5.890 0.1000000015
28170  39.887  -45.678  -4.933 0.1000000015
30221  41.269  -43.954  -6.646 0.1000000015
29218  41.200  -44.828  -6.613 0.1000000015
28181  40.510  -45.249  -5.788 0.1000000015
31900  41.560  -41.037  -6.780 0.1000000015
122975  41.510  -43.881  -7.091 0.1000000015
29225  41.402  -44.867  -7.225 0.1000000015
32722  41.064  -40.693  -5.735 0.1000000015
120977  42.150  -58.371  2.674 0.1000000015
18994  43.082  -55.193  -0.821 0.1000000015
17237  36.242  -57.651  16.520 0.5000000000
106861  36.696  -57.775  17.308 0.5000000000
17222  35.776  -57.478  17.327 0.5000000000
17238  35.469  -57.480  16.479 0.5000000000
17239  34.771  -57.439  16.478 0.5000000000
16450  38.504  -58.470  19.286 0.2000000030
16460  38.523  -58.643  18.573 0.2000000030
16461  37.878  -58.319  18.729 0.3000000119
16474  37.227  -58.204  18.065 0.5000000000
113148  35.554  -57.379  18.099 0.5000000000
17223  35.048  -57.359  17.676 0.5000000000
123097  34.367  -57.326  18.011 0.5000000000
17224  34.323  -57.367  17.258 0.5000000000
17252  34.273  -57.621  15.903 0.5000000000
17240  33.834  -57.421  16.542 0.5000000000
117404  34.631  -57.747  15.214 0.5000000000
16521  35.040  -59.226  13.045 0.5000000000
16451  37.699  -58.253  19.592 0.3000000119
16452  36.859  -58.023  19.900 0.3000000119
17221  36.320  -57.676  18.283 0.5000000000
18021  33.611  -57.044  17.931 0.5000000000
18034  33.337  -57.060  17.180 0.5000000000
17253  33.231  -57.400  15.810 0.5000000000
17265  33.755  -57.915  14.682 0.5000000000
14114  36.456  -61.506  9.739 0.4000000060
106555  36.001  -60.833  10.120 0.5000000000
14876  36.128  -60.607  11.162 0.5000000000
15676  35.603  -59.804  12.533 0.5000000000
16516  34.523  -58.629  13.608 0.5000000000
14121  36.543  -61.617  8.909 0.4000000060
16438  38.342  -58.468  20.166 0.3000000119
16440  36.732  -57.968  20.750 0.4000000060
17201  35.963  -57.777  20.265 0.4000000060
17203  34.871  -57.407  19.314 0.5000000000
118707  34.222  -57.212  19.956 0.5000000000
18009  33.853  -57.209  18.902 0.5000000000
18022  33.048  -56.746  18.520 0.5000000000
17998  33.285  -56.881  19.920 0.5000000000
18010  32.832  -56.601  19.280 0.5000000000
18023  32.344  -56.148  18.778 0.5000000000
18035  32.664  -56.499  17.845 0.5000000000
18061  32.476  -56.783  16.084 0.5000000000
17270  33.687  -58.227  13.839 0.6000000238
14866  35.451  -60.138  11.641 0.5000000000
16522  34.136  -58.951  12.673 0.5000000000
16517  33.698  -58.512  13.112 0.5000000000
13323  38.303  -62.542  7.631 0.4000000060
114576  37.278  -62.598  8.656 0.4000000060
14881  36.055  -60.956  8.995 0.5000000000
16378  41.018  -57.703  24.224 0.1000000015
17145  39.241  -57.000  24.509 0.1000000015
17952  38.684  -56.489  24.929 0.1000000015
17156  39.382  -57.748  23.806 0.1000000015
17157  38.636  -57.475  23.849 0.1000000015
125448  37.245  -56.300  24.441 0.1000000015
16393  38.552  -57.949  23.072 0.1000000015
113231  37.815  -57.430  23.556 0.1000000015
17954  36.722  -56.218  24.297 0.1000000015
106260  38.191  -58.283  21.030 0.2000000030
16404  38.029  -58.193  22.012 0.1000000015
16439  37.513  -58.213  20.455 0.3000000119
116262  35.077  -57.486  20.152 0.5000000000
16418  36.678  -57.900  21.424 0.4000000060
17189  36.070  -57.714  21.162 0.4000000060
17983  33.645  -56.962  20.692 0.4000000060
17999  32.838  -56.426  20.671 0.5000000000
120163  32.607  -56.341  20.015 0.5000000000
18000  32.189  -55.867  19.640 0.5000000000
18800  31.826  -55.229  19.122 0.5000000000
18071  32.416  -56.891  15.214 0.5000000000
15677  34.632  -59.614  12.054 0.5000000000
14877  35.438  -60.264  10.549 0.5000000000
115853  37.774  -61.841  7.716 0.4000000060
13321  39.796  -62.403  7.573 0.5000000000
17110  41.627  -57.126  27.349 0.1000000015
17129  41.830  -57.412  26.470 0.1000000015
112105  40.942  -57.265  25.574 0.1000000015
17144  40.147  -57.348  24.471 0.1000000015
17941  38.328  -56.127  25.436 0.1000000015
17130  40.558  -56.681  26.303 0.1000000015
17131  40.039  -56.853  25.373 0.1000000015
18729  37.763  -55.763  25.555 0.1000000015
19554  34.665  -54.028  24.537 0.2000000030
20431  34.892  -53.134  24.263 0.2000000030
107898  39.000  -58.272  22.339 0.1000000015
17166  37.446  -57.775  22.726 0.1000000015
17158  36.866  -57.313  23.284 0.1000000015
17969  36.320  -56.758  23.731 0.1000000015
18755  34.831  -55.641  24.065 0.2000000030
17167  36.525  -57.606  22.553 0.2000000030
17159  35.977  -57.226  23.089 0.1000000015
17160  35.295  -57.135  22.882 0.2000000030
124157  34.080  -55.483  23.615 0.2000000030
20441  34.379  -53.768  23.745 0.2000000030
21355  35.617  -52.489  24.049 0.2000000030
17174  35.446  -57.547  21.716 0.2000000030
17175  34.639  -57.361  21.524 0.3000000119
17977  33.417  -56.165  22.368 0.3000000119
18772  32.882  -55.583  21.872 0.4000000060
18783  32.626  -55.844  21.206 0.5000000000
17272  32.944  -57.741  14.026 0.5000000000
18784  32.309  -55.612  20.500 0.4000000060
18100  31.988  -56.636  11.678 0.5000000000
18091  31.870  -56.639  12.574 0.5000000000
18082  31.584  -56.435  13.529 0.5000000000
16527  33.103  -58.399  11.274 0.5000000000
17277  32.768  -57.851  11.869 0.5000000000
117037  32.326  -57.203  13.288 0.5000000000
18828  31.949  -55.970  17.359 0.5000000000
18811  31.892  -55.705  18.237 0.5000000000
15687  34.822  -59.869  9.910 0.5000000000
16537  33.590  -58.873  10.563 0.5000000000
16526  33.766  -59.007  11.687 0.5000000000
18072  31.624  -56.382  14.655 0.5000000000
14137  36.637  -61.236  8.431 0.5000000000
14882  35.511  -60.294  9.528 0.5000000000
16523  33.375  -58.470  12.284 0.5000000000
18081  32.308  -57.036  14.267 0.6000000238
15682  34.862  -59.689  10.916 0.5000000000
14145  38.535  -61.791  7.510 0.4000000060
107294  41.062  -56.968  27.677 0.1000000015
17124  41.785  -57.124  27.110 0.1000000015
17929  40.211  -56.367  27.354 0.1000000015
18710  39.766  -55.964  27.671 0.1000000015
115000  38.204  -54.914  28.704 0.1000000015
106199  41.168  -56.770  26.749 0.1000000015
17930  39.937  -56.061  27.169 0.1000000015
17931  39.358  -55.827  26.720 0.1000000015
18723  38.025  -54.976  26.564 0.1000000015
111978  37.105  -55.212  25.483 0.1000000015
20426  35.829  -53.384  25.696 0.1000000015
18737  36.408  -55.570  24.796 0.1000000015
18731  35.332  -54.315  25.220 0.2000000030
111581  35.152  -53.315  25.050 0.2000000030
113544  35.480  -55.262  24.799 0.1000000015
18738  34.784  -54.851  24.633 0.2000000030
18765  33.270  -55.271  22.620 0.3000000119
19578  33.617  -54.439  22.723 0.3000000119
20440  35.004  -53.053  23.402 0.2000000030
20456  34.342  -53.630  22.824 0.2000000030
18773  32.598  -55.068  21.207 0.4000000060
20457  33.996  -53.831  22.006 0.3000000119
19599  32.908  -54.311  21.062 0.4000000060
20472  33.635  -53.752  21.230 0.4000000060
19707  30.806  -54.998  12.646 0.5000000000
19692  30.594  -54.826  13.490 0.5000000000
18861  30.901  -55.657  14.167 0.5000000000
19600  32.353  -54.554  20.452 0.5000000000
21535  30.470  -52.422  14.012 0.5000000000
22412  31.742  -52.037  15.080 0.5000000000
21490  30.768  -52.989  15.112 0.5000000000
19666  30.514  -54.434  15.053 0.5000000000
18847  30.682  -55.192  14.879 0.6000000238
19624  31.678  -54.214  18.869 0.5000000000
19614  32.014  -54.435  19.650 0.5000000000
21488  31.667  -52.342  15.845 0.5000000000
20568  30.962  -52.973  15.963 0.5000000000
19649  30.599  -54.298  15.990 0.6000000238
18052  31.912  -56.134  16.481 0.5000000000
19665  30.703  -55.068  15.632 0.5000000000
18062  31.770  -56.287  15.606 0.5000000000
13313  40.644  -62.615  7.956 0.4000000060
14143  40.322  -61.551  7.844 0.4000000060
12506  38.901  -63.235  7.663 0.4000000060
119274  34.891  -53.688  28.365 0.1000000015
19530  36.542  -54.143  29.025 0.1000000015
20404  35.493  -52.843  28.459 0.1000000015
18721  39.478  -55.716  27.471 0.1000000015
18704  38.746  -54.986  28.299 0.1000000015
20401  38.054  -53.234  28.721 0.1000000015
124504  37.117  -52.512  28.767 0.1000000015
18712  38.744  -54.566  28.069 0.1000000015
20417  37.987  -53.158  28.255 0.1000000015
21311  36.846  -52.467  28.475 0.1000000015
19549  37.153  -54.247  26.228 0.1000000015
20418  37.227  -52.570  27.701 0.1000000015
20419  36.362  -52.534  26.442 0.1000000015
22280  36.092  -50.802  26.276 0.2000000030
21335  36.081  -51.709  25.536 0.2000000030
21344  36.437  -51.655  24.701 0.2000000030
118197  42.085  -54.778  18.593 0.2000000030
20455  35.364  -53.172  22.606 0.2000000030
110032  41.472  -55.205  17.718 0.2000000030
19635  39.588  -54.489  17.713 0.2000000030
19623  38.937  -54.229  18.351 0.2000000030
20517  38.909  -54.318  19.516 0.2000000030
114867  34.772  -53.447  22.066 0.2000000030
20565  38.847  -53.967  16.050 0.2000000030
20551  38.794  -53.946  17.027 0.2000000030
20535  37.918  -53.594  17.367 0.2000000030
111363  37.340  -53.267  18.002 0.2000000030
20519  37.160  -53.321  18.821 0.3000000119
21413  36.136  -52.804  18.986 0.2000000030
20567  36.944  -52.998  15.745 0.2000000030
20553  36.769  -52.856  16.520 0.3000000119
123600  35.294  -52.317  17.319 0.4000000060
21446  35.640  -52.484  18.041 0.3000000119
21426  35.041  -52.433  18.843 0.4000000060
21416  33.582  -52.749  19.447 0.5000000000
20491  34.234  -53.105  20.552 0.4000000060
20492  33.143  -53.606  20.450 0.5000000000
22435  33.428  -51.187  14.947 0.5000000000
22410  33.776  -51.503  15.641 0.4000000060
22409  34.614  -51.809  15.594 0.4000000060
122037  34.881  -52.021  16.196 0.4000000060
21467  33.775  -51.887  17.169 0.4000000060
21449  32.236  -52.595  17.685 0.5000000000
21448  33.223  -52.391  18.019 0.5000000000
21427  33.941  -52.460  18.826 0.5000000000
20508  33.043  -53.230  19.693 0.5000000000
22395  33.194  -51.727  16.322 0.5000000000
21468  32.284  -52.200  16.444 0.5000000000
20554  31.132  -53.346  16.751 0.5000000000
124433  30.868  -54.065  16.747 0.5000000000
121132  30.901  -54.844  16.464 0.5000000000
19636  31.199  -54.570  17.263 0.5000000000
19625  31.382  -54.380  18.065 0.5000000000
117803  33.171  -53.682  27.230 0.1000000015
19537  34.438  -54.527  27.852 0.1000000015
117549  33.942  -53.771  27.916 0.1000000015
21322  33.102  -52.222  27.227 0.1000000015
21320  35.017  -52.195  28.188 0.1000000015
21321  33.968  -52.336  27.657 0.1000000015
22262  34.576  -51.487  27.574 0.1000000015
23229  34.135  -50.558  27.308 0.1000000015
22273  35.757  -51.020  27.177 0.1000000015
23242  35.443  -50.111  27.088 0.1000000015
21327  36.512  -51.968  27.400 0.1000000015
109222  35.829  -50.268  26.865 0.2000000030
23254  35.907  -50.014  26.092 0.2000000030
21372  36.017  -52.627  23.301 0.2000000030
20534  42.190  -54.069  18.580 0.1000000015
19620  41.726  -54.498  19.103 0.2000000030
19622  40.051  -54.605  18.871 0.2000000030
19613  39.648  -54.552  19.496 0.2000000030
20454  36.546  -53.002  22.628 0.2000000030
21444  41.251  -52.392  17.984 0.1000000015
21424  41.666  -53.393  19.005 0.1000000015
20516  41.222  -53.984  19.688 0.1000000015
113172  40.765  -53.336  20.013 0.1000000015
20504  39.853  -54.292  20.381 0.1000000015
120628  38.092  -53.880  19.754 0.1000000015
20471  34.558  -53.434  21.375 0.3000000119
20470  35.571  -53.381  21.719 0.2000000030
112670  39.029  -53.834  20.742 0.1000000015
20505  37.001  -53.463  19.767 0.1000000015
20506  36.033  -53.192  19.938 0.3000000119
106072  35.068  -53.265  20.872 0.2000000030
21429  32.364  -52.752  18.338 0.5000000000
21428  32.854  -52.751  18.999 0.5000000000
20509  32.301  -53.572  19.374 0.5000000000
21450  31.590  -52.940  17.324 0.5000000000
20521  31.569  -53.709  18.282 0.5000000000
20520  31.996  -53.263  18.724 0.5000000000
20538  31.301  -53.701  17.535 0.5000000000
117429  32.324  -53.802  26.659 0.1000000015
20420  32.087  -53.077  26.371 0.1000000015
21330  31.920  -52.314  26.111 0.1000000015
21329  32.494  -52.279  26.734 0.1000000015
122088  32.322  -51.632  26.521 0.1000000015
22274  31.884  -51.485  26.015 0.1000000015
22263  33.573  -51.416  27.357 0.1000000015
24166  33.220  -49.359  26.568 0.1000000015
23255  32.386  -49.922  26.196 0.1000000015
24165  34.198  -49.225  26.771 0.1000000015
24177  34.571  -49.174  25.904 0.2000000030
24176  35.487  -49.478  25.605 0.2000000030
109264  36.249  -49.921  25.152 0.2000000030
23266  36.785  -50.585  24.697 0.2000000030
111550  36.415  -50.000  24.246 0.2000000030
22298  37.168  -51.141  24.209 0.2000000030
21354  37.302  -51.633  23.889 0.2000000030
21371  37.411  -52.278  23.434 0.2000000030
126362  40.581  -51.856  17.396 0.1000000015
22378  40.425  -51.980  18.226 0.1000000015
21412  40.355  -52.882  20.211 0.1000000015
20486  40.326  -53.640  20.596 0.1000000015
21390  37.967  -52.726  22.658 0.1000000015
20487  39.851  -53.448  21.029 0.1000000015
20488  38.008  -53.683  20.785 0.1000000015
20490  35.885  -53.387  20.821 0.2000000030
21337  30.466  -52.746  25.446 0.1000000015
21336  31.169  -52.153  25.657 0.1000000015
22291  28.734  -51.319  25.035 0.1000000015
22281  31.129  -51.250  25.496 0.1000000015
23269  29.448  -50.341  24.743 0.1000000015
23257  30.880  -50.682  25.085 0.1000000015
24180  32.125  -49.905  25.123 0.1000000015
120059  31.947  -50.788  25.947 0.1000000015
24179  32.784  -49.237  25.690 0.1000000015
24193  33.307  -48.998  24.900 0.1000000015
24192  34.782  -49.119  24.965 0.1000000015
24207  33.646  -49.011  23.920 0.1000000015
24206  34.724  -49.050  23.937 0.1000000015
24191  35.686  -49.404  24.573 0.2000000030
23278  37.134  -50.701  23.932 0.2000000030
22297  37.684  -51.308  23.688 0.2000000030
23286  37.012  -50.520  23.152 0.2000000030
23285  37.717  -50.970  23.462 0.2000000030
22305  38.213  -51.531  23.234 0.1000000015
21353  37.936  -51.773  23.542 0.2000000030
23375  38.907  -50.363  15.862 0.1000000015
23347  38.349  -50.586  17.459 0.1000000015
22364  38.920  -51.259  18.244 0.1000000015
122000  39.870  -52.238  19.600 0.1000000015
107057  38.250  -52.113  23.249 0.2000000030
23312  38.569  -51.291  19.140 0.1000000015
21402  40.208  -52.894  20.837 0.1000000015
21403  39.626  -52.661  21.458 0.1000000015
20467  39.077  -53.255  21.603 0.1000000015
20468  37.989  -53.261  21.694 0.2000000030
108183  28.698  -50.103  24.722 0.1000000015
24210  29.419  -49.237  23.616 0.1000000015
24209  30.199  -49.382  23.730 0.1000000015
24194  32.456  -49.356  24.637 0.1000000015
24208  32.767  -49.122  23.938 0.1000000015
24205  35.752  -49.397  23.502 0.2000000030
24216  35.305  -49.321  22.488 0.1000000015
23287  36.148  -49.914  22.768 0.2000000030
24223  35.690  -49.882  21.873 0.1000000015
114315  36.616  -50.406  22.239 0.2000000030
25124  36.343  -48.931  17.600 0.1000000015
24254  36.623  -49.503  18.305 0.1000000015
24255  36.198  -49.377  18.881 0.1000000015
24242  36.351  -49.807  19.523 0.1000000015
23302  36.877  -50.383  20.867 0.1000000015
111738  37.278  -50.646  21.737 0.1000000015
23359  38.635  -50.462  16.640 0.1000000015
24272  37.633  -50.108  17.600 0.1000000015
24253  37.288  -50.102  18.366 0.1000000015
24241  36.851  -49.989  19.057 0.1000000015
23313  37.701  -50.724  19.322 0.1000000015
123906  37.930  -50.932  20.350 0.1000000015
22336  38.667  -51.293  21.194 0.1000000015
22319  38.262  -51.348  22.126 0.1000000015
21389  38.682  -52.191  22.628 0.1000000015
22352  38.546  -51.432  20.128 0.1000000015
22335  39.535  -51.980  20.989 0.1000000015
22318  39.077  -52.012  21.817 0.1000000015
25075  28.673  -48.811  23.737 0.1000000015
25072  31.282  -48.786  23.102 0.1000000015
25071  32.181  -48.772  23.204 0.1000000015
25070  33.073  -48.871  23.173 0.1000000015
24217  34.363  -48.892  22.213 0.1000000015
26007  33.685  -47.007  18.531 0.1000000015
120182  34.125  -47.641  18.844 0.1000000015
25116  33.865  -48.151  19.898 0.1000000015
25107  34.731  -48.913  20.800 0.1000000015
25091  34.310  -48.794  21.363 0.1000000015
26020  34.645  -47.071  17.531 0.1000000015
26006  34.392  -47.405  18.253 0.1000000015
25126  34.741  -48.095  18.747 0.1000000015
25115  34.285  -48.126  19.377 0.1000000015
24233  35.193  -49.185  20.144 0.1000000015
24234  35.492  -49.493  20.998 0.1000000015
121147  35.773  -48.201  17.340 0.1000000015
25125  35.773  -48.565  17.976 0.1000000015
106351  35.529  -48.702  18.678 0.1000000015
25114  34.989  -48.663  19.413 0.1000000015
126054  36.067  -49.875  20.301 0.1000000015
23294  36.251  -50.206  21.306 0.1000000015
25082  31.577  -48.439  22.479 0.1000000015
25976  31.474  -47.426  21.368 0.1000000015
25093  32.791  -48.329  21.706 0.1000000015
25989  31.723  -47.034  20.689 0.1000000015
25975  32.268  -47.739  21.170 0.1000000015
25092  33.620  -48.559  21.538 0.1000000015
110530  33.255  -46.092  18.170 0.1000000015
26952  32.952  -46.636  18.855 0.1000000015
25998  32.728  -47.080  19.635 0.1000000015
25988  32.495  -47.431  20.419 0.1000000015
26961  34.027  -46.567  17.927 0.1000000015
25997  33.553  -47.510  19.325 0.1000000015
16462  37.079  -57.939  18.984 0.4000000060
18051  32.567  -56.609  16.909 0.5000000000
17211  36.234  -57.764  19.316 0.4000000060
17191  34.470  -57.322  20.764 0.4000000060
17155  40.130  -57.871  23.774 0.1000000015
18736  37.171  -55.897  24.833 0.1000000015
16405  37.012  -57.987  21.994 0.2000000030
126218  33.974  -57.068  21.303 0.4000000060
17984  33.234  -56.494  21.488 0.4000000060
17125  40.930  -56.703  27.303 0.1000000015
17940  39.035  -56.180  25.768 0.1000000015
18739  34.215  -54.714  23.950 0.3000000119
21345  35.490  -52.479  24.831 0.2000000030
17970  35.337  -56.600  23.502 0.2000000030
17971  34.434  -56.198  23.372 0.2000000030
104828  34.773  -56.830  22.996 0.2000000030
19577  33.939  -54.314  23.360 0.3000000119
17976  34.140  -56.578  22.731 0.3000000119
19585  33.194  -54.583  21.854 0.3000000119
18872  30.989  -55.659  13.110 0.5000000000
17917  39.508  -55.902  28.015 0.1000000015
17912  38.987  -55.555  28.202 0.1000000015
19528  38.228  -54.026  28.743 0.1000000015
18722  38.910  -55.239  27.381 0.1000000015
19542  38.050  -54.004  27.449 0.1000000015
106717  38.644  -54.426  27.741 0.1000000015
20425  36.690  -53.360  26.455 0.1000000015
18730  36.219  -54.814  25.370 0.1000000015
115871  35.754  -52.554  25.558 0.1000000015
113616  30.425  -53.286  13.925 0.5000000000
114755  30.573  -52.905  14.484 0.5000000000
22456  30.513  -52.011  13.366 0.5000000000
124398  33.042  -51.382  15.554 0.5000000000
19531  35.986  -53.451  28.804 0.1000000015
20411  34.459  -52.983  28.153 0.1000000015
20402  37.177  -52.993  28.930 0.1000000015
21313  36.031  -52.347  28.319 0.1000000015
21319  36.968  -52.260  28.141 0.1000000015
21312  36.237  -52.279  28.141 0.1000000015
21328  36.154  -51.708  26.348 0.1000000015
22289  36.427  -50.680  25.519 0.2000000030
104370  41.700  -54.991  18.662 0.2000000030
109785  42.224  -55.147  17.979 0.2000000030
19647  39.944  -54.660  17.125 0.2000000030
20518  38.011  -53.790  18.600 0.2000000030
124205  39.001  -54.228  20.195 0.1000000015
104587  38.122  -53.634  16.169 0.2000000030
20552  37.392  -53.277  16.359 0.2000000030
20536  37.031  -53.038  17.232 0.3000000119
21415  34.432  -52.654  19.647 0.4000000060
21487  35.536  -52.158  15.617 0.5000000000
21465  36.275  -52.484  16.141 0.4000000060
20566  37.536  -53.588  15.413 0.2000000030
108494  34.664  -52.000  16.954 0.4000000060
21447  34.518  -52.255  17.896 0.5000000000
20507  33.676  -52.973  19.983 0.5000000000
21404  35.161  -52.971  20.196 0.3000000119
22408  35.082  -51.874  14.924 0.5000000000
104709  32.824  -52.279  17.094 0.5000000000
117841  32.700  -52.999  26.995 0.1000000015
20412  33.331  -52.894  27.351 0.1000000015
23228  35.120  -50.709  27.333 0.1000000015
23230  33.142  -50.519  27.207 0.1000000015
117752  36.093  -51.177  27.071 0.1000000015
24164  35.265  -49.564  26.719 0.2000000030
19612  40.355  -54.541  19.870 0.1000000015
116084  41.206  -53.070  19.520 0.1000000015
115765  31.654  -53.769  26.202 0.1000000015
116433  31.236  -53.134  25.793 0.1000000015
115900  32.444  -50.716  26.672 0.1000000015
24178  33.631  -49.017  25.963 0.1000000015
114021  34.042  -48.896  25.298 0.2000000030
22393  39.906  -51.420  17.167 0.1000000015
22380  39.093  -51.045  17.287 0.1000000015
22379  39.613  -51.514  17.912 0.1000000015
21425  40.635  -52.451  19.400 0.1000000015
20469  36.832  -53.386  21.772 0.2000000030
20489  36.918  -53.581  20.779 0.1000000015
114201  30.273  -51.987  25.279 0.1000000015
21338  29.536  -52.779  25.167 0.1000000015
21346  29.316  -51.875  24.978 0.1000000015
23270  28.373  -50.654  25.092 0.1000000015
126101  28.895  -50.723  24.868 0.1000000015
22290  29.275  -51.090  24.901 0.1000000015
22282  30.065  -51.079  25.004 0.1000000015
24197  29.094  -49.674  24.238 0.1000000015
24196  29.855  -49.704  24.287 0.1000000015
23256  31.665  -50.510  25.428 0.1000000015
23267  31.269  -50.200  24.775 0.1000000015
115636  37.690  -50.852  22.781 0.2000000030
23358  39.319  -50.887  16.466 0.1000000015
23329  38.035  -50.695  18.326 0.1000000015
123690  39.287  -51.660  19.102 0.1000000015
22351  39.239  -51.887  19.886 0.1000000015
21388  39.113  -52.591  22.023 0.1000000015
125333  28.885  -49.309  23.911 0.1000000015
119698  30.999  -49.271  23.678 0.1000000015
24195  31.621  -49.620  24.362 0.1000000015
119703  31.915  -49.181  23.817 0.1000000015
24218  34.026  -48.921  23.098 0.1000000015
115997  34.876  -49.024  23.040 0.1000000015
24224  34.977  -49.182  21.620 0.1000000015
104857  36.085  -49.019  18.285 0.1000000015
24290  36.884  -49.155  16.966 0.1000000015
24243  35.691  -49.297  19.469 0.1000000015
23314  37.013  -50.424  20.035 0.1000000015
23301  37.791  -50.717  21.089 0.1000000015
25074  29.300  -48.550  23.078 0.1000000015
25073  30.170  -48.945  22.954 0.1000000015
25083  30.702  -48.271  22.493 0.1000000015
25081  32.473  -48.576  22.445 0.1000000015
106994  33.392  -48.687  22.368 0.1000000015
25108  33.872  -48.462  20.656 0.1000000015
25106  34.467  -48.611  20.037 0.1000000015
25987  33.260  -47.812  20.148 0.1000000015
26005  35.188  -47.915  17.967 0.1000000015
25967  31.088  -47.876  21.930 0.1000000015
25094  31.910  -48.169  21.772 0.1000000015
25109  33.031  -48.114  20.924 0.1000000015
26940  31.112  -46.253  20.156 0.1000000015
26962  32.543  -45.679  18.546 0.1000000015
27894  33.760  -45.566  17.685 0.1000000015
26953  32.210  -46.250  19.201 0.1000000015
15627  41.612  -59.605  16.502 0.1000000015
15635  42.422  -59.910  15.726 0.1000000015
15628  40.745  -59.441  16.196 0.1000000015
15629  40.114  -59.379  16.794 0.1000000015
16471  39.560  -59.212  17.434 0.1000000015
15613  40.907  -59.434  18.168 0.1000000015
15614  39.969  -59.003  18.316 0.1000000015
15626  42.592  -59.890  16.477 0.2000000030
119441  39.206  -58.692  18.860 0.1000000015
14827  42.231  -60.020  14.851 0.2000000030
15636  41.466  -59.625  15.547 0.1000000015
14837  41.829  -60.405  14.160 0.2000000030
15638  39.986  -59.201  15.972 0.1000000015
16473  38.101  -58.741  17.859 0.1000000015
14080  42.352  -61.179  13.798 0.2000000030
15647  41.246  -59.778  14.696 0.2000000030
16482  39.349  -59.131  16.612 0.2000000030
15637  40.616  -59.405  15.344 0.2000000030
16491  39.221  -58.895  15.734 0.2000000030
16472  38.735  -59.048  17.258 0.3000000119
16483  38.584  -58.816  16.391 0.3000000119
113696  37.487  -58.229  17.153 0.3000000119
15648  40.427  -59.443  14.471 0.2000000030
15639  39.047  -58.852  14.894 0.2000000030
14087  41.894  -61.578  13.157 0.2000000030
16492  38.402  -58.617  15.482 0.2000000030
14847  40.496  -60.394  13.369 0.2000000030
10759  40.904  -65.382  12.784 0.1000000015
14838  40.950  -59.984  13.911 0.2000000030
14846  41.414  -60.769  13.526 0.2000000030
16484  37.711  -58.326  16.188 0.3000000119
16485  37.003  -57.882  16.553 0.4000000060
12456  41.674  -63.960  12.789 0.1000000015
13262  42.222  -62.476  12.979 0.1000000015
15649  39.630  -59.156  14.273 0.2000000030
16503  38.230  -58.686  14.681 0.2000000030
11561  41.844  -64.825  13.032 0.1000000015
16494  36.757  -57.954  15.704 0.4000000060
13274  41.476  -63.048  12.737 0.2000000030
15660  40.118  -59.657  13.715 0.2000000030
13263  41.158  -62.119  12.899 0.2000000030
10760  40.288  -64.993  12.356 0.1000000015
10774  39.617  -65.059  11.749 0.2000000030
11579  40.879  -64.512  12.677 0.1000000015
11580  40.043  -64.269  12.175 0.1000000015
14088  40.843  -61.247  13.108 0.2000000030
15661  39.288  -59.448  13.547 0.2000000030
15650  38.785  -59.062  14.131 0.2000000030
16504  37.559  -58.589  14.473 0.4000000060
12457  40.696  -63.625  12.537 0.1000000015
15663  37.720  -59.195  13.389 0.4000000060
17250  35.797  -57.662  15.856 0.4000000060
14095  40.245  -61.753  12.641 0.3000000119
14089  39.936  -60.927  12.954 0.3000000119
13275  40.482  -62.666  12.501 0.2000000030
13276  39.662  -62.264  12.108 0.4000000060
16513  37.247  -58.829  13.938 0.4000000060
17251  35.334  -57.745  15.398 0.4000000060
14862  39.131  -60.577  12.688 0.3000000119
13277  38.912  -61.888  11.878 0.4000000060
14096  39.442  -61.397  12.374 0.3000000119
21463  42.641  -53.117  16.788 0.1000000015
21442  42.477  -53.481  17.728 0.1000000015
16495  35.958  -58.050  15.179 0.4000000060
15674  37.466  -59.633  12.901 0.4000000060
16514  36.424  -58.893  13.964 0.5000000000
14863  38.630  -61.101  12.192 0.4000000060
14864  38.154  -60.297  12.650 0.4000000060
111178  37.210  -60.235  12.336 0.4000000060
20550  43.069  -54.049  17.342 0.1000000015
20563  43.232  -53.847  16.422 0.1000000015
110693  42.594  -54.474  17.957 0.1000000015
17263  35.252  -57.996  14.808 0.4000000060
16515  35.505  -58.854  13.811 0.5000000000
15665  36.048  -59.256  13.267 0.5000000000
17264  34.516  -58.164  14.447 0.5000000000
18827  42.580  -55.354  17.277 0.1000000015
19645  41.415  -55.239  16.742 0.1000000015
19677  41.972  -55.543  15.106 0.1000000015
123031  42.213  -55.572  16.655 0.1000000015
19663  40.677  -54.802  15.916 0.1000000015
14810  43.477  -60.061  16.970 0.1000000015
15620  41.234  -59.614  17.405 0.1000000015
16459  38.931  -59.078  18.067 0.1000000015
15621  40.404  -59.406  17.509 0.1000000015
15619  42.225  -59.706  17.214 0.1000000015
15604  40.784  -59.035  19.063 0.1000000015
16437  39.283  -58.683  19.835 0.1000000015
19646  40.633  -54.855  16.948 0.1000000015
14825  43.822  -61.160  15.607 0.1000000015
16493  37.592  -58.314  15.140 0.3000000119
14848  39.655  -60.092  13.174 0.2000000030
16505  36.811  -58.361  14.664 0.4000000060
14849  38.857  -59.784  12.982 0.3000000119
15664  36.947  -59.152  13.316 0.4000000060
19633  43.498  -54.708  16.955 0.1000000015
15603  41.772  -59.250  19.328 0.1000000015
9990  33.749  -66.130  8.855 0.1000000015
10008  33.207  -66.609  8.375 0.1000000015
8497  33.589  -68.442  8.182 0.1000000015
117373  32.378  -66.250  8.291 0.1000000015
9250  34.131  -67.915  8.672 0.1000000015
126645  32.156  -65.586  8.735 0.1000000015
10817  31.540  -65.850  8.448 0.1000000015
10818  30.606  -65.517  8.734 0.1000000015
10009  31.774  -66.623  7.873 0.1000000015
4884  35.198  -72.914  18.070 0.1000000015
9201  30.700  -67.801  11.935 0.1000000015
9973  29.565  -66.434  10.962 0.1000000015
111404  34.301  -66.555  9.198 0.1000000015
9231  33.993  -66.966  8.671 0.1000000015
10788  29.785  -65.413  9.723 0.1000000015
9230  34.645  -67.430  9.364 0.1000000015
10819  29.642  -65.488  8.959 0.1000000015
109700  34.755  -68.435  9.170 0.1000000015
5518  34.991  -72.524  19.152 0.1000000015
118715  35.869  -72.607  17.694 0.1000000015
5559  35.751  -72.620  16.830 0.1000000015
112471  35.242  -70.128  19.575 0.1000000015
111112  35.515  -71.855  19.320 0.1000000015
5517  35.778  -72.406  18.927 0.1000000015
5548  36.504  -72.222  18.085 0.1000000015
6233  35.609  -71.895  15.710 0.1000000015
7720  32.441  -69.895  12.663 0.1000000015
8445  31.330  -68.315  12.352 0.1000000015
10798  33.337  -65.461  9.356 0.1000000015
10799  32.439  -65.225  9.286 0.1000000015
9216  34.732  -66.584  9.888 0.1000000015
8478  35.321  -69.107  9.561 0.1000000015
8479  34.878  -69.248  9.026 0.1000000015
6214  36.488  -72.184  17.280 0.1000000015
6222  36.193  -72.018  16.459 0.1000000015
7638  36.298  -70.088  19.589 0.1000000015
6918  36.122  -71.036  19.484 0.1000000015
6179  36.398  -71.901  19.122 0.1000000015
6964  36.599  -71.289  16.509 0.1000000015
7688  35.329  -70.169  15.636 0.1000000015
7700  33.830  -70.039  14.389 0.1000000015
6981  33.301  -70.189  13.853 0.1000000015
7701  33.352  -69.404  14.194 0.1000000015
7702  32.902  -69.638  13.522 0.1000000015
8431  32.226  -68.330  13.421 0.1000000015
125167  31.758  -68.317  12.887 0.1000000015
9186  31.613  -67.624  13.105 0.1000000015
109636  31.027  -64.884  10.740 0.1000000015
10784  33.728  -65.110  10.082 0.1000000015
10786  31.153  -64.787  9.980 0.1000000015
9215  35.272  -67.384  10.182 0.1000000015
9229  35.276  -68.241  9.825 0.1000000015
7676  36.287  -70.287  16.338 0.1000000015
111990  35.485  -69.397  19.794 0.1000000015
107963  37.059  -70.705  19.449 0.1000000015
6178  37.158  -71.366  19.195 0.1000000015
6196  36.938  -71.835  18.580 0.1000000015
6963  37.447  -70.955  16.825 0.1000000015
7675  37.254  -69.985  16.685 0.1000000015
7689  34.785  -69.237  15.411 0.1000000015
8408  33.869  -68.362  14.949 0.1000000015
9175  33.420  -67.790  14.810 0.1000000015
8360  36.626  -69.413  19.973 0.1000000015
7637  37.382  -69.994  19.555 0.1000000015
6917  37.829  -70.575  19.148 0.1000000015
6934  37.597  -71.221  18.498 0.1000000015
6933  38.105  -70.501  18.359 0.1000000015
8420  33.381  -68.593  14.481 0.1000000015
8421  32.792  -68.016  14.207 0.1000000015
9185  32.204  -67.418  13.873 0.1000000015
108957  31.222  -66.690  12.908 0.1000000015
9200  31.093  -67.442  12.462 0.1000000015
9962  31.060  -65.804  12.685 0.1000000015
9963  30.702  -66.526  12.032 0.1000000015
10764  30.937  -65.502  11.976 0.1000000015
11601  32.291  -64.396  11.125 0.1000000015
10777  31.311  -64.871  11.476 0.1000000015
10778  30.597  -65.472  11.265 0.1000000015
10785  32.823  -64.889  9.964 0.1000000015
11607  32.385  -64.599  10.478 0.1000000015
9976  35.288  -66.550  10.600 0.1000000015
9210  35.824  -67.354  10.930 0.1000000015
8468  35.778  -69.078  10.236 0.1000000015
8458  35.757  -68.225  10.580 0.1000000015
8467  36.238  -69.164  10.994 0.1000000015
8457  36.271  -68.260  11.305 0.1000000015
8393  36.402  -69.257  16.553 0.1000000015
8350  37.016  -68.688  20.494 0.1000000015
8349  38.635  -68.810  20.628 0.1000000015
7630  37.965  -69.460  20.051 0.1000000015
7636  38.241  -69.681  19.422 0.1000000015
7660  38.373  -69.865  18.244 0.1000000015
6949  38.028  -70.131  17.391 0.1000000015
8379  37.390  -69.225  17.082 0.1000000015
8394  35.677  -68.601  16.425 0.1000000015
8407  34.349  -68.559  15.280 0.1000000015
9163  33.467  -66.984  15.243 0.1000000015
9176  32.768  -67.054  14.588 0.1000000015
9935  32.381  -66.109  14.577 0.1000000015
117126  31.734  -66.732  13.596 0.1000000015
9946  31.968  -65.969  13.950 0.1000000015
9947  31.425  -65.932  13.372 0.1000000015
11584  32.435  -64.102  12.488 0.1000000015
11567  31.852  -64.547  12.982 0.1000000015
10776  35.017  -65.025  11.000 0.1000000015
11598  35.332  -64.580  11.639 0.1000000015
11605  34.207  -64.677  10.734 0.1000000015
11600  33.802  -64.130  11.476 0.1000000015
118274  32.804  -64.141  11.694 0.1000000015
11585  31.931  -64.447  11.931 0.1000000015
10775  35.658  -65.424  11.416 0.1000000015
11606  33.151  -64.489  10.758 0.1000000015
10782  35.288  -65.832  10.952 0.1000000015
120870  36.226  -65.787  11.792 0.1000000015
9971  35.924  -66.400  11.313 0.1000000015
7718  37.284  -69.622  12.232 0.1000000015
9099  38.147  -68.204  21.447 0.1000000015
117332  37.255  -68.194  20.907 0.1000000015
110877  36.666  -67.930  21.277 0.1000000015
8348  39.081  -68.482  20.341 0.1000000015
8358  38.979  -68.831  19.692 0.1000000015
8380  36.440  -68.327  16.974 0.1000000015
8359  38.773  -69.124  19.890 0.1000000015
7635  38.746  -69.256  19.287 0.1000000015
9122  38.516  -68.621  18.364 0.1000000015
9131  37.556  -68.444  17.612 0.1000000015
9147  35.436  -67.834  16.566 0.1000000015
9162  34.120  -67.741  15.437 0.1000000015
9133  35.919  -67.401  17.213 0.1000000015
9911  34.429  -66.537  16.547 0.1000000015
9924  33.332  -66.342  15.733 0.1000000015
9925  32.855  -66.273  15.209 0.1000000015
10727  32.518  -65.394  15.071 0.1000000015
10726  32.949  -65.629  15.759 0.1000000015
10737  32.172  -65.242  14.319 0.1000000015
11546  32.471  -64.559  14.700 0.1000000015
11555  32.190  -64.477  13.873 0.1000000015
11566  32.553  -63.964  13.272 0.1000000015
11599  34.621  -64.400  11.349 0.1000000015
11583  33.339  -63.785  12.500 0.1000000015
10762  36.094  -65.013  11.972 0.1000000015
11582  35.648  -64.254  12.400 0.1000000015
10761  36.578  -65.739  12.514 0.1000000015
9970  36.566  -66.536  12.024 0.1000000015
9209  36.438  -67.381  11.652 0.1000000015
7719  36.691  -69.115  11.609 0.1000000015
9882  38.561  -66.740  19.660 0.1000000015
9883  37.484  -65.968  19.275 0.1000000015
9087  37.998  -68.221  22.218 0.1000000015
9098  39.443  -68.037  21.080 0.1000000015
8370  38.950  -68.788  19.140 0.1000000015
120709  38.879  -68.039  18.951 0.1000000015
9891  36.969  -66.487  18.475 0.1000000015
9123  37.645  -67.588  18.210 0.1000000015
9892  35.857  -66.090  18.034 0.1000000015
10695  34.966  -65.812  17.550 0.1000000015
10697  33.634  -65.000  16.744 0.1000000015
9899  35.521  -66.599  17.425 0.1000000015
124374  34.875  -66.347  17.067 0.1000000015
113626  33.164  -65.109  16.194 0.1000000015
12435  32.751  -63.997  15.023 0.1000000015
12445  32.752  -63.851  14.221 0.1000000015
105851  34.744  -63.377  13.781 0.1000000015
12444  33.278  -63.649  13.457 0.1000000015
11563  36.056  -64.065  13.200 0.1000000015
11565  34.599  -63.933  12.160 0.1000000015
12443  34.144  -63.566  13.150 0.1000000015
11581  36.362  -64.799  12.730 0.1000000015
10745  36.844  -65.329  13.199 0.1000000015
9859  39.305  -66.715  21.732 0.1000000015
8324  39.145  -67.821  22.761 0.1000000015
9844  39.361  -67.244  22.158 0.1000000015
9873  39.382  -66.646  21.080 0.1000000015
108789  39.385  -67.064  20.407 0.1000000015
8326  37.742  -68.724  23.628 0.1000000015
8338  38.616  -68.504  22.928 0.1000000015
9085  39.597  -67.455  21.518 0.1000000015
9872  39.884  -67.267  21.054 0.1000000015
9114  39.106  -67.593  19.747 0.1000000015
10685  36.186  -65.555  18.707 0.1000000015
10686  35.101  -65.195  18.200 0.1000000015
10687  34.216  -64.806  17.511 0.1000000015
11531  33.231  -64.339  16.292 0.1000000015
12421  33.130  -63.694  15.615 0.1000000015
111175  33.680  -63.146  15.081 0.1000000015
12434  33.718  -63.371  14.147 0.1000000015
12433  34.529  -63.037  14.631 0.1000000015
11564  35.141  -63.731  13.015 0.1000000015
10736  37.435  -65.697  13.768 0.1000000015
9071  39.099  -67.555  23.103 0.1000000015
10658  38.115  -65.737  20.883 0.1000000015
10673  36.271  -65.182  19.501 0.1000000015
11486  35.260  -64.446  19.765 0.1000000015
11502  35.213  -64.752  18.969 0.1000000015
11503  34.387  -64.163  18.366 0.1000000015
11518  33.981  -63.749  17.701 0.1000000015
11519  33.576  -64.095  17.024 0.1000000015
12407  33.973  -62.857  16.492 0.1000000015
12408  33.482  -63.550  16.428 0.1000000015
13247  34.875  -62.576  16.123 0.1000000015
116596  33.649  -63.138  15.832 0.1000000015
12432  35.406  -63.282  14.279 0.1000000015
12430  36.974  -63.629  14.843 0.1000000015
117197  36.701  -63.787  14.247 0.1000000015
11554  36.112  -63.693  13.929 0.1000000015
11562  37.134  -64.837  13.691 0.1000000015
9934  37.928  -66.454  14.166 0.1000000015
9174  38.500  -67.373  14.482 0.1000000015
9845  38.798  -66.649  22.488 0.1000000015
10646  37.574  -65.523  21.482 0.1000000015
10660  36.189  -64.866  20.288 0.1000000015
9072  38.760  -67.590  23.826 0.1000000015
10672  37.232  -65.478  20.165 0.1000000015
12376  34.331  -63.260  18.480 0.1000000015
125649  34.138  -63.208  17.687 0.1000000015
115720  34.171  -62.839  17.288 0.1000000015
13237  34.555  -62.574  16.841 0.1000000015
12419  36.423  -63.052  15.395 0.1000000015
104639  35.375  -62.843  15.192 0.1000000015
11553  37.317  -64.291  14.303 0.1000000015
11552  38.060  -64.788  14.674 0.1000000015
10735  38.080  -65.621  14.408 0.1000000015
9922  40.183  -67.064  15.475 0.1000000015
9171  41.485  -67.399  14.776 0.1000000015
9835  38.030  -67.074  24.041 0.1000000015
126329  38.623  -67.034  23.550 0.1000000015
10637  37.892  -66.021  22.715 0.1000000015
10638  36.929  -65.332  22.342 0.1000000015
11466  35.601  -64.380  22.191 0.1000000015
11472  35.374  -64.244  21.313 0.1000000015
10645  38.219  -66.132  22.001 0.1000000015
10659  36.985  -65.105  20.859 0.1000000015
11479  34.723  -63.579  20.027 0.1000000015
11487  34.498  -63.738  19.210 0.1000000015
12361  34.483  -63.032  19.485 0.1000000015
116148  34.903  -62.560  18.159 0.1000000015
13236  35.340  -62.473  16.822 0.1000000015
13246  35.863  -62.581  16.060 0.1000000015
11500  42.520  -64.323  17.972 0.1000000015
11516  41.247  -64.698  17.397 0.1000000015
12403  39.337  -63.884  16.822 0.1000000015
12404  38.496  -63.535  16.582 0.1000000015
12406  36.791  -62.830  16.194 0.1000000015
11514  42.705  -64.565  17.346 0.1000000015
11515  42.118  -64.812  17.460 0.1000000015
11517  40.258  -64.308  17.131 0.1000000015
12405  37.661  -63.187  16.383 0.1000000015
11499  43.052  -64.138  17.827 0.1000000015
11513  43.320  -63.991  17.157 0.1000000015
10693  42.323  -65.129  16.837 0.1000000015
10710  40.317  -65.529  16.163 0.1000000015
11543  38.552  -64.494  15.363 0.1000000015
11544  37.768  -64.012  15.050 0.1000000015
11526  43.321  -64.186  16.284 0.1000000015
10708  41.979  -65.806  16.349 0.1000000015
10725  38.841  -65.495  15.057 0.1000000015
9910  41.494  -66.416  15.811 0.1000000015
11551  42.779  -64.462  14.654 0.1000000015
9931  41.858  -66.471  15.035 0.1000000015
10623  36.444  -65.629  24.315 0.1000000015
9836  37.276  -66.307  23.881 0.1000000015
10632  36.910  -65.594  23.357 0.1000000015
11445  35.789  -64.802  24.012 0.1000000015
11456  35.903  -64.521  23.124 0.1000000015
12334  34.856  -63.550  21.770 0.1000000015
12349  34.740  -63.549  20.878 0.1000000015
12342  34.581  -62.842  21.221 0.1000000015
12350  34.561  -62.991  20.359 0.1000000015
13214  34.587  -62.679  18.930 0.1000000015
13226  35.752  -62.429  17.651 0.1000000015
13224  37.648  -62.610  17.697 0.1000000015
13235  36.237  -62.557  16.835 0.1000000015
11501  41.690  -64.332  18.053 0.1000000015
12389  39.685  -63.608  17.541 0.1000000015
12390  38.814  -63.328  17.281 0.1000000015
12391  38.024  -63.024  17.099 0.1000000015
12373  42.138  -63.846  18.604 0.1000000015
13244  44.335  -62.104  16.088 0.1000000015
12402  43.801  -63.409  16.489 0.1000000015
10614  36.174  -65.694  25.145 0.1000000015
11457  35.214  -63.871  23.791 0.1000000015
12324  34.902  -63.037  23.669 0.1000000015
113237  34.939  -63.536  22.833 0.1000000015
12335  34.722  -62.871  22.098 0.1000000015
121762  34.789  -62.528  21.644 0.1000000015
13180  34.715  -62.624  20.624 0.1000000015
13198  35.150  -62.360  19.591 0.1000000015
13212  36.336  -62.243  18.803 0.1000000015
13213  35.455  -62.329  18.688 0.1000000015
13210  38.356  -62.541  18.394 0.1000000015
13195  37.856  -62.241  19.204 0.1000000015
116147  36.285  -62.342  18.248 0.1000000015
12360  41.537  -63.158  19.281 0.1000000015
13225  36.750  -62.457  17.708 0.1000000015
13207  44.081  -62.848  18.657 0.1000000015
12359  42.622  -63.311  19.071 0.1000000015
13223  38.393  -62.853  17.660 0.1000000015
12370  44.313  -62.719  17.871 0.1000000015
12371  43.581  -63.461  18.022 0.1000000015
11446  35.333  -64.108  24.588 0.1000000015
108176  35.158  -63.401  24.308 0.1000000015
12325  34.808  -62.597  22.893 0.1000000015
13154  35.035  -62.220  22.095 0.1000000015
13165  34.872  -62.273  21.187 0.1000000015
14043  35.319  -61.980  20.820 0.1000000015
13178  35.650  -62.029  20.161 0.1000000015
14050  37.519  -61.862  19.895 0.1000000015
13196  36.890  -62.084  19.272 0.1000000015
114507  38.806  -62.327  19.293 0.1000000015
13209  39.423  -62.725  18.729 0.1000000015
12372  42.919  -63.788  18.415 0.1000000015
13221  44.806  -62.003  17.680 0.1000000015
14067  44.366  -61.485  16.255 0.1000000015
12312  35.346  -63.416  24.997 0.1000000015
13140  35.996  -62.094  24.838 0.1000000015
105754  35.364  -62.658  24.411 0.1000000015
117314  36.421  -61.645  24.340 0.1000000015
13147  35.201  -62.269  23.553 0.1000000015
14012  35.627  -61.710  22.383 0.1000000015
108234  35.151  -61.995  22.878 0.1000000015
14029  35.470  -61.849  21.514 0.1000000015
14042  36.240  -61.724  20.843 0.1000000015
122294  37.171  -61.664  20.500 0.1000000015
13177  39.092  -62.052  20.074 0.1000000015
13208  40.412  -62.981  19.008 0.1000000015
13194  39.731  -62.536  19.537 0.1000000015
12358  43.347  -63.168  18.832 0.1000000015
14815  44.710  -61.142  17.030 0.1000000015
14816  44.170  -60.796  16.448 0.1000000015
13997  36.760  -61.463  23.612 0.1000000015
13998  35.761  -61.669  23.332 0.1000000015
107358  36.539  -61.464  22.665 0.1000000015
14011  37.521  -61.409  22.854 0.1000000015
14028  36.375  -61.532  21.767 0.1000000015
14027  37.306  -61.404  22.024 0.1000000015
14041  38.180  -61.647  20.655 0.1000000015
14049  38.315  -61.990  19.819 0.1000000015
14807  45.424  -60.980  18.290 0.1000000015
13206  44.776  -62.232  18.453 0.1000000015
14809  44.556  -60.515  17.336 0.1000000015
13996  37.873  -61.407  23.685 0.1000000015
14010  38.949  -61.431  22.288 0.1000000015
111496  38.438  -61.360  22.958 0.1000000015
14024  40.480  -61.674  22.007 0.1000000015
124824  39.664  -61.462  22.370 0.1000000015
119709  38.145  -61.386  22.189 0.1000000015
13164  41.196  -62.118  21.320 0.1000000015
14040  39.313  -61.820  20.895 0.1000000015
14056  45.774  -61.028  18.812 0.1000000015
14048  45.012  -61.851  19.660 0.1000000015
13189  44.619  -62.401  19.212 0.1000000015
13191  43.162  -62.892  19.563 0.1000000015
13192  42.296  -62.872  19.836 0.1000000015
13193  40.612  -62.713  19.655 0.1000000015
15618  44.100  -59.980  17.863 0.1000000015
13173  43.700  -62.574  20.075 0.1000000015
13163  41.977  -62.126  21.336 0.1000000015
14025  39.546  -61.607  21.690 0.1000000015
14026  38.677  -61.538  21.534 0.1000000015
13175  41.920  -62.460  20.677 0.1000000015
14039  40.260  -61.936  21.151 0.1000000015
14038  44.179  -62.129  20.504 0.1000000015
13176  40.968  -62.341  20.735 0.1000000015
13174  42.916  -62.589  20.328 0.1000000015
104447  41.276  -62.627  20.086 0.1000000015
8446  30.876  -68.758  11.614 0.1000000015
9211  30.122  -67.138  11.543 0.1000000015
9972  30.164  -66.227  11.341 0.1000000015
9251  33.424  -67.503  8.195 0.1000000015
9977  29.938  -65.674  10.636 0.1000000015
10800  31.435  -65.136  9.184 0.1000000015
10787  30.472  -65.115  10.277 0.1000000015
10010  30.918  -66.337  8.117 0.1000000015
10801  30.479  -65.152  9.424 0.1000000015
5533  35.106  -72.758  18.649 0.1000000015
9212  29.441  -67.388  11.212 0.1000000015
9978  29.226  -65.856  10.140 0.1000000015
6197  36.310  -72.199  18.645 0.1000000015
6971  35.880  -71.147  15.967 0.1000000015
118216  32.854  -68.844  13.872 0.1000000015
7708  31.938  -68.970  12.604 0.1000000015
9989  34.163  -65.852  9.537 0.1000000015
11608  31.960  -64.747  9.895 0.1000000015
6221  36.937  -71.696  16.913 0.1000000015
6213  37.186  -71.629  17.693 0.1000000015
108217  34.612  -70.057  14.880 0.1000000015
6979  34.220  -70.875  14.459 0.1000000015
7677  35.492  -69.301  16.082 0.1000000015
7690  34.033  -69.156  14.781 0.1000000015
11602  31.705  -64.606  10.689 0.1000000015
10783  34.643  -65.669  10.389 0.1000000015
8395  34.917  -68.364  15.894 0.1000000015
7647  38.393  -69.888  18.900 0.1000000015
10763  31.361  -65.040  12.373 0.1000000015
10746  31.772  -65.174  13.626 0.1000000015
8378  38.237  -69.283  17.823 0.1000000015
9148  34.661  -67.388  16.184 0.1000000015
9149  33.955  -66.816  15.903 0.1000000015
9132  36.769  -67.719  17.557 0.1000000015
9898  36.426  -66.955  17.811 0.1000000015
10696  34.299  -65.744  16.960 0.1000000015
9912  33.613  -65.913  16.328 0.1000000015
11545  32.792  -64.636  15.562 0.1000000015
9961  36.830  -66.591  12.732 0.1000000015
10671  38.372  -66.222  20.224 0.1000000015
9890  38.289  -66.981  18.913 0.1000000015
9086  38.979  -67.990  22.016 0.1000000015
9107  39.524  -67.782  20.735 0.1000000015
9113  39.131  -68.347  19.798 0.1000000015
117964  36.631  -64.631  13.289 0.1000000015
9858  39.795  -67.182  21.345 0.1000000015
12392  33.772  -63.325  17.139 0.1000000015
12420  34.309  -62.827  15.532 0.1000000015
104374  36.689  -64.190  13.750 0.1000000015
9944  37.455  -66.495  13.635 0.1000000015
125358  38.649  -66.120  21.432 0.1000000015
11478  35.285  -64.261  20.533 0.1000000015
12431  36.177  -63.345  14.626 0.1000000015
12418  37.314  -63.381  15.590 0.1000000015
9933  38.663  -66.393  14.692 0.1000000015
9932  39.313  -67.206  15.075 0.1000000015
9172  40.022  -67.843  15.263 0.1000000015
10631  38.203  -66.495  23.307 0.1000000015
11477  36.065  -64.662  20.899 0.1000000015
112335  34.471  -62.900  17.997 0.1000000015
13227  34.789  -62.566  17.472 0.1000000015
9161  40.627  -67.841  15.286 0.1000000015
9923  39.328  -66.410  15.195 0.1000000015
10723  40.796  -66.455  15.887 0.1000000015
9159  41.455  -66.949  15.345 0.1000000015
11471  36.420  -64.863  21.508 0.1000000015
13199  34.781  -62.721  19.910 0.1000000015
12388  40.662  -64.028  17.878 0.1000000015
11528  40.808  -65.075  16.741 0.1000000015
11530  38.976  -64.155  16.092 0.1000000015
12417  38.163  -63.737  15.809 0.1000000015
114193  37.099  -62.720  17.020 0.1000000015
10694  41.750  -65.325  16.890 0.1000000015
11529  39.837  -64.636  16.443 0.1000000015
12387  44.064  -63.188  17.227 0.1000000015
11527  42.828  -64.724  16.664 0.1000000015
11542  39.381  -65.021  15.761 0.1000000015
10724  39.792  -65.999  15.612 0.1000000015
10709  41.295  -65.864  16.342 0.1000000015
12401  44.369  -62.659  16.590 0.1000000015
10707  42.439  -65.349  16.199 0.1000000015
9909  42.066  -66.078  15.687 0.1000000015
10743  42.353  -65.022  14.496 0.1000000015
10733  42.342  -65.660  15.075 0.1000000015
13211  37.173  -62.331  18.453 0.1000000015
12374  41.096  -63.626  18.551 0.1000000015
12375  40.057  -63.312  18.289 0.1000000015
13222  39.122  -62.991  17.942 0.1000000015
13234  44.754  -61.896  16.844 0.1000000015
13179  35.020  -62.330  20.393 0.1000000015
13197  35.949  -62.108  19.401 0.1000000015
13205  45.246  -61.486  18.297 0.1000000015
14061  44.980  -61.314  17.662 0.1000000015
104424  40.153  -62.335  20.331 0.1000000015
124711  37.925  -61.430  21.508 0.1000000015
15675  36.577  -59.716  12.753 0.4000000060
123958  38.421  -62.261  11.408 0.3000000119
14097  38.194  -61.595  11.624 0.3000000119
14098  37.782  -60.901  11.990 0.3000000119
14108  37.422  -61.411  11.283 0.3000000119
14865  36.274  -60.278  12.067 0.4000000060
10839  40.979  -64.859  6.330 0.1000000015
11641  42.579  -64.614  7.497 0.1000000015
11629  43.140  -64.294  8.498 0.2000000030
13312  41.635  -62.771  8.670 0.3000000119
111220  33.921  -58.967  9.809 0.4000000060
114695  38.957  -62.788  11.572 0.3000000119
14144  39.365  -61.641  7.521 0.4000000060
14917  38.122  -61.070  7.607 0.4000000060
114318  42.395  -63.581  9.016 0.2000000030
14135  41.105  -61.962  8.218 0.3000000119
121834  38.864  -61.118  7.553 0.4000000060
14909  37.225  -61.015  7.898 0.4000000060
15706  35.197  -59.620  9.178 0.4000000060
10840  40.222  -65.513  5.667 0.1000000015
12497  43.188  -63.675  9.100 0.3000000119
15723  37.875  -60.246  7.889 0.4000000060
14910  36.525  -60.536  8.390 0.4000000060
15718  35.669  -59.273  8.709 0.4000000060
11651  41.873  -64.086  6.292 0.1000000015
16538  33.080  -58.085  10.337 0.5000000000
12496  43.557  -63.521  8.863 0.2000000030
13311  42.789  -62.716  9.286 0.3000000119
117213  37.112  -60.144  8.106 0.4000000060
18108  32.216  -56.524  10.827 0.4000000060
18881  31.200  -55.504  12.273 0.4000000060
14915  39.562  -60.819  7.816 0.4000000060
15715  38.597  -59.623  8.327 0.4000000060
15717  36.529  -59.557  8.412 0.4000000060
16561  35.541  -58.629  8.783 0.4000000060
16554  34.283  -58.495  9.368 0.5000000000
106748  41.039  -63.997  5.410 0.2000000030
12508  42.815  -63.755  7.290 0.2000000030
14118  43.555  -61.949  9.578 0.2000000030
12504  43.122  -64.230  8.041 0.2000000030
118287  41.131  -61.193  8.583 0.3000000119
14907  40.400  -60.530  8.466 0.3000000119
11656  40.318  -64.592  4.913 0.1000000015
14134  41.826  -61.888  8.873 0.3000000119
14908  39.568  -59.869  8.472 0.4000000060
111301  36.969  -58.744  8.561 0.4000000060
17302  33.544  -57.497  9.695 0.5000000000
18107  32.690  -56.516  10.241 0.5000000000
18889  31.511  -55.337  11.494 0.4000000060
123991  39.216  -59.125  8.885 0.4000000060
17309  35.933  -57.921  8.954 0.4000000060
17301  34.467  -57.501  9.357 0.5000000000
18116  33.311  -56.588  9.824 0.5000000000
18888  31.851  -55.927  11.087 0.4000000060
11650  42.424  -63.704  6.671 0.2000000030
13310  43.929  -62.836  8.744 0.2000000030
14117  44.296  -61.949  9.447 0.2000000030
14119  43.063  -61.109  9.780 0.4000000060
109306  44.109  -61.139  9.946 0.2000000030
14894  42.416  -60.424  9.728 0.3000000119
14893  43.588  -60.089  10.095 0.4000000060
14906  41.394  -60.224  9.322 0.3000000119
17300  35.486  -57.322  9.280 0.5000000000
18896  32.474  -55.697  10.343 0.5000000000
19722  31.528  -54.693  11.171 0.4000000060
20629  31.056  -54.689  11.860 0.4000000060
116512  42.366  -59.538  9.957 0.4000000060
16558  39.964  -58.922  9.264 0.4000000060
16553  37.791  -58.184  9.104 0.4000000060
18115  34.164  -56.536  9.566 0.5000000000
13320  43.794  -62.812  8.047 0.2000000030
13332  42.868  -62.954  6.270 0.2000000030
13319  44.260  -62.176  8.508 0.2000000030
20630  30.570  -53.316  12.231 0.4000000060
119729  44.584  -61.116  9.649 0.2000000030
15714  40.546  -59.562  9.195 0.3000000119
110806  38.869  -57.742  9.363 0.4000000060
17308  36.815  -58.041  9.051 0.4000000060
12524  41.709  -63.309  4.980 0.2000000030
14142  43.813  -61.905  7.470 0.2000000030
14892  44.674  -60.305  9.947 0.3000000119
15702  43.344  -58.870  10.077 0.4000000060
20606  30.472  -53.352  13.071 0.4000000060
15703  41.441  -59.058  9.818 0.3000000119
118454  36.044  -57.279  9.285 0.5000000000
18902  33.252  -55.195  9.868 0.5000000000
121991  32.445  -51.376  14.870 0.4000000060
110592  42.466  -62.753  5.091 0.2000000030
118273  43.366  -62.440  6.897 0.2000000030
17296  39.807  -57.320  9.389 0.4000000060
17298  37.416  -57.307  9.369 0.4000000060
19742  32.514  -54.622  10.040 0.5000000000
20646  30.905  -53.194  11.364 0.4000000060
21486  36.455  -52.561  15.297 0.4000000060
12523  42.195  -62.652  4.105 0.2000000030
14149  43.688  -61.680  6.243 0.2000000030
14905  44.698  -60.604  8.594 0.2000000030
15700  45.104  -59.533  9.516 0.2000000030
16551  41.591  -57.962  9.867 0.4000000060
18899  35.837  -55.718  9.453 0.5000000000
19740  34.104  -54.825  9.457 0.5000000000
11662  40.921  -63.630  3.196 0.2000000030
106809  42.295  -58.593  10.036 0.4000000060
15705  40.483  -57.822  9.601 0.3000000119
18112  37.057  -56.535  9.409 0.5000000000
18114  35.178  -56.481  9.444 0.5000000000
19734  31.784  -54.300  10.571 0.5000000000
12539  41.556  -63.047  2.709 0.2000000030
23390  33.995  -50.742  14.365 0.4000000060
21511  35.917  -52.193  14.835 0.2000000030
23392  31.815  -50.810  14.184 0.4000000060
21560  30.499  -52.622  12.767 0.4000000060
13331  43.364  -62.134  5.666 0.2000000030
16549  44.100  -58.258  9.816 0.4000000060
20665  31.537  -53.469  10.628 0.4000000060
21580  30.566  -52.531  11.958 0.4000000060
13346  42.782  -62.157  4.351 0.2000000030
14914  44.378  -60.470  7.439 0.2000000030
15722  44.561  -59.675  8.116 0.2000000030
14156  43.587  -61.414  5.167 0.2000000030
23409  32.302  -50.287  13.633 0.4000000060
23426  31.137  -50.415  12.617 0.4000000060
22476  30.724  -51.071  12.173 0.4000000060
17297  38.327  -57.135  9.354 0.3000000119
19741  33.355  -54.473  9.603 0.5000000000
121753  30.870  -51.931  11.082 0.4000000060
16550  42.847  -58.006  9.767 0.4000000060
120828  40.522  -57.197  9.231 0.4000000060
17307  39.216  -56.878  9.217 0.3000000119
17294  42.046  -57.568  9.466 0.4000000060
109140  34.956  -54.737  9.197 0.5000000000
14148  44.073  -61.139  6.840 0.2000000030
23425  31.834  -49.958  12.926 0.4000000060
21601  31.784  -52.942  9.997 0.5000000000
108422  32.296  -53.167  9.503 0.5000000000
18121  38.221  -55.986  8.588 0.4000000060
18898  36.666  -55.819  9.295 0.5000000000
19748  33.795  -54.055  9.211 0.5000000000
19747  35.552  -54.840  8.598 0.5000000000
18905  36.927  -55.477  8.703 0.5000000000
14875  36.953  -60.736  11.591 0.4000000060
14911  35.854  -60.072  8.795 0.4000000060
23391  32.875  -50.699  14.340 0.4000000060
22455  30.753  -51.127  13.208 0.4000000060
120901  34.405  -54.308  9.050 0.5000000000
12473  38.085  -63.805  10.094 0.3000000119
13291  37.652  -63.273  9.686 0.3000000119
13292  37.444  -62.590  10.185 0.2000000030
14113  37.073  -61.897  10.467 0.2000000030
10797  38.645  -65.324  9.093 0.2000000030
11617  38.294  -64.531  9.181 0.3000000119
12501  38.363  -63.963  8.111 0.3000000119
13314  38.137  -63.162  7.835 0.3000000119
12500  39.330  -64.169  7.941 0.2000000030
12498  42.564  -64.419  8.787 0.2000000030
11702  41.022  -63.901  1.051 0.1000000015
124252  40.539  -64.289  0.062 0.1000000015
17333  44.485  -57.333  4.591 0.1000000015
11597  39.179  -64.169  11.442 0.1000000015
119481  38.129  -62.929  10.807 0.2000000030
11604  38.498  -64.397  10.464 0.2000000030
115254  39.475  -65.969  11.335 0.1000000015
110290  38.963  -66.213  10.309 0.1000000015
114522  38.877  -65.233  10.755 0.2000000030
11655  40.933  -63.768  4.346 0.1000000015
12561  40.949  -63.495  1.945 0.1000000015
14927  44.135  -60.309  5.342 0.1000000015
114670  44.601  -58.952  5.836 0.1000000015
16568  44.264  -58.559  6.401 0.1000000015
17319  43.853  -58.380  6.521 0.1000000015
14939  43.833  -60.199  4.611 0.1000000015
16579  44.701  -58.251  5.236 0.1000000015
106138  43.810  -57.772  5.551 0.1000000015
17320  42.977  -58.105  6.574 0.1000000015
108990  44.794  -57.728  4.715 0.1000000015
18145  42.334  -56.881  4.890 0.1000000015
18147  40.394  -56.843  5.180 0.1000000015
18165  40.769  -56.207  4.666 0.1000000015
18938  39.524  -55.634  4.455 0.1000000015
16557  44.402  -57.961  9.280 0.1000000015
18120  39.311  -56.504  8.549 0.3000000119
13345  43.262  -61.766  4.690 0.1000000015
14155  44.062  -61.022  5.696 0.1000000015
123943  44.077  -58.203  8.321 0.1000000015
17315  41.722  -57.600  8.025 0.2000000030
18119  40.238  -56.892  8.232 0.3000000119
18911  37.648  -55.549  7.407 0.3000000119
122784  36.457  -55.064  7.433 0.3000000119
12581  41.164  -63.362  0.995 0.1000000015
13362  43.129  -61.589  3.895 0.1000000015
16569  44.041  -58.570  7.657 0.1000000015
107375  42.464  -57.967  7.519 0.1000000015
18124  40.250  -56.851  7.081 0.2000000030
18918  37.943  -55.950  6.604 0.3000000119
14184  43.456  -61.059  3.683 0.1000000015
17322  40.921  -57.346  6.432 0.1000000015
115971  38.239  -55.845  5.030 0.2000000030
18929  36.943  -55.388  5.963 0.3000000119
18939  38.960  -56.297  4.932 0.1000000015
18940  37.833  -55.257  4.787 0.2000000030
20707  35.947  -53.871  5.439 0.4000000060
19790  40.282  -54.843  4.229 0.1000000015
19792  38.325  -54.690  4.275 0.1000000015
20728  37.357  -53.673  4.201 0.3000000119
14835  43.438  -61.167  14.883 0.1000000015
14079  42.616  -62.025  13.684 0.1000000015
20676  32.760  -52.966  9.023 0.4000000060
19758  34.754  -54.351  8.443 0.4000000060
18904  37.625  -55.577  8.274 0.3000000119
19746  36.312  -55.196  8.205 0.4000000060
20686  34.440  -53.746  7.596 0.4000000060
118854  35.325  -53.683  6.246 0.4000000060
20696  34.647  -53.272  6.694 0.4000000060
121393  35.819  -54.317  6.197 0.4000000060
20708  35.480  -53.153  5.605 0.5000000000
125364  36.957  -54.037  4.536 0.3000000119
21661  35.870  -52.953  4.952 0.5000000000
19805  39.816  -53.976  4.056 0.2000000030
19791  39.239  -54.796  4.185 0.1000000015
21680  36.454  -52.485  4.405 0.4000000060
19803  41.420  -54.182  3.408 0.1000000015
20743  40.199  -53.468  3.554 0.1000000015
112406  38.553  -53.504  3.601 0.2000000030
115516  38.050  -53.945  3.990 0.2000000030
18958  43.296  -55.160  2.474 0.1000000015
19802  42.288  -54.493  2.780 0.1000000015
21700  38.683  -52.982  2.916 0.2000000030
20756  42.168  -54.017  2.061 0.1000000015
22538  31.613  -51.397  9.867 0.4000000060
22522  31.217  -51.683  10.604 0.3000000119
22537  32.144  -51.512  9.032 0.4000000060
20687  33.618  -53.303  7.935 0.4000000060
21622  33.020  -52.831  8.324 0.4000000060
21633  33.896  -52.929  7.096 0.4000000060
122715  32.715  -52.244  8.010 0.4000000060
21647  34.953  -52.877  5.985 0.4000000060
22586  34.952  -51.527  5.530 0.4000000060
22587  34.165  -51.664  6.002 0.4000000060
23544  35.330  -50.671  5.238 0.5000000000
22597  35.716  -51.432  5.031 0.4000000060
21701  37.555  -52.349  3.274 0.3000000119
20746  37.155  -52.847  3.989 0.4000000060
22596  36.454  -51.438  4.401 0.4000000060
21729  39.992  -52.139  1.350 0.2000000030
112190  40.138  -52.526  2.183 0.2000000030
112497  38.047  -52.644  2.794 0.2000000030
113466  41.662  -53.601  1.835 0.1000000015
20767  40.967  -53.169  2.009 0.2000000030
17387  41.366  -57.033  1.747 0.1000000015
23490  31.743  -50.665  9.368 0.4000000060
23474  31.160  -50.809  10.682 0.4000000060
106673  32.143  -50.805  8.562 0.4000000060
122454  32.878  -50.385  6.681 0.4000000060
22563  32.474  -50.941  7.740 0.4000000060
23531  33.225  -50.047  6.361 0.4000000060
114015  34.852  -49.902  5.394 0.4000000060
24445  33.923  -50.006  5.907 0.4000000060
24449  36.341  -49.774  4.212 0.4000000060
24443  35.712  -49.821  4.813 0.4000000060
23566  37.262  -50.816  2.733 0.3000000119
22612  37.391  -51.409  3.172 0.3000000119
22613  36.961  -51.164  3.803 0.4000000060
115093  40.445  -52.345  0.827 0.2000000030
22643  39.347  -51.733  0.986 0.2000000030
22628  38.365  -51.608  2.051 0.2000000030
21717  38.623  -52.223  2.423 0.2000000030
20765  42.347  -53.853  1.278 0.2000000030
17388  40.286  -56.908  1.615 0.1000000015
17399  42.033  -56.762  0.744 0.1000000015
24387  31.599  -49.225  10.730 0.4000000060
113262  31.386  -49.943  10.786 0.3000000119
106491  31.754  -49.957  8.875 0.4000000060
26141  32.324  -47.713  8.118 0.4000000060
24409  31.908  -49.295  8.325 0.4000000060
24430  32.666  -49.606  6.749 0.4000000060
24420  32.234  -49.495  7.497 0.4000000060
111320  34.286  -49.038  5.547 0.4000000060
24429  33.382  -49.306  6.212 0.4000000060
24444  35.322  -49.083  4.956 0.4000000060
24481  35.524  -49.427  1.548 0.3000000119
24471  35.632  -49.228  2.491 0.3000000119
126149  35.788  -49.248  3.151 0.3000000119
24461  36.191  -49.143  3.782 0.3000000119
24450  36.046  -49.023  4.332 0.3000000119
108539  37.983  -52.169  -0.926 0.2000000030
106122  37.868  -51.671  -0.121 0.2000000030
23595  36.060  -50.734  0.654 0.3000000119
23579  36.278  -50.460  1.530 0.2000000030
23567  36.603  -50.312  2.613 0.3000000119
24460  36.499  -50.041  3.563 0.3000000119
22655  39.369  -51.778  0.196 0.2000000030
22645  37.826  -51.211  1.614 0.2000000030
21736  40.577  -52.304  0.118 0.2000000030
24327  32.727  -49.716  13.112 0.3000000119
24340  34.141  -49.082  12.844 0.3000000119
24342  32.140  -49.191  12.413 0.3000000119
24359  32.082  -48.716  11.737 0.4000000060
24343  31.471  -49.770  12.257 0.3000000119
26132  33.029  -46.977  9.788 0.3000000119
26116  32.760  -47.575  10.229 0.4000000060
27081  32.663  -46.837  7.887 0.4000000060
27069  32.677  -46.887  8.855 0.4000000060
25271  32.062  -48.454  8.717 0.4000000060
27092  32.782  -46.785  6.984 0.4000000060
26151  32.373  -48.173  7.179 0.4000000060
27111  33.586  -45.961  5.923 0.3000000119
25288  33.484  -48.406  6.022 0.4000000060
26159  32.852  -47.670  6.532 0.4000000060
108729  35.102  -47.288  1.782 0.3000000119
27156  34.790  -46.658  2.430 0.2000000030
118402  34.566  -46.493  3.246 0.2000000030
27129  34.378  -46.331  4.635 0.2000000030
26170  34.350  -47.628  5.206 0.3000000119
26171  33.641  -47.559  5.791 0.3000000119
25347  35.373  -48.730  1.273 0.3000000119
125749  35.393  -48.598  2.541 0.3000000119
26203  35.077  -48.088  3.513 0.2000000030
26204  34.690  -47.585  4.069 0.2000000030
112134  34.702  -47.816  4.701 0.2000000030
22677  37.499  -51.637  -1.645 0.2000000030
24503  35.946  -49.950  -0.621 0.3000000119
24492  35.723  -50.128  0.279 0.3000000119
24493  35.469  -49.462  0.759 0.3000000119
24324  34.986  -50.097  13.448 0.3000000119
23407  34.220  -50.193  13.642 0.3000000119
23408  33.307  -50.229  13.701 0.3000000119
28023  33.444  -45.389  7.374 0.3000000119
29085  34.406  -44.504  4.341 0.2000000030
116602  34.336  -44.183  5.127 0.2000000030
28042  33.844  -45.166  5.782 0.2000000030
28030  33.577  -45.308  6.521 0.2000000030
29115  35.176  -44.336  2.328 0.2000000030
28078  34.469  -45.155  3.639 0.2000000030
28063  34.325  -45.459  4.464 0.2000000030
29061  34.131  -44.913  5.094 0.2000000030
22432  36.305  -51.956  14.296 0.2000000030
19813  43.737  -55.245  1.645 0.1000000015
19814  42.937  -54.516  1.868 0.1000000015
23617  36.415  -50.570  -1.196 0.3000000119
22664  39.723  -52.191  -0.811 0.2000000030
14109  36.647  -61.205  10.774 0.3000000119
14120  36.922  -62.228  9.379 0.3000000119
13297  37.334  -62.835  9.308 0.3000000119
12505  39.915  -63.362  7.753 0.2000000030
14836  42.802  -60.764  14.427 0.1000000015
124403  39.141  -63.434  11.521 0.2000000030
13288  37.784  -62.127  11.020 0.2000000030
114343  44.934  -58.996  8.842 0.1000000015
111846  40.820  -57.068  8.961 0.3000000119
23406  35.494  -50.710  13.665 0.3000000119
16564  44.296  -58.856  7.666 0.1000000015
22499  30.805  -51.218  11.302 0.3000000119
17304  42.830  -57.586  9.225 0.3000000119
126283  38.731  -56.252  8.520 0.2000000030
125781  41.056  -57.204  8.464 0.2000000030
14920  44.388  -60.434  6.263 0.1000000015
109567  37.868  -63.876  9.022 0.3000000119
11634  38.912  -64.822  8.384 0.1000000015
18144  43.466  -57.094  4.780 0.1000000015
12470  38.653  -63.570  11.044 0.2000000030
14169  43.747  -60.825  4.800 0.1000000015
15733  44.402  -59.553  5.150 0.1000000015
124411  44.262  -58.871  6.653 0.1000000015
17313  43.393  -58.254  7.731 0.1000000015
17334  42.710  -57.544  5.641 0.1000000015
17335  41.660  -57.329  5.675 0.1000000015
18130  40.178  -57.187  5.987 0.1000000015
17314  42.666  -57.739  8.473 0.2000000030
18126  38.720  -56.118  7.922 0.3000000119
18125  39.483  -56.495  7.555 0.3000000119
18920  36.869  -55.180  6.861 0.4000000060
20685  35.055  -53.847  7.016 0.4000000060
18131  39.513  -56.784  6.415 0.3000000119
18927  38.355  -56.215  5.713 0.3000000119
19777  37.086  -55.038  5.248 0.3000000119
21623  32.523  -52.267  8.676 0.4000000060
21649  33.466  -51.930  6.764 0.4000000060
122047  40.560  -53.252  2.773 0.2000000030
21716  39.305  -52.491  2.454 0.2000000030
22562  32.793  -51.746  7.499 0.4000000060
22644  38.599  -51.497  1.320 0.2000000030
120084  31.615  -49.735  9.903 0.4000000060
24480  35.949  -49.865  2.000 0.3000000119
23578  37.183  -50.758  2.003 0.2000000030
22657  37.879  -51.276  0.767 0.2000000030
24386  31.885  -48.814  10.223 0.4000000060
25217  31.881  -48.641  11.088 0.4000000060
25260  32.276  -48.310  9.715 0.4000000060
117728  35.285  -48.125  2.007 0.3000000119
22666  37.237  -51.641  -0.769 0.2000000030
23607  36.929  -51.234  0.097 0.2000000030
25215  33.383  -48.154  11.626 0.4000000060
107904  33.250  -46.066  6.734 0.4000000060
27110  33.978  -46.735  5.387 0.2000000030
28097  35.419  -45.516  1.486 0.2000000030
118826  34.946  -45.890  2.028 0.2000000030
28088  34.627  -45.735  2.847 0.2000000030
27147  34.518  -46.820  3.973 0.2000000030
26092  33.099  -47.627  11.053 0.3000000119
25198  33.733  -48.555  12.271 0.2000000030
26091  33.866  -47.559  11.327 0.3000000119
24325  34.439  -49.662  13.219 0.2000000030
24339  35.092  -49.434  12.823 0.2000000030
12499  40.412  -64.440  8.287 0.1000000015
11632  41.157  -65.485  8.486 0.1000000015
125828  41.558  -64.756  8.559 0.1000000015
12458  39.741  -63.289  11.995 0.1000000015
11631  42.274  -65.334  8.445 0.1000000015
113190  41.249  -63.742  8.452 0.1000000015
21509  37.294  -53.014  14.472 0.1000000015
21534  36.977  -52.284  14.123 0.1000000015
21532  39.341  -52.859  13.223 0.1000000015
117905  38.194  -52.584  13.752 0.1000000015
23405  36.177  -50.886  13.371 0.1000000015
22474  37.606  -51.376  12.778 0.1000000015
23424  35.691  -50.205  13.072 0.1000000015
121069  37.250  -50.655  12.391 0.1000000015
23445  36.871  -49.950  12.070 0.1000000015
25197  34.674  -48.714  12.274 0.1000000015
25214  34.259  -48.188  11.708 0.2000000030
24357  36.454  -49.303  11.715 0.1000000015
24356  37.248  -49.650  11.280 0.2000000030
27051  33.712  -46.532  10.196 0.2000000030
25244  36.571  -48.290  10.737 0.2000000030
25245  35.709  -47.970  11.017 0.2000000030
26114  35.325  -47.253  10.700 0.2000000030
113985  34.249  -46.908  10.860 0.2000000030
25243  37.310  -48.617  10.368 0.2000000030
26113  36.269  -47.616  10.437 0.2000000030
27049  35.044  -46.467  10.409 0.2000000030
27068  33.321  -46.348  9.394 0.2000000030
27997  33.590  -45.621  9.114 0.2000000030
28015  33.459  -45.486  8.278 0.2000000030
29042  34.244  -44.190  7.578 0.1000000015
24384  37.589  -49.380  10.526 0.2000000030
113813  34.772  -45.777  10.039 0.2000000030
27996  34.315  -45.249  9.519 0.2000000030
28014  33.868  -44.868  8.845 0.1000000015
29025  35.146  -44.141  8.549 0.1000000015
29026  34.360  -44.362  8.384 0.1000000015
118822  36.609  -51.573  13.725 0.1000000015
20584  38.480  -53.670  14.602 0.1000000015
21508  37.938  -53.162  14.271 0.1000000015
20604  39.445  -53.514  13.942 0.1000000015
21558  38.701  -52.325  13.073 0.1000000015
22473  38.363  -51.560  12.553 0.1000000015
25212  36.098  -48.613  11.397 0.2000000030
27048  35.955  -46.832  10.179 0.2000000030
124513  36.373  -49.658  -1.237 0.2000000030
25361  35.587  -48.443  0.463 0.2000000030
25374  36.116  -48.343  -0.378 0.2000000030
24513  36.724  -48.913  -1.569 0.2000000030
26263  37.139  -47.549  -1.185 0.2000000030
26234  35.656  -47.475  0.577 0.2000000030
26246  36.643  -47.450  -0.562 0.2000000030
25360  35.980  -47.721  -0.011 0.2000000030
25386  37.293  -48.038  -1.793 0.2000000030
113176  35.340  -47.136  1.108 0.2000000030
27191  36.847  -46.560  -0.384 0.1000000015
27205  37.280  -46.894  -0.988 0.2000000030
27176  36.392  -46.214  0.244 0.2000000030
28108  35.866  -45.878  0.842 0.2000000030
28137  37.990  -45.689  -1.304 0.1000000015
28121  37.553  -45.326  -0.648 0.1000000015
29160  37.145  -44.993  0.009 0.1000000015
29188  38.608  -44.410  -2.425 0.1000000015
29197  38.849  -44.069  -3.199 0.1000000015
23473  37.923  -50.051  10.808 0.1000000015
29145  36.011  -45.072  0.994 0.1000000015
29159  37.656  -44.490  -0.444 0.1000000015
28107  36.524  -45.437  0.409 0.1000000015
29172  38.402  -44.220  -1.721 0.1000000015
29173  38.100  -43.956  -0.958 0.1000000015
30189  38.935  -43.119  -3.125 0.1000000015
31074  38.734  -42.680  -2.300 0.1000000015
31888  39.749  -41.849  -4.162 0.1000000015
24395  38.658  -49.307  9.604 0.1000000015
23471  39.963  -50.734  9.913 0.1000000015
23489  39.107  -50.102  9.788 0.1000000015
29104  34.605  -44.439  3.555 0.1000000015
29128  35.553  -44.698  1.630 0.1000000015
29143  37.223  -44.175  0.204 0.1000000015
30146  36.730  -43.807  0.783 0.1000000015
30175  38.396  -43.262  -1.543 0.1000000015
31873  39.619  -41.214  -3.321 0.1000000015
31857  39.337  -41.009  -2.537 0.1000000015
25258  37.696  -48.084  9.842 0.1000000015
31016  36.441  -42.495  1.628 0.1000000015
30100  35.133  -43.200  3.368 0.1000000015
31820  37.739  -41.620  0.747 0.1000000015
31033  36.833  -42.921  0.934 0.1000000015
30130  36.236  -43.356  1.375 0.1000000015
30117  35.344  -43.487  2.552 0.1000000015
31835  38.037  -41.817  0.006 0.1000000015
30145  37.220  -43.416  0.413 0.1000000015
32661  39.147  -40.562  -0.665 0.1000000015
31044  38.371  -41.993  -0.736 0.1000000015
30176  38.120  -43.243  -0.825 0.1000000015
30160  37.717  -43.524  -0.221 0.1000000015
33522  40.122  -39.623  -1.800 0.1000000015
31844  39.182  -40.728  -1.639 0.1000000015
31845  38.752  -41.369  -1.166 0.1000000015
32683  39.633  -40.131  -2.127 0.1000000015
24394  39.421  -49.337  9.326 0.1000000015
25257  38.445  -48.521  9.520 0.1000000015
30101  34.690  -43.755  3.860 0.1000000015
32660  39.797  -40.135  -0.606 0.1000000015
31834  38.559  -41.214  -0.301 0.1000000015
33507  40.090  -39.796  -1.147 0.1000000015
30087  34.644  -43.621  4.736 0.1000000015
27204  37.854  -46.501  -1.419 0.1000000015
28136  38.466  -45.160  -1.971 0.1000000015
31858  38.900  -41.676  -2.062 0.1000000015
32694  39.717  -40.337  -2.989 0.1000000015
30998  35.612  -42.663  2.846 0.1000000015
18243  40.250  -56.827  -3.461 0.1000000015
116982  40.377  -55.988  -4.410 0.1000000015
17466  39.659  -56.888  -3.697 0.1000000015
120143  39.651  -57.379  -3.028 0.1000000015
17441  37.488  -57.541  -2.321 0.1000000015
17418  35.705  -57.146  -0.350 0.1000000015
105734  33.914  -57.006  -0.016 0.1000000015
18242  40.883  -56.573  -3.166 0.1000000015
122023  40.956  -55.670  -3.945 0.1000000015
112359  38.969  -57.477  -3.070 0.1000000015
17440  38.389  -57.651  -2.070 0.1000000015
19893  41.333  -53.610  -4.752 0.1000000015
20836  41.541  -53.177  -4.422 0.1000000015
124638  41.967  -54.335  -3.357 0.1000000015
122188  41.413  -56.381  -2.462 0.1000000015
17439  39.391  -57.443  -2.236 0.1000000015
18264  39.728  -56.243  -4.897 0.1000000015
21794  41.356  -53.041  -3.550 0.1000000015
19879  42.292  -54.280  -2.744 0.1000000015
19894  40.663  -54.372  -5.128 0.1000000015
20844  41.448  -52.911  -5.180 0.1000000015
22732  41.375  -50.930  -6.310 0.1000000015
20856  40.563  -52.922  -6.318 0.1000000015
20855  41.061  -52.756  -5.858 0.1000000015
23665  41.751  -50.383  -7.092 0.1000000015
19025  41.519  -54.898  -3.803 0.1000000015
17420  33.584  -57.114  -0.779 0.1000000015
5532  35.831  -72.545  18.396 0.1000000015
6950  37.821  -70.955  17.732 0.1000000015
8371  38.672  -69.323  18.640 0.1000000015
9097  39.791  -67.440  21.120 0.1000000015
9134  35.153  -66.999  16.810 0.1000000015
9921  41.067  -67.243  15.540 0.1000000015
9945  37.007  -66.155  13.202 0.1000000015
10747  31.401  -65.258  13.061 0.1000000015
10773  40.151  -65.751  12.189 0.1000000015
10780  38.665  -65.621  9.828 0.2000000030
10781  38.508  -65.044  9.863 0.2000000030
10816  32.930  -65.802  8.722 0.1000000015
11642  41.949  -65.012  7.219 0.1000000015
11682  40.617  -64.164  1.697 0.1000000015
11720  40.866  -64.086  0.353 0.1000000015
11737  40.368  -64.147  -0.111 0.1000000015
12442  35.506  -63.598  13.619 0.1000000015
12481  37.670  -63.251  8.523 0.3000000119
13188  45.395  -61.737  18.982 0.1000000015
13190  43.870  -62.764  19.394 0.1000000015
13255  43.036  -62.405  14.207 0.1000000015
13294  44.448  -62.182  9.044 0.2000000030
13295  44.101  -62.684  9.045 0.2000000030
13296  43.692  -62.798  9.220 0.2000000030
13315  37.649  -62.592  7.960 0.4000000060
13322  39.031  -62.424  7.486 0.4000000060
13325  43.274  -63.347  7.552 0.2000000030
13363  42.595  -62.121  3.408 0.2000000030
13983  35.727  -61.888  24.089 0.1000000015
14051  36.552  -61.837  19.979 0.1000000015
14116  44.640  -61.512  9.299 0.2000000030
14133  44.647  -61.487  8.888 0.2000000030
14136  37.037  -61.935  8.286 0.4000000060
14141  44.414  -61.367  8.024 0.2000000030
14170  43.578  -61.219  4.262 0.1000000015
14808  45.072  -60.811  17.886 0.1000000015
14817  43.315  -60.405  16.023 0.2000000030
14850  38.159  -59.558  13.025 0.4000000060
14891  44.875  -60.638  9.344 0.2000000030
14916  38.761  -60.437  7.829 0.4000000060
14940  43.735  -60.859  4.207 0.1000000015
14971  42.755  -60.796  3.160 0.1000000015
14972  42.240  -60.823  2.641 0.1000000015
15651  37.980  -58.994  14.015 0.4000000060
15662  38.474  -59.294  13.432 0.3000000119
15683  34.140  -59.393  11.108 0.5000000000
15688  34.211  -59.397  10.231 0.5000000000
15701  44.523  -59.201  10.042 0.4000000060
15704  40.766  -58.647  9.658 0.3000000119
15707  34.496  -59.266  9.521 0.4000000060
15716  37.618  -59.326  8.387 0.4000000060
15719  34.963  -58.934  8.935 0.5000000000
15763  43.668  -59.699  3.895 0.1000000015
16406  36.237  -57.722  21.881 0.4000000060
16417  37.342  -58.110  21.284 0.3000000119
16506  35.839  -58.499  14.503 0.4000000060
16507  35.136  -58.414  14.255 0.5000000000
16548  44.883  -58.568  9.429 0.1000000015
16552  39.483  -58.265  9.327 0.4000000060
16555  33.633  -58.366  9.800 0.5000000000
16559  38.578  -58.738  8.912 0.4000000060
16560  36.207  -58.707  8.646 0.4000000060
16565  44.540  -58.309  8.689 0.1000000015
16603  44.917  -58.087  3.578 0.1000000015
16613  44.522  -58.107  3.012 0.1000000015
17111  40.131  -56.461  27.636 0.1000000015
17146  38.242  -56.916  24.245 0.1000000015
17168  35.706  -57.445  22.411 0.2000000030
17169  34.811  -57.224  22.350 0.2000000030
17190  35.269  -57.584  20.939 0.4000000060
17202  35.553  -57.618  19.595 0.4000000060
17212  35.580  -57.535  18.846 0.5000000000
17213  34.902  -57.382  18.438 0.5000000000
17254  33.048  -57.486  14.904 0.5000000000
17271  32.991  -57.941  12.984 0.5000000000
17278  32.364  -57.268  12.312 0.5000000000
17284  32.667  -57.691  10.922 0.5000000000
17285  32.343  -57.202  11.374 0.5000000000
17291  32.850  -57.268  10.185 0.5000000000
17292  32.479  -57.060  10.664 0.4000000060
17295  41.235  -57.383  9.352 0.3000000119
17299  36.584  -57.284  9.342 0.5000000000
17305  41.777  -57.293  9.006 0.2000000030
17306  40.024  -56.847  9.013 0.3000000119
17310  35.074  -58.161  9.020 0.4000000060
17316  40.968  -57.274  7.538 0.2000000030
17321  41.863  -57.677  6.756 0.1000000015
17332  44.428  -58.022  5.441 0.1000000015
17336  40.848  -57.194  5.627 0.1000000015
17365  44.716  -57.193  2.512 0.1000000015
17366  44.068  -57.659  2.378 0.1000000015
17384  44.528  -56.564  1.983 0.1000000015
17429  37.426  -57.558  -1.410 0.1000000015
17454  40.001  -57.166  -3.247 0.1000000015
17938  40.531  -56.371  26.952 0.1000000015
17939  39.843  -56.387  26.259 0.1000000015
17951  39.389  -56.556  25.306 0.1000000015
17953  37.806  -56.327  24.740 0.1000000015
17955  35.856  -56.028  24.185 0.1000000015
17968  37.283  -56.768  24.021 0.1000000015
18050  33.061  -57.123  16.512 0.5000000000
18092  31.405  -56.105  12.674 0.4000000060
18111  37.875  -56.527  9.226 0.4000000060
18113  36.155  -56.594  9.439 0.5000000000
18122  37.453  -55.893  9.012 0.5000000000
18132  38.743  -56.308  6.768 0.3000000119
18146  41.290  -56.799  4.999 0.1000000015
18148  39.606  -56.794  5.434 0.1000000015
18149  38.971  -56.626  5.769 0.2000000030
18162  44.130  -56.567  4.158 0.1000000015
18166  39.870  -56.339  4.754 0.1000000015
18197  44.183  -56.093  0.710 0.2000000030
18198  43.679  -56.389  0.387 0.2000000030
18206  43.828  -56.002  0.126 0.2000000030
18228  40.649  -56.915  -2.857 0.1000000015
18254  40.604  -56.311  -3.728 0.1000000015
18255  39.791  -56.545  -4.113 0.1000000015
18711  39.220  -55.392  27.922 0.1000000015
18728  38.554  -55.683  26.215 0.1000000015
18756  33.680  -55.015  23.304 0.3000000119
18794  31.948  -55.149  19.941 0.5000000000
18801  31.557  -54.965  18.446 0.5000000000
18810  42.793  -55.055  17.643 0.1000000015
18812  31.494  -55.197  17.737 0.5000000000
18826  43.190  -55.227  17.152 0.1000000015
18829  31.445  -55.395  16.897 0.5000000000
18846  31.115  -55.719  15.162 0.6000000238
18862  30.550  -54.901  14.353 0.5000000000
18880  31.569  -56.073  11.941 0.4000000060
18895  33.108  -55.930  9.987 0.5000000000
18900  34.854  -55.535  9.475 0.5000000000
18901  33.806  -55.742  9.702 0.5000000000
18906  36.191  -55.306  9.063 0.5000000000
18907  35.537  -55.170  9.267 0.5000000000
18912  36.996  -55.368  7.818 0.3000000119
18919  37.362  -55.592  6.512 0.3000000119
18928  37.608  -55.692  5.643 0.3000000119
18949  41.998  -54.640  3.624 0.1000000015
18965  44.227  -55.837  1.511 0.1000000015
18986  43.495  -55.637  -0.276 0.1000000015
18987  42.964  -55.718  -0.772 0.1000000015
19017  41.424  -55.867  -3.262 0.1000000015
19026  40.868  -55.150  -4.491 0.1000000015
19034  40.272  -55.486  -5.099 0.1000000015
19527  38.559  -54.313  28.409 0.1000000015
19529  37.516  -53.822  29.036 0.1000000015
19535  38.459  -53.904  28.332 0.1000000015
19543  37.518  -53.407  27.233 0.1000000015
19550  36.218  -54.049  25.709 0.1000000015
19621  41.032  -54.713  19.419 0.2000000030
19634  40.692  -54.998  18.205 0.2000000030
19648  39.350  -54.272  16.763 0.2000000030
19662  41.613  -55.327  15.858 0.1000000015
19664  39.728  -54.400  16.125 0.2000000030
19680  30.466  -54.178  14.167 0.5000000000
19708  30.606  -54.173  12.622 0.4000000060
19735  31.301  -54.037  11.242 0.4000000060
19756  35.852  -54.785  7.581 0.4000000060
19757  35.189  -54.344  7.673 0.4000000060
19767  36.170  -54.734  6.804 0.3000000119
19768  35.589  -54.254  6.919 0.4000000060
19778  36.417  -54.763  5.869 0.3000000119
19793  37.427  -54.462  4.524 0.3000000119
19794  36.652  -54.348  4.960 0.3000000119
19804  40.662  -54.042  3.881 0.1000000015
19821  43.855  -55.387  0.948 0.2000000030
19844  43.021  -54.482  -0.769 0.2000000030
19885  41.698  -53.895  -3.964 0.2000000030
19886  41.263  -54.364  -4.428 0.1000000015
20403  36.582  -52.633  28.668 0.1000000015
20410  37.398  -52.596  28.605 0.1000000015
20485  40.501  -53.394  20.485 0.1000000015
20493  32.543  -53.871  19.935 0.5000000000
20503  40.606  -54.094  20.178 0.1000000015
20537  31.754  -53.101  18.037 0.5000000000
20555  30.739  -53.654  16.236 0.5000000000
20569  30.608  -53.633  15.545 0.5000000000
20586  30.521  -53.564  14.723 0.5000000000
20605  38.662  -53.067  13.830 0.1000000015
20664  32.065  -53.747  9.941 0.5000000000
20670  32.916  -53.768  9.435 0.5000000000
20674  34.073  -53.892  8.524 0.4000000060
20675  33.434  -53.441  8.794 0.4000000060
20727  38.885  -54.051  3.946 0.1000000015
20729  36.564  -53.505  4.583 0.3000000119
20744  39.333  -53.435  3.590 0.2000000030
20745  37.865  -53.204  3.436 0.2000000030
20757  41.412  -53.775  2.585 0.2000000030
20758  39.718  -52.994  2.919 0.2000000030
20766  41.418  -53.224  1.273 0.1000000015
20774  41.874  -53.320  0.480 0.3000000119
20797  42.626  -53.819  -1.623 0.1000000015
20798  42.296  -53.286  -1.372 0.2000000030
20813  42.315  -53.714  -2.441 0.1000000015
20829  41.995  -53.803  -3.182 0.1000000015
20830  41.628  -53.391  -3.694 0.2000000030
20845  40.840  -53.375  -5.522 0.1000000015
21414  35.368  -52.740  19.514 0.4000000060
21445  36.163  -52.597  17.120 0.3000000119
21466  35.473  -52.271  16.550 0.4000000060
21469  31.565  -52.700  16.585 0.5000000000
21489  31.207  -52.568  15.293 0.5000000000
21510  36.705  -52.564  14.659 0.2000000030
21512  30.899  -52.299  14.641 0.5000000000
21533  37.595  -52.496  13.970 0.1000000015
21559  37.985  -51.993  13.323 0.1000000015
21579  30.801  -52.410  11.325 0.4000000060
21602  31.274  -52.558  10.712 0.4000000060
21616  32.064  -52.365  9.396 0.4000000060
21617  31.615  -52.198  10.102 0.3000000119
21634  33.207  -52.532  7.564 0.4000000060
21648  34.276  -52.498  6.342 0.4000000060
21662  35.376  -52.328  5.388 0.5000000000
21663  34.716  -52.196  5.808 0.4000000060
21681  35.945  -52.134  4.819 0.5000000000
21702  37.013  -51.933  3.854 0.4000000060
21718  37.908  -51.936  2.608 0.2000000030
21728  40.661  -52.666  1.404 0.2000000030
21735  41.049  -52.751  0.655 0.2000000030
21737  39.964  -51.993  0.554 0.2000000030
21779  41.783  -53.434  -2.869 0.1000000015
21781  40.148  -52.679  -2.551 0.1000000015
21795  40.885  -52.537  -3.898 0.2000000030
21805  41.318  -52.521  -4.473 0.2000000030
21816  41.269  -52.321  -5.713 0.1000000015
21824  41.092  -52.309  -6.479 0.1000000015
22251  35.605  -51.742  27.780 0.1000000015
22261  36.316  -52.001  27.703 0.1000000015
22264  32.770  -51.408  27.075 0.1000000015
22334  39.872  -52.483  20.385 0.1000000015
22363  39.822  -51.804  18.754 0.1000000015
22394  34.148  -51.753  16.341 0.5000000000
22407  39.892  -51.232  16.313 0.1000000015
22411  32.429  -51.770  15.709 0.5000000000
22433  35.561  -51.677  14.435 0.2000000030
22434  34.287  -51.430  14.975 0.5000000000
22436  31.412  -51.524  14.510 0.4000000060
22437  30.663  -51.619  14.020 0.5000000000
22453  37.285  -51.809  13.512 0.1000000015
22454  35.916  -51.337  13.932 0.2000000030
22475  36.843  -51.185  13.001 0.1000000015
22477  30.562  -51.826  12.539 0.4000000060
22500  30.648  -51.804  11.717 0.4000000060
22551  32.458  -51.602  8.245 0.4000000060
22588  33.516  -50.856  6.308 0.4000000060
22627  39.249  -51.946  1.862 0.2000000030
22629  37.681  -51.263  2.363 0.3000000119
22654  39.966  -52.008  -0.197 0.2000000030
22656  38.660  -51.564  0.480 0.2000000030
22665  38.705  -51.872  -0.291 0.2000000030
22667  36.886  -51.263  -1.276 0.2000000030
22676  38.490  -52.017  -2.048 0.3000000119
22708  39.383  -52.090  -3.916 0.2000000030
22709  37.886  -51.204  -3.794 0.3000000119
22736  41.466  -51.045  -6.788 0.1000000015
22737  41.256  -51.639  -6.885 0.1000000015
23243  34.713  -49.796  27.160 0.1000000015
23244  33.676  -49.733  27.122 0.1000000015
23245  32.886  -49.905  26.911 0.1000000015
23268  30.347  -50.251  24.740 0.1000000015
23389  34.842  -51.305  14.467 0.4000000060
23410  31.395  -50.514  13.467 0.4000000060
23423  36.449  -50.445  12.701 0.1000000015
23446  31.128  -50.334  11.635 0.3000000119
23472  38.613  -50.386  10.473 0.1000000015
23503  32.129  -50.135  8.016 0.4000000060
23518  32.846  -51.050  6.966 0.4000000060
23519  32.491  -50.281  7.219 0.4000000060
23545  34.424  -50.793  5.704 0.4000000060
23549  36.665  -50.553  4.050 0.4000000060
23550  36.097  -50.582  4.657 0.4000000060
23558  36.985  -50.682  3.374 0.3000000119
23580  35.616  -50.162  1.088 0.3000000119
23594  37.069  -50.918  1.128 0.2000000030
23608  36.207  -50.687  -0.265 0.2000000030
23649  40.469  -50.498  -5.267 0.2000000030
23650  39.309  -50.625  -4.609 0.2000000030
24198  28.460  -49.375  24.348 0.1000000015
24273  37.018  -49.576  17.660 0.1000000015
24326  33.673  -49.630  13.236 0.2000000030
24338  36.017  -49.706  12.421 0.2000000030
24341  33.168  -49.007  12.764 0.3000000119
24358  35.579  -49.012  12.049 0.1000000015
24360  31.577  -49.319  11.557 0.3000000119
24383  38.250  -49.784  10.090 0.1000000015
24385  36.913  -48.959  11.014 0.2000000030
24396  37.949  -49.011  9.911 0.2000000030
24397  31.772  -49.086  9.259 0.4000000060
24451  35.516  -48.642  4.497 0.3000000119
24470  35.979  -49.719  2.975 0.3000000119
24504  35.770  -49.272  -0.063 0.2000000030
24512  36.764  -49.783  -1.882 0.2000000030
24541  37.565  -49.668  -3.394 0.3000000119
24547  39.990  -49.198  -5.213 0.2000000030
24549  38.094  -49.867  -4.239 0.3000000119
24564  42.137  -49.360  -6.674 0.2000000030
25199  32.808  -48.598  12.068 0.4000000060
25213  35.169  -48.384  11.592 0.2000000030
25216  32.570  -48.294  11.376 0.4000000060
25246  32.401  -48.153  10.651 0.4000000060
25256  39.028  -48.788  9.296 0.1000000015
25259  36.994  -47.978  10.254 0.2000000030
25281  32.129  -48.675  7.784 0.4000000060
25301  34.891  -48.341  5.011 0.4000000060
25302  34.158  -48.189  5.508 0.3000000119
25315  35.971  -48.416  4.005 0.3000000119
25316  35.095  -48.203  4.298 0.2000000030
25387  36.744  -48.212  -1.031 0.2000000030
25413  38.925  -48.366  -4.041 0.3000000119
26090  34.748  -47.702  11.219 0.3000000119
26115  33.395  -47.071  10.591 0.4000000060
26131  36.939  -47.313  9.859 0.1000000015
26133  32.482  -47.651  9.268 0.3000000119
26190  34.456  -47.165  4.708 0.2000000030
26211  34.959  -47.591  2.633 0.3000000119
26221  35.345  -47.870  1.185 0.2000000030
26233  36.214  -46.997  0.082 0.2000000030
26262  37.638  -47.226  -1.568 0.1000000015
26280  38.436  -47.382  -2.706 0.2000000030
26281  37.913  -47.514  -2.096 0.2000000030
26293  39.657  -47.165  -4.541 0.1000000015
26304  41.857  -47.786  -6.423 0.1000000015
27050  34.380  -46.314  10.304 0.2000000030
27067  34.030  -45.973  9.782 0.2000000030
27080  33.097  -46.202  8.547 0.2000000030
27091  33.114  -46.141  7.628 0.4000000060
27101  33.281  -46.786  6.196 0.3000000119
27157  34.680  -47.225  3.292 0.2000000030
27164  35.238  -46.421  1.438 0.2000000030
27177  35.748  -46.671  0.692 0.2000000030
27190  37.446  -46.126  -0.813 0.2000000030
27229  39.569  -45.988  -3.983 0.2000000030
27230  38.938  -46.252  -3.297 0.2000000030
27886  33.015  -45.118  17.981 0.1000000015
28041  34.063  -45.769  5.218 0.2000000030
28087  35.014  -45.159  2.159 0.2000000030
28122  37.002  -45.775  -0.201 0.1000000015
28154  38.392  -46.140  -1.922 0.3000000119
28180  41.287  -45.607  -6.641 0.1000000015
28187  41.512  -45.234  -7.086 0.1000000015
29007  34.647  -44.610  9.099 0.1000000015
29027  33.770  -44.760  7.966 0.1000000015
29043  33.777  -44.671  7.086 0.1000000015
29103  34.885  -43.998  3.066 0.1000000015
29116  34.725  -44.802  2.901 0.1000000015
29127  36.161  -44.246  1.198 0.1000000015
29144  36.647  -44.634  0.590 0.1000000015
29219  40.437  -44.398  -5.802 0.1000000015
29226  41.516  -44.493  -7.066 0.1000000015
30086  34.990  -42.967  4.215 0.1000000015
30131  35.675  -43.828  1.816 0.1000000015
30190  38.638  -43.631  -2.388 0.1000000015
30199  39.253  -43.516  -3.839 0.2000000030
30222  40.309  -42.962  -5.584 0.1000000015
30226  41.391  -43.426  -7.250 0.1000000015
30227  41.541  -43.293  -6.995 0.1000000015
31015  37.124  -42.082  1.200 0.1000000015
31017  35.767  -42.922  2.010 0.1000000015
31032  37.500  -42.545  0.368 0.1000000015
31045  38.017  -42.645  -0.402 0.1000000015
31058  38.560  -42.295  -1.495 0.1000000015
31059  38.292  -42.707  -1.016 0.1000000015
31073  39.233  -42.067  -3.045 0.1000000015
31111  41.403  -42.712  -7.245 0.1000000015
31901  40.992  -41.555  -6.050 0.1000000015
32669  39.634  -40.043  -1.286 0.1000000015
32693  40.108  -39.816  -3.385 0.1000000015
33495  40.340  -40.017  -0.757 0.1000000015
33506  40.667  -39.610  -1.513 0.1000000015
33521  40.759  -39.159  -2.446 0.1000000015
105308  38.657  -55.464  4.532 0.1000000015
105417  41.494  -53.093  -2.475 0.1000000015
107216  41.604  -63.189  3.720 0.2000000030
107297  36.175  -42.189  2.391 0.1000000015
107718  44.574  -62.523  17.200 0.1000000015
107835  34.823  -50.689  13.968 0.3000000119
107915  30.719  -49.753  24.246 0.1000000015
108025  35.093  -57.502  15.869 0.4000000060
108042  39.886  -58.988  15.092 0.2000000030
108359  33.962  -56.950  22.001 0.4000000060
108527  38.639  -56.490  8.990 0.3000000119
108664  38.102  -54.014  15.257 0.2000000030
108806  42.925  -61.494  3.357 0.2000000030
108863  43.143  -64.210  8.732 0.2000000030
110082  31.038  -50.979  13.974 0.4000000060
110106  37.225  -61.520  21.206 0.1000000015
110134  39.141  -44.743  -3.618 0.2000000030
110184  43.656  -55.655  2.974 0.1000000015
110302  44.324  -59.558  6.809 0.1000000015
110714  35.103  -57.409  17.016 0.5000000000
110778  37.381  -49.616  17.127 0.1000000015
111501  31.268  -55.605  16.051 0.5000000000
111632  32.056  -52.511  17.051 0.5000000000
111756  41.385  -44.138  -7.259 0.1000000015
112281  35.583  -48.708  3.278 0.3000000119
112461  36.578  -52.146  23.951 0.2000000030
112473  33.792  -57.708  15.337 0.5000000000
112561  41.200  -52.829  -1.730 0.2000000030
112952  38.949  -67.112  23.064 0.1000000015
113103  33.708  -55.806  23.088 0.2000000030
113149  36.591  -52.842  18.040 0.2000000030
113340  41.175  -52.512  18.930 0.1000000015
113565  31.896  -55.116  10.719 0.4000000060
113952  37.197  -49.945  -2.596 0.4000000060
114129  39.697  -43.786  -4.811 0.1000000015
114254  38.707  -44.941  -2.917 0.1000000015
114706  44.504  -59.773  5.856 0.1000000015
115145  38.239  -55.882  7.407 0.3000000119
115165  40.779  -59.567  16.908 0.1000000015
115265  36.266  -49.053  -0.826 0.2000000030
115759  30.467  -53.970  13.453 0.5000000000
115985  41.284  -51.806  -6.357 0.1000000015
116052  38.031  -44.817  -1.170 0.1000000015
116130  35.746  -44.263  8.848 0.1000000015
116492  43.488  -63.590  8.413 0.2000000030
116519  34.472  -46.009  3.802 0.2000000030
116953  42.014  -61.094  9.246 0.3000000119
117033  42.976  -62.313  5.178 0.2000000030
117168  38.123  -58.663  16.982 0.3000000119
117843  33.132  -63.561  14.839 0.1000000015
117850  42.723  -65.080  14.990 0.1000000015
117851  32.210  -66.676  14.131 0.1000000015
118511  40.288  -55.719  4.449 0.1000000015
118917  38.716  -52.800  22.217 0.1000000015
119355  39.287  -57.099  -3.627 0.1000000015
119397  34.085  -48.909  24.597 0.1000000015
120036  37.635  -65.023  14.130 0.1000000015
120115  42.030  -54.991  -3.014 0.1000000015
120611  43.087  -54.739  17.464 0.1000000015
120798  43.809  -57.846  8.783 0.1000000015
120910  38.158  -55.690  7.946 0.3000000119
121014  32.484  -69.120  13.226 0.1000000015
121159  35.238  -48.200  2.829 0.3000000119
121449  42.261  -63.332  5.843 0.2000000030
121555  36.095  -61.578  23.877 0.1000000015
121652  31.476  -50.498  10.103 0.4000000060
122598  39.701  -42.779  -4.678 0.1000000015
122756  32.526  -47.428  7.300 0.4000000060
122770  35.448  -48.818  1.943 0.3000000119
123281  33.755  -53.152  27.682 0.1000000015
123555  33.650  -47.235  11.025 0.2000000030
123755  36.473  -62.520  17.293 0.1000000015
124047  45.082  -59.829  8.981 0.2000000030
124090  39.374  -51.970  -0.392 0.2000000030
124260  42.847  -54.103  -0.372 0.2000000030
124577  40.894  -46.670  -5.988 0.1000000015
124854  39.399  -62.851  7.579 0.5000000000
124948  32.774  -48.681  6.615 0.4000000060
124964  32.356  -48.928  7.110 0.4000000060
125162  42.010  -55.453  17.340 0.1000000015
125361  42.816  -58.427  2.756 0.1000000015
125566  31.802  -64.522  11.299 0.1000000015
125809  30.783  -53.905  11.820 0.4000000060
126062  40.858  -53.726  3.258 0.2000000030
126182  36.521  -50.091  23.518 0.2000000030
126247  42.656  -61.771  9.409 0.3000000119
126298  30.455  -52.720  13.447 0.5000000000
126302  33.901  -57.996  9.479 0.5000000000
126409  35.326  -51.163  14.094 0.3000000119
126684  43.679  -57.807  9.402 0.1000000015
126714  36.644  -51.183  -0.717 0.2000000030
