#Insight Transform File V1.0
#Transform 0
Transform: AffineTransform_float_3_3
Parameters: 0.999999 -0.000447653 0.000709204 0.000446613 0.999999 0.000733423 -0.000709859 -0.000732577 1 -0.0686447 0.0359182 0.330413
FixedParameters: 0 0 0

#Transform 1
Transform: AffineTransform_float_3_3
Parameters: 0.999999 -0.000505135 0.000714654 0.000503587 0.999998 0.00185236 -0.000715634 -0.00185164 0.999998 -0.0507501 -0.0315031 0.335614
FixedParameters: 0 0 0

#Transform 2
Transform: AffineTransform_float_3_3
Parameters: 1 5.01821e-05 0.000472342 -5.07687e-05 1 0.000620976 -0.000472279 -0.000621023 0.999999 -0.0589065 0.156332 0.0928137
FixedParameters: 0 0 0

#Transform 3
Transform: AffineTransform_float_3_3
Parameters: 1 6.7611e-05 0.000627367 -6.74886e-05 0.999999 -0.000889937 -0.000627381 0.000890063 1 -0.0624374 0.0813216 0.076904
FixedParameters: 0 0 0

#Transform 4
Transform: AffineTransform_float_3_3
Parameters: 1 2.98027e-05 0.000280421 -3.01302e-05 1 0.000583991 -0.000280386 -0.000584008 1 -0.0546353 -0.132081 0.140951
FixedParameters: 0 0 0

#Transform 5
Transform: AffineTransform_float_3_3
Parameters: 1 0.000310722 7.56118e-05 -0.000310823 1 0.000671965 -7.51944e-05 -0.000671034 0.999999 -0.0570466 0.0648487 0.0710663
FixedParameters: 0 0 0

#Transform 6
Transform: AffineTransform_float_3_3
Parameters: 0.999999 0.000456553 0.000585322 -0.000455124 0.999999 -0.00121928 -0.000586433 0.00121972 0.999999 -0.0627269 0.175696 -0.066939
FixedParameters: 0 0 0

#Transform 7
Transform: AffineTransform_float_3_3
Parameters: 1 3.52853e-05 0.000179262 -3.52136e-05 1 -0.000200006 -0.000179276 0.000199994 1 -0.044029 -0.134348 0.0511808
FixedParameters: 0 0 0

#Transform 8
Transform: AffineTransform_float_3_3
Parameters: 1 -0.000235672 0.000119598 0.000235553 1 0.000496028 -0.000119832 -0.000495972 1 -0.024193 -0.032442 0.0990247
FixedParameters: 0 0 0

#Transform 9
Transform: AffineTransform_float_3_3
Parameters: 1 0.00044035 -0.000347161 -0.000440832 1 -0.000846953 0.000347409 0.000847048 0.999999 -0.030569 0.151753 -0.043183
FixedParameters: 0 0 0

#Transform 10
Transform: AffineTransform_float_3_3
Parameters: 1 -0.000134177 0.000561755 0.000135016 0.999998 -0.00163292 -0.000561209 0.00163307 0.999998 -0.0353956 0.0722521 0.0332172
FixedParameters: 0 0 0

#Transform 11
Transform: AffineTransform_float_3_3
Parameters: 1 -6.45806e-05 0.000363955 6.48055e-05 1 -0.000308976 -0.000363915 0.000309023 1 -0.0163285 -0.0537667 0.0454547
FixedParameters: 0 0 0

#Transform 12
Transform: AffineTransform_float_3_3
Parameters: 1 -4.85555e-05 0.000510152 4.9589e-05 1 -0.00101298 -0.000510053 0.00101303 1 -0.0196535 0.108533 0.0406057
FixedParameters: 0 0 0

#Transform 13
Transform: AffineTransform_float_3_3
Parameters: 1 -0.000596328 0.000141917 0.000596209 0.999999 0.000419085 -0.000142417 -0.000418915 1 0.000478243 -0.107493 0.129052
FixedParameters: 0 0 0

#Transform 14
Transform: AffineTransform_float_3_3
Parameters: 1 0.000304934 2.06226e-05 -0.000304921 1 -0.000301006 -2.08062e-05 0.000300994 1 -0.0180803 0.118693 -0.0384497
FixedParameters: 0 0 0

#Transform 15
Transform: AffineTransform_float_3_3
Parameters: 1 -4.8406e-05 0.000510166 4.97384e-05 0.999999 -0.00130598 -0.000510038 0.00130603 0.999999 -0.0257636 0.0370861 0.0433911
FixedParameters: 0 0 0

#Transform 16
Transform: AffineTransform_float_3_3
Parameters: 1 0.000606338 3.68305e-05 -0.000606344 1 8.99777e-05 -3.67214e-05 -9.00223e-05 1 -0.0253882 -0.0546932 0.031505
FixedParameters: 0 0 0

#Transform 17
Transform: AffineTransform_float_3_3
Parameters: 1 0.000161162 -3.53099e-05 -0.000161155 1 9.60057e-05 3.53409e-05 -9.59943e-05 1 -0.0135819 -0.0263583 0.0674824
FixedParameters: 0 0 0

#Transform 18
Transform: AffineTransform_float_3_3
Parameters: 1 0.000420398 5.6662e-05 -0.000420402 1 3.49762e-05 -5.66326e-05 -3.50238e-05 1 -0.0214519 0.0230579 -0.00763736
FixedParameters: 0 0 0

#Transform 19
Transform: AffineTransform_float_3_3
Parameters: 1 -6.43211e-05 0.000364976 6.48524e-05 0.999999 -0.000727976 -0.000364882 0.000728023 0.999999 -0.0164152 0.0589386 0.0435642
FixedParameters: 0 0 0

#Transform 20
Transform: AffineTransform_float_3_3
Parameters: 1 1.57009e-05 9.98974e-05 -1.57079e-05 1 3.49984e-05 -9.98963e-05 -3.50016e-05 1 0.00495474 -0.0193342 0.0138238
FixedParameters: 0 0 0

#Transform 21
Transform: AffineTransform_float_3_3
Parameters: 1 -0.000136215 -0.000305252 0.000136203 1 -1.90416e-05 0.000305257 1.89584e-05 1 0.0148185 -0.0117791 0.0701598
FixedParameters: 0 0 0

#Transform 22
Transform: AffineTransform_float_3_3
Parameters: 1 -9.40018e-05 8.9519e-05 9.40421e-05 1 -0.000224992 -8.94767e-05 0.000225008 1 -0.0101953 0.0536178 -0.0303982
FixedParameters: 0 0 0

#Transform 23
Transform: AffineTransform_float_3_3
Parameters: 1 0.000359527 -4.2432e-05 -0.000359524 1 3.60153e-05 4.24579e-05 -3.59847e-05 1 -0.0180181 -0.00329682 -0.00588311
FixedParameters: 0 0 0

#Transform 24
Transform: AffineTransform_float_3_3
Parameters: 1 -0.000422365 0.000245203 0.000422291 1 0.000151104 -0.000245331 -0.000150896 1 -0.00559821 0.00456086 0.0662605
FixedParameters: 0 0 0

#Transform 25
Transform: AffineTransform_float_3_3
Parameters: 1 0.000412298 0.000448502 -0.000412736 0.999999 -0.000620185 -0.000448907 0.000619815 0.999999 -0.0290245 0.0491708 -0.0392921
FixedParameters: 0 0 0

#Transform 26
Transform: AffineTransform_float_3_3
Parameters: 1 0.000411958 0.000448815 -0.000412082 1 0.000138804 -0.000448701 -0.000138196 1 -0.0290491 -0.0239866 -0.0269503
FixedParameters: 0 0 0

#Transform 27
Transform: AffineTransform_float_3_3
Parameters: 1 -3.15105e-05 0.000496148 3.13999e-05 1 0.000111027 -0.000496155 -0.000111973 1 -0.0197211 -0.0351309 -0.00790384
FixedParameters: 0 0 0

#Transform 28
Transform: AffineTransform_float_3_3
Parameters: 0.999999 0.000583303 0.000430131 -0.000582788 0.999999 -0.000598262 -0.000430829 0.000598737 0.999999 -0.0327696 0.069827 -0.0928992
FixedParameters: 0 0 0

#Transform 29
Transform: AffineTransform_float_3_3
Parameters: 0.999999 0.000583219 0.000430245 -0.000582872 0.999999 -0.000404251 -0.000430716 0.000403749 1 -0.032833 -0.0229087 -0.121332
FixedParameters: 0 0 0

#Transform 30
Transform: AffineTransform_float_3_3
Parameters: 1 0.000455896 0.000443953 -0.000455645 1 -0.000283202 -0.000444211 0.000282797 1 -0.0300991 -0.0451148 -0.0641641
FixedParameters: 0 0 0

#Transform 31
Transform: AffineTransform_float_3_3
Parameters: 0.999999 0.000671056 0.000472284 -0.000670934 1 -0.000130317 -0.000472459 0.000129683 1 -0.0356899 0.00802026 -0.107566
FixedParameters: 0 0 0

#Transform 32
Transform: AffineTransform_float_3_3
Parameters: 0.999999 0.000582733 0.000430903 -0.000582363 0.999999 0.000724749 -0.000430164 -0.00072525 0.999999 -0.0328202 -0.078909 -0.0181938
FixedParameters: 0 0 0

#Transform 33
Transform: AffineTransform_float_3_3
Parameters: 1 0.00044764 0.000445109 -0.000447991 1 0.000394801 -0.000444755 -0.000395199 1 -0.0298523 0.0497619 -0.0395029
FixedParameters: 0 0 0

#Transform 34
Transform: AffineTransform_float_3_3
Parameters: 0.999999 0.000582773 0.000430849 -0.000582324 0.999999 0.000632738 -0.000430219 -0.000632262 0.999999 -0.042785 -0.0124931 -0.0449717
FixedParameters: 0 0 0

#Transform 35
Transform: AffineTransform_float_3_3
Parameters: 0.999999 0.000598931 0.000582997 -0.000598682 0.999999 0.000639651 -0.000582337 -0.000640349 0.999999 -0.0454861 0.0089092 -0.0476067
FixedParameters: 0 0 0

#Transform 36
Transform: AffineTransform_float_3_3
Parameters: 1 0.00095262 0.00039173 -0.000953367 0.999999 0.000818521 -0.000391164 -0.000819479 0.999999 -0.0521206 -0.0220318 0.043128
FixedParameters: 0 0 0

#Transform 37
Transform: AffineTransform_float_3_3
Parameters: 0.999999 0.00127856 0.000897237 -0.0012786 0.999999 1.78415e-05 -0.000897189 -1.91584e-05 1 -0.0743023 -0.00206209 0.000197293
FixedParameters: 0 0 0

#Transform 38
Transform: AffineTransform_float_3_3
Parameters: 0.999999 0.00124348 0.000576491 -0.00124393 0.999998 0.00116027 -0.000574705 -0.00116073 0.999999 -0.0616787 -0.0442595 0.00790101
FixedParameters: 0 0 0

#Transform 39
Transform: AffineTransform_float_3_3
Parameters: 0.999999 0.00125497 0.000683642 -0.0012555 0.999999 0.000960131 -0.000683325 -0.00096087 1 -0.0796893 0.00295101 0.0372209
FixedParameters: 0 0 0

#Transform 40
Transform: AffineTransform_float_3_3
Parameters: 0.999999 0.00100955 0.00106694 -0.00101159 0.999998 0.00132102 -0.00106636 -0.00132198 0.999999 -0.0955615 -0.0456252 0.0880151
FixedParameters: 0 0 0

#Transform 41
Transform: AffineTransform_float_3_3
Parameters: 0.999998 0.00129237 0.00103665 -0.00129355 0.999999 0.000946649 -0.00103629 -0.000948352 0.999999 -0.0883427 0.00948769 0.0469739
FixedParameters: 0 0 0

#Transform 42
Transform: AffineTransform_float_3_3
Parameters: 0.999997 0.0016976 0.00168351 -0.00170022 0.999997 0.00157021 -0.00168148 -0.00157279 0.999997 -0.123851 -0.0414598 0.0171849
FixedParameters: 0 0 0

#Transform 43
Transform: AffineTransform_float_3_3
Parameters: 0.999998 0.00129358 0.00108569 -0.00129647 0.999996 0.00256458 -0.00108235 -0.00256642 0.999996 -0.102461 -0.0535435 0.101223
FixedParameters: 0 0 0

#Transform 44
Transform: AffineTransform_float_3_3
Parameters: 0.999999 0.000936033 0.00112333 -0.000939091 0.999995 0.00299194 -0.00112112 -0.00299306 0.999995 -0.0786005 -0.0302173 0.108192
FixedParameters: 0 0 0

#Transform 45
Transform: AffineTransform_float_3_3
Parameters: 0.999998 0.00168849 0.00149349 -0.00169161 0.999996 0.00227145 -0.00148922 -0.00227355 0.999996 -0.103392 0.0395394 0.00432116
FixedParameters: 0 0 0

#Transform 46
Transform: AffineTransform_float_3_3
Parameters: 0.999997 0.00150082 0.00187824 -0.0015041 0.999997 0.00161225 -0.0018757 -0.00161475 0.999997 -0.122295 -0.0158026 -0.0120492
FixedParameters: 0 0 0

#Transform 47
Transform: AffineTransform_float_3_3
Parameters: 0.999997 0.00188722 0.0018931 -0.00189016 0.999997 0.0017425 -0.00188992 -0.0017465 0.999997 -0.116291 -0.0687414 -0.0617145
FixedParameters: 0 0 0

#Transform 48
Transform: AffineTransform_float_3_3
Parameters: 0.999997 0.00144848 0.00163231 -0.0014515 0.999997 0.0023546 -0.00162899 -0.0023564 0.999995 -0.101105 -0.0960762 -0.0500524
FixedParameters: 0 0 0

#Transform 49
Transform: AffineTransform_float_3_3
Parameters: 0.999997 0.00156386 0.00152259 -0.00156707 0.999997 0.0022596 -0.00151892 -0.0022624 0.999996 -0.10151 -0.0525771 -0.0513543
FixedParameters: 0 0 0

#Transform 50
Transform: AffineTransform_float_3_3
Parameters: 0.999997 0.00148092 0.00193616 -0.00148409 0.999997 0.0020202 -0.00193368 -0.0020228 0.999996 -0.109898 -0.000334551 -0.0635251
FixedParameters: 0 0 0

#Transform 51
Transform: AffineTransform_float_3_3
Parameters: 0.999997 0.00150712 0.00153076 -0.00151088 0.999996 0.00242467 -0.00152685 -0.00242733 0.999996 -0.100461 -0.103313 -0.0685341
FixedParameters: 0 0 0

#Transform 52
Transform: AffineTransform_float_3_3
Parameters: 0.999996 0.00208042 0.00148831 -0.00208401 0.999996 0.00206586 -0.00148399 -0.00206814 0.999997 -0.136946 -0.0929298 -0.0303346
FixedParameters: 0 0 0

#Transform 53
Transform: AffineTransform_float_3_3
Parameters: 0.999997 0.0021059 0.00170845 -0.0021078 0.999997 0.000814356 -0.00170612 -0.000817641 0.999998 -0.153205 0.044529 -0.0989738
FixedParameters: 0 0 0

#Transform 54
Transform: AffineTransform_float_3_3
Parameters: 0.999994 0.0024281 0.00240334 -0.00243455 0.999994 0.00265721 -0.00239711 -0.00266379 0.999994 -0.181025 -0.117465 0.000906802
FixedParameters: 0 0 0

#Transform 55
Transform: AffineTransform_float_3_3
Parameters: 0.999995 0.0021308 0.00254839 -0.00213284 0.999997 0.000746724 -0.00254739 -0.000752277 0.999996 -0.163671 -0.0185403 -0.112449
FixedParameters: 0 0 0

#Transform 56
Transform: AffineTransform_float_3_3
Parameters: 0.999993 0.00219465 0.00282163 -0.00219857 0.999997 0.00151706 -0.00281847 -0.00152295 0.999995 -0.160668 -0.12512 -0.0895855
FixedParameters: 0 0 0

#Transform 57
Transform: AffineTransform_float_3_3
Parameters: 0.999993 0.00201667 0.00291842 -0.00202202 0.999996 0.00188147 -0.00291444 -0.00188653 0.999994 -0.15084 -0.0840479 -0.0986168
FixedParameters: 0 0 0

#Transform 58
Transform: AffineTransform_float_3_3
Parameters: 0.999994 0.00171919 0.00300068 -0.00172479 0.999997 0.00170721 -0.00299831 -0.00171279 0.999994 -0.145208 -0.00536275 -0.110234
FixedParameters: 0 0 0

#Transform 59
Transform: AffineTransform_float_3_3
Parameters: 0.999993 0.00205692 0.00315161 -0.00205999 0.999998 0.000782868 -0.00314958 -0.000789129 0.999995 -0.161737 0.038378 -0.119352
FixedParameters: 0 0 0

#Transform 60
Transform: AffineTransform_float_3_3
Parameters: 0.999991 0.00222814 0.00359309 -0.00223426 0.999996 0.00191044 -0.00358838 -0.00191856 0.999992 -0.178805 -0.0906198 -0.0754706
FixedParameters: 0 0 0

#Transform 61
Transform: AffineTransform_float_3_3
Parameters: 0.99999 0.00225103 0.00384677 -0.00226138 0.999994 0.00282587 -0.00384025 -0.00283413 0.999988 -0.192041 -0.0796929 -0.0444834
FixedParameters: 0 0 0

#Transform 62
Transform: AffineTransform_float_3_3
Parameters: 0.99999 0.0022476 0.00383506 -0.00226016 0.999991 0.00336801 -0.00382731 -0.00337599 0.999987 -0.195581 -0.0634144 0.0656643
FixedParameters: 0 0 0

#Transform 63
Transform: AffineTransform_float_3_3
Parameters: 0.999988 0.00229947 0.00432379 -0.00231275 0.999992 0.00308188 -0.00431602 -0.00309111 0.999986 -0.211498 -0.034303 0.0453751
FixedParameters: 0 0 0

#Transform 64
Transform: AffineTransform_float_3_3
Parameters: 0.999987 0.00259223 0.00435799 -0.00260465 0.999993 0.00271743 -0.00435108 -0.00272957 0.999987 -0.216152 0.0293729 -0.0488062
FixedParameters: 0 0 0

#Transform 65
Transform: AffineTransform_float_3_3
Parameters: 0.99999 0.00231721 0.00399215 -0.00233169 0.999991 0.00358738 -0.003984 -0.00359662 0.999985 -0.201336 -0.0731571 -0.0445125
FixedParameters: 0 0 0

#Transform 66
Transform: AffineTransform_float_3_3
Parameters: 0.999987 0.00241725 0.00454093 -0.00243622 0.999989 0.00418384 -0.00453068 -0.00419516 0.999981 -0.205294 -0.0742595 -0.0493223
FixedParameters: 0 0 0

#Transform 67
Transform: AffineTransform_float_3_3
Parameters: 0.999987 0.0026165 0.00433916 -0.00263423 0.999988 0.00400647 -0.00432796 -0.00401853 0.999983 -0.205503 -0.0705257 0.0333526
FixedParameters: 0 0 0

#Transform 68
Transform: AffineTransform_float_3_3
Parameters: 0.999982 0.00283485 0.00541374 -0.00286243 0.999983 0.00500993 -0.00539907 -0.00502507 0.999973 -0.232095 -0.0963802 0.0377618
FixedParameters: 0 0 0

#Transform 69
Transform: AffineTransform_float_3_3
Parameters: 0.999986 0.00268988 0.00469983 -0.00271122 0.999986 0.00459026 -0.00468739 -0.00460274 0.999979 -0.213922 -0.0620804 0.139397
FixedParameters: 0 0 0

#Transform 70
Transform: AffineTransform_float_3_3
Parameters: 0.999984 0.00282396 0.00501801 -0.0028519 0.999981 0.00553179 -0.00500159 -0.0055452 0.999972 -0.208288 -0.0198551 0.0280048
FixedParameters: 0 0 0

#Transform 71
Transform: AffineTransform_float_3_3
Parameters: 0.999978 0.00304253 0.00585938 -0.00307928 0.999974 0.00639561 -0.00583934 -0.00641338 0.999962 -0.230168 0.00519066 0.0587233
FixedParameters: 0 0 0

#Transform 72
Transform: AffineTransform_float_3_3
Parameters: 0.999977 0.00348275 0.00584134 -0.00352192 0.999971 0.00674897 -0.00581834 -0.00676904 0.99996 -0.229115 -0.161821 -0.0587534
FixedParameters: 0 0 0

#Transform 73
Transform: AffineTransform_float_3_3
Parameters: 0.999978 0.00319942 0.00592611 -0.00323923 0.999971 0.00680757 -0.00590469 -0.00682643 0.99996 -0.230502 -0.0979135 -0.01098
FixedParameters: 0 0 0

#Transform 74
Transform: AffineTransform_float_3_3
Parameters: 0.99998 0.00318527 0.00548496 -0.00322151 0.999973 0.00666767 -0.00546423 -0.00668534 0.999963 -0.221127 -0.0824909 0.0338552
FixedParameters: 0 0 0

#Transform 75
Transform: AffineTransform_float_3_3
Parameters: 0.999979 0.00301868 0.00560688 -0.00305235 0.999977 0.00614332 -0.00558838 -0.00615968 0.999965 -0.219497 -0.0869604 0.0626676
FixedParameters: 0 0 0

#Transform 76
Transform: AffineTransform_float_3_3
Parameters: 0.999981 0.00332556 0.00519154 -0.00335002 0.999984 0.00451967 -0.00517679 -0.00453632 0.999976 -0.199907 0.0390567 -0.0396051
FixedParameters: 0 0 0

#Transform 77
Transform: AffineTransform_float_3_3
Parameters: 0.99998 0.00337142 0.00521494 -0.00340127 0.999979 0.00556036 -0.00519631 -0.00557765 0.999971 -0.223829 -0.227752 0.0744184
FixedParameters: 0 0 0

#Transform 78
Transform: AffineTransform_float_3_3
Parameters: 0.999982 0.00342144 0.00491707 -0.00344938 0.999977 0.00579503 -0.00489739 -0.00581198 0.999972 -0.213287 -0.10308 0.0362003
FixedParameters: 0 0 0

#Transform 79
Transform: AffineTransform_float_3_3
Parameters: 0.999981 0.00355251 0.00490213 -0.00357873 0.99998 0.00524043 -0.00488348 -0.00525757 0.999975 -0.217506 -0.00593321 0.013641
FixedParameters: 0 0 0

#Transform 80
Transform: AffineTransform_float_3_3
Parameters: 0.999979 0.00368299 0.00531075 -0.00371052 0.99998 0.00514636 -0.00529162 -0.00516564 0.999972 -0.225433 -0.0878636 -0.052914
FixedParameters: 0 0 0

#Transform 81
Transform: AffineTransform_float_3_3
Parameters: 0.999984 0.00310796 0.0048768 -0.00313881 0.999974 0.00634681 -0.00485751 -0.00636219 0.999968 -0.204972 -0.128336 0.0336534
FixedParameters: 0 0 0

#Transform 82
Transform: AffineTransform_float_3_3
Parameters: 0.999984 0.00355371 0.00442027 -0.00357804 0.999979 0.00547674 -0.00440082 -0.00549226 0.999975 -0.189844 -0.0715049 0.0591383
FixedParameters: 0 0 0

#Transform 83
Transform: AffineTransform_float_3_3
Parameters: 0.999984 0.00341516 0.00437531 -0.00343667 0.999982 0.00490362 -0.00435803 -0.00491838 0.999978 -0.196994 6.08436e-05 -0.0280814
FixedParameters: 0 0 0

#Transform 84
Transform: AffineTransform_float_3_3
Parameters: 0.999986 0.00339611 0.00419366 -0.00341694 0.999982 0.00502223 -0.00417675 -0.00503677 0.999979 -0.197345 -0.0696332 -0.0210792
FixedParameters: 0 0 0

#Transform 85
Transform: AffineTransform_float_3_3
Parameters: 0.999985 0.00310861 0.00449944 -0.00313325 0.99998 0.00543669 -0.00448313 -0.0054513 0.999975 -0.190946 -0.0812867 0.0847597
FixedParameters: 0 0 0

#Transform 86
Transform: AffineTransform_float_3_3
Parameters: 0.999984 0.00328685 0.0045549 -0.00331158 0.999979 0.0054897 -0.0045364 -0.0055053 0.999975 -0.196444 -0.0695464 0.0421551
FixedParameters: 0 0 0

#Transform 87
Transform: AffineTransform_float_3_3
Parameters: 0.999987 0.00338183 0.00379247 -0.00340069 0.999981 0.00516646 -0.00377464 -0.00517955 0.99998 -0.17043 -0.106342 0.017764
FixedParameters: 0 0 0

#Transform 88
Transform: AffineTransform_float_3_3
Parameters: 0.999984 0.00367867 0.00416179 -0.00370139 0.999977 0.00561205 -0.00414098 -0.00562795 0.999976 -0.195647 -0.0605997 0.0207802
FixedParameters: 0 0 0

#Transform 89
Transform: AffineTransform_float_3_3
Parameters: 0.999986 0.00334609 0.00410152 -0.00336957 0.999977 0.00580075 -0.00408219 -0.00581426 0.999975 -0.184053 -0.0758907 0.0604057
FixedParameters: 0 0 0

#Transform 90
Transform: AffineTransform_float_3_3
Parameters: 0.999988 0.00315265 0.00372512 -0.00317302 0.99998 0.00546354 -0.00370777 -0.00547546 0.999978 -0.166438 -0.0501086 0.0904255
FixedParameters: 0 0 0

#Transform 91
Transform: AffineTransform_float_3_3
Parameters: 0.999989 0.00275273 0.00385723 -0.00277372 0.999981 0.0055119 -0.0038421 -0.00552311 0.999978 -0.159905 -0.0639227 0.0926351
FixedParameters: 0 0 0

#Transform 92
Transform: AffineTransform_float_3_3
Parameters: 0.999988 0.00307667 0.00382469 -0.0030983 0.999979 0.00561562 -0.00380734 -0.00562737 0.999977 -0.163877 -0.0350059 0.0356383
FixedParameters: 0 0 0

#Transform 93
Transform: AffineTransform_float_3_3
Parameters: 0.999987 0.00314057 0.00414271 -0.00315994 0.999983 0.00481358 -0.00412761 -0.00482643 0.99998 -0.179664 0.053485 -0.0814832
FixedParameters: 0 0 0

#Transform 94
Transform: AffineTransform_float_3_3
Parameters: 0.999988 0.0029087 0.00410798 -0.00293349 0.999978 0.00599064 -0.00408963 -0.00600236 0.999974 -0.169218 -0.138667 -0.0606382
FixedParameters: 0 0 0

#Transform 95
Transform: AffineTransform_float_3_3
Parameters: 0.999986 0.00321173 0.00420588 -0.00323857 0.999975 0.00628097 -0.0041862 -0.00629504 0.999972 -0.173578 -0.0805018 -0.086136
FixedParameters: 0 0 0

#Transform 96
Transform: AffineTransform_float_3_3
Parameters: 0.999986 0.00340039 0.00422596 -0.00342798 0.999973 0.0065651 -0.00420316 -0.0065799 0.99997 -0.174451 -0.0797718 -0.122332
FixedParameters: 0 0 0

#Transform 97
Transform: AffineTransform_float_3_3
Parameters: 0.999987 0.0034854 0.00378757 -0.00351153 0.999969 0.00697808 -0.00376266 -0.00699192 0.999969 -0.17118 -0.0990406 -0.133827
FixedParameters: 0 0 0

#Transform 98
Transform: AffineTransform_float_3_3
Parameters: 0.999984 0.00373123 0.00412255 -0.00375962 0.999969 0.00689898 -0.00409697 -0.00691502 0.999968 -0.186496 -0.121017 -0.0797455
FixedParameters: 0 0 0

#Transform 99
Transform: AffineTransform_float_3_3
Parameters: 0.999983 0.00395942 0.00439172 -0.00399003 0.999967 0.00704395 -0.00436412 -0.00706205 0.999965 -0.19932 -0.0632743 -0.125266
FixedParameters: 0 0 0

#Transform 100
Transform: AffineTransform_float_3_3
Parameters: 0.999983 0.00398386 0.00420262 -0.00401633 0.999963 0.00768148 -0.00417167 -0.00769752 0.999961 -0.196355 -0.120364 -0.127813
FixedParameters: 0 0 0

#Transform 101
Transform: AffineTransform_float_3_3
Parameters: 0.999987 0.00362253 0.00377319 -0.00364796 0.99997 0.00676349 -0.00374881 -0.0067775 0.99997 -0.17911 -0.093359 -0.081623
FixedParameters: 0 0 0

#Transform 102
Transform: AffineTransform_float_3_3
Parameters: 0.999985 0.00398756 0.00373393 -0.00400967 0.999974 0.00600327 -0.0037094 -0.00601773 0.999975 -0.205651 -0.0294101 -0.0482687
FixedParameters: 0 0 0

#Transform 103
Transform: AffineTransform_float_3_3
Parameters: 0.999984 0.00384676 0.0041476 -0.00387558 0.999968 0.0070173 -0.00412061 -0.00703371 0.999967 -0.216137 -0.125537 -0.0241002
FixedParameters: 0 0 0

#Transform 104
Transform: AffineTransform_float_3_3
Parameters: 0.999977 0.00484976 0.00473118 -0.00488688 0.999958 0.00776324 -0.00469353 -0.00778677 0.999959 -0.325069 -0.156923 0.204406
FixedParameters: 0 0 0

#Transform 105
Transform: AffineTransform_float_3_3
Parameters: 0.999975 0.0052494 0.00468999 -0.00528392 0.999959 0.00742433 -0.00465159 -0.00744867 0.999961 -0.338948 -0.0648653 -0.0525995
FixedParameters: 0 0 0

#Transform 106
Transform: AffineTransform_float_3_3
Parameters: 0.999976 0.00529192 0.00446874 -0.00531854 0.999968 0.00598111 -0.00443717 -0.0060049 0.999972 -0.322909 -0.0828542 -0.185204
FixedParameters: 0 0 0

#Transform 107
Transform: AffineTransform_float_3_3
Parameters: 0.999977 0.00524184 0.00424614 -0.00526679 0.999969 0.00587651 -0.00421509 -0.00589849 0.999974 -0.333338 -0.0793232 -0.127585
FixedParameters: 0 0 0

#Transform 108
Transform: AffineTransform_float_3_3
Parameters: 0.999977 0.00557752 0.00400582 -0.00559991 0.99997 0.00541112 -0.0039756 -0.00543388 0.999977 -0.339697 -0.0856859 -0.143496
FixedParameters: 0 0 0

#Transform 109
Transform: AffineTransform_float_3_3
Parameters: 0.999981 0.00503527 0.00359049 -0.00505755 0.999968 0.00629243 -0.00355848 -0.00631057 0.999974 -0.315695 -0.120793 -0.119596
FixedParameters: 0 0 0

#Transform 110
Transform: AffineTransform_float_3_3
Parameters: 0.99998 0.00523124 0.00357221 -0.00525466 0.999964 0.00658283 -0.00353777 -0.00660217 0.999972 -0.323068 -0.114071 -0.0983855
FixedParameters: 0 0 0

#Transform 111
Transform: AffineTransform_float_3_3
Parameters: 0.99998 0.00521947 0.00357179 -0.00524136 0.999966 0.00625487 -0.00353885 -0.00627413 0.999974 -0.316134 -0.0657699 -0.0884039
FixedParameters: 0 0 0

#Transform 112
Transform: AffineTransform_float_3_3
Parameters: 0.999979 0.00543136 0.00355483 -0.00545668 0.99996 0.00710809 -0.00351621 -0.00712691 0.999969 -0.343375 -0.151756 -0.0318657
FixedParameters: 0 0 0

#Transform 113
Transform: AffineTransform_float_3_3
Parameters: 0.999969 0.00592169 0.00523399 -0.00596033 0.999955 0.0073849 -0.0051904 -0.00741611 0.999959 -0.387922 -0.0843353 -0.0716981
FixedParameters: 0 0 0

#Transform 114
Transform: AffineTransform_float_3_3
Parameters: 0.999969 0.00590244 0.00523932 -0.00594509 0.999951 0.00801997 -0.00519176 -0.00805104 0.999954 -0.387888 -0.125972 -0.0855268
FixedParameters: 0 0 0

#Transform 115
Transform: AffineTransform_float_3_3
Parameters: 0.999966 0.00631549 0.00519514 -0.00635337 0.999952 0.00743396 -0.00514819 -0.00746604 0.999959 -0.396569 -0.0859224 -0.12297
FixedParameters: 0 0 0

#Transform 116
Transform: AffineTransform_float_3_3
Parameters: 0.99997 0.00603838 0.00472098 -0.00607199 0.999957 0.00703411 -0.00467833 -0.00706289 0.999964 -0.383504 -0.0819409 -0.0906771
FixedParameters: 0 0 0

#Transform 117
Transform: AffineTransform_float_3_3
Parameters: 0.99997 0.00604668 0.00479678 -0.00607996 0.999958 0.00689859 -0.00475467 -0.0069274 0.999964 -0.382218 -0.100821 -0.0916533
FixedParameters: 0 0 0

#Transform 118
Transform: AffineTransform_float_3_3
Parameters: 0.999968 0.00607325 0.0050858 -0.00611082 0.999955 0.00729991 -0.0050408 -0.00733109 0.999961 -0.408799 -0.138932 -0.0500725
FixedParameters: 0 0 0

#Transform 119
Transform: AffineTransform_float_3_3
Parameters: 0.999964 0.00664092 0.00514718 -0.00667913 0.99995 0.00750628 -0.00509738 -0.00754072 0.999958 -0.419534 -0.102928 -0.0125876
FixedParameters: 0 0 0
