#!ascii label  , from subject sub-v1s6x0051607_ses-1 vox2ras=TkReg
581
77164  -28.209  -2.668  -1.918 0.0000000000
72808  -25.263  -7.720  1.243 0.0000000000
72851  -31.030  -7.477  -1.122 0.0000000000
67684  -26.965  -13.642  0.332 0.0000000000
123091  -26.146  8.679  -1.849 0.0000000000
84021  -30.464  5.006  -4.347 0.0000000000
124667  -21.723  3.751  1.061 0.0000000000
132632  -24.754  -18.328  3.579 0.0000000000
70312  -26.297  -10.707  0.640 0.0000000000
67661  -24.667  -13.154  2.575 0.0000000000
119051  -28.871  6.974  -3.710 0.0000000000
84893  -23.755  5.391  -4.556 0.0000000000
77980  -23.263  -1.661  -0.107 0.0000000000
80538  -19.921  1.183  1.713 0.0000000000
79694  -24.559  0.734  -0.804 0.0000000000
80598  -28.635  1.693  -3.700 0.0000000000
78878  -30.531  -0.702  -3.673 0.0000000000
77180  -31.818  -2.404  -2.489 0.0000000000
74535  -22.167  -5.403  1.792 0.0000000000
75459  -26.357  -4.388  -0.710 0.0000000000
74590  -30.009  -4.714  -2.470 0.0000000000
72838  -27.838  -7.455  -1.119 0.0000000000
70324  -29.129  -10.725  -0.995 0.0000000000
67674  -29.464  -13.900  1.092 0.0000000000
83952  -21.205  5.469  1.795 0.0000000000
83119  -25.254  4.123  -1.745 0.0000000000
138193  -31.704  3.925  -2.781 0.0000000000
65935  -23.810  -15.615  4.014 0.0000000000
65018  -25.963  -16.387  1.869 0.0000000000
69410  -24.294  -11.867  3.050 0.0000000000
68524  -23.612  -12.871  3.997 0.0000000000
85819  -23.285  7.442  -3.135 0.0000000000
121027  -22.402  6.792  -0.369 0.0000000000
77161  -26.098  -2.162  -1.240 0.0000000000
78839  -22.907  -0.255  -0.994 0.0000000000
78854  -25.851  -0.669  -1.215 0.0000000000
78865  -28.125  -0.356  -2.688 0.0000000000
143346  -29.266  -1.504  -3.270 0.0000000000
78029  -31.131  -1.565  -4.199 0.0000000000
77188  -29.894  -2.703  -4.086 0.0000000000
73661  -24.153  -6.395  1.861 0.0000000000
75446  -24.227  -4.719  0.933 0.0000000000
73672  -25.291  -6.305  0.667 0.0000000000
73689  -27.426  -6.531  -0.795 0.0000000000
72820  -26.243  -7.496  0.158 0.0000000000
68564  -26.506  -12.383  0.483 0.0000000000
69461  -27.352  -11.081  -0.363 0.0000000000
67692  -28.070  -12.749  -0.342 0.0000000000
68575  -29.594  -12.156  -0.221 0.0000000000
66840  -28.468  -14.107  0.636 0.0000000000
134044  -24.234  10.048  -4.590 0.0000000000
89296  -24.350  12.416  -3.302 0.0000000000
118903  -26.540  9.711  -1.909 0.0000000000
118959  -29.354  9.890  -3.769 0.0000000000
86773  -29.959  8.148  -5.291 0.0000000000
84903  -28.798  6.145  -3.797 0.0000000000
81369  -20.557  2.632  1.726 0.0000000000
144635  -19.236  3.272  2.931 0.0000000000
82182  -20.396  4.465  1.622 0.0000000000
136416  -22.738  5.398  -0.479 0.0000000000
82234  -23.612  3.817  -1.671 0.0000000000
129041  -30.774  1.323  -3.702 0.0000000000
81435  -30.029  2.268  -4.508 0.0000000000
81415  -32.868  2.651  -1.876 0.0000000000
73705  -30.243  -6.073  -1.601 0.0000000000
74582  -31.475  -5.023  -1.450 0.0000000000
64093  -23.415  -17.273  4.649 0.0000000000
64094  -23.884  -16.951  3.972 0.0000000000
65009  -24.914  -16.093  2.826 0.0000000000
64103  -25.494  -17.361  2.780 0.0000000000
71189  -24.721  -9.678  2.260 0.0000000000
130527  -25.821  -9.915  1.010 0.0000000000
69441  -25.103  -10.624  2.052 0.0000000000
68540  -25.334  -12.226  2.019 0.0000000000
67673  -25.943  -13.712  1.206 0.0000000000
124699  -24.163  8.321  -4.973 0.0000000000
118573  -27.569  7.846  -2.732 0.0000000000
85822  -24.593  6.781  -4.973 0.0000000000
84896  -25.584  6.345  -2.165 0.0000000000
84004  -27.081  5.407  -2.611 0.0000000000
77968  -22.281  -1.531  1.399 0.0000000000
78826  -22.425  -0.244  0.807 0.0000000000
132266  -22.512  1.158  0.718 0.0000000000
80565  -23.247  2.237  -0.168 0.0000000000
81401  -24.056  3.283  -1.895 0.0000000000
123672  -26.310  1.473  -1.954 0.0000000000
79722  -28.986  0.438  -3.592 0.0000000000
79725  -31.908  1.054  -2.657 0.0000000000
78869  -32.466  -0.402  -2.101 0.0000000000
62355  -26.134  -19.662  4.196 0.0000000000
63198  -26.256  -18.566  3.336 0.0000000000
76308  -23.230  -3.155  0.381 0.0000000000
128560  -25.214  -2.921  -0.367 0.0000000000
76332  -27.217  -3.507  -1.400 0.0000000000
75496  -29.608  -4.286  -2.667 0.0000000000
74578  -28.006  -5.179  -1.334 0.0000000000
73703  -29.069  -6.354  -1.563 0.0000000000
72848  -29.287  -7.816  -1.440 0.0000000000
71219  -27.001  -9.520  -0.243 0.0000000000
71221  -28.374  -9.646  -0.844 0.0000000000
71230  -30.117  -9.451  -1.320 0.0000000000
70325  -30.524  -10.555  -0.805 0.0000000000
68568  -31.306  -11.965  0.529 0.0000000000
85854  -31.164  7.907  -4.821 0.0000000000
83972  -22.638  6.114  -0.499 0.0000000000
83992  -23.871  5.007  -3.692 0.0000000000
83146  -28.269  4.384  -3.847 0.0000000000
81413  -26.910  2.799  -2.674 0.0000000000
82260  -28.768  3.564  -4.260 0.0000000000
83149  -31.719  4.852  -2.924 0.0000000000
124219  -30.666  -4.203  -4.048 0.0000000000
75482  -32.301  -3.816  -1.330 0.0000000000
128913  -23.521  -14.548  4.736 0.0000000000
66806  -24.262  -14.624  3.412 0.0000000000
65946  -25.476  -15.175  1.825 0.0000000000
130421  -26.483  -15.085  1.207 0.0000000000
64105  -27.043  -17.490  2.563 0.0000000000
65011  -27.372  -16.776  1.938 0.0000000000
66832  -27.936  -14.855  0.844 0.0000000000
84873  -22.013  6.663  0.424 0.0000000000
122767  -26.929  -2.016  -1.496 0.0000000000
78000  -26.392  -1.331  -1.385 0.0000000000
78002  -27.669  -1.938  -1.836 0.0000000000
78013  -27.848  -1.174  -2.292 0.0000000000
78014  -28.374  -1.924  -2.372 0.0000000000
78027  -29.667  -1.948  -3.880 0.0000000000
77177  -28.891  -2.678  -2.550 0.0000000000
72042  -24.470  -8.196  2.275 0.0000000000
72795  -24.100  -7.551  2.354 0.0000000000
130511  -24.413  -7.048  2.050 0.0000000000
73671  -24.595  -6.104  1.244 0.0000000000
72819  -25.527  -7.186  0.707 0.0000000000
73673  -25.911  -6.734  0.258 0.0000000000
137475  -25.692  -7.853  0.659 0.0000000000
67683  -26.525  -13.252  0.610 0.0000000000
68565  -27.056  -12.923  0.037 0.0000000000
67685  -27.547  -13.251  0.004 0.0000000000
67686  -28.173  -13.447  0.084 0.0000000000
66839  -27.558  -14.135  0.400 0.0000000000
87570  -24.871  9.093  -2.986 0.0000000000
88471  -24.755  10.344  -2.675 0.0000000000
87571  -25.577  9.293  -1.815 0.0000000000
118582  -28.838  9.381  -3.394 0.0000000000
125057  -29.824  8.766  -4.990 0.0000000000
118584  -29.030  8.440  -3.573 0.0000000000
125682  -30.156  5.775  -4.630 0.0000000000
84034  -30.895  6.109  -3.998 0.0000000000
84920  -32.635  6.407  -2.820 0.0000000000
141208  -32.597  5.907  -2.643 0.0000000000
81370  -21.313  3.151  1.566 0.0000000000
82201  -20.012  3.009  1.544 0.0000000000
82202  -20.529  3.576  1.654 0.0000000000
83081  -20.026  3.930  1.510 0.0000000000
82203  -21.325  4.112  1.535 0.0000000000
82226  -22.536  4.690  -0.106 0.0000000000
82227  -23.076  3.945  -0.492 0.0000000000
132962  -32.491  2.033  -2.141 0.0000000000
81414  -32.176  2.595  -2.418 0.0000000000
73706  -30.761  -6.509  -1.322 0.0000000000
74563  -31.023  -5.977  -1.310 0.0000000000
73690  -31.446  -6.936  -0.802 0.0000000000
63181  -24.108  -18.654  4.092 0.0000000000
63196  -23.949  -17.797  4.002 0.0000000000
64095  -24.683  -17.540  3.423 0.0000000000
64102  -24.751  -16.787  3.175 0.0000000000
63205  -25.496  -18.088  3.160 0.0000000000
70282  -24.456  -10.516  2.719 0.0000000000
68539  -24.719  -12.376  2.561 0.0000000000
130621  -25.148  -12.852  2.162 0.0000000000
125491  -25.563  -12.937  1.567 0.0000000000
67662  -25.237  -13.511  1.982 0.0000000000
86751  -23.316  8.793  -4.648 0.0000000000
86747  -24.491  7.746  -4.705 0.0000000000
86745  -23.225  7.945  -4.803 0.0000000000
85820  -23.511  6.317  -4.516 0.0000000000
128672  -24.318  5.829  -5.182 0.0000000000
84895  -24.676  5.668  -4.306 0.0000000000
83994  -26.350  6.011  -2.217 0.0000000000
131010  -25.542  5.745  -1.862 0.0000000000
77979  -22.801  -1.707  0.396 0.0000000000
133759  -22.609  -0.942  0.545 0.0000000000
78841  -24.199  -0.095  -0.631 0.0000000000
79687  -22.840  0.282  -0.837 0.0000000000
79689  -23.167  0.417  -1.101 0.0000000000
80566  -23.803  1.137  -0.765 0.0000000000
80567  -22.968  1.123  -0.909 0.0000000000
80575  -24.880  1.461  -1.148 0.0000000000
79695  -25.640  0.862  -1.447 0.0000000000
78877  -28.876  -0.309  -3.313 0.0000000000
79710  -28.349  0.401  -3.144 0.0000000000
79723  -29.706  0.060  -3.699 0.0000000000
139316  -31.068  0.617  -3.481 0.0000000000
79711  -31.614  0.444  -3.010 0.0000000000
79712  -32.319  0.481  -2.349 0.0000000000
78868  -31.772  -0.326  -2.813 0.0000000000
77189  -31.428  -2.093  -4.273 0.0000000000
78017  -31.944  -1.052  -2.555 0.0000000000
132464  -32.607  -2.295  -1.667 0.0000000000
62354  -25.351  -19.819  4.201 0.0000000000
129285  -26.008  -20.190  4.644 0.0000000000
75437  -22.057  -4.654  1.511 0.0000000000
76296  -22.179  -3.201  1.389 0.0000000000
76297  -22.632  -3.845  1.149 0.0000000000
75447  -25.086  -4.865  0.374 0.0000000000
76309  -24.676  -4.072  0.347 0.0000000000
139719  -25.158  -3.573  -0.022 0.0000000000
77151  -25.839  -2.933  -1.108 0.0000000000
75478  -26.975  -4.125  -1.232 0.0000000000
75479  -27.826  -4.294  -1.426 0.0000000000
75460  -27.181  -4.795  -1.096 0.0000000000
73702  -28.170  -6.011  -1.293 0.0000000000
130167  -28.229  -6.792  -1.315 0.0000000000
130426  -29.407  -6.942  -1.507 0.0000000000
72847  -28.714  -7.457  -1.436 0.0000000000
71202  -26.531  -9.865  0.298 0.0000000000
119569  -28.455  -10.824  -0.828 0.0000000000
70322  -27.996  -10.453  -0.709 0.0000000000
70323  -28.686  -10.224  -0.922 0.0000000000
71229  -29.529  -9.658  -1.206 0.0000000000
70331  -29.865  -10.208  -1.202 0.0000000000
71222  -30.674  -9.901  -1.113 0.0000000000
143163  -29.812  -10.819  -0.888 0.0000000000
67688  -29.849  -13.028  0.394 0.0000000000
68567  -30.495  -12.134  0.144 0.0000000000
68554  -30.854  -12.744  0.827 0.0000000000
118870  -27.990  7.166  -3.124 0.0000000000
124182  -29.145  7.672  -3.891 0.0000000000
85836  -29.538  7.134  -4.634 0.0000000000
79664  -19.953  0.346  1.709 0.0000000000
83944  -19.310  5.196  3.963 0.0000000000
83951  -20.428  5.152  1.578 0.0000000000
83971  -22.011  6.144  0.388 0.0000000000
83960  -21.573  5.776  1.217 0.0000000000
83116  -23.709  4.622  -2.081 0.0000000000
83117  -23.682  4.393  -3.284 0.0000000000
83993  -24.410  4.138  -3.212 0.0000000000
84003  -26.102  5.242  -1.790 0.0000000000
83133  -26.620  4.515  -2.234 0.0000000000
80587  -26.640  2.068  -2.434 0.0000000000
81403  -25.514  2.794  -1.668 0.0000000000
80597  -28.064  2.109  -3.255 0.0000000000
82262  -30.975  3.364  -3.175 0.0000000000
81434  -29.426  2.845  -4.597 0.0000000000
82261  -30.543  3.381  -4.686 0.0000000000
83155  -30.323  3.818  -5.088 0.0000000000
83134  -32.467  4.446  -2.351 0.0000000000
83135  -33.884  4.636  -1.641 0.0000000000
75497  -30.294  -4.442  -3.515 0.0000000000
130758  -30.081  -4.151  -3.699 0.0000000000
137634  -31.693  -4.451  -1.651 0.0000000000
65923  -23.408  -16.017  4.767 0.0000000000
66791  -23.460  -15.351  4.750 0.0000000000
66805  -23.748  -14.848  4.140 0.0000000000
137943  -25.480  -15.933  2.111 0.0000000000
65945  -25.057  -15.513  2.476 0.0000000000
142943  -25.972  -15.162  1.440 0.0000000000
65956  -26.099  -15.708  1.550 0.0000000000
64096  -26.875  -18.015  3.162 0.0000000000
65021  -27.914  -16.038  1.725 0.0000000000
128776  -23.675  -11.813  3.749 0.0000000000
68525  -24.207  -12.591  3.238 0.0000000000
67645  -24.230  -13.516  3.323 0.0000000000
86740  -22.675  7.646  -1.374 0.0000000000
85813  -23.163  7.058  -1.564 0.0000000000
84885  -23.673  6.341  -2.384 0.0000000000
77988  -23.805  -1.589  -0.356 0.0000000000
132847  -23.338  -0.792  -0.427 0.0000000000
127676  -24.046  -0.919  -0.553 0.0000000000
78842  -24.990  -0.735  -0.644 0.0000000000
78853  -25.263  0.036  -0.948 0.0000000000
120073  -26.034  0.017  -1.498 0.0000000000
78856  -27.335  -0.386  -2.121 0.0000000000
78866  -28.712  -1.189  -2.915 0.0000000000
78867  -29.641  -1.025  -3.489 0.0000000000
78028  -30.395  -1.640  -4.206 0.0000000000
78036  -30.776  -2.064  -4.460 0.0000000000
76358  -31.421  -3.036  -4.113 0.0000000000
73660  -23.025  -6.178  1.888 0.0000000000
74536  -23.802  -5.525  1.508 0.0000000000
75438  -23.165  -4.678  1.301 0.0000000000
74543  -24.707  -5.528  0.820 0.0000000000
74560  -25.933  -5.168  -0.214 0.0000000000
74561  -26.649  -5.867  -0.485 0.0000000000
74545  -25.934  -6.058  0.016 0.0000000000
73688  -26.523  -6.688  -0.255 0.0000000000
72837  -27.049  -7.423  -0.489 0.0000000000
69454  -26.115  -11.521  0.941 0.0000000000
69455  -26.733  -11.450  0.191 0.0000000000
68572  -27.309  -12.049  -0.291 0.0000000000
68573  -27.977  -12.103  -0.622 0.0000000000
69463  -28.549  -11.415  -0.748 0.0000000000
69464  -29.331  -11.420  -0.677 0.0000000000
68574  -28.688  -12.105  -0.484 0.0000000000
68566  -28.852  -12.790  0.003 0.0000000000
67687  -28.946  -13.432  0.471 0.0000000000
89294  -23.257  11.212  -3.475 0.0000000000
132502  -24.496  11.749  -3.370 0.0000000000
135582  -27.376  10.011  -2.478 0.0000000000
133045  -31.992  8.936  -4.486 0.0000000000
84918  -29.354  6.475  -4.424 0.0000000000
84934  -31.012  7.163  -4.271 0.0000000000
84933  -30.195  6.833  -4.783 0.0000000000
133080  -18.697  3.365  3.638 0.0000000000
83065  -19.331  3.938  3.057 0.0000000000
83066  -20.086  4.596  1.560 0.0000000000
83082  -21.387  5.032  1.534 0.0000000000
83097  -21.823  5.493  0.812 0.0000000000
83115  -23.204  4.733  -0.919 0.0000000000
82235  -23.869  3.780  -3.027 0.0000000000
79731  -30.244  1.374  -4.120 0.0000000000
81426  -29.233  2.079  -4.298 0.0000000000
80599  -30.461  2.014  -4.230 0.0000000000
81428  -31.276  2.599  -2.869 0.0000000000
82251  -32.474  3.443  -2.178 0.0000000000
74581  -30.152  -5.133  -1.895 0.0000000000
74591  -30.209  -4.418  -2.824 0.0000000000
138589  -30.592  -4.950  -1.935 0.0000000000
143735  -31.334  -5.591  -1.259 0.0000000000
140285  -23.380  -16.790  4.752 0.0000000000
65000  -23.583  -16.370  4.405 0.0000000000
65001  -24.196  -16.214  3.603 0.0000000000
65936  -24.537  -15.483  3.170 0.0000000000
131177  -25.480  -16.630  2.418 0.0000000000
71179  -24.031  -8.817  2.705 0.0000000000
131484  -24.738  -8.841  2.098 0.0000000000
72053  -25.534  -8.431  0.994 0.0000000000
71190  -25.320  -9.179  1.503 0.0000000000
136246  -25.324  -10.002  1.642 0.0000000000
70296  -25.683  -10.693  1.339 0.0000000000
69426  -24.795  -11.455  2.476 0.0000000000
69442  -25.491  -11.479  1.684 0.0000000000
68553  -25.836  -12.270  1.262 0.0000000000
125231  -26.072  -12.928  1.022 0.0000000000
142146  -26.532  -13.739  0.728 0.0000000000
88474  -22.823  10.548  -3.174 0.0000000000
88478  -22.808  10.506  -3.817 0.0000000000
87569  -24.161  9.455  -4.434 0.0000000000
119004  -25.467  8.122  -2.838 0.0000000000
118594  -26.853  8.353  -2.420 0.0000000000
135695  -26.782  7.675  -2.262 0.0000000000
118898  -25.794  7.019  -1.922 0.0000000000
85821  -24.131  6.480  -5.355 0.0000000000
135651  -25.029  6.191  -4.195 0.0000000000
135665  -27.786  6.576  -2.813 0.0000000000
118978  -27.997  5.902  -3.165 0.0000000000
84020  -28.670  5.242  -4.034 0.0000000000
79666  -20.967  0.543  2.236 0.0000000000
78834  -22.979  -0.184  0.089 0.0000000000
79667  -22.104  0.525  1.263 0.0000000000
129361  -20.770  1.417  2.136 0.0000000000
80540  -21.135  2.195  1.982 0.0000000000
80555  -21.668  2.421  1.280 0.0000000000
81384  -22.569  2.934  0.269 0.0000000000
81399  -23.397  3.289  -0.891 0.0000000000
80573  -23.819  2.358  -0.852 0.0000000000
80576  -25.420  1.990  -1.532 0.0000000000
79708  -27.121  1.302  -2.426 0.0000000000
79709  -27.619  0.464  -2.489 0.0000000000
128550  -28.661  0.974  -3.537 0.0000000000
143012  -30.557  0.853  -3.757 0.0000000000
132014  -31.403  1.180  -3.183 0.0000000000
80589  -32.438  1.358  -2.207 0.0000000000
79697  -32.868  0.972  -1.833 0.0000000000
78857  -32.992  0.255  -1.638 0.0000000000
72073  -31.261  -8.384  -1.068 0.0000000000
62366  -24.950  -19.092  3.763 0.0000000000
63197  -25.465  -18.699  3.436 0.0000000000
77144  -22.522  -2.412  0.998 0.0000000000
77145  -22.966  -2.475  0.234 0.0000000000
75445  -23.669  -3.925  0.682 0.0000000000
126726  -24.366  -3.168  0.141 0.0000000000
76318  -23.611  -2.393  -0.057 0.0000000000
77149  -24.540  -2.278  -0.313 0.0000000000
77162  -26.636  -2.835  -1.368 0.0000000000
77163  -27.479  -2.715  -1.569 0.0000000000
76334  -28.777  -3.470  -2.233 0.0000000000
76333  -28.061  -3.444  -1.643 0.0000000000
128485  -28.745  -4.208  -1.930 0.0000000000
129729  -28.657  -4.810  -1.664 0.0000000000
74562  -27.369  -5.589  -0.927 0.0000000000
74579  -28.973  -5.482  -1.665 0.0000000000
74580  -29.827  -5.350  -1.838 0.0000000000
73704  -29.820  -6.023  -1.651 0.0000000000
130767  -29.917  -6.648  -1.517 0.0000000000
72850  -30.316  -7.105  -1.354 0.0000000000
72054  -26.116  -8.350  0.392 0.0000000000
131461  -26.578  -8.984  0.084 0.0000000000
127926  -27.218  -8.914  -0.453 0.0000000000
128585  -27.249  -10.234  -0.295 0.0000000000
71220  -27.659  -9.642  -0.596 0.0000000000
72071  -27.959  -8.961  -0.889 0.0000000000
131586  -28.883  -8.275  -1.301 0.0000000000
72088  -30.206  -8.707  -1.346 0.0000000000
72089  -30.628  -8.128  -1.260 0.0000000000
72072  -30.877  -9.108  -1.290 0.0000000000
70326  -31.277  -10.253  -0.696 0.0000000000
69465  -30.281  -11.321  -0.420 0.0000000000
69456  -31.014  -11.491  -0.054 0.0000000000
118593  -29.595  8.079  -4.712 0.0000000000
85866  -30.184  7.987  -5.324 0.0000000000
85837  -31.882  7.562  -3.824 0.0000000000
130108  -21.773  6.240  0.866 0.0000000000
84874  -22.271  6.580  -0.116 0.0000000000
83108  -23.318  5.516  -1.180 0.0000000000
83983  -23.518  6.064  -1.519 0.0000000000
131801  -24.466  5.150  -3.605 0.0000000000
84019  -27.801  5.035  -3.496 0.0000000000
84033  -30.104  4.748  -4.734 0.0000000000
140610  -23.913  3.590  -2.475 0.0000000000
82237  -24.710  3.446  -1.840 0.0000000000
82249  -26.470  3.607  -2.136 0.0000000000
81425  -28.509  2.643  -3.906 0.0000000000
82259  -27.892  3.577  -3.623 0.0000000000
82272  -29.642  3.665  -4.831 0.0000000000
83154  -29.771  4.334  -4.805 0.0000000000
84022  -31.116  5.220  -3.558 0.0000000000
130858  -32.539  5.351  -2.533 0.0000000000
76347  -29.521  -3.476  -2.877 0.0000000000
75524  -30.831  -4.123  -4.198 0.0000000000
120676  -31.229  -3.894  -3.776 0.0000000000
75481  -31.071  -4.334  -2.311 0.0000000000
75499  -31.303  -3.900  -2.566 0.0000000000
76350  -32.176  -3.140  -1.968 0.0000000000
67644  -23.746  -13.975  4.009 0.0000000000
137073  -24.751  -14.001  2.570 0.0000000000
66819  -24.893  -14.856  2.539 0.0000000000
66820  -25.319  -14.321  1.856 0.0000000000
66829  -25.946  -14.633  1.357 0.0000000000
66830  -26.661  -14.308  0.812 0.0000000000
64104  -26.240  -17.811  2.774 0.0000000000
65010  -26.290  -17.067  2.115 0.0000000000
65019  -26.627  -16.329  1.643 0.0000000000
65957  -26.867  -15.660  1.273 0.0000000000
66831  -27.215  -14.963  0.889 0.0000000000
65020  -27.257  -16.110  1.501 0.0000000000
65958  -27.545  -15.517  1.236 0.0000000000
69462  -27.935  -11.352  -0.680 0.0000000000
70313  -26.849  -10.692  0.081 0.0000000000
70330  -29.246  -10.106  -1.107 0.0000000000
71223  -31.263  -9.692  -0.952 0.0000000000
71228  -28.972  -9.551  -0.992 0.0000000000
72043  -25.029  -8.329  1.676 0.0000000000
72055  -31.783  -8.421  -0.467 0.0000000000
72069  -26.745  -8.227  -0.215 0.0000000000
72070  -27.507  -8.201  -0.748 0.0000000000
72085  -28.262  -8.239  -1.216 0.0000000000
72086  -28.703  -8.924  -0.955 0.0000000000
72087  -29.431  -8.809  -1.224 0.0000000000
72807  -24.757  -7.613  1.888 0.0000000000
72839  -31.483  -7.800  -0.785 0.0000000000
72849  -29.748  -7.261  -1.440 0.0000000000
73648  -23.657  -6.894  2.221 0.0000000000
73662  -24.908  -6.897  1.452 0.0000000000
74544  -25.414  -5.564  0.369 0.0000000000
74592  -30.570  -4.288  -2.768 0.0000000000
75458  -25.498  -4.275  -0.131 0.0000000000
75480  -29.634  -4.844  -2.182 0.0000000000
75498  -30.592  -4.480  -4.079 0.0000000000
75508  -30.618  -4.602  -4.084 0.0000000000
75509  -30.941  -4.601  -4.129 0.0000000000
75510  -31.164  -4.042  -4.127 0.0000000000
75525  -31.143  -4.010  -4.175 0.0000000000
75526  -31.313  -3.262  -4.191 0.0000000000
76307  -22.697  -3.065  0.791 0.0000000000
76319  -25.750  -3.618  -0.609 0.0000000000
76320  -26.423  -3.587  -1.152 0.0000000000
76348  -29.949  -3.589  -3.803 0.0000000000
76349  -31.279  -3.090  -2.910 0.0000000000
76357  -30.341  -3.513  -4.135 0.0000000000
76369  -30.860  -3.353  -4.313 0.0000000000
77150  -25.371  -2.201  -0.762 0.0000000000
77178  -29.528  -2.684  -3.273 0.0000000000
77179  -31.557  -2.442  -3.653 0.0000000000
77196  -30.440  -2.709  -4.324 0.0000000000
77197  -31.043  -2.641  -4.432 0.0000000000
77198  -31.350  -2.578  -4.309 0.0000000000
77987  -23.123  -0.944  -0.106 0.0000000000
77989  -24.745  -1.519  -0.513 0.0000000000
77999  -25.608  -1.444  -0.969 0.0000000000
78001  -27.140  -1.217  -1.760 0.0000000000
78003  -32.534  -1.076  -1.880 0.0000000000
78015  -29.113  -1.945  -2.940 0.0000000000
78016  -31.302  -1.114  -3.512 0.0000000000
78035  -30.136  -2.174  -4.326 0.0000000000
78037  -31.252  -2.153  -4.379 0.0000000000
78840  -23.031  -0.267  -1.095 0.0000000000
78855  -26.588  -0.520  -1.659 0.0000000000
78879  -31.125  -0.317  -3.470 0.0000000000
79665  -19.939  0.792  1.742 0.0000000000
79688  -22.998  0.295  -1.139 0.0000000000
79696  -26.704  0.463  -1.918 0.0000000000
79698  -33.432  0.940  -1.166 0.0000000000
79724  -30.542  0.208  -3.651 0.0000000000
80541  -21.666  1.484  1.430 0.0000000000
80556  -22.435  2.122  0.633 0.0000000000
80574  -24.048  1.465  -0.694 0.0000000000
80577  -33.243  1.798  -1.604 0.0000000000
80588  -27.965  1.270  -3.072 0.0000000000
80600  -31.046  1.849  -3.445 0.0000000000
80601  -31.817  1.803  -2.672 0.0000000000
81383  -21.951  3.041  0.804 0.0000000000
81392  -23.089  3.157  -0.199 0.0000000000
81393  -23.573  2.413  -0.673 0.0000000000
81400  -23.752  3.147  -1.469 0.0000000000
81402  -24.592  3.026  -1.679 0.0000000000
81412  -26.268  2.789  -2.099 0.0000000000
81424  -27.640  2.796  -3.207 0.0000000000
81427  -30.681  2.662  -3.751 0.0000000000
82217  -22.315  3.743  0.275 0.0000000000
82236  -24.071  3.614  -2.760 0.0000000000
82238  -25.763  3.550  -1.683 0.0000000000
82250  -27.149  3.614  -2.915 0.0000000000
82252  -33.316  3.379  -1.642 0.0000000000
82263  -31.780  3.178  -2.661 0.0000000000
82273  -30.284  3.104  -5.097 0.0000000000
82274  -30.397  2.854  -4.892 0.0000000000
83067  -20.398  5.028  1.768 0.0000000000
83098  -22.205  5.482  0.107 0.0000000000
83118  -24.116  3.666  -2.989 0.0000000000
83132  -25.983  4.436  -1.614 0.0000000000
83145  -27.388  4.439  -3.308 0.0000000000
83147  -30.374  3.987  -4.958 0.0000000000
83148  -30.871  4.275  -3.644 0.0000000000
83153  -29.081  4.384  -4.452 0.0000000000
83991  -23.536  5.223  -3.162 0.0000000000
84023  -31.962  5.798  -3.178 0.0000000000
84032  -29.494  5.037  -4.595 0.0000000000
84884  -22.994  6.633  -0.878 0.0000000000
84894  -24.157  5.362  -5.059 0.0000000000
84917  -29.357  5.815  -4.515 0.0000000000
84932  -29.808  6.465  -4.752 0.0000000000
85852  -29.931  7.463  -5.203 0.0000000000
85853  -30.405  7.640  -5.132 0.0000000000
85867  -30.625  8.120  -5.298 0.0000000000
86746  -23.870  7.486  -5.329 0.0000000000
86752  -23.743  8.403  -5.070 0.0000000000
86774  -30.313  8.611  -5.286 0.0000000000
86775  -31.215  8.650  -5.061 0.0000000000
87576  -23.980  8.938  -4.850 0.0000000000
87580  -23.826  9.350  -4.701 0.0000000000
87589  -23.573  9.624  -4.531 0.0000000000
87593  -32.466  9.419  -4.479 0.0000000000
88479  -23.483  10.242  -4.275 0.0000000000
88480  -23.772  10.018  -4.473 0.0000000000
89305  -23.522  10.859  -4.008 0.0000000000
118572  -27.941  8.781  -3.079 0.0000000000
118583  -28.450  7.822  -3.320 0.0000000000
118603  -27.916  9.809  -3.051 0.0000000000
118895  -27.210  6.262  -2.497 0.0000000000
118950  -25.825  7.801  -1.950 0.0000000000
119572  -23.532  7.175  -5.137 0.0000000000
121291  -30.457  -5.657  -1.650 0.0000000000
125944  -22.169  6.793  0.104 0.0000000000
128783  -23.889  10.865  -4.185 0.0000000000
129211  -24.491  2.350  -1.231 0.0000000000
129731  -23.772  4.166  -3.243 0.0000000000
130491  -21.884  4.630  0.734 0.0000000000
130843  -24.058  5.626  -5.250 0.0000000000
131672  -29.917  -7.956  -1.348 0.0000000000
131832  -24.994  10.189  -1.784 0.0000000000
131911  -25.930  -9.120  0.676 0.0000000000
132706  -23.208  1.255  -0.009 0.0000000000
133053  -25.541  4.957  -1.677 0.0000000000
133569  -22.834  0.465  0.338 0.0000000000
133754  -23.749  5.298  -2.072 0.0000000000
133948  -27.404  2.059  -2.833 0.0000000000
134767  -31.460  -1.802  -2.951 0.0000000000
135587  -26.999  7.014  -2.345 0.0000000000
135636  -28.313  6.541  -3.315 0.0000000000
136502  -22.814  9.906  -3.720 0.0000000000
136726  -26.093  2.176  -1.939 0.0000000000
137013  -27.591  -12.633  -0.284 0.0000000000
137150  -26.711  -5.155  -0.684 0.0000000000
137572  -26.532  6.536  -2.120 0.0000000000
137658  -29.477  1.179  -3.981 0.0000000000
138211  -24.273  10.723  -3.910 0.0000000000
139333  -25.555  7.178  -2.847 0.0000000000
141040  -30.092  0.711  -3.910 0.0000000000
141047  -30.420  3.404  -5.094 0.0000000000
141057  -29.806  5.574  -4.676 0.0000000000
142609  -20.312  0.213  2.105 0.0000000000
