#!ascii label  , from subject sub-v1s6x0051607_ses-1 vox2ras=TkReg
749
11069  -40.162  -77.716  21.707 0.0000000000
7941  -35.416  -81.484  15.158 0.0000000000
14133  -48.993  -73.672  25.454 0.0000000000
8756  -42.333  -81.307  16.992 0.0000000000
14169  -43.614  -73.324  22.389 0.0000000000
13349  -45.595  -76.049  28.245 0.0000000000
127481  -49.619  -67.530  23.455 0.0000000000
22975  -47.166  -63.132  19.419 0.0000000000
17457  -51.961  -69.565  23.950 0.0000000000
132537  -46.857  -73.415  23.778 0.0000000000
124271  -48.041  -69.477  22.539 0.0000000000
15664  -48.096  -71.808  27.058 0.0000000000
17433  -46.435  -69.517  24.654 0.0000000000
26419  -50.574  -59.669  22.274 0.0000000000
126670  -51.944  -61.046  20.485 0.0000000000
7160  -36.678  -82.452  17.286 0.0000000000
8798  -40.202  -81.368  15.431 0.0000000000
5729  -38.522  -84.535  11.261 0.0000000000
119302  -35.388  -83.846  10.408 0.0000000000
11042  -45.543  -77.056  23.962 0.0000000000
9530  -41.029  -79.368  18.931 0.0000000000
11102  -44.272  -77.724  18.476 0.0000000000
11115  -41.173  -77.616  17.195 0.0000000000
12570  -48.344  -74.909  27.954 0.0000000000
17401  -51.633  -69.909  26.790 0.0000000000
20316  -53.430  -66.403  22.611 0.0000000000
20289  -44.493  -66.902  22.246 0.0000000000
21243  -48.018  -65.780  20.776 0.0000000000
138068  -52.185  -63.790  19.322 0.0000000000
23871  -55.280  -61.908  17.944 0.0000000000
144629  -38.896  -84.516  14.086 0.0000000000
12691  -35.253  -75.747  16.830 0.0000000000
8808  -33.157  -80.441  14.231 0.0000000000
9655  -31.762  -79.958  8.084 0.0000000000
18372  -53.313  -68.241  22.457 0.0000000000
17467  -50.081  -69.421  22.981 0.0000000000
9528  -38.090  -79.433  19.794 0.0000000000
7943  -37.754  -81.589  15.077 0.0000000000
7241  -36.487  -82.980  13.496 0.0000000000
6479  -34.870  -83.248  13.031 0.0000000000
6527  -33.457  -83.085  9.704 0.0000000000
7255  -33.261  -82.619  12.510 0.0000000000
12607  -48.106  -75.112  24.690 0.0000000000
12613  -47.583  -75.426  23.426 0.0000000000
14155  -45.227  -73.319  23.079 0.0000000000
12636  -45.285  -75.601  21.066 0.0000000000
12646  -43.879  -75.653  20.366 0.0000000000
11886  -42.718  -76.958  18.377 0.0000000000
12655  -42.526  -75.840  19.595 0.0000000000
138418  -46.530  -76.683  26.932 0.0000000000
12568  -46.987  -75.919  28.284 0.0000000000
17417  -49.110  -69.613  25.889 0.0000000000
17399  -49.884  -70.169  26.677 0.0000000000
18337  -50.846  -68.301  24.965 0.0000000000
19288  -52.633  -68.120  24.629 0.0000000000
19331  -51.832  -67.034  23.217 0.0000000000
21256  -45.659  -65.209  20.498 0.0000000000
139198  -46.072  -66.805  22.147 0.0000000000
22110  -47.131  -64.692  19.819 0.0000000000
26441  -53.097  -59.717  20.292 0.0000000000
129160  -51.635  -62.398  19.404 0.0000000000
23842  -54.051  -61.497  19.553 0.0000000000
23843  -54.859  -61.865  19.125 0.0000000000
9549  -41.630  -80.121  18.331 0.0000000000
8753  -39.573  -81.300  17.607 0.0000000000
7924  -40.835  -82.563  16.058 0.0000000000
5008  -36.841  -86.030  9.699 0.0000000000
12689  -33.554  -75.309  16.319 0.0000000000
10386  -34.028  -78.608  15.811 0.0000000000
9642  -32.332  -79.517  9.329 0.0000000000
15701  -50.082  -71.244  25.368 0.0000000000
14906  -47.852  -72.912  24.657 0.0000000000
16552  -48.251  -71.081  24.474 0.0000000000
16565  -47.640  -70.631  23.701 0.0000000000
16563  -45.958  -71.214  23.282 0.0000000000
14115  -47.067  -73.694  27.682 0.0000000000
17415  -46.976  -69.901  25.321 0.0000000000
18358  -48.238  -68.221  23.978 0.0000000000
130492  -50.731  -61.288  21.847 0.0000000000
24761  -49.238  -61.764  19.817 0.0000000000
26421  -51.985  -59.907  21.640 0.0000000000
26450  -51.556  -59.195  20.163 0.0000000000
26479  -49.896  -59.621  17.692 0.0000000000
8800  -41.767  -81.452  15.663 0.0000000000
6441  -39.969  -83.245  14.431 0.0000000000
142162  -39.459  -82.889  14.101 0.0000000000
5742  -37.225  -84.395  10.508 0.0000000000
5765  -34.693  -84.989  8.655 0.0000000000
5018  -32.209  -84.924  8.147 0.0000000000
6557  -30.471  -83.191  7.937 0.0000000000
125957  -29.968  -82.145  7.085 0.0000000000
11058  -42.420  -77.507  22.822 0.0000000000
127404  -39.925  -78.219  20.279 0.0000000000
10310  -43.122  -78.684  19.910 0.0000000000
9532  -43.260  -79.542  18.616 0.0000000000
13420  -47.107  -75.369  22.576 0.0000000000
10313  -45.121  -78.095  19.447 0.0000000000
9561  -43.661  -79.479  17.277 0.0000000000
10380  -42.400  -79.201  16.508 0.0000000000
9581  -39.791  -79.637  16.397 0.0000000000
9580  -38.707  -79.633  16.535 0.0000000000
143983  -44.397  -77.465  24.697 0.0000000000
11816  -46.680  -76.358  25.640 0.0000000000
13389  -48.889  -74.256  26.357 0.0000000000
144195  -48.517  -73.051  28.217 0.0000000000
14850  -50.429  -72.054  27.931 0.0000000000
14894  -50.262  -72.500  26.551 0.0000000000
16556  -52.109  -69.910  25.653 0.0000000000
19333  -53.934  -67.122  23.391 0.0000000000
20334  -54.622  -65.670  21.025 0.0000000000
19308  -45.747  -67.970  23.208 0.0000000000
19327  -47.024  -67.383  22.713 0.0000000000
20313  -48.584  -66.419  21.514 0.0000000000
22978  -49.962  -63.294  19.171 0.0000000000
21277  -50.114  -64.961  19.734 0.0000000000
138098  -50.559  -66.538  21.662 0.0000000000
21279  -52.807  -65.022  20.179 0.0000000000
22127  -55.093  -64.183  20.096 0.0000000000
8738  -38.873  -80.533  18.289 0.0000000000
6425  -37.348  -83.359  15.903 0.0000000000
5714  -39.316  -84.574  13.095 0.0000000000
4281  -37.979  -86.018  11.596 0.0000000000
12653  -40.736  -75.400  19.282 0.0000000000
11113  -39.117  -77.399  17.322 0.0000000000
9578  -36.545  -79.684  16.617 0.0000000000
133259  -35.393  -78.847  16.603 0.0000000000
8793  -34.718  -80.815  15.402 0.0000000000
7261  -32.605  -82.075  11.453 0.0000000000
8025  -31.416  -81.340  8.441 0.0000000000
19372  -53.629  -67.565  20.784 0.0000000000
18393  -53.281  -68.071  21.249 0.0000000000
9515  -37.757  -79.848  20.455 0.0000000000
10307  -39.011  -78.496  20.516 0.0000000000
7942  -36.508  -81.509  15.207 0.0000000000
7219  -35.738  -82.449  14.186 0.0000000000
123019  -35.236  -81.951  14.665 0.0000000000
7256  -33.961  -83.011  12.867 0.0000000000
7218  -34.623  -82.219  14.225 0.0000000000
13400  -48.322  -74.631  24.689 0.0000000000
134327  -47.839  -75.393  24.031 0.0000000000
13399  -48.102  -75.048  23.901 0.0000000000
14170  -44.360  -73.269  22.693 0.0000000000
13431  -44.780  -74.778  21.723 0.0000000000
13430  -43.695  -74.446  21.589 0.0000000000
12645  -42.894  -75.416  20.284 0.0000000000
13444  -43.278  -74.929  20.937 0.0000000000
11779  -44.879  -77.437  28.289 0.0000000000
10978  -45.264  -77.850  28.138 0.0000000000
10979  -45.750  -77.465  28.058 0.0000000000
12567  -46.289  -76.276  28.269 0.0000000000
18359  -49.513  -68.078  24.247 0.0000000000
18321  -49.570  -68.984  25.492 0.0000000000
144236  -49.911  -68.512  25.053 0.0000000000
19312  -50.747  -67.784  24.188 0.0000000000
19330  -50.703  -67.328  23.364 0.0000000000
23836  -46.814  -62.290  19.588 0.0000000000
22974  -45.464  -63.042  19.626 0.0000000000
22119  -45.764  -63.844  19.625 0.0000000000
22108  -45.271  -64.510  20.069 0.0000000000
22109  -46.156  -64.613  19.917 0.0000000000
22120  -46.654  -63.934  19.520 0.0000000000
26461  -52.094  -59.679  19.125 0.0000000000
25602  -53.745  -59.977  20.079 0.0000000000
25632  -54.444  -60.886  18.562 0.0000000000
25631  -53.650  -60.931  18.089 0.0000000000
8741  -42.110  -80.799  17.628 0.0000000000
8754  -40.657  -81.470  17.396 0.0000000000
7904  -41.182  -82.072  16.637 0.0000000000
10391  -33.162  -78.306  14.698 0.0000000000
9629  -32.580  -79.718  11.244 0.0000000000
9638  -32.940  -79.229  10.817 0.0000000000
16554  -50.240  -70.626  24.845 0.0000000000
16553  -49.212  -70.808  24.711 0.0000000000
17436  -50.560  -70.171  24.247 0.0000000000
17466  -48.972  -69.449  22.875 0.0000000000
17454  -48.957  -69.886  23.530 0.0000000000
17453  -48.057  -69.928  23.157 0.0000000000
16564  -46.767  -70.922  23.513 0.0000000000
17465  -47.428  -69.738  22.613 0.0000000000
17434  -47.370  -69.342  24.907 0.0000000000
18334  -46.807  -68.918  24.286 0.0000000000
144397  -49.669  -61.578  21.117 0.0000000000
25575  -51.159  -60.393  22.619 0.0000000000
24719  -51.458  -60.680  22.186 0.0000000000
142349  -51.412  -59.714  21.753 0.0000000000
120179  -51.390  -59.295  19.411 0.0000000000
6424  -36.343  -83.604  16.379 0.0000000000
8799  -41.056  -81.427  15.457 0.0000000000
7967  -39.836  -82.817  14.410 0.0000000000
7966  -38.758  -82.280  14.429 0.0000000000
6500  -35.605  -83.546  12.343 0.0000000000
128497  -36.601  -83.663  12.344 0.0000000000
6512  -36.272  -83.996  10.618 0.0000000000
5755  -35.045  -84.478  9.110 0.0000000000
5764  -33.850  -84.573  8.598 0.0000000000
6526  -32.791  -82.822  9.091 0.0000000000
128910  -32.748  -83.403  8.743 0.0000000000
6538  -31.281  -83.059  8.403 0.0000000000
6556  -29.703  -82.944  7.381 0.0000000000
6537  -30.828  -82.508  8.194 0.0000000000
125995  -44.345  -77.494  23.074 0.0000000000
132078  -42.211  -77.550  21.925 0.0000000000
10332  -43.801  -79.088  19.192 0.0000000000
10312  -45.051  -78.277  19.983 0.0000000000
14144  -47.699  -73.844  24.088 0.0000000000
13407  -47.615  -75.063  23.173 0.0000000000
14172  -47.030  -74.746  22.804 0.0000000000
12648  -45.696  -76.414  20.629 0.0000000000
11872  -44.972  -77.677  19.141 0.0000000000
10345  -44.366  -78.828  18.349 0.0000000000
10344  -44.164  -78.914  17.720 0.0000000000
10381  -43.221  -79.363  16.731 0.0000000000
11100  -42.184  -77.204  17.880 0.0000000000
10360  -41.823  -78.358  16.852 0.0000000000
10359  -40.825  -78.178  16.853 0.0000000000
144422  -40.196  -78.111  16.942 0.0000000000
141028  -46.865  -76.401  27.483 0.0000000000
11815  -46.021  -77.104  26.093 0.0000000000
11803  -47.197  -76.000  26.621 0.0000000000
12597  -47.824  -75.212  25.939 0.0000000000
12589  -48.388  -74.819  26.819 0.0000000000
14873  -47.789  -72.611  27.438 0.0000000000
14847  -47.895  -73.430  28.099 0.0000000000
15644  -48.821  -72.396  27.913 0.0000000000
17400  -51.035  -69.952  27.029 0.0000000000
15646  -50.432  -71.506  27.727 0.0000000000
16492  -50.925  -70.989  27.540 0.0000000000
14875  -50.763  -71.866  27.255 0.0000000000
15689  -51.589  -70.631  26.917 0.0000000000
16536  -51.659  -70.611  26.053 0.0000000000
16537  -51.927  -70.078  26.486 0.0000000000
20296  -53.060  -66.761  23.215 0.0000000000
19289  -53.040  -67.994  24.348 0.0000000000
20297  -53.950  -66.661  23.170 0.0000000000
139579  -54.317  -66.805  22.790 0.0000000000
20333  -54.329  -65.878  21.584 0.0000000000
135478  -45.311  -67.555  22.792 0.0000000000
21242  -47.038  -65.848  20.968 0.0000000000
20291  -46.636  -66.960  22.298 0.0000000000
20312  -47.629  -66.393  21.544 0.0000000000
19328  -47.904  -67.316  22.736 0.0000000000
130138  -50.529  -61.653  19.828 0.0000000000
23839  -49.596  -62.408  19.488 0.0000000000
23840  -50.579  -62.435  19.424 0.0000000000
22980  -51.869  -63.118  19.133 0.0000000000
22979  -50.930  -63.168  19.084 0.0000000000
133583  -51.395  -63.752  19.201 0.0000000000
20330  -50.070  -66.203  20.952 0.0000000000
21278  -51.340  -65.087  19.848 0.0000000000
20331  -51.254  -66.293  21.212 0.0000000000
23844  -55.205  -62.245  18.918 0.0000000000
22982  -55.122  -63.076  19.359 0.0000000000
22983  -55.373  -63.057  19.053 0.0000000000
22128  -55.120  -64.550  20.287 0.0000000000
10329  -40.415  -78.698  19.559 0.0000000000
124646  -38.845  -79.261  19.354 0.0000000000
9547  -39.364  -79.878  18.669 0.0000000000
7181  -38.858  -82.707  16.318 0.0000000000
7162  -38.642  -82.224  16.815 0.0000000000
7200  -38.429  -83.107  15.921 0.0000000000
5699  -37.682  -84.786  14.281 0.0000000000
6483  -39.566  -83.946  13.297 0.0000000000
6459  -39.680  -83.694  13.937 0.0000000000
5730  -39.021  -84.708  11.816 0.0000000000
4331  -36.310  -86.460  9.501 0.0000000000
140236  -37.731  -86.166  10.985 0.0000000000
13442  -41.462  -74.501  20.629 0.0000000000
13441  -40.675  -74.353  20.468 0.0000000000
11112  -38.119  -77.279  17.411 0.0000000000
10357  -38.547  -78.119  17.287 0.0000000000
10356  -37.360  -78.079  17.374 0.0000000000
10385  -33.760  -79.281  15.438 0.0000000000
10373  -34.727  -78.436  16.373 0.0000000000
131348  -34.177  -80.037  15.501 0.0000000000
9598  -35.083  -80.188  15.974 0.0000000000
8809  -33.841  -80.667  14.890 0.0000000000
7981  -33.091  -81.662  13.550 0.0000000000
7980  -32.548  -81.167  13.022 0.0000000000
8847  -31.824  -80.024  8.788 0.0000000000
8013  -31.722  -80.817  8.894 0.0000000000
8855  -31.505  -80.562  8.252 0.0000000000
17469  -52.107  -69.278  23.168 0.0000000000
17456  -50.831  -69.770  23.661 0.0000000000
18371  -52.220  -68.993  22.289 0.0000000000
18370  -51.193  -69.200  22.323 0.0000000000
18390  -50.342  -68.865  21.816 0.0000000000
26438  -50.585  -59.391  21.041 0.0000000000
27323  -49.604  -58.795  20.154 0.0000000000
7869  -36.933  -81.091  19.164 0.0000000000
8797  -39.199  -81.211  15.474 0.0000000000
7965  -37.453  -82.045  14.540 0.0000000000
6480  -35.949  -83.374  13.002 0.0000000000
119652  -35.395  -83.685  11.434 0.0000000000
6518  -34.455  -83.535  10.085 0.0000000000
6511  -34.292  -83.411  11.244 0.0000000000
6517  -33.648  -83.057  10.596 0.0000000000
7269  -32.925  -82.476  10.614 0.0000000000
11828  -46.777  -76.179  24.427 0.0000000000
11835  -46.792  -76.300  23.366 0.0000000000
11849  -46.694  -76.469  22.293 0.0000000000
11062  -46.297  -76.809  21.481 0.0000000000
14156  -46.121  -73.386  23.427 0.0000000000
14171  -46.082  -74.168  22.863 0.0000000000
13419  -45.637  -74.702  22.207 0.0000000000
12647  -44.869  -75.973  20.442 0.0000000000
11871  -44.240  -76.923  19.114 0.0000000000
124582  -43.471  -77.490  18.191 0.0000000000
11870  -43.109  -76.503  19.041 0.0000000000
11869  -42.137  -76.277  18.920 0.0000000000
11885  -41.755  -76.659  18.250 0.0000000000
11781  -46.452  -76.710  28.033 0.0000000000
12569  -47.647  -75.384  28.146 0.0000000000
16534  -48.698  -70.303  26.280 0.0000000000
15665  -49.129  -71.626  27.528 0.0000000000
17418  -50.402  -69.466  26.265 0.0000000000
17419  -51.557  -69.428  26.464 0.0000000000
18323  -52.119  -68.927  26.033 0.0000000000
19287  -51.856  -68.168  24.847 0.0000000000
19313  -52.021  -67.552  24.080 0.0000000000
135477  -52.502  -66.273  21.713 0.0000000000
21255  -44.743  -65.127  20.578 0.0000000000
21240  -45.194  -65.765  21.149 0.0000000000
20310  -45.680  -66.366  21.661 0.0000000000
21241  -46.123  -65.813  21.074 0.0000000000
21257  -46.556  -65.268  20.407 0.0000000000
21258  -47.927  -65.051  20.041 0.0000000000
25595  -53.082  -59.925  20.593 0.0000000000
24762  -51.417  -61.789  19.717 0.0000000000
24763  -52.945  -61.129  20.054 0.0000000000
23841  -52.875  -62.389  19.399 0.0000000000
22981  -53.060  -63.259  19.304 0.0000000000
24765  -54.661  -61.080  19.296 0.0000000000
24776  -54.952  -61.348  18.717 0.0000000000
24797  -54.771  -61.580  17.848 0.0000000000
8739  -39.996  -80.640  18.046 0.0000000000
8740  -41.103  -80.773  17.843 0.0000000000
7903  -40.260  -82.050  16.846 0.0000000000
138381  -39.567  -83.444  15.219 0.0000000000
5750  -38.066  -85.167  10.488 0.0000000000
11921  -33.440  -76.521  15.598 0.0000000000
144501  -34.004  -76.600  16.112 0.0000000000
132227  -34.463  -77.056  16.346 0.0000000000
11133  -33.523  -77.946  15.403 0.0000000000
132623  -33.239  -79.064  14.721 0.0000000000
8815  -32.743  -80.321  13.489 0.0000000000
125415  -32.427  -80.856  12.191 0.0000000000
9637  -32.435  -79.649  10.286 0.0000000000
9656  -32.323  -79.413  8.365 0.0000000000
15686  -49.914  -72.006  25.749 0.0000000000
132381  -48.414  -73.810  24.692 0.0000000000
132779  -48.999  -72.189  25.470 0.0000000000
126598  -48.102  -71.949  24.973 0.0000000000
15699  -47.320  -72.144  24.452 0.0000000000
17455  -49.801  -69.766  23.560 0.0000000000
15708  -47.386  -71.409  24.198 0.0000000000
15707  -46.577  -71.792  23.910 0.0000000000
128781  -45.820  -71.891  23.540 0.0000000000
14918  -45.467  -72.503  23.396 0.0000000000
14917  -44.634  -72.431  23.005 0.0000000000
13350  -46.385  -75.425  28.261 0.0000000000
15663  -47.106  -71.953  26.585 0.0000000000
15685  -46.430  -71.391  25.856 0.0000000000
16533  -47.639  -70.450  25.884 0.0000000000
17416  -47.971  -69.763  25.573 0.0000000000
17435  -48.397  -69.159  25.174 0.0000000000
19311  -48.572  -67.676  23.415 0.0000000000
24741  -47.948  -61.475  20.183 0.0000000000
24760  -48.252  -61.735  19.805 0.0000000000
23838  -48.610  -62.358  19.524 0.0000000000
137793  -50.051  -61.517  20.333 0.0000000000
24743  -51.311  -61.113  21.172 0.0000000000
24720  -52.013  -60.410  21.436 0.0000000000
26439  -51.556  -59.487  20.931 0.0000000000
26440  -52.386  -59.717  20.733 0.0000000000
26451  -52.367  -59.395  19.970 0.0000000000
142484  -51.210  -59.681  18.634 0.0000000000
140035  -50.631  -60.124  17.720 0.0000000000
7906  -42.339  -81.475  16.327 0.0000000000
7925  -41.504  -82.289  15.975 0.0000000000
7947  -41.398  -82.021  15.522 0.0000000000
7222  -39.699  -83.387  13.919 0.0000000000
6482  -39.010  -83.767  12.839 0.0000000000
140955  -37.821  -84.280  10.949 0.0000000000
5766  -35.526  -85.371  8.840 0.0000000000
6540  -33.588  -83.623  8.949 0.0000000000
143208  -31.612  -84.326  8.232 0.0000000000
5776  -30.416  -84.217  7.652 0.0000000000
6573  -29.059  -83.338  6.815 0.0000000000
7311  -29.393  -82.639  6.626 0.0000000000
11057  -41.464  -77.479  22.586 0.0000000000
131868  -39.670  -78.042  21.060 0.0000000000
11070  -41.186  -77.567  21.631 0.0000000000
11081  -41.567  -78.029  20.741 0.0000000000
10309  -42.044  -78.534  20.022 0.0000000000
11082  -42.560  -78.283  20.615 0.0000000000
10330  -41.533  -78.883  19.449 0.0000000000
9531  -42.153  -79.525  18.818 0.0000000000
9550  -42.704  -80.164  18.130 0.0000000000
8742  -42.893  -80.589  17.351 0.0000000000
14158  -47.863  -74.633  23.731 0.0000000000
12626  -47.113  -75.973  22.285 0.0000000000
12637  -46.150  -76.041  21.218 0.0000000000
11866  -45.782  -77.176  20.373 0.0000000000
10333  -44.614  -78.671  19.078 0.0000000000
9551  -43.564  -79.822  17.771 0.0000000000
8757  -42.808  -80.888  16.727 0.0000000000
8778  -43.005  -80.456  16.592 0.0000000000
8776  -42.227  -80.785  15.873 0.0000000000
8775  -41.484  -80.661  15.749 0.0000000000
10361  -42.839  -78.595  16.901 0.0000000000
10379  -41.375  -78.991  16.519 0.0000000000
8774  -40.484  -80.537  15.832 0.0000000000
8773  -39.429  -80.465  15.986 0.0000000000
8772  -38.332  -80.406  16.130 0.0000000000
8771  -37.192  -80.359  16.238 0.0000000000
11040  -43.738  -77.466  24.100 0.0000000000
11041  -44.720  -77.308  23.933 0.0000000000
130908  -45.271  -77.447  25.838 0.0000000000
11030  -45.676  -76.931  24.966 0.0000000000
11827  -46.216  -76.560  25.029 0.0000000000
11817  -47.382  -75.646  24.939 0.0000000000
12598  -48.404  -74.663  25.549 0.0000000000
13390  -49.324  -73.753  26.112 0.0000000000
14088  -46.838  -74.533  28.104 0.0000000000
14089  -47.829  -74.266  28.352 0.0000000000
13353  -48.738  -74.226  28.242 0.0000000000
15645  -49.776  -72.117  28.084 0.0000000000
137492  -49.288  -73.899  28.000 0.0000000000
13377  -49.317  -73.773  27.117 0.0000000000
14116  -49.797  -73.193  26.846 0.0000000000
14134  -49.628  -73.239  26.135 0.0000000000
15687  -51.031  -71.471  26.369 0.0000000000
16555  -51.282  -70.449  25.113 0.0000000000
17437  -51.663  -69.952  24.580 0.0000000000
18324  -52.406  -68.872  25.567 0.0000000000
17438  -52.516  -69.243  25.135 0.0000000000
17458  -52.812  -68.911  24.245 0.0000000000
18373  -54.039  -67.426  23.042 0.0000000000
19343  -54.297  -67.180  21.783 0.0000000000
19326  -46.100  -67.372  22.655 0.0000000000
19309  -46.646  -67.884  23.231 0.0000000000
19310  -47.579  -67.791  23.312 0.0000000000
19329  -48.828  -67.257  22.760 0.0000000000
22976  -48.045  -63.191  19.371 0.0000000000
22122  -48.381  -63.981  19.369 0.0000000000
21275  -48.576  -64.658  19.675 0.0000000000
22123  -49.381  -64.212  19.367 0.0000000000
21259  -48.714  -65.327  20.236 0.0000000000
20329  -49.060  -66.028  20.874 0.0000000000
20314  -49.587  -66.507  21.598 0.0000000000
135359  -49.707  -67.195  22.807 0.0000000000
20315  -51.823  -66.650  22.246 0.0000000000
20332  -53.713  -65.951  21.894 0.0000000000
22126  -53.329  -64.198  19.697 0.0000000000
21280  -54.348  -64.875  20.484 0.0000000000
21263  -53.912  -65.508  20.992 0.0000000000
139149  -54.837  -65.090  20.678 0.0000000000
20335  -54.963  -65.337  20.548 0.0000000000
138480  -38.624  -78.893  19.929 0.0000000000
8724  -38.290  -79.885  19.010 0.0000000000
7880  -37.335  -81.257  18.213 0.0000000000
7901  -37.941  -81.699  17.414 0.0000000000
7180  -36.902  -82.856  16.562 0.0000000000
6438  -37.073  -83.796  15.457 0.0000000000
7182  -40.415  -82.845  15.428 0.0000000000
6440  -39.792  -83.520  14.554 0.0000000000
6458  -39.389  -84.079  14.267 0.0000000000
4302  -38.348  -85.729  11.115 0.0000000000
4968  -38.656  -85.388  11.852 0.0000000000
5700  -38.792  -84.855  13.599 0.0000000000
18421  -51.397  -68.536  20.523 0.0000000000
17464  -46.628  -69.773  22.342 0.0000000000
16579  -45.422  -70.760  22.735 0.0000000000
14927  -43.683  -72.461  22.583 0.0000000000
14182  -43.199  -73.746  21.993 0.0000000000
13443  -42.342  -74.687  20.789 0.0000000000
12654  -41.616  -75.611  19.446 0.0000000000
11884  -40.917  -76.433  18.029 0.0000000000
12652  -39.899  -75.218  19.092 0.0000000000
11883  -40.049  -76.253  17.886 0.0000000000
11114  -40.151  -77.569  17.194 0.0000000000
10358  -39.560  -78.112  17.076 0.0000000000
9579  -37.621  -79.666  16.659 0.0000000000
8770  -36.104  -80.309  16.205 0.0000000000
11124  -34.961  -77.651  16.576 0.0000000000
10374  -35.392  -78.177  16.709 0.0000000000
126329  -36.188  -78.347  17.049 0.0000000000
135949  -36.090  -79.112  16.810 0.0000000000
7963  -34.444  -81.464  14.749 0.0000000000
7217  -33.768  -82.046  13.938 0.0000000000
7254  -32.755  -82.267  12.152 0.0000000000
7277  -32.512  -82.084  9.742 0.0000000000
8014  -31.999  -81.238  9.485 0.0000000000
7291  -32.050  -81.888  8.917 0.0000000000
8032  -30.572  -81.650  7.431 0.0000000000
4319  -37.141  -86.136  10.261 0.0000000000
4320  -38.017  -85.668  10.675 0.0000000000
4952  -38.726  -85.249  12.898 0.0000000000
4953  -39.113  -84.828  12.482 0.0000000000
4986  -38.606  -85.136  10.988 0.0000000000
4996  -37.452  -85.552  10.157 0.0000000000
5019  -33.232  -85.304  8.220 0.0000000000
5020  -34.173  -85.708  8.302 0.0000000000
5677  -36.273  -84.182  15.780 0.0000000000
5687  -36.755  -84.386  15.026 0.0000000000
5688  -37.989  -84.176  14.695 0.0000000000
5701  -39.465  -84.276  13.662 0.0000000000
5731  -39.304  -84.324  12.581 0.0000000000
5762  -31.978  -83.798  8.479 0.0000000000
5763  -32.943  -84.212  8.525 0.0000000000
5775  -29.544  -83.836  7.315 0.0000000000
6439  -38.554  -83.719  15.153 0.0000000000
6498  -33.785  -83.126  12.142 0.0000000000
6499  -34.575  -83.400  12.253 0.0000000000
6502  -38.703  -84.178  12.101 0.0000000000
6510  -33.245  -82.756  11.541 0.0000000000
6513  -36.668  -83.899  11.408 0.0000000000
6519  -35.290  -84.143  9.690 0.0000000000
6539  -32.130  -82.822  8.718 0.0000000000
6558  -31.113  -83.902  8.208 0.0000000000
7161  -37.641  -82.331  16.841 0.0000000000
7183  -40.995  -82.439  15.489 0.0000000000
7184  -41.581  -82.158  15.739 0.0000000000
7201  -40.155  -83.222  14.928 0.0000000000
7202  -40.375  -82.802  14.930 0.0000000000
7220  -37.007  -82.527  14.034 0.0000000000
7221  -38.639  -82.774  13.889 0.0000000000
7237  -32.775  -82.023  12.841 0.0000000000
7238  -33.442  -82.391  13.268 0.0000000000
7239  -34.280  -82.659  13.541 0.0000000000
7240  -35.278  -82.850  13.617 0.0000000000
7243  -39.278  -83.485  13.418 0.0000000000
7268  -32.473  -81.799  10.679 0.0000000000
7290  -31.443  -82.168  8.509 0.0000000000
7302  -30.361  -82.345  7.701 0.0000000000
7881  -38.413  -81.141  17.860 0.0000000000
7900  -36.923  -81.861  17.690 0.0000000000
7902  -39.135  -81.851  17.149 0.0000000000
7905  -41.836  -81.840  16.463 0.0000000000
7923  -39.797  -82.622  16.326 0.0000000000
7926  -41.985  -82.009  15.954 0.0000000000
7944  -39.054  -81.870  14.906 0.0000000000
7945  -40.094  -82.193  14.958 0.0000000000
7946  -40.785  -82.203  15.249 0.0000000000
7948  -41.824  -81.904  15.753 0.0000000000
7949  -42.176  -81.475  15.865 0.0000000000
7962  -33.542  -81.309  14.266 0.0000000000
7964  -36.166  -82.012  14.703 0.0000000000
7987  -32.517  -81.633  12.190 0.0000000000
8024  -30.869  -81.831  8.092 0.0000000000
8737  -37.769  -80.572  18.641 0.0000000000
8743  -43.328  -80.266  17.039 0.0000000000
8755  -41.606  -81.494  17.187 0.0000000000
8777  -42.593  -80.871  16.172 0.0000000000
8792  -33.436  -79.850  14.841 0.0000000000
8794  -35.733  -80.880  15.662 0.0000000000
8795  -36.876  -80.932  15.683 0.0000000000
8796  -38.045  -81.019  15.580 0.0000000000
8816  -32.889  -80.983  13.759 0.0000000000
8841  -31.988  -80.311  9.709 0.0000000000
9516  -38.299  -79.124  20.473 0.0000000000
9529  -39.879  -79.239  19.071 0.0000000000
9533  -44.101  -79.248  18.426 0.0000000000
9548  -40.486  -79.991  18.489 0.0000000000
9576  -34.610  -79.317  16.101 0.0000000000
9577  -35.579  -79.594  16.433 0.0000000000
9582  -40.901  -79.756  16.260 0.0000000000
9583  -41.963  -79.938  16.114 0.0000000000
9584  -42.763  -80.112  16.319 0.0000000000
9585  -43.344  -79.989  16.727 0.0000000000
9602  -32.950  -79.626  14.067 0.0000000000
9619  -32.664  -79.833  12.188 0.0000000000
9630  -33.172  -79.218  11.803 0.0000000000
10297  -39.492  -78.162  21.832 0.0000000000
10298  -43.439  -78.414  20.466 0.0000000000
10308  -40.963  -78.277  20.118 0.0000000000
10328  -39.357  -78.683  19.740 0.0000000000
10331  -42.665  -79.091  19.359 0.0000000000
10375  -36.964  -79.015  17.106 0.0000000000
10376  -38.043  -78.920  17.129 0.0000000000
10377  -39.141  -78.835  16.863 0.0000000000
10378  -40.247  -78.756  16.688 0.0000000000
10402  -32.964  -78.672  13.993 0.0000000000
10977  -44.460  -78.298  28.142 0.0000000000
10997  -45.487  -77.812  27.851 0.0000000000
11029  -45.032  -77.254  24.815 0.0000000000
11080  -40.522  -77.850  20.910 0.0000000000
11090  -44.742  -78.335  18.774 0.0000000000
11101  -42.936  -77.590  17.778 0.0000000000
11116  -42.210  -77.786  17.356 0.0000000000
11117  -43.150  -78.203  17.350 0.0000000000
11125  -35.746  -77.554  16.931 0.0000000000
11134  -34.217  -77.842  16.107 0.0000000000
11780  -45.701  -77.061  28.257 0.0000000000
11782  -47.224  -76.073  27.856 0.0000000000
11802  -45.956  -77.310  27.448 0.0000000000
11829  -47.371  -75.799  23.755 0.0000000000
11834  -46.222  -76.681  24.106 0.0000000000
11836  -47.226  -75.917  22.916 0.0000000000
11848  -46.099  -76.823  23.072 0.0000000000
11858  -46.239  -76.805  20.978 0.0000000000
11864  -44.502  -76.401  19.827 0.0000000000
11865  -45.314  -76.724  19.999 0.0000000000
11873  -45.381  -77.470  19.751 0.0000000000
11887  -43.585  -77.087  18.610 0.0000000000
11898  -38.678  -76.587  17.488 0.0000000000
11899  -39.635  -76.772  17.493 0.0000000000
11900  -40.575  -76.912  17.514 0.0000000000
11901  -41.457  -77.072  17.657 0.0000000000
11905  -33.853  -75.972  16.114 0.0000000000
11906  -34.569  -76.254  16.472 0.0000000000
11922  -33.787  -77.200  15.812 0.0000000000
12566  -45.045  -76.578  28.219 0.0000000000
12588  -47.812  -75.452  27.358 0.0000000000
12625  -46.557  -75.573  21.918 0.0000000000
12627  -47.358  -75.597  22.868 0.0000000000
12635  -44.277  -75.208  21.030 0.0000000000
12644  -41.979  -75.189  20.147 0.0000000000
12656  -43.510  -76.110  19.706 0.0000000000
12668  -40.403  -75.823  18.517 0.0000000000
12669  -41.251  -76.029  18.721 0.0000000000
13351  -47.364  -75.091  28.334 0.0000000000
13352  -48.089  -74.699  28.300 0.0000000000
13354  -49.253  -73.482  28.258 0.0000000000
13376  -48.875  -74.348  27.552 0.0000000000
13418  -44.156  -74.000  22.229 0.0000000000
13429  -42.728  -74.204  21.445 0.0000000000
13432  -45.719  -75.335  21.600 0.0000000000
13453  -41.110  -74.955  19.980 0.0000000000
13483  -34.105  -74.845  16.884 0.0000000000
14090  -48.596  -73.704  28.325 0.0000000000
14091  -49.660  -73.294  27.775 0.0000000000
14145  -48.188  -74.462  24.285 0.0000000000
14157  -47.108  -74.198  23.382 0.0000000000
14848  -49.191  -72.942  28.302 0.0000000000
14849  -49.794  -72.727  28.131 0.0000000000
14872  -47.229  -73.074  27.352 0.0000000000
14874  -50.183  -72.594  27.507 0.0000000000
14893  -49.560  -72.865  25.786 0.0000000000
14905  -47.038  -72.837  24.208 0.0000000000
14907  -48.664  -72.962  25.232 0.0000000000
14919  -46.272  -72.623  23.737 0.0000000000
15647  -50.896  -71.405  27.549 0.0000000000
15666  -49.964  -71.401  27.789 0.0000000000
15667  -51.334  -71.225  27.033 0.0000000000
15688  -51.565  -70.794  26.629 0.0000000000
15700  -48.989  -71.491  25.208 0.0000000000
15706  -45.132  -71.581  23.102 0.0000000000
16493  -51.335  -70.829  27.285 0.0000000000
16509  -47.350  -71.182  26.236 0.0000000000
16510  -48.373  -71.051  26.639 0.0000000000
16511  -49.505  -70.934  27.146 0.0000000000
16512  -50.535  -70.793  27.448 0.0000000000
16513  -51.222  -70.443  27.222 0.0000000000
16514  -51.595  -70.342  26.985 0.0000000000
16535  -50.967  -70.937  25.540 0.0000000000
16566  -48.570  -70.403  23.927 0.0000000000
16567  -49.546  -70.251  24.121 0.0000000000
16580  -46.243  -70.483  22.835 0.0000000000
16581  -47.098  -70.226  23.006 0.0000000000
17420  -52.304  -69.317  26.007 0.0000000000
17468  -51.061  -69.468  23.040 0.0000000000
17470  -52.995  -68.590  23.377 0.0000000000
18322  -50.970  -68.851  25.732 0.0000000000
18335  -47.780  -68.757  24.482 0.0000000000
18336  -48.852  -68.606  24.727 0.0000000000
18338  -51.802  -68.552  25.492 0.0000000000
18339  -52.344  -68.613  25.296 0.0000000000
18340  -52.689  -68.541  24.821 0.0000000000
18355  -45.385  -68.576  23.624 0.0000000000
18356  -46.278  -68.488  23.694 0.0000000000
18357  -47.215  -68.375  23.800 0.0000000000
18360  -53.196  -68.181  24.160 0.0000000000
18361  -53.572  -67.789  23.487 0.0000000000
18368  -49.602  -69.063  22.280 0.0000000000
18369  -50.444  -69.218  22.467 0.0000000000
18394  -53.996  -67.540  22.328 0.0000000000
19314  -53.027  -67.558  24.071 0.0000000000
19315  -53.354  -67.593  23.793 0.0000000000
19325  -44.637  -67.433  22.651 0.0000000000
19332  -53.505  -67.127  23.576 0.0000000000
20290  -45.296  -66.961  22.284 0.0000000000
20292  -47.336  -66.867  22.208 0.0000000000
20293  -48.222  -66.827  22.169 0.0000000000
20294  -49.184  -66.828  22.210 0.0000000000
20295  -50.437  -66.899  22.421 0.0000000000
20309  -44.794  -66.391  21.723 0.0000000000
20311  -46.646  -66.454  21.700 0.0000000000
20317  -54.144  -66.346  22.456 0.0000000000
20318  -54.469  -66.303  21.937 0.0000000000
20350  -55.043  -65.394  19.942 0.0000000000
21260  -49.604  -65.522  20.321 0.0000000000
21261  -50.720  -65.701  20.424 0.0000000000
21262  -52.302  -65.812  20.747 0.0000000000
21264  -54.654  -65.319  20.844 0.0000000000
21265  -55.206  -64.912  20.410 0.0000000000
21276  -49.249  -64.945  19.786 0.0000000000
21291  -55.307  -64.599  19.744 0.0000000000
22111  -55.246  -64.847  20.591 0.0000000000
22121  -47.532  -63.942  19.442 0.0000000000
22124  -50.651  -64.170  19.307 0.0000000000
22125  -51.857  -64.403  19.538 0.0000000000
22977  -48.964  -63.271  19.272 0.0000000000
23009  -55.277  -62.551  17.923 0.0000000000
23835  -45.964  -62.329  19.672 0.0000000000
23837  -47.703  -62.313  19.551 0.0000000000
23855  -55.364  -62.373  18.513 0.0000000000
24742  -48.900  -61.506  20.124 0.0000000000
24744  -52.732  -60.263  20.747 0.0000000000
24745  -53.461  -60.100  20.349 0.0000000000
24759  -47.355  -61.723  19.805 0.0000000000
24764  -53.953  -60.512  19.779 0.0000000000
24766  -55.049  -61.605  18.947 0.0000000000
24777  -55.245  -61.849  18.619 0.0000000000
25576  -51.804  -60.192  22.009 0.0000000000
25594  -52.273  -60.071  21.138 0.0000000000
25603  -54.310  -60.614  19.377 0.0000000000
26420  -51.457  -59.984  22.391 0.0000000000
26452  -53.155  -59.720  19.736 0.0000000000
26459  -49.858  -58.870  18.702 0.0000000000
26460  -50.590  -59.323  18.681 0.0000000000
27335  -50.670  -58.909  19.474 0.0000000000
119239  -45.013  -73.983  22.589 0.0000000000
123322  -46.541  -74.901  22.431 0.0000000000
124755  -42.118  -77.858  21.232 0.0000000000
127150  -55.230  -64.028  19.641 0.0000000000
127725  -43.419  -77.538  23.023 0.0000000000
128136  -43.222  -77.576  22.103 0.0000000000
129672  -44.168  -65.721  21.256 0.0000000000
129741  -35.728  -86.842  9.420 0.0000000000
131654  -47.320  -65.336  20.378 0.0000000000
132920  -51.992  -69.458  26.383 0.0000000000
133716  -54.152  -62.521  19.367 0.0000000000
135339  -52.812  -67.189  23.683 0.0000000000
135560  -46.284  -63.096  19.483 0.0000000000
137938  -48.336  -74.260  28.346 0.0000000000
137951  -36.834  -86.382  10.928 0.0000000000
138442  -47.898  -64.463  19.626 0.0000000000
138709  -33.490  -78.664  15.256 0.0000000000
138898  -31.477  -80.367  7.409 0.0000000000
140048  -44.070  -79.229  17.861 0.0000000000
140062  -48.745  -74.192  25.410 0.0000000000
140341  -39.730  -83.136  15.643 0.0000000000
141853  -44.840  -74.353  22.247 0.0000000000
142211  -34.049  -81.782  14.340 0.0000000000
142336  -29.993  -83.493  7.582 0.0000000000
142724  -48.546  -74.227  24.838 0.0000000000
142975  -44.348  -78.464  18.215 0.0000000000
144436  -54.339  -63.458  19.548 0.0000000000
