#!ascii label  , from subject sub-v1s6x0051364_ses-1 vox2ras=TkReg
845
39844  -16.018  -42.960  73.985 0.0000000000
56286  -39.620  -24.531  71.981 0.0000000000
144696  -44.798  -19.803  65.448 0.0000000000
62052  -46.014  -17.735  57.766 0.0000000000
53344  -36.117  -28.812  72.252 0.0000000000
62917  -45.940  -16.300  60.300 0.0000000000
65719  -52.593  -15.782  53.972 0.0000000000
71234  -55.913  -9.358  53.040 0.0000000000
56301  -43.217  -25.325  70.387 0.0000000000
59148  -45.606  -22.203  67.013 0.0000000000
61923  -41.570  -19.751  69.185 0.0000000000
41717  -16.030  -41.755  78.741 0.0000000000
41704  -20.722  -41.527  80.104 0.0000000000
41709  -25.402  -40.244  80.443 0.0000000000
43860  -29.522  -38.241  79.150 0.0000000000
46722  -32.555  -35.216  77.307 0.0000000000
49338  -34.142  -31.528  76.391 0.0000000000
53319  -38.839  -27.715  74.291 0.0000000000
127568  -50.108  -23.810  64.132 0.0000000000
73036  -56.528  -6.393  51.713 0.0000000000
134474  -41.197  -23.180  72.697 0.0000000000
136349  -42.278  -21.360  71.039 0.0000000000
124101  -41.293  -22.433  70.202 0.0000000000
128833  -17.512  -41.090  76.190 0.0000000000
40780  -18.283  -42.037  79.140 0.0000000000
48454  -31.811  -32.818  76.204 0.0000000000
47598  -33.112  -33.524  76.745 0.0000000000
49347  -33.129  -31.686  76.187 0.0000000000
55374  -38.045  -26.670  72.131 0.0000000000
140764  -36.401  -27.294  75.546 0.0000000000
57181  -38.616  -24.682  74.401 0.0000000000
55367  -41.173  -26.757  72.546 0.0000000000
61047  -46.611  -19.312  67.794 0.0000000000
59161  -47.793  -22.543  66.116 0.0000000000
61973  -48.631  -18.809  65.790 0.0000000000
122357  -46.151  -17.260  58.996 0.0000000000
61101  -47.152  -20.033  62.084 0.0000000000
61120  -45.354  -20.465  59.743 0.0000000000
60255  -44.522  -21.188  57.708 0.0000000000
64823  -55.764  -16.205  54.955 0.0000000000
64790  -52.465  -16.114  58.105 0.0000000000
133869  -34.687  -30.791  72.084 0.0000000000
62059  -45.317  -17.917  57.274 0.0000000000
67568  -53.799  -13.201  53.386 0.0000000000
66654  -56.070  -14.274  52.138 0.0000000000
72163  -56.054  -8.894  48.279 0.0000000000
55421  -43.035  -26.162  68.107 0.0000000000
126173  -43.667  -23.439  69.223 0.0000000000
61029  -43.709  -19.798  69.628 0.0000000000
39808  -15.965  -42.553  77.255 0.0000000000
39812  -23.036  -42.267  77.617 0.0000000000
41706  -22.556  -40.532  80.249 0.0000000000
123459  -24.798  -41.694  78.444 0.0000000000
121980  -27.149  -41.515  78.113 0.0000000000
40803  -29.413  -41.944  77.953 0.0000000000
41741  -31.465  -40.520  77.525 0.0000000000
44862  -31.140  -36.659  78.402 0.0000000000
44876  -34.368  -37.375  75.410 0.0000000000
52327  -34.657  -29.388  75.406 0.0000000000
51270  -36.552  -29.719  75.750 0.0000000000
50245  -38.949  -31.253  73.383 0.0000000000
52346  -40.905  -29.430  71.973 0.0000000000
53365  -42.138  -28.052  70.111 0.0000000000
62008  -49.069  -18.291  63.028 0.0000000000
64796  -48.589  -14.718  56.812 0.0000000000
62062  -47.047  -19.154  55.963 0.0000000000
39819  -15.190  -42.754  75.597 0.0000000000
58164  -39.925  -22.877  73.100 0.0000000000
59081  -40.637  -22.642  72.555 0.0000000000
57225  -40.692  -23.838  71.038 0.0000000000
131732  -32.758  -33.513  73.650 0.0000000000
49346  -32.452  -32.214  76.334 0.0000000000
133994  -33.653  -32.311  73.332 0.0000000000
56285  -38.963  -25.308  72.087 0.0000000000
56271  -38.004  -25.268  73.669 0.0000000000
57190  -38.832  -24.115  73.877 0.0000000000
57192  -39.997  -23.678  73.617 0.0000000000
61958  -47.445  -18.636  67.028 0.0000000000
62862  -47.216  -18.238  66.325 0.0000000000
62043  -46.093  -17.654  58.224 0.0000000000
61114  -45.939  -19.356  59.937 0.0000000000
61130  -45.248  -20.330  58.939 0.0000000000
60237  -44.643  -21.125  58.641 0.0000000000
61138  -45.126  -20.312  58.144 0.0000000000
64861  -54.067  -16.681  52.920 0.0000000000
125549  -54.112  -17.818  54.926 0.0000000000
145872  -52.480  -17.553  53.317 0.0000000000
69395  -52.878  -11.534  51.796 0.0000000000
70363  -54.826  -10.705  53.028 0.0000000000
67557  -55.656  -13.594  53.871 0.0000000000
69382  -55.901  -11.684  52.904 0.0000000000
68493  -56.189  -12.400  51.107 0.0000000000
69398  -56.143  -10.437  52.599 0.0000000000
72164  -56.446  -8.156  49.146 0.0000000000
56308  -43.285  -25.561  69.143 0.0000000000
57238  -43.453  -24.664  68.950 0.0000000000
58193  -43.406  -24.077  69.862 0.0000000000
61008  -41.762  -20.249  70.914 0.0000000000
60086  -42.820  -20.862  70.468 0.0000000000
61902  -42.589  -19.155  70.185 0.0000000000
61926  -43.615  -18.521  69.120 0.0000000000
61925  -42.287  -18.821  68.794 0.0000000000
39809  -16.929  -42.836  77.630 0.0000000000
39797  -17.063  -42.490  78.581 0.0000000000
39777  -19.591  -42.094  79.704 0.0000000000
127042  -24.369  -39.099  79.614 0.0000000000
41707  -23.553  -40.501  80.363 0.0000000000
40785  -23.988  -41.722  79.392 0.0000000000
40786  -25.044  -41.525  79.726 0.0000000000
40813  -26.228  -41.344  77.823 0.0000000000
40773  -26.398  -41.263  79.650 0.0000000000
41727  -29.389  -40.389  78.830 0.0000000000
40804  -30.728  -41.392  77.571 0.0000000000
42812  -30.409  -39.140  78.589 0.0000000000
138945  -31.379  -34.940  77.783 0.0000000000
45793  -31.160  -35.753  77.972 0.0000000000
45794  -31.785  -36.294  78.178 0.0000000000
43875  -32.785  -38.045  77.309 0.0000000000
44866  -33.174  -37.101  77.049 0.0000000000
44867  -33.962  -37.993  75.850 0.0000000000
45799  -33.203  -36.372  76.890 0.0000000000
134148  -33.624  -32.031  76.606 0.0000000000
142515  -33.820  -33.589  76.023 0.0000000000
48456  -35.263  -33.486  74.676 0.0000000000
131692  -35.403  -32.566  74.998 0.0000000000
128165  -34.962  -30.412  73.214 0.0000000000
52336  -35.058  -29.431  74.145 0.0000000000
139846  -37.546  -27.346  75.285 0.0000000000
53308  -36.353  -27.953  76.015 0.0000000000
52329  -37.744  -29.050  74.605 0.0000000000
143641  -37.824  -30.618  74.375 0.0000000000
52337  -38.428  -29.710  73.896 0.0000000000
128432  -39.633  -29.152  73.183 0.0000000000
55377  -42.373  -26.426  71.459 0.0000000000
54417  -41.889  -27.847  71.459 0.0000000000
55388  -42.742  -26.586  70.741 0.0000000000
55409  -42.943  -26.790  69.150 0.0000000000
41749  -15.804  -40.978  77.410 0.0000000000
41733  -15.308  -41.479  78.448 0.0000000000
126888  -15.251  -42.155  78.183 0.0000000000
58211  -44.289  -23.277  66.346 0.0000000000
58218  -45.434  -23.026  65.376 0.0000000000
58222  -48.933  -23.109  65.307 0.0000000000
140951  -46.102  -16.477  62.249 0.0000000000
62892  -48.224  -17.085  63.339 0.0000000000
62907  -48.084  -16.684  61.782 0.0000000000
59184  -46.688  -22.263  62.777 0.0000000000
60184  -48.530  -21.243  62.580 0.0000000000
63881  -51.407  -17.390  57.378 0.0000000000
65681  -50.505  -14.365  57.862 0.0000000000
63879  -48.876  -16.571  56.281 0.0000000000
63878  -47.810  -17.079  55.977 0.0000000000
62071  -48.014  -19.476  55.609 0.0000000000
143919  -46.784  -20.186  55.342 0.0000000000
126711  -55.277  -8.139  51.616 0.0000000000
72142  -56.127  -7.755  52.555 0.0000000000
73045  -55.767  -5.946  51.773 0.0000000000
74864  -56.063  -5.495  51.465 0.0000000000
57206  -42.378  -24.598  71.603 0.0000000000
58180  -42.924  -23.481  70.659 0.0000000000
58167  -41.773  -22.737  71.878 0.0000000000
59092  -41.591  -21.386  71.213 0.0000000000
140411  -41.456  -20.747  69.651 0.0000000000
41734  -16.264  -41.332  78.407 0.0000000000
40779  -17.306  -42.085  78.972 0.0000000000
41721  -19.743  -41.409  79.288 0.0000000000
47596  -31.517  -33.575  77.249 0.0000000000
139845  -32.314  -34.058  77.461 0.0000000000
49336  -32.250  -32.488  77.016 0.0000000000
49337  -32.852  -32.050  76.973 0.0000000000
50225  -33.584  -31.624  76.471 0.0000000000
54415  -37.124  -27.735  72.080 0.0000000000
54391  -36.135  -27.639  74.615 0.0000000000
54393  -37.056  -26.442  73.786 0.0000000000
55348  -37.464  -25.940  74.941 0.0000000000
54384  -38.368  -26.610  74.755 0.0000000000
54395  -39.982  -27.189  73.495 0.0000000000
136141  -39.689  -25.907  74.024 0.0000000000
56274  -41.451  -25.046  72.621 0.0000000000
122445  -16.287  -40.819  75.235 0.0000000000
133149  -46.412  -20.594  67.894 0.0000000000
59149  -46.525  -22.001  66.775 0.0000000000
60144  -47.680  -20.724  66.944 0.0000000000
60145  -48.454  -20.888  66.378 0.0000000000
60156  -49.597  -21.220  64.823 0.0000000000
62925  -46.334  -16.514  59.443 0.0000000000
62017  -47.830  -17.109  61.204 0.0000000000
62015  -46.511  -19.182  60.563 0.0000000000
61108  -46.148  -20.393  61.857 0.0000000000
65706  -54.513  -15.791  55.496 0.0000000000
64808  -53.532  -16.379  56.505 0.0000000000
63884  -54.385  -17.249  56.541 0.0000000000
62971  -52.377  -18.701  56.475 0.0000000000
129779  -39.588  -25.447  70.942 0.0000000000
55387  -38.545  -26.473  70.500 0.0000000000
61984  -46.061  -18.722  65.088 0.0000000000
62916  -45.474  -17.055  60.050 0.0000000000
62042  -45.721  -17.609  58.415 0.0000000000
62938  -46.043  -17.526  58.190 0.0000000000
62944  -45.989  -17.644  57.701 0.0000000000
66629  -53.134  -15.046  53.693 0.0000000000
66631  -55.250  -14.230  54.416 0.0000000000
65744  -55.813  -15.112  53.472 0.0000000000
65761  -55.110  -15.382  51.904 0.0000000000
71248  -56.581  -8.895  51.274 0.0000000000
71255  -56.025  -9.758  49.631 0.0000000000
56322  -43.127  -25.454  67.748 0.0000000000
58205  -43.644  -24.031  67.548 0.0000000000
59134  -44.382  -22.249  68.314 0.0000000000
127819  -43.322  -23.015  70.089 0.0000000000
128716  -43.903  -21.619  69.465 0.0000000000
60115  -44.967  -20.534  68.755 0.0000000000
61040  -45.360  -19.512  68.629 0.0000000000
62836  -44.809  -17.963  68.010 0.0000000000
121843  -41.153  -23.979  69.062 0.0000000000
59133  -41.044  -22.214  68.450 0.0000000000
61936  -40.678  -20.074  67.823 0.0000000000
39820  -15.872  -42.648  75.676 0.0000000000
39821  -16.842  -42.914  76.309 0.0000000000
40825  -23.966  -41.670  75.710 0.0000000000
135714  -20.390  -40.704  77.304 0.0000000000
41723  -21.043  -40.603  79.302 0.0000000000
41705  -21.548  -41.016  80.236 0.0000000000
40810  -23.937  -41.964  77.099 0.0000000000
40827  -27.718  -41.277  76.517 0.0000000000
130852  -29.232  -42.027  76.427 0.0000000000
44860  -29.793  -37.657  78.589 0.0000000000
125755  -30.150  -36.626  77.863 0.0000000000
44855  -30.592  -37.445  78.565 0.0000000000
137413  -31.650  -38.489  78.193 0.0000000000
42829  -32.921  -40.010  76.912 0.0000000000
46733  -34.006  -35.600  75.427 0.0000000000
50242  -33.966  -31.626  73.807 0.0000000000
50233  -34.051  -30.484  75.372 0.0000000000
51268  -34.364  -30.113  76.276 0.0000000000
53316  -35.339  -28.174  76.060 0.0000000000
52303  -35.519  -29.239  76.440 0.0000000000
50234  -35.596  -31.283  75.541 0.0000000000
50235  -36.532  -31.234  74.869 0.0000000000
49363  -38.370  -32.533  73.252 0.0000000000
135885  -40.378  -30.073  70.524 0.0000000000
53346  -40.895  -28.528  72.307 0.0000000000
52347  -41.187  -29.128  71.198 0.0000000000
52364  -41.316  -29.040  69.336 0.0000000000
53385  -42.046  -28.141  68.597 0.0000000000
126630  -15.103  -42.404  76.700 0.0000000000
62874  -47.766  -17.490  64.298 0.0000000000
61999  -49.615  -18.626  63.982 0.0000000000
60163  -50.510  -21.190  63.468 0.0000000000
61102  -48.382  -19.403  62.109 0.0000000000
60185  -49.831  -21.355  62.544 0.0000000000
57283  -51.033  -23.464  61.817 0.0000000000
62950  -45.867  -17.683  56.883 0.0000000000
62951  -45.874  -17.678  56.901 0.0000000000
65690  -51.231  -14.264  57.171 0.0000000000
66609  -48.980  -14.015  56.763 0.0000000000
64805  -46.982  -15.722  55.652 0.0000000000
63877  -46.602  -16.916  56.060 0.0000000000
62061  -46.483  -18.407  56.482 0.0000000000
133405  -45.692  -20.461  56.181 0.0000000000
38874  -15.278  -43.221  74.196 0.0000000000
57215  -39.579  -23.400  72.799 0.0000000000
57216  -40.258  -23.221  72.220 0.0000000000
57224  -40.140  -23.988  71.784 0.0000000000
48464  -33.165  -32.755  73.894 0.0000000000
49376  -33.385  -32.785  72.830 0.0000000000
56273  -38.938  -23.923  73.131 0.0000000000
57204  -39.551  -23.425  73.377 0.0000000000
61956  -45.759  -18.507  66.683 0.0000000000
61970  -46.479  -18.470  66.168 0.0000000000
61969  -45.534  -19.132  65.715 0.0000000000
61131  -45.711  -19.076  58.477 0.0000000000
61139  -45.654  -19.136  57.833 0.0000000000
63929  -53.063  -17.220  53.165 0.0000000000
70376  -55.094  -9.895  52.718 0.0000000000
69381  -55.467  -11.026  53.195 0.0000000000
70364  -55.649  -10.024  52.989 0.0000000000
126938  -55.815  -10.393  52.973 0.0000000000
70366  -56.029  -9.602  52.996 0.0000000000
127587  -43.309  -25.658  69.739 0.0000000000
57232  -43.406  -25.024  69.728 0.0000000000
57226  -43.136  -24.462  70.491 0.0000000000
61018  -41.928  -19.966  70.390 0.0000000000
61019  -42.170  -19.808  70.524 0.0000000000
61913  -41.976  -19.448  69.792 0.0000000000
127722  -42.209  -18.965  69.471 0.0000000000
61924  -41.756  -19.316  69.015 0.0000000000
39784  -16.465  -42.150  78.862 0.0000000000
40767  -20.104  -42.158  80.006 0.0000000000
39788  -20.301  -42.631  79.548 0.0000000000
42797  -24.649  -39.661  80.301 0.0000000000
42796  -23.905  -39.785  80.210 0.0000000000
41708  -24.417  -40.424  80.436 0.0000000000
40771  -24.197  -41.097  80.190 0.0000000000
145557  -24.951  -40.997  80.291 0.0000000000
40787  -25.888  -41.485  79.572 0.0000000000
40772  -25.701  -41.190  80.145 0.0000000000
42810  -29.186  -38.755  79.355 0.0000000000
41713  -29.048  -39.615  79.399 0.0000000000
42811  -29.615  -39.009  79.186 0.0000000000
41728  -29.990  -40.023  78.537 0.0000000000
46710  -31.842  -35.433  78.004 0.0000000000
141991  -32.305  -36.367  77.782 0.0000000000
45798  -32.599  -36.077  77.484 0.0000000000
49348  -34.532  -32.301  75.927 0.0000000000
48455  -34.180  -33.023  75.894 0.0000000000
49349  -35.052  -31.770  75.947 0.0000000000
52344  -35.510  -29.520  72.779 0.0000000000
53332  -35.737  -28.527  73.781 0.0000000000
53318  -38.039  -28.067  74.725 0.0000000000
53317  -37.254  -27.969  75.527 0.0000000000
53334  -38.742  -28.891  73.891 0.0000000000
122866  -39.160  -29.856  73.368 0.0000000000
53335  -39.399  -28.388  73.606 0.0000000000
56287  -42.865  -25.677  71.080 0.0000000000
55389  -43.155  -26.052  70.247 0.0000000000
39783  -15.612  -41.904  78.721 0.0000000000
59147  -44.606  -22.781  67.005 0.0000000000
59158  -44.966  -22.630  66.098 0.0000000000
131089  -49.512  -23.597  64.730 0.0000000000
57267  -49.465  -24.519  64.581 0.0000000000
56350  -49.715  -25.234  64.021 0.0000000000
57275  -50.305  -24.326  63.563 0.0000000000
62906  -45.815  -16.403  61.358 0.0000000000
63806  -47.495  -15.998  61.630 0.0000000000
63824  -47.086  -15.860  60.813 0.0000000000
64835  -51.218  -16.209  53.760 0.0000000000
62955  -50.567  -18.709  56.394 0.0000000000
63880  -50.093  -16.959  56.730 0.0000000000
124260  -48.430  -18.346  55.920 0.0000000000
57205  -41.668  -24.191  72.345 0.0000000000
57217  -41.775  -23.424  72.120 0.0000000000
58166  -41.133  -22.643  72.518 0.0000000000
127973  -41.016  -22.134  71.913 0.0000000000
59104  -41.459  -21.478  70.794 0.0000000000
60084  -41.588  -20.623  70.742 0.0000000000
135936  -16.854  -41.119  77.349 0.0000000000
41737  -19.621  -40.988  78.168 0.0000000000
47610  -32.163  -33.729  74.523 0.0000000000
47603  -31.513  -33.631  75.680 0.0000000000
47602  -31.426  -33.292  76.611 0.0000000000
47597  -31.849  -32.909  77.204 0.0000000000
49360  -32.778  -32.144  75.326 0.0000000000
138890  -33.739  -31.239  76.245 0.0000000000
54405  -37.457  -27.017  72.629 0.0000000000
54404  -36.755  -27.301  73.111 0.0000000000
56261  -38.332  -24.888  74.270 0.0000000000
55356  -37.642  -25.631  74.405 0.0000000000
56255  -38.310  -25.145  74.586 0.0000000000
55349  -37.839  -25.809  74.927 0.0000000000
55350  -38.669  -25.693  74.628 0.0000000000
56262  -38.953  -24.813  74.478 0.0000000000
57193  -40.813  -23.701  73.062 0.0000000000
56264  -40.676  -24.776  73.318 0.0000000000
128834  -16.603  -40.941  76.223 0.0000000000
61041  -46.016  -19.668  68.232 0.0000000000
60130  -47.080  -20.241  67.537 0.0000000000
61959  -48.047  -19.008  66.671 0.0000000000
61058  -48.267  -19.935  66.697 0.0000000000
61073  -48.888  -20.156  65.931 0.0000000000
60155  -49.038  -21.048  65.648 0.0000000000
61974  -49.377  -19.321  65.465 0.0000000000
62024  -46.525  -17.563  59.591 0.0000000000
129725  -45.866  -20.237  60.869 0.0000000000
60208  -45.441  -20.621  60.478 0.0000000000
60197  -45.337  -21.203  61.412 0.0000000000
137162  -44.804  -21.450  60.490 0.0000000000
65707  -55.307  -15.680  55.315 0.0000000000
64809  -54.446  -16.798  56.410 0.0000000000
64810  -54.916  -16.841  55.859 0.0000000000
62970  -51.225  -19.194  55.860 0.0000000000
132590  -39.071  -26.016  71.032 0.0000000000
62032  -45.362  -17.771  59.034 0.0000000000
62051  -45.646  -17.692  57.940 0.0000000000
69379  -53.454  -11.850  52.545 0.0000000000
68476  -53.113  -12.643  52.766 0.0000000000
67567  -52.884  -13.597  52.823 0.0000000000
66644  -53.571  -14.152  53.513 0.0000000000
66630  -54.351  -14.637  54.435 0.0000000000
67555  -54.571  -13.614  54.202 0.0000000000
67569  -56.061  -13.536  52.984 0.0000000000
66645  -55.940  -14.369  53.171 0.0000000000
65743  -55.424  -15.643  52.740 0.0000000000
65762  -55.730  -15.008  52.399 0.0000000000
66652  -54.668  -14.959  51.245 0.0000000000
67576  -55.862  -14.039  51.282 0.0000000000
69413  -56.299  -11.535  51.002 0.0000000000
73029  -56.106  -6.725  52.452 0.0000000000
72143  -56.162  -7.856  52.579 0.0000000000
72148  -56.502  -7.510  51.645 0.0000000000
71266  -56.294  -9.085  49.313 0.0000000000
56321  -42.631  -26.052  67.358 0.0000000000
57243  -43.444  -24.785  68.069 0.0000000000
58199  -43.596  -23.872  68.331 0.0000000000
58206  -43.975  -23.030  67.739 0.0000000000
139927  -43.852  -23.013  68.528 0.0000000000
58179  -42.426  -22.858  71.392 0.0000000000
59105  -42.661  -22.456  70.844 0.0000000000
60099  -43.563  -20.787  69.934 0.0000000000
60100  -44.293  -20.614  69.325 0.0000000000
59122  -44.480  -21.486  68.817 0.0000000000
61030  -44.581  -19.582  69.126 0.0000000000
62834  -42.840  -18.578  68.311 0.0000000000
62823  -44.263  -18.300  68.417 0.0000000000
39832  -16.840  -42.964  75.189 0.0000000000
38845  -17.800  -42.999  77.857 0.0000000000
39786  -18.014  -42.339  79.131 0.0000000000
39823  -22.239  -42.657  75.823 0.0000000000
39811  -22.367  -42.651  77.101 0.0000000000
39835  -23.093  -42.159  75.209 0.0000000000
39824  -23.098  -42.177  76.368 0.0000000000
42816  -21.041  -40.146  77.914 0.0000000000
41738  -20.376  -40.813  78.683 0.0000000000
40769  -22.263  -41.337  80.143 0.0000000000
40784  -23.001  -41.762  79.489 0.0000000000
40798  -24.216  -41.904  78.119 0.0000000000
141842  -24.582  -41.562  77.443 0.0000000000
40811  -24.639  -41.330  76.548 0.0000000000
41753  -25.300  -41.047  76.275 0.0000000000
40800  -26.619  -41.572  79.003 0.0000000000
143284  -26.792  -41.293  77.220 0.0000000000
40814  -27.535  -41.531  77.321 0.0000000000
40789  -29.014  -41.470  78.488 0.0000000000
41725  -28.130  -41.638  78.824 0.0000000000
40802  -28.750  -41.976  78.073 0.0000000000
40816  -29.298  -42.170  77.390 0.0000000000
120639  -30.035  -42.066  77.443 0.0000000000
132594  -30.769  -41.976  77.052 0.0000000000
40805  -31.495  -41.526  77.030 0.0000000000
40819  -32.233  -41.760  76.455 0.0000000000
40806  -32.395  -40.803  76.918 0.0000000000
45792  -30.586  -36.297  78.022 0.0000000000
44861  -30.282  -37.008  78.334 0.0000000000
43873  -31.482  -37.590  78.482 0.0000000000
43862  -30.906  -38.277  78.558 0.0000000000
42821  -32.934  -39.112  77.136 0.0000000000
42830  -33.526  -39.902  76.482 0.0000000000
142821  -34.420  -38.582  75.391 0.0000000000
138008  -34.699  -38.218  75.098 0.0000000000
47593  -32.524  -33.543  77.276 0.0000000000
46732  -33.132  -34.655  76.578 0.0000000000
50254  -33.947  -31.913  72.593 0.0000000000
50255  -34.511  -31.291  72.918 0.0000000000
51281  -34.449  -30.041  74.714 0.0000000000
51275  -34.251  -29.975  75.817 0.0000000000
51267  -34.046  -30.641  76.109 0.0000000000
54381  -36.508  -27.008  75.114 0.0000000000
130894  -35.690  -28.132  75.127 0.0000000000
54380  -35.986  -27.566  75.705 0.0000000000
52320  -36.100  -28.924  76.476 0.0000000000
144217  -35.888  -29.574  76.433 0.0000000000
51253  -35.356  -29.835  76.443 0.0000000000
50226  -35.735  -30.372  76.043 0.0000000000
51276  -36.726  -30.519  75.089 0.0000000000
50237  -38.319  -30.909  74.035 0.0000000000
50244  -38.333  -31.662  73.670 0.0000000000
51288  -40.434  -30.244  72.108 0.0000000000
52353  -40.612  -30.051  71.419 0.0000000000
55366  -40.481  -26.688  73.255 0.0000000000
54406  -40.670  -27.575  72.696 0.0000000000
54407  -41.424  -27.791  72.086 0.0000000000
54425  -42.193  -27.814  70.852 0.0000000000
53356  -41.812  -28.435  70.968 0.0000000000
52360  -41.456  -28.880  70.247 0.0000000000
53374  -41.836  -28.473  69.391 0.0000000000
143027  -41.607  -28.696  68.821 0.0000000000
144635  -42.278  -27.909  69.299 0.0000000000
55420  -42.773  -26.775  68.437 0.0000000000
131086  -42.319  -27.445  68.001 0.0000000000
135126  -42.588  -26.761  67.723 0.0000000000
59160  -46.906  -22.469  66.070 0.0000000000
58219  -46.461  -23.044  65.433 0.0000000000
58220  -47.470  -23.169  65.545 0.0000000000
61998  -45.510  -18.726  63.984 0.0000000000
62873  -46.723  -17.825  64.263 0.0000000000
62893  -48.917  -17.666  63.631 0.0000000000
132026  -50.052  -19.611  63.793 0.0000000000
61094  -50.332  -20.435  63.268 0.0000000000
62007  -47.863  -18.539  61.439 0.0000000000
58252  -50.308  -22.963  61.816 0.0000000000
58253  -50.876  -22.952  61.949 0.0000000000
58266  -50.670  -23.561  61.596 0.0000000000
63876  -45.968  -17.188  56.330 0.0000000000
132562  -52.977  -16.129  57.476 0.0000000000
65691  -52.345  -15.304  57.262 0.0000000000
65682  -51.485  -14.682  58.070 0.0000000000
64797  -49.659  -15.004  57.446 0.0000000000
66610  -49.867  -13.843  57.275 0.0000000000
65679  -48.524  -14.280  56.611 0.0000000000
66613  -48.312  -14.217  56.016 0.0000000000
65678  -48.065  -14.725  56.366 0.0000000000
64806  -47.518  -15.207  55.905 0.0000000000
62953  -47.453  -18.283  56.022 0.0000000000
129294  -47.066  -17.290  56.092 0.0000000000
62952  -46.721  -17.848  56.308 0.0000000000
61152  -46.200  -19.588  56.436 0.0000000000
58150  -40.167  -22.824  73.088 0.0000000000
58165  -40.468  -22.746  72.644 0.0000000000
126898  -40.958  -22.540  71.505 0.0000000000
48463  -32.400  -32.745  74.974 0.0000000000
49361  -33.347  -31.907  74.639 0.0000000000
55365  -38.208  -25.671  72.683 0.0000000000
55364  -37.658  -26.055  73.201 0.0000000000
56272  -38.415  -24.652  73.431 0.0000000000
57191  -39.273  -23.980  73.928 0.0000000000
58137  -39.832  -23.272  73.390 0.0000000000
62838  -46.305  -18.512  67.528 0.0000000000
61940  -46.972  -18.713  67.386 0.0000000000
61957  -46.998  -18.360  67.029 0.0000000000
61972  -47.759  -18.339  66.261 0.0000000000
62033  -46.130  -17.763  58.607 0.0000000000
128014  -46.244  -18.107  59.226 0.0000000000
61121  -45.773  -19.188  59.142 0.0000000000
60221  -44.701  -21.258  59.501 0.0000000000
61150  -45.167  -20.465  57.369 0.0000000000
64838  -55.430  -16.734  54.838 0.0000000000
63906  -54.892  -17.243  55.354 0.0000000000
63915  -53.968  -17.263  53.869 0.0000000000
63914  -52.999  -17.809  54.027 0.0000000000
69396  -53.805  -11.095  52.472 0.0000000000
68477  -54.124  -12.287  53.285 0.0000000000
68466  -54.604  -12.970  53.795 0.0000000000
68478  -54.894  -11.629  53.399 0.0000000000
69369  -55.609  -12.056  53.396 0.0000000000
68479  -56.044  -12.682  52.913 0.0000000000
67577  -56.245  -13.442  52.039 0.0000000000
68485  -56.329  -12.518  52.071 0.0000000000
69397  -56.298  -11.436  52.141 0.0000000000
69414  -56.396  -10.737  51.671 0.0000000000
144543  -56.820  -6.298  51.127 0.0000000000
73046  -56.615  -7.162  50.507 0.0000000000
72172  -56.002  -8.737  47.113 0.0000000000
55410  -43.132  -26.181  68.777 0.0000000000
56315  -43.286  -25.515  68.462 0.0000000000
60071  -41.776  -20.732  71.153 0.0000000000
60085  -42.151  -20.387  70.883 0.0000000000
61020  -42.878  -19.893  70.334 0.0000000000
130469  -43.189  -19.076  69.976 0.0000000000
61916  -43.811  -18.911  69.407 0.0000000000
61915  -43.022  -18.715  69.796 0.0000000000
61938  -41.981  -18.885  67.954 0.0000000000
39796  -16.172  -42.349  78.478 0.0000000000
39801  -22.296  -42.490  78.413 0.0000000000
40770  -23.249  -41.122  80.094 0.0000000000
40812  -25.286  -41.309  77.332 0.0000000000
40799  -25.592  -41.497  78.687 0.0000000000
41739  -29.913  -41.294  78.194 0.0000000000
41740  -30.656  -40.360  78.106 0.0000000000
132443  -31.252  -39.376  78.120 0.0000000000
46731  -30.831  -35.099  76.472 0.0000000000
46721  -30.853  -35.184  77.527 0.0000000000
131322  -31.999  -37.187  78.128 0.0000000000
142136  -32.982  -37.589  77.166 0.0000000000
44875  -33.656  -37.084  76.146 0.0000000000
45803  -33.626  -36.188  75.958 0.0000000000
48446  -33.223  -32.623  76.768 0.0000000000
47605  -34.678  -34.426  74.786 0.0000000000
48457  -36.183  -33.171  74.173 0.0000000000
52343  -35.089  -30.158  71.903 0.0000000000
54382  -37.030  -27.179  75.555 0.0000000000
54371  -36.562  -27.207  75.521 0.0000000000
52321  -36.863  -28.843  75.702 0.0000000000
122959  -37.254  -29.653  75.029 0.0000000000
51277  -37.303  -30.243  74.767 0.0000000000
132779  -37.922  -30.107  74.282 0.0000000000
51282  -38.693  -30.441  73.631 0.0000000000
51283  -39.438  -30.723  73.065 0.0000000000
52345  -39.894  -29.996  72.665 0.0000000000
52338  -40.355  -29.225  72.558 0.0000000000
55368  -41.756  -26.163  72.138 0.0000000000
55376  -41.889  -27.098  71.799 0.0000000000
54418  -42.326  -27.215  71.165 0.0000000000
54426  -42.495  -27.306  70.392 0.0000000000
54432  -42.576  -27.371  69.591 0.0000000000
55399  -42.869  -26.723  69.901 0.0000000000
41765  -15.072  -40.873  76.743 0.0000000000
41748  -14.901  -40.986  77.860 0.0000000000
41732  -14.547  -41.312  78.299 0.0000000000
58221  -48.263  -23.254  65.526 0.0000000000
58231  -48.028  -23.975  65.097 0.0000000000
58232  -48.779  -23.957  65.086 0.0000000000
62889  -45.270  -17.644  62.509 0.0000000000
62891  -47.457  -16.826  63.321 0.0000000000
63792  -47.012  -16.176  62.412 0.0000000000
63793  -47.856  -16.378  62.422 0.0000000000
62908  -48.274  -17.047  62.540 0.0000000000
60182  -46.444  -21.251  62.625 0.0000000000
60183  -47.607  -20.696  62.520 0.0000000000
140834  -52.278  -17.006  57.911 0.0000000000
64788  -51.405  -14.977  58.292 0.0000000000
64798  -50.864  -15.510  58.069 0.0000000000
64795  -47.883  -15.647  56.269 0.0000000000
134115  -46.735  -19.832  55.859 0.0000000000
71241  -55.633  -9.068  52.748 0.0000000000
72137  -56.096  -8.764  53.059 0.0000000000
72146  -55.815  -7.910  52.595 0.0000000000
72147  -55.974  -6.881  52.504 0.0000000000
73035  -56.018  -6.268  52.298 0.0000000000
73961  -56.004  -5.817  51.992 0.0000000000
73953  -56.136  -6.002  52.089 0.0000000000
73962  -56.536  -5.769  51.311 0.0000000000
57218  -42.550  -23.766  71.364 0.0000000000
136829  -41.935  -22.086  71.510 0.0000000000
59093  -41.223  -22.113  71.898 0.0000000000
133625  -41.648  -21.388  71.290 0.0000000000
60070  -41.644  -20.672  71.050 0.0000000000
61017  -41.704  -20.303  70.359 0.0000000000
61028  -41.684  -20.071  69.748 0.0000000000
40778  -16.477  -42.041  78.890 0.0000000000
41718  -16.735  -41.722  78.776 0.0000000000
41719  -17.625  -41.731  78.779 0.0000000000
40781  -19.220  -41.867  79.485 0.0000000000
41722  -20.431  -41.143  79.900 0.0000000000
47591  -31.195  -34.410  77.306 0.0000000000
131269  -31.759  -34.277  77.692 0.0000000000
47592  -32.018  -33.386  77.416 0.0000000000
48445  -32.416  -32.768  77.178 0.0000000000
53345  -36.549  -28.089  72.517 0.0000000000
142072  -36.179  -28.331  72.964 0.0000000000
53333  -36.307  -27.793  73.505 0.0000000000
54392  -36.566  -27.000  74.189 0.0000000000
55347  -36.964  -26.292  74.878 0.0000000000
145735  -37.089  -26.296  75.116 0.0000000000
54383  -37.557  -26.669  75.180 0.0000000000
127093  -39.517  -27.688  73.712 0.0000000000
54394  -39.212  -26.761  74.258 0.0000000000
55357  -40.571  -25.804  73.378 0.0000000000
56263  -39.791  -24.700  73.911 0.0000000000
131762  -41.178  -25.770  72.794 0.0000000000
56275  -42.121  -25.413  71.823 0.0000000000
139215  -15.825  -40.818  76.150 0.0000000000
60129  -45.717  -21.544  67.838 0.0000000000
60142  -46.265  -21.579  67.396 0.0000000000
60143  -46.926  -21.167  67.268 0.0000000000
59151  -48.058  -21.725  66.407 0.0000000000
60131  -47.520  -19.437  67.292 0.0000000000
59163  -49.164  -22.115  65.396 0.0000000000
141271  -49.525  -22.825  64.855 0.0000000000
59168  -49.897  -22.059  64.501 0.0000000000
62926  -46.682  -16.111  60.085 0.0000000000
62918  -47.232  -16.238  60.407 0.0000000000
62025  -46.783  -16.564  59.785 0.0000000000
62016  -47.197  -17.812  60.469 0.0000000000
61109  -46.978  -19.298  61.270 0.0000000000
138466  -45.666  -21.457  62.380 0.0000000000
65705  -53.180  -16.006  55.229 0.0000000000
64836  -52.056  -16.083  54.244 0.0000000000
64799  -53.044  -16.562  57.686 0.0000000000
63896  -54.235  -17.781  56.457 0.0000000000
63883  -53.610  -17.598  57.130 0.0000000000
63867  -52.857  -17.355  57.645 0.0000000000
63882  -52.367  -18.098  57.299 0.0000000000
62956  -51.495  -18.748  56.442 0.0000000000
56299  -40.224  -24.766  70.858 0.0000000000
56307  -40.043  -25.483  69.824 0.0000000000
53355  -36.656  -28.293  71.353 0.0000000000
126572  -37.214  -27.776  71.192 0.0000000000
54416  -37.647  -27.327  71.622 0.0000000000
55386  -38.073  -26.889  71.042 0.0000000000
55375  -38.627  -26.331  71.607 0.0000000000
61072  -44.376  -20.426  65.008 0.0000000000
61983  -45.117  -19.829  64.853 0.0000000000
129832  -44.755  -19.803  64.077 0.0000000000
61997  -44.641  -19.250  63.208 0.0000000000
62905  -45.062  -17.250  61.173 0.0000000000
62924  -46.144  -17.295  59.283 0.0000000000
62934  -46.071  -17.474  58.481 0.0000000000
66643  -52.674  -14.600  52.834 0.0000000000
65720  -53.678  -15.499  54.655 0.0000000000
66618  -54.759  -15.279  55.057 0.0000000000
65708  -55.794  -15.658  54.986 0.0000000000
67556  -55.062  -13.317  54.219 0.0000000000
66620  -55.707  -15.126  54.519 0.0000000000
65721  -55.814  -15.538  54.365 0.0000000000
64862  -55.190  -16.257  53.192 0.0000000000
65742  -54.677  -16.012  52.346 0.0000000000
64882  -53.604  -16.212  52.042 0.0000000000
67586  -56.087  -13.269  51.133 0.0000000000
71236  -56.035  -9.057  53.261 0.0000000000
70382  -56.540  -9.952  51.416 0.0000000000
72153  -56.571  -8.405  50.288 0.0000000000
70390  -56.452  -9.936  50.474 0.0000000000
57248  -43.341  -24.723  67.265 0.0000000000
57249  -43.795  -24.040  66.746 0.0000000000
127374  -44.027  -23.455  67.080 0.0000000000
59143  -44.880  -22.199  67.666 0.0000000000
59106  -43.634  -22.508  69.592 0.0000000000
134633  -43.241  -21.826  70.256 0.0000000000
59121  -44.015  -22.414  69.004 0.0000000000
60128  -45.014  -21.479  68.231 0.0000000000
60116  -45.638  -20.611  68.359 0.0000000000
61928  -45.702  -18.631  68.183 0.0000000000
61927  -44.671  -18.650  68.721 0.0000000000
62824  -45.024  -18.133  68.223 0.0000000000
62837  -45.497  -18.251  67.807 0.0000000000
61955  -44.834  -19.003  66.471 0.0000000000
58192  -41.334  -22.963  69.204 0.0000000000
59120  -41.277  -21.813  69.520 0.0000000000
132263  -41.024  -21.340  68.752 0.0000000000
60114  -40.878  -20.832  68.531 0.0000000000
61039  -41.136  -20.243  68.757 0.0000000000
130178  -41.236  -19.680  68.554 0.0000000000
61937  -41.223  -19.285  68.143 0.0000000000
39830  -15.543  -42.900  74.798 0.0000000000
39831  -16.194  -42.847  74.728 0.0000000000
39785  -17.177  -42.255  78.932 0.0000000000
39798  -17.890  -42.677  78.783 0.0000000000
40796  -22.869  -42.256  78.755 0.0000000000
41754  -26.102  -40.961  76.572 0.0000000000
138401  -27.499  -41.687  78.815 0.0000000000
40801  -28.028  -41.810  78.221 0.0000000000
43872  -29.356  -37.974  78.987 0.0000000000
44854  -29.946  -37.731  78.861 0.0000000000
43861  -30.074  -38.130  79.002 0.0000000000
42820  -32.070  -39.450  77.365 0.0000000000
43874  -32.169  -38.215  77.774 0.0000000000
47604  -33.891  -34.608  75.588 0.0000000000
45804  -34.711  -36.672  74.870 0.0000000000
50243  -34.285  -30.865  74.214 0.0000000000
50232  -33.674  -31.134  75.405 0.0000000000
125012  -34.149  -30.913  76.263 0.0000000000
49339  -34.773  -30.984  76.316 0.0000000000
125129  -35.260  -28.772  75.118 0.0000000000
52328  -34.813  -28.799  76.034 0.0000000000
54370  -35.875  -27.675  75.884 0.0000000000
52319  -34.907  -28.803  76.118 0.0000000000
52318  -34.575  -29.414  76.101 0.0000000000
51269  -34.734  -30.247  76.385 0.0000000000
49350  -36.179  -32.151  74.727 0.0000000000
49362  -36.932  -32.871  73.839 0.0000000000
50236  -37.584  -31.082  74.441 0.0000000000
49351  -37.487  -32.113  74.029 0.0000000000
53336  -40.091  -28.288  73.047 0.0000000000
53347  -41.404  -28.551  71.673 0.0000000000
53394  -41.886  -28.172  67.713 0.0000000000
54438  -42.552  -27.415  68.843 0.0000000000
59159  -45.941  -22.506  66.087 0.0000000000
61971  -47.166  -18.107  65.261 0.0000000000
62864  -48.547  -18.248  65.111 0.0000000000
62875  -48.517  -17.681  64.270 0.0000000000
61985  -49.503  -18.581  64.976 0.0000000000
61986  -49.921  -19.314  64.605 0.0000000000
60162  -50.342  -21.185  64.115 0.0000000000
58234  -50.567  -22.597  63.213 0.0000000000
126949  -48.628  -17.877  62.000 0.0000000000
61103  -49.178  -19.149  62.633 0.0000000000
132954  -49.653  -20.287  62.688 0.0000000000
61104  -50.256  -20.774  62.831 0.0000000000
60172  -50.424  -21.412  62.869 0.0000000000
58241  -50.720  -22.712  62.373 0.0000000000
58240  -50.590  -23.364  63.105 0.0000000000
62060  -46.052  -17.976  57.091 0.0000000000
64807  -52.300  -16.028  55.171 0.0000000000
65704  -51.745  -15.366  55.998 0.0000000000
65702  -49.632  -14.177  55.665 0.0000000000
66611  -50.654  -13.968  57.557 0.0000000000
65689  -50.278  -13.775  56.838 0.0000000000
128607  -48.731  -14.311  55.116 0.0000000000
125343  -46.497  -15.801  55.393 0.0000000000
63895  -46.764  -16.350  55.764 0.0000000000
64794  -47.232  -16.315  55.885 0.0000000000
121735  -46.111  -17.245  56.402 0.0000000000
61151  -45.713  -19.481  57.059 0.0000000000
125639  -45.245  -20.674  56.683 0.0000000000
60269  -44.696  -21.216  56.788 0.0000000000
40766  -19.929  -41.707  79.972 0.0000000000
40788  -27.185  -41.429  79.187 0.0000000000
51252  -34.824  -29.525  76.299 0.0000000000
52302  -35.145  -28.999  76.325 0.0000000000
53307  -35.516  -28.434  76.221 0.0000000000
54372  -37.138  -26.469  75.208 0.0000000000
55339  -36.804  -26.724  75.262 0.0000000000
55400  -43.169  -26.175  69.450 0.0000000000
56254  -38.046  -25.282  74.704 0.0000000000
56288  -42.925  -24.823  70.998 0.0000000000
57266  -48.534  -24.756  64.849 0.0000000000
57276  -50.957  -23.829  62.309 0.0000000000
58138  -40.136  -23.006  73.266 0.0000000000
58151  -40.611  -22.927  72.967 0.0000000000
58233  -50.276  -22.933  64.142 0.0000000000
59150  -47.309  -21.816  66.626 0.0000000000
59162  -48.475  -22.454  65.865 0.0000000000
59169  -50.506  -21.971  63.716 0.0000000000
59176  -50.551  -22.120  62.978 0.0000000000
59187  -50.350  -22.359  62.342 0.0000000000
59188  -50.420  -22.323  62.479 0.0000000000
60186  -50.311  -21.719  62.648 0.0000000000
61007  -41.664  -20.305  70.768 0.0000000000
61074  -49.664  -20.211  65.027 0.0000000000
61085  -50.251  -20.298  64.062 0.0000000000
61901  -42.215  -19.435  70.187 0.0000000000
61914  -42.373  -18.884  69.937 0.0000000000
62000  -49.899  -19.545  63.096 0.0000000000
62809  -42.785  -18.649  69.429 0.0000000000
62822  -43.294  -18.416  68.786 0.0000000000
62863  -47.826  -18.048  65.225 0.0000000000
62876  -49.149  -18.090  64.389 0.0000000000
62890  -46.238  -17.077  63.224 0.0000000000
62919  -47.627  -16.164  61.281 0.0000000000
62957  -53.052  -18.253  57.227 0.0000000000
62958  -53.432  -18.344  56.637 0.0000000000
63805  -46.675  -15.821  61.463 0.0000000000
63807  -47.927  -16.268  61.864 0.0000000000
63823  -46.453  -15.855  60.686 0.0000000000
63897  -54.773  -17.283  56.009 0.0000000000
63916  -54.733  -17.212  54.567 0.0000000000
63928  -52.132  -17.323  52.700 0.0000000000
64789  -51.837  -15.868  58.266 0.0000000000
64800  -53.719  -16.878  57.063 0.0000000000
64811  -55.454  -16.251  55.337 0.0000000000
64821  -54.299  -16.364  55.966 0.0000000000
64822  -55.257  -16.734  55.410 0.0000000000
64837  -54.886  -16.765  53.885 0.0000000000
64839  -55.615  -16.230  54.166 0.0000000000
64863  -55.678  -15.762  53.596 0.0000000000
65675  -51.942  -15.281  58.322 0.0000000000
65680  -49.277  -14.124  57.273 0.0000000000
65683  -52.424  -15.520  58.080 0.0000000000
65688  -47.926  -14.543  55.902 0.0000000000
65692  -54.915  -16.336  55.725 0.0000000000
65703  -50.768  -14.572  55.952 0.0000000000
66617  -48.834  -14.029  55.903 0.0000000000
66619  -55.325  -15.087  54.785 0.0000000000
66632  -55.811  -14.704  54.007 0.0000000000
66653  -55.520  -14.737  51.542 0.0000000000
68467  -55.101  -12.607  53.752 0.0000000000
68468  -55.714  -12.883  53.427 0.0000000000
69380  -54.224  -11.440  53.032 0.0000000000
70365  -55.914  -9.524  53.052 0.0000000000
70377  -56.208  -9.832  52.462 0.0000000000
71235  -56.088  -9.264  52.991 0.0000000000
71240  -54.593  -9.687  52.145 0.0000000000
71242  -56.338  -9.005  52.417 0.0000000000
71256  -56.477  -9.299  50.120 0.0000000000
72138  -56.111  -8.435  53.028 0.0000000000
73972  -55.889  -5.350  51.268 0.0000000000
127256  -54.495  -17.723  55.861 0.0000000000
129491  -38.086  -27.273  74.875 0.0000000000
131616  -48.627  -19.458  66.148 0.0000000000
134322  -49.487  -13.818  56.582 0.0000000000
136082  -48.630  -21.649  65.986 0.0000000000
142126  -51.087  -23.178  62.043 0.0000000000
142432  -39.940  -22.963  73.235 0.0000000000
142500  -49.921  -20.694  64.443 0.0000000000
142979  -40.467  -29.757  72.313 0.0000000000
