#!ascii label  , from subject sub-v1s6x0051364_ses-1 vox2ras=TkReg
1873
143786  -33.004  -21.430  75.181 0.0000000000
73949  -49.311  -6.122  52.838 0.0000000000
64744  -38.023  -15.913  61.584 0.0000000000
44945  -6.190  -36.961  69.846 0.0000000000
50251  -22.034  -31.258  72.228 0.0000000000
144741  -5.916  -28.327  71.684 0.0000000000
54311  -4.875  -27.389  80.874 0.0000000000
70321  -43.605  -10.577  58.785 0.0000000000
53427  -7.612  -28.990  62.897 0.0000000000
40790  -5.458  -41.943  77.790 0.0000000000
132363  -31.303  -21.541  68.009 0.0000000000
56282  -29.265  -25.503  71.806 0.0000000000
54369  -28.804  -26.873  75.469 0.0000000000
140256  -46.932  -0.447  52.908 0.0000000000
66590  -40.968  -14.867  59.493 0.0000000000
47636  -16.790  -34.215  69.506 0.0000000000
58207  -6.679  -22.955  66.160 0.0000000000
49367  -7.222  -32.829  72.521 0.0000000000
49420  -9.397  -32.564  68.263 0.0000000000
45900  -5.675  -35.755  65.745 0.0000000000
45784  -10.283  -36.092  80.844 0.0000000000
44834  -7.428  -37.518  84.368 0.0000000000
63780  -34.468  -16.833  64.473 0.0000000000
52287  -27.016  -29.267  77.592 0.0000000000
128538  -24.249  -30.460  68.926 0.0000000000
54351  -5.933  -27.261  75.852 0.0000000000
49326  -5.813  -33.004  76.035 0.0000000000
72997  -47.426  -7.433  56.095 0.0000000000
140858  -12.983  -35.154  76.759 0.0000000000
46762  -15.548  -35.461  72.366 0.0000000000
53387  -7.826  -27.992  67.803 0.0000000000
50345  -12.085  -31.698  64.340 0.0000000000
52258  -8.256  -29.037  83.771 0.0000000000
47570  -5.773  -34.991  80.934 0.0000000000
41792  -4.724  -40.113  73.957 0.0000000000
61866  -32.803  -19.009  74.919 0.0000000000
58149  -32.598  -22.417  72.697 0.0000000000
143218  -32.351  -21.763  72.198 0.0000000000
57188  -31.226  -24.064  73.840 0.0000000000
56296  -31.228  -24.660  70.772 0.0000000000
58114  -30.774  -23.567  76.040 0.0000000000
76879  -48.688  -3.152  53.359 0.0000000000
71233  -46.721  -9.377  51.745 0.0000000000
131183  -46.710  -6.961  50.880 0.0000000000
75861  -45.295  -4.444  52.593 0.0000000000
64761  -40.235  -16.214  60.528 0.0000000000
144886  -35.118  -16.738  61.251 0.0000000000
63845  -36.851  -16.308  59.493 0.0000000000
132599  -38.201  -15.705  58.203 0.0000000000
48475  -6.117  -34.928  71.094 0.0000000000
49416  -6.766  -34.527  69.339 0.0000000000
142495  -5.885  -36.132  67.786 0.0000000000
44005  -7.490  -38.535  64.230 0.0000000000
41893  -7.372  -40.006  67.211 0.0000000000
139079  -9.563  -37.053  78.074 0.0000000000
126417  -8.826  -38.312  80.209 0.0000000000
62849  -34.077  -17.687  66.512 0.0000000000
61912  -30.146  -19.557  69.469 0.0000000000
61054  -29.110  -20.573  66.622 0.0000000000
121689  -31.828  -18.566  67.035 0.0000000000
62871  -32.982  -18.165  64.544 0.0000000000
55300  -28.278  -26.085  79.708 0.0000000000
53363  -26.730  -28.166  71.317 0.0000000000
52341  -26.584  -29.335  71.775 0.0000000000
79739  -43.778  -0.635  49.793 0.0000000000
79753  -44.828  -0.608  48.219 0.0000000000
54333  -5.308  -27.331  78.320 0.0000000000
51225  -7.369  -29.869  77.456 0.0000000000
51215  -6.480  -30.211  79.023 0.0000000000
71192  -45.347  -8.593  58.061 0.0000000000
69347  -40.813  -12.158  57.708 0.0000000000
70332  -41.915  -10.042  57.259 0.0000000000
71201  -42.944  -8.607  55.279 0.0000000000
46692  -15.415  -35.025  79.784 0.0000000000
121309  -16.181  -35.357  77.279 0.0000000000
56290  -5.076  -26.190  70.666 0.0000000000
55401  -4.954  -26.838  68.898 0.0000000000
123710  -7.116  -28.051  69.887 0.0000000000
121307  -7.473  -33.266  64.988 0.0000000000
49439  -10.410  -32.327  66.378 0.0000000000
121166  -9.163  -33.279  62.806 0.0000000000
50170  -9.795  -31.034  83.150 0.0000000000
41695  -6.252  -40.346  81.386 0.0000000000
45765  -4.940  -35.952  83.982 0.0000000000
43849  -5.014  -38.302  79.864 0.0000000000
44856  -4.860  -37.430  77.030 0.0000000000
142918  -5.172  -40.800  76.270 0.0000000000
61891  -30.762  -20.004  71.327 0.0000000000
56226  -29.235  -25.346  78.439 0.0000000000
57160  -29.718  -24.808  76.975 0.0000000000
55355  -28.418  -26.257  73.546 0.0000000000
80599  -45.522  1.191  51.454 0.0000000000
77899  -44.015  -2.553  52.085 0.0000000000
68420  -42.593  -12.722  59.584 0.0000000000
66603  -39.915  -14.321  58.267 0.0000000000
50302  -19.246  -31.058  68.780 0.0000000000
49396  -18.307  -31.995  70.671 0.0000000000
56331  -5.361  -26.382  64.457 0.0000000000
52340  -9.167  -29.320  72.780 0.0000000000
52348  -9.885  -29.542  71.312 0.0000000000
50270  -9.065  -31.968  70.371 0.0000000000
48508  -7.008  -33.366  67.164 0.0000000000
46840  -5.670  -34.917  63.179 0.0000000000
47562  -12.516  -34.547  83.808 0.0000000000
47554  -10.796  -34.355  85.757 0.0000000000
123012  -9.280  -36.275  82.908 0.0000000000
41701  -7.828  -40.179  80.911 0.0000000000
63791  -35.948  -16.491  63.073 0.0000000000
63788  -33.906  -17.570  63.399 0.0000000000
140525  -24.986  -31.506  74.139 0.0000000000
53293  -28.061  -27.984  76.459 0.0000000000
51279  -26.277  -30.228  73.270 0.0000000000
50277  -23.143  -31.003  70.809 0.0000000000
56265  -4.640  -25.981  72.614 0.0000000000
57170  -3.845  -24.474  74.693 0.0000000000
54375  -5.685  -27.417  74.039 0.0000000000
51272  -8.202  -30.141  75.105 0.0000000000
49341  -6.487  -32.622  74.879 0.0000000000
136534  -5.676  -35.066  73.222 0.0000000000
73011  -48.401  -7.687  53.878 0.0000000000
71219  -44.841  -9.394  53.483 0.0000000000
46675  -13.754  -34.879  81.888 0.0000000000
46698  -11.450  -35.012  78.891 0.0000000000
45800  -10.474  -36.137  75.407 0.0000000000
48471  -18.118  -33.199  72.678 0.0000000000
47609  -17.611  -34.083  73.788 0.0000000000
129690  -16.549  -35.276  75.301 0.0000000000
46737  -13.666  -35.484  74.225 0.0000000000
46758  -11.422  -35.534  73.124 0.0000000000
58194  -7.173  -23.825  68.119 0.0000000000
55422  -5.399  -26.982  66.685 0.0000000000
53406  -7.971  -28.741  65.663 0.0000000000
53380  -10.583  -29.055  68.958 0.0000000000
53399  -11.044  -28.886  66.585 0.0000000000
53431  -11.132  -28.961  63.902 0.0000000000
54297  -5.423  -27.410  83.213 0.0000000000
138144  -7.336  -32.474  86.269 0.0000000000
50165  -5.391  -31.683  83.209 0.0000000000
50174  -5.365  -30.981  81.733 0.0000000000
135528  -5.465  -33.725  78.450 0.0000000000
120644  -4.762  -36.038  75.423 0.0000000000
43934  -5.468  -38.258  71.752 0.0000000000
123722  -5.703  -44.167  74.864 0.0000000000
38882  -5.923  -43.194  73.110 0.0000000000
41857  -6.461  -41.284  69.568 0.0000000000
60973  -32.774  -19.562  75.428 0.0000000000
128471  -32.630  -19.950  75.947 0.0000000000
141737  -32.856  -21.733  73.845 0.0000000000
60048  -32.820  -21.591  73.828 0.0000000000
58127  -32.357  -22.546  74.475 0.0000000000
58135  -32.348  -22.799  73.780 0.0000000000
59038  -32.413  -21.700  75.612 0.0000000000
59047  -32.025  -22.455  75.641 0.0000000000
75863  -48.605  -4.827  52.954 0.0000000000
72136  -48.126  -7.950  52.425 0.0000000000
135880  -47.497  -8.617  51.358 0.0000000000
74858  -48.101  -6.283  51.875 0.0000000000
74851  -47.135  -5.583  52.253 0.0000000000
129601  -39.234  -16.258  60.831 0.0000000000
64737  -40.110  -15.922  61.922 0.0000000000
64735  -38.991  -15.718  62.143 0.0000000000
63833  -35.732  -16.385  60.298 0.0000000000
63834  -37.391  -16.274  60.130 0.0000000000
135767  -38.708  -16.402  59.924 0.0000000000
130999  -5.571  -36.075  70.701 0.0000000000
46778  -6.010  -35.376  69.418 0.0000000000
44955  -6.142  -36.683  68.958 0.0000000000
43970  -6.340  -37.574  67.209 0.0000000000
42896  -6.514  -38.633  68.540 0.0000000000
43890  -9.758  -38.038  75.778 0.0000000000
43877  -9.207  -38.723  76.951 0.0000000000
62820  -32.281  -18.505  68.480 0.0000000000
62830  -30.660  -18.876  68.135 0.0000000000
62831  -32.627  -18.471  67.628 0.0000000000
62847  -32.873  -18.380  66.788 0.0000000000
79740  -44.187  0.108  49.649 0.0000000000
78857  -44.126  -0.517  48.958 0.0000000000
79747  -45.042  0.138  48.316 0.0000000000
54323  -5.237  -27.534  79.190 0.0000000000
52274  -6.468  -29.223  78.802 0.0000000000
52270  -5.512  -29.044  80.314 0.0000000000
120791  -45.013  -9.339  58.548 0.0000000000
71186  -46.719  -8.936  59.175 0.0000000000
69349  -42.204  -11.464  58.261 0.0000000000
69352  -41.030  -11.225  57.406 0.0000000000
70328  -43.064  -10.301  58.218 0.0000000000
141123  -43.190  -9.098  57.136 0.0000000000
46694  -17.044  -35.529  79.307 0.0000000000
46703  -17.879  -35.288  78.109 0.0000000000
132707  -23.190  -31.581  73.470 0.0000000000
49371  -21.210  -31.532  72.907 0.0000000000
54477  -5.840  -28.082  62.128 0.0000000000
54409  -4.842  -27.830  71.346 0.0000000000
54420  -5.106  -27.959  70.596 0.0000000000
53349  -6.475  -28.437  71.134 0.0000000000
48546  -6.492  -33.787  63.230 0.0000000000
48548  -8.528  -33.433  63.324 0.0000000000
121688  -7.606  -33.442  61.677 0.0000000000
51206  -10.038  -30.878  81.364 0.0000000000
50168  -11.290  -32.336  83.533 0.0000000000
40763  -5.926  -41.637  79.494 0.0000000000
126265  -5.288  -38.988  81.259 0.0000000000
42802  -5.053  -40.214  79.290 0.0000000000
42823  -5.108  -40.230  77.364 0.0000000000
41743  -5.277  -41.093  76.980 0.0000000000
61874  -31.793  -19.247  73.546 0.0000000000
60056  -31.690  -21.146  72.112 0.0000000000
62779  -31.628  -19.063  72.535 0.0000000000
122677  -31.567  -18.941  71.398 0.0000000000
56260  -29.721  -24.857  73.737 0.0000000000
56253  -29.672  -24.967  74.488 0.0000000000
56268  -28.981  -25.430  73.203 0.0000000000
140366  -27.684  -26.629  72.053 0.0000000000
79716  -46.380  0.025  52.558 0.0000000000
77888  -45.797  -2.560  53.198 0.0000000000
131505  -44.766  -2.770  52.720 0.0000000000
78828  -45.613  -1.283  52.872 0.0000000000
79714  -44.983  -0.617  52.050 0.0000000000
67523  -42.054  -13.464  59.632 0.0000000000
67509  -43.821  -12.860  60.504 0.0000000000
66578  -42.469  -13.830  60.354 0.0000000000
64782  -39.698  -15.633  59.063 0.0000000000
64787  -38.744  -15.443  58.443 0.0000000000
66599  -40.284  -14.704  58.651 0.0000000000
67533  -41.322  -13.534  59.033 0.0000000000
58212  -5.599  -23.883  64.954 0.0000000000
126668  -5.319  -24.403  64.389 0.0000000000
57250  -5.570  -24.845  65.180 0.0000000000
131159  -8.524  -31.407  72.638 0.0000000000
50248  -9.325  -30.564  72.172 0.0000000000
50257  -8.031  -32.499  71.578 0.0000000000
136548  -5.975  -34.965  66.922 0.0000000000
48499  -6.645  -34.414  68.256 0.0000000000
48514  -5.944  -34.684  65.908 0.0000000000
48525  -6.004  -34.253  65.499 0.0000000000
143500  -5.503  -35.374  64.550 0.0000000000
45002  -5.836  -36.706  64.120 0.0000000000
46672  -10.922  -35.180  82.231 0.0000000000
46666  -10.783  -35.019  83.098 0.0000000000
45777  -9.616  -36.335  82.185 0.0000000000
42803  -8.496  -39.912  79.037 0.0000000000
43847  -8.416  -39.005  80.663 0.0000000000
40762  -7.624  -40.962  79.862 0.0000000000
40761  -6.832  -41.462  80.401 0.0000000000
63790  -35.190  -16.703  63.729 0.0000000000
139663  -33.493  -17.706  64.722 0.0000000000
62887  -33.454  -18.026  63.969 0.0000000000
63789  -34.575  -17.170  63.620 0.0000000000
63804  -35.212  -16.861  62.917 0.0000000000
52286  -26.383  -29.676  77.829 0.0000000000
51250  -25.770  -30.369  76.641 0.0000000000
51251  -26.287  -30.074  76.551 0.0000000000
131994  -29.136  -26.090  76.680 0.0000000000
55317  -28.577  -26.644  77.802 0.0000000000
54368  -28.545  -27.398  75.866 0.0000000000
49412  -25.521  -30.856  70.004 0.0000000000
51286  -26.562  -29.714  72.546 0.0000000000
50266  -25.372  -30.972  70.752 0.0000000000
49375  -24.630  -31.244  71.636 0.0000000000
50289  -23.310  -30.814  70.090 0.0000000000
51301  -21.788  -30.363  69.260 0.0000000000
55327  -4.670  -26.188  76.108 0.0000000000
143784  -4.794  -26.502  75.286 0.0000000000
54373  -5.005  -26.974  74.090 0.0000000000
54361  -5.806  -27.287  74.880 0.0000000000
137145  -7.000  -28.305  75.070 0.0000000000
53295  -7.423  -28.674  75.724 0.0000000000
50211  -6.431  -31.724  77.069 0.0000000000
120826  -7.143  -31.576  75.556 0.0000000000
49332  -6.006  -33.050  75.252 0.0000000000
48459  -6.421  -33.972  74.001 0.0000000000
48447  -6.078  -33.884  74.875 0.0000000000
73003  -47.867  -7.528  55.495 0.0000000000
73004  -49.551  -7.158  55.156 0.0000000000
72999  -49.227  -7.398  56.619 0.0000000000
72109  -44.538  -8.296  55.357 0.0000000000
72116  -44.516  -8.883  54.352 0.0000000000
72118  -45.890  -8.574  54.464 0.0000000000
72119  -46.561  -8.221  54.114 0.0000000000
47569  -15.458  -34.060  81.917 0.0000000000
121314  -14.269  -35.060  78.190 0.0000000000
121316  -12.934  -34.953  79.166 0.0000000000
46706  -12.429  -34.934  77.580 0.0000000000
136755  -10.850  -35.333  77.534 0.0000000000
140080  -11.333  -35.331  76.008 0.0000000000
48485  -17.670  -32.671  70.290 0.0000000000
136406  -18.394  -31.980  71.618 0.0000000000
48477  -17.221  -33.313  71.014 0.0000000000
46767  -15.949  -35.124  71.846 0.0000000000
47620  -16.340  -34.640  72.135 0.0000000000
46751  -16.320  -35.010  73.463 0.0000000000
46741  -17.092  -34.822  74.749 0.0000000000
46750  -16.008  -35.484  73.836 0.0000000000
46738  -15.197  -35.660  74.863 0.0000000000
46748  -14.070  -35.744  73.309 0.0000000000
46759  -12.148  -35.544  72.452 0.0000000000
58182  -6.987  -23.546  69.076 0.0000000000
54433  -5.489  -27.405  68.406 0.0000000000
139104  -5.473  -26.664  67.530 0.0000000000
54439  -5.703  -27.401  67.300 0.0000000000
53395  -6.178  -27.813  65.605 0.0000000000
121981  -7.558  -28.403  66.266 0.0000000000
50272  -10.460  -30.296  70.175 0.0000000000
125439  -10.564  -29.797  69.947 0.0000000000
50300  -10.787  -30.929  68.693 0.0000000000
49448  -11.325  -32.013  65.290 0.0000000000
50326  -11.853  -31.130  66.501 0.0000000000
124093  -12.159  -30.737  65.846 0.0000000000
136564  -11.238  -28.976  65.035 0.0000000000
138418  -12.296  -30.329  64.498 0.0000000000
52406  -12.326  -30.156  63.710 0.0000000000
53245  -6.999  -27.932  83.985 0.0000000000
46655  -8.854  -35.535  85.519 0.0000000000
48401  -8.912  -33.723  86.619 0.0000000000
131891  -7.456  -35.723  85.889 0.0000000000
46665  -5.650  -35.586  82.334 0.0000000000
47561  -5.312  -33.895  83.523 0.0000000000
136266  -5.334  -33.780  82.390 0.0000000000
50169  -5.360  -31.145  82.108 0.0000000000
49304  -5.444  -32.673  81.425 0.0000000000
49316  -5.572  -32.952  79.817 0.0000000000
47575  -5.693  -34.275  80.395 0.0000000000
43876  -4.201  -38.451  75.934 0.0000000000
45795  -4.904  -36.647  76.550 0.0000000000
43900  -4.051  -38.296  74.190 0.0000000000
44888  -4.201  -37.560  73.629 0.0000000000
42847  -4.715  -39.299  72.724 0.0000000000
132244  -5.733  -45.486  73.147 0.0000000000
121491  -5.651  -44.055  73.830 0.0000000000
62760  -32.465  -18.965  74.234 0.0000000000
58177  -32.366  -23.547  71.260 0.0000000000
134196  -32.409  -23.122  69.993 0.0000000000
59080  -32.393  -21.945  72.184 0.0000000000
61875  -32.324  -19.915  74.413 0.0000000000
57187  -30.688  -24.514  73.467 0.0000000000
57202  -31.557  -24.487  72.276 0.0000000000
57214  -32.100  -24.165  71.874 0.0000000000
57180  -30.993  -23.831  74.537 0.0000000000
78819  -47.852  -1.583  53.351 0.0000000000
71251  -46.701  -9.045  50.060 0.0000000000
73970  -45.686  -6.972  50.118 0.0000000000
139585  -45.491  -6.372  51.218 0.0000000000
138830  -46.080  -6.266  51.540 0.0000000000
76892  -47.122  -4.065  52.965 0.0000000000
127994  -40.793  -15.569  59.929 0.0000000000
66577  -42.022  -14.638  60.712 0.0000000000
125653  -41.299  -15.504  61.755 0.0000000000
127876  -41.002  -15.605  62.568 0.0000000000
63818  -33.349  -17.254  61.529 0.0000000000
121493  -34.173  -16.537  59.845 0.0000000000
63843  -35.044  -16.413  59.718 0.0000000000
63854  -36.168  -16.279  57.851 0.0000000000
130261  -36.820  -16.128  57.742 0.0000000000
64778  -37.508  -16.277  58.826 0.0000000000
64772  -38.752  -16.089  59.352 0.0000000000
49380  -6.856  -33.431  71.890 0.0000000000
128493  -7.066  -33.485  71.114 0.0000000000
48483  -6.309  -34.815  70.674 0.0000000000
47640  -6.124  -35.241  69.023 0.0000000000
45889  -5.796  -35.672  66.804 0.0000000000
144057  -5.890  -36.695  65.166 0.0000000000
44973  -6.324  -37.341  66.282 0.0000000000
42931  -7.334  -38.664  66.080 0.0000000000
45789  -10.011  -36.308  78.890 0.0000000000
45783  -9.670  -36.807  80.384 0.0000000000
129805  -9.322  -38.056  78.348 0.0000000000
63774  -34.061  -16.967  65.321 0.0000000000
61027  -29.531  -20.531  69.384 0.0000000000
123301  -29.771  -21.160  68.064 0.0000000000
61934  -29.516  -19.839  68.081 0.0000000000
61935  -29.970  -19.278  67.532 0.0000000000
122472  -30.507  -18.812  65.871 0.0000000000
62858  -32.129  -18.735  66.082 0.0000000000
132558  -33.283  -17.860  65.280 0.0000000000
54337  -27.687  -28.002  78.820 0.0000000000
53331  -27.695  -27.555  73.163 0.0000000000
53330  -27.697  -27.751  73.758 0.0000000000
53354  -26.790  -28.168  71.712 0.0000000000
51303  -26.068  -30.459  69.634 0.0000000000
137409  -43.534  -1.566  48.530 0.0000000000
78864  -43.956  -1.645  47.802 0.0000000000
77943  -44.560  -1.758  47.142 0.0000000000
78889  -45.846  -1.619  45.730 0.0000000000
54340  -5.398  -27.235  77.274 0.0000000000
52288  -6.928  -28.698  77.127 0.0000000000
52280  -6.944  -28.925  78.054 0.0000000000
51224  -7.078  -29.975  78.379 0.0000000000
49323  -5.933  -32.396  77.340 0.0000000000
143564  -46.399  -7.657  57.033 0.0000000000
72093  -47.340  -8.237  58.381 0.0000000000
70330  -40.652  -10.698  56.644 0.0000000000
70336  -41.066  -10.106  56.031 0.0000000000
121483  -41.711  -9.357  54.985 0.0000000000
71197  -42.677  -9.012  56.317 0.0000000000
72106  -44.286  -8.226  56.343 0.0000000000
47572  -15.686  -34.538  81.129 0.0000000000
46685  -16.770  -35.385  80.085 0.0000000000
46700  -15.802  -35.195  78.856 0.0000000000
121311  -14.527  -35.339  77.409 0.0000000000
46772  -15.382  -35.245  70.731 0.0000000000
144313  -13.991  -35.791  71.786 0.0000000000
145184  -5.527  -25.053  70.669 0.0000000000
57227  -5.966  -25.189  69.529 0.0000000000
130552  -5.208  -26.603  69.893 0.0000000000
133412  -5.315  -27.690  69.163 0.0000000000
143904  -7.095  -27.973  68.885 0.0000000000
49437  -8.380  -32.951  66.682 0.0000000000
49430  -10.346  -32.167  67.258 0.0000000000
48529  -9.331  -32.917  65.089 0.0000000000
48539  -9.769  -32.920  64.306 0.0000000000
48540  -10.422  -32.837  63.838 0.0000000000
52273  -9.913  -29.737  79.138 0.0000000000
51205  -9.469  -30.175  81.936 0.0000000000
51199  -8.728  -29.743  84.037 0.0000000000
42781  -6.342  -39.433  83.147 0.0000000000
45767  -6.436  -36.449  84.789 0.0000000000
44842  -6.156  -37.739  82.316 0.0000000000
44841  -5.855  -37.132  81.853 0.0000000000
126620  -5.067  -36.826  80.802 0.0000000000
137296  -5.475  -35.972  79.023 0.0000000000
43848  -4.933  -37.992  78.354 0.0000000000
42822  -4.704  -39.427  76.853 0.0000000000
41776  -5.016  -40.725  74.654 0.0000000000
60113  -31.923  -21.969  68.782 0.0000000000
60083  -32.184  -22.221  70.749 0.0000000000
60082  -31.687  -21.888  70.760 0.0000000000
143517  -30.304  -21.360  70.149 0.0000000000
61899  -29.967  -19.906  70.337 0.0000000000
124117  -31.836  -18.629  70.181 0.0000000000
56245  -29.343  -25.717  76.101 0.0000000000
57150  -30.129  -24.102  76.606 0.0000000000
56246  -29.561  -25.093  75.356 0.0000000000
55345  -28.259  -26.600  73.926 0.0000000000
54403  -27.622  -27.253  72.678 0.0000000000
75870  -43.445  -4.179  51.946 0.0000000000
78834  -43.924  -1.388  51.267 0.0000000000
79722  -44.378  -0.507  51.349 0.0000000000
136094  -43.300  -11.567  59.125 0.0000000000
70303  -44.914  -10.982  59.718 0.0000000000
68422  -44.409  -12.398  60.170 0.0000000000
64792  -37.600  -15.723  57.496 0.0000000000
67536  -40.291  -13.670  58.051 0.0000000000
68445  -41.940  -12.212  58.583 0.0000000000
50275  -20.743  -30.709  71.156 0.0000000000
50261  -20.012  -30.963  71.576 0.0000000000
50273  -18.844  -31.313  70.188 0.0000000000
49409  -18.171  -32.032  69.744 0.0000000000
56339  -5.307  -26.230  63.538 0.0000000000
54465  -5.561  -27.951  63.379 0.0000000000
52339  -8.467  -28.622  72.981 0.0000000000
140351  -8.946  -28.463  71.746 0.0000000000
121895  -9.691  -29.718  72.107 0.0000000000
50271  -9.834  -30.778  70.625 0.0000000000
50284  -9.292  -32.155  69.618 0.0000000000
49394  -7.300  -33.439  70.413 0.0000000000
49418  -7.651  -33.380  68.535 0.0000000000
49419  -8.411  -32.942  68.308 0.0000000000
48527  -6.827  -33.292  65.681 0.0000000000
49292  -12.053  -33.211  84.710 0.0000000000
47558  -12.184  -34.134  84.884 0.0000000000
46659  -9.619  -35.345  84.618 0.0000000000
45774  -8.563  -36.717  83.827 0.0000000000
44847  -8.834  -37.626  81.646 0.0000000000
43845  -8.470  -38.456  81.967 0.0000000000
43841  -7.336  -39.024  83.188 0.0000000000
41694  -6.961  -39.730  81.899 0.0000000000
40760  -6.301  -41.409  80.326 0.0000000000
39779  -5.974  -43.010  78.825 0.0000000000
64733  -36.629  -16.108  62.390 0.0000000000
121728  -38.231  -15.550  62.568 0.0000000000
64727  -37.378  -15.624  63.053 0.0000000000
60139  -30.234  -21.606  66.528 0.0000000000
63801  -32.752  -17.523  62.198 0.0000000000
124172  -35.862  -16.445  62.243 0.0000000000
139010  -24.630  -31.792  74.649 0.0000000000
49358  -23.906  -31.450  72.957 0.0000000000
56225  -28.776  -25.930  78.982 0.0000000000
54338  -28.179  -27.341  78.320 0.0000000000
53292  -27.426  -28.561  77.066 0.0000000000
52335  -27.372  -28.630  73.676 0.0000000000
51274  -27.115  -29.337  74.637 0.0000000000
52317  -27.159  -29.186  75.757 0.0000000000
50231  -25.565  -30.718  73.997 0.0000000000
49374  -24.061  -31.538  71.994 0.0000000000
135117  -22.458  -31.247  71.642 0.0000000000
51300  -20.962  -30.477  69.732 0.0000000000
78898  -46.385  -1.277  45.048 0.0000000000
79786  -47.611  -0.526  44.539 0.0000000000
79798  -48.030  -0.133  43.691 0.0000000000
56276  -4.863  -25.868  72.013 0.0000000000
54397  -4.947  -27.478  72.218 0.0000000000
130404  -4.445  -25.732  73.277 0.0000000000
55351  -4.687  -26.868  73.149 0.0000000000
53337  -6.015  -28.049  72.583 0.0000000000
53323  -7.786  -28.479  73.685 0.0000000000
120739  -8.496  -29.595  74.365 0.0000000000
50239  -8.426  -31.084  73.586 0.0000000000
51254  -7.896  -30.231  75.934 0.0000000000
50228  -7.199  -31.856  74.885 0.0000000000
49353  -7.172  -32.779  73.449 0.0000000000
49365  -6.437  -33.984  73.082 0.0000000000
47614  -5.801  -35.087  72.340 0.0000000000
131636  -5.538  -36.174  71.550 0.0000000000
133472  -49.544  -7.038  53.713 0.0000000000
126083  -43.152  -9.043  53.678 0.0000000000
71218  -43.412  -9.555  52.914 0.0000000000
70360  -44.673  -10.140  52.014 0.0000000000
71221  -46.235  -9.198  52.977 0.0000000000
72128  -47.270  -8.359  53.018 0.0000000000
46669  -13.354  -34.855  82.524 0.0000000000
46680  -11.896  -35.022  80.982 0.0000000000
46683  -14.481  -34.805  80.387 0.0000000000
46681  -12.800  -34.999  80.598 0.0000000000
46688  -11.437  -35.133  79.580 0.0000000000
45796  -10.290  -36.571  76.262 0.0000000000
49369  -19.431  -31.905  72.831 0.0000000000
49354  -19.682  -32.346  73.581 0.0000000000
48461  -19.004  -32.931  74.307 0.0000000000
47621  -16.620  -34.170  71.508 0.0000000000
47616  -17.559  -33.829  72.951 0.0000000000
48448  -18.311  -33.855  74.559 0.0000000000
47601  -18.548  -34.070  75.401 0.0000000000
126915  -17.589  -34.912  75.947 0.0000000000
126866  -18.045  -35.153  77.078 0.0000000000
46717  -15.987  -35.452  76.527 0.0000000000
121791  -15.206  -35.581  76.262 0.0000000000
46727  -13.456  -35.374  75.527 0.0000000000
134162  -13.082  -35.689  72.768 0.0000000000
46746  -11.964  -35.352  73.839 0.0000000000
124979  -11.747  -35.241  74.729 0.0000000000
45805  -10.629  -35.902  74.560 0.0000000000
58200  -7.009  -23.288  66.764 0.0000000000
56310  -6.157  -25.427  68.505 0.0000000000
56317  -6.041  -25.663  67.491 0.0000000000
57244  -6.002  -24.764  66.112 0.0000000000
133084  -5.255  -26.586  65.140 0.0000000000
53403  -5.946  -28.147  64.766 0.0000000000
53417  -7.982  -28.828  63.902 0.0000000000
122112  -9.233  -28.550  70.237 0.0000000000
53369  -8.770  -28.277  69.253 0.0000000000
53378  -8.798  -28.032  68.276 0.0000000000
51320  -11.408  -30.484  68.094 0.0000000000
52372  -11.272  -29.322  67.583 0.0000000000
53398  -9.095  -28.543  66.853 0.0000000000
53407  -8.916  -28.826  65.929 0.0000000000
142945  -9.504  -28.838  64.564 0.0000000000
122697  -9.824  -28.928  63.863 0.0000000000
122256  -10.849  -29.271  62.906 0.0000000000
50164  -10.546  -32.261  84.560 0.0000000000
50161  -9.281  -31.685  85.642 0.0000000000
51191  -8.024  -30.745  85.482 0.0000000000
47551  -6.024  -34.558  85.792 0.0000000000
127023  -6.112  -32.115  85.008 0.0000000000
145104  -6.171  -29.890  84.681 0.0000000000
133005  -5.129  -29.743  83.203 0.0000000000
52260  -5.206  -29.640  82.426 0.0000000000
52268  -5.286  -29.063  81.319 0.0000000000
50183  -5.534  -31.145  80.517 0.0000000000
49320  -5.923  -32.784  78.980 0.0000000000
48430  -5.610  -33.105  77.323 0.0000000000
124485  -5.504  -35.551  78.324 0.0000000000
47589  -5.141  -34.939  76.502 0.0000000000
142378  -5.284  -34.961  75.651 0.0000000000
131061  -4.859  -35.899  73.830 0.0000000000
45809  -4.786  -36.276  72.637 0.0000000000
43941  -6.063  -38.019  71.033 0.0000000000
38840  -5.920  -43.876  77.559 0.0000000000
37980  -5.773  -45.190  75.597 0.0000000000
127353  -5.505  -43.267  76.102 0.0000000000
39815  -5.446  -42.401  75.592 0.0000000000
39828  -5.489  -42.350  74.645 0.0000000000
40844  -5.340  -41.281  73.365 0.0000000000
39862  -5.938  -42.436  71.395 0.0000000000
40856  -5.435  -40.847  72.514 0.0000000000
40865  -5.900  -40.840  71.352 0.0000000000
42871  -6.257  -39.692  70.474 0.0000000000
42887  -6.608  -39.708  69.195 0.0000000000
41873  -7.070  -40.489  68.203 0.0000000000
40923  -7.944  -41.431  66.655 0.0000000000
126485  -33.065  -20.720  75.187 0.0000000000
60036  -33.124  -21.428  74.688 0.0000000000
59048  -32.759  -21.999  75.016 0.0000000000
59059  -32.948  -21.797  74.352 0.0000000000
60028  -32.594  -20.934  75.658 0.0000000000
74853  -49.304  -5.271  53.132 0.0000000000
75851  -49.439  -4.477  53.355 0.0000000000
130150  -49.951  -4.801  53.575 0.0000000000
73025  -48.758  -7.396  52.007 0.0000000000
74859  -48.797  -6.598  52.164 0.0000000000
74852  -48.716  -5.776  52.503 0.0000000000
64745  -38.834  -15.984  61.510 0.0000000000
63821  -36.628  -16.198  61.582 0.0000000000
121903  -36.701  -16.306  60.641 0.0000000000
63822  -37.543  -16.140  60.957 0.0000000000
64759  -38.524  -16.206  60.749 0.0000000000
45830  -5.728  -36.348  70.266 0.0000000000
137120  -5.970  -36.315  69.549 0.0000000000
44956  -6.274  -37.587  68.511 0.0000000000
44946  -6.323  -37.764  69.377 0.0000000000
145147  -9.296  -39.108  75.380 0.0000000000
54312  -5.224  -27.676  80.014 0.0000000000
53260  -5.479  -28.132  79.715 0.0000000000
53254  -5.258  -28.268  80.618 0.0000000000
71184  -44.334  -9.806  58.691 0.0000000000
70323  -45.075  -9.969  59.374 0.0000000000
70322  -44.353  -10.497  59.253 0.0000000000
70320  -42.859  -11.086  58.524 0.0000000000
123904  -43.635  -9.583  57.997 0.0000000000
48428  -18.976  -33.528  78.541 0.0000000000
47583  -18.231  -34.879  78.500 0.0000000000
128114  -18.323  -34.963  77.849 0.0000000000
49372  -22.626  -31.305  72.693 0.0000000000
130766  -21.869  -31.488  72.887 0.0000000000
50250  -21.146  -31.197  72.326 0.0000000000
126699  -6.599  -28.950  62.594 0.0000000000
132408  -6.609  -28.825  61.986 0.0000000000
53348  -5.460  -28.393  71.024 0.0000000000
48560  -7.088  -33.684  62.469 0.0000000000
50172  -11.423  -32.158  82.530 0.0000000000
40775  -5.625  -41.802  78.666 0.0000000000
41714  -5.218  -41.021  78.970 0.0000000000
41729  -5.212  -41.083  78.070 0.0000000000
62770  -32.517  -18.601  73.613 0.0000000000
135596  -31.937  -18.632  73.042 0.0000000000
126576  -32.578  -18.355  72.912 0.0000000000
62780  -32.232  -18.513  72.121 0.0000000000
125328  -29.540  -25.110  72.400 0.0000000000
55363  -28.650  -25.966  72.543 0.0000000000
78817  -46.102  -1.701  53.201 0.0000000000
77901  -45.265  -1.919  52.900 0.0000000000
79704  -46.224  -0.901  52.910 0.0000000000
79715  -45.605  -0.705  52.535 0.0000000000
67522  -41.314  -14.042  59.428 0.0000000000
66591  -41.693  -14.319  59.928 0.0000000000
65666  -40.361  -15.541  59.318 0.0000000000
65670  -40.027  -15.269  58.797 0.0000000000
65671  -40.524  -15.018  58.973 0.0000000000
66600  -40.812  -14.338  59.027 0.0000000000
129886  -6.733  -22.162  66.163 0.0000000000
58213  -6.041  -23.388  65.583 0.0000000000
57251  -5.967  -24.140  65.615 0.0000000000
50247  -8.027  -32.392  72.245 0.0000000000
46805  -5.794  -35.270  66.072 0.0000000000
48505  -6.113  -34.740  66.741 0.0000000000
47658  -5.787  -34.967  65.568 0.0000000000
46816  -5.615  -35.343  65.282 0.0000000000
45913  -5.515  -35.982  64.169 0.0000000000
127347  -5.687  -36.451  64.747 0.0000000000
46679  -10.970  -35.341  81.305 0.0000000000
45781  -10.210  -35.892  81.730 0.0000000000
123393  -8.140  -40.640  78.929 0.0000000000
63781  -35.102  -16.540  64.452 0.0000000000
60124  -31.634  -21.725  67.435 0.0000000000
62888  -33.894  -17.350  64.419 0.0000000000
53274  -27.350  -28.745  78.597 0.0000000000
53282  -26.962  -29.340  78.323 0.0000000000
52300  -26.543  -29.596  77.123 0.0000000000
55332  -29.074  -26.500  76.095 0.0000000000
54358  -28.793  -27.042  76.210 0.0000000000
130696  -28.419  -27.194  74.939 0.0000000000
49422  -25.110  -30.871  69.392 0.0000000000
50279  -25.615  -30.802  70.374 0.0000000000
50291  -24.591  -31.072  69.863 0.0000000000
49398  -24.628  -31.093  70.615 0.0000000000
51312  -23.541  -30.476  69.261 0.0000000000
51311  -22.850  -30.288  68.913 0.0000000000
54350  -5.482  -27.068  76.176 0.0000000000
54359  -5.117  -26.766  75.464 0.0000000000
54360  -5.451  -27.027  75.145 0.0000000000
53294  -6.578  -27.784  75.594 0.0000000000
49327  -6.083  -32.392  76.507 0.0000000000
49333  -6.284  -32.529  75.691 0.0000000000
48439  -5.811  -33.466  75.580 0.0000000000
141884  -47.081  -7.608  55.381 0.0000000000
72998  -48.361  -7.428  56.365 0.0000000000
73002  -46.512  -7.567  55.762 0.0000000000
72110  -45.590  -8.044  55.341 0.0000000000
72111  -46.477  -8.046  54.951 0.0000000000
121312  -13.551  -35.170  77.511 0.0000000000
121315  -13.207  -35.004  78.337 0.0000000000
46713  -11.949  -34.997  76.552 0.0000000000
48484  -17.137  -33.401  69.927 0.0000000000
46763  -16.100  -35.025  72.620 0.0000000000
131426  -15.875  -35.321  73.106 0.0000000000
125246  -15.256  -35.618  73.345 0.0000000000
46761  -14.764  -35.744  72.638 0.0000000000
59108  -7.360  -22.711  69.564 0.0000000000
53375  -6.058  -27.679  67.796 0.0000000000
143781  -6.872  -28.080  67.090 0.0000000000
53386  -6.176  -27.809  66.694 0.0000000000
124807  -8.002  -28.357  66.937 0.0000000000
50285  -9.904  -31.801  69.034 0.0000000000
50286  -10.420  -30.852  69.443 0.0000000000
50299  -10.220  -31.927  68.130 0.0000000000
49457  -11.566  -32.137  64.507 0.0000000000
144935  -11.820  -31.434  65.790 0.0000000000
50336  -12.082  -31.452  65.093 0.0000000000
50337  -12.315  -30.823  65.101 0.0000000000
49465  -12.345  -31.449  63.728 0.0000000000
49464  -11.813  -32.128  63.778 0.0000000000
52261  -8.469  -28.814  83.100 0.0000000000
52257  -7.536  -28.691  84.191 0.0000000000
45763  -8.328  -36.046  85.083 0.0000000000
135033  -8.219  -35.568  85.839 0.0000000000
144172  -7.589  -36.130  85.331 0.0000000000
46671  -5.777  -35.055  81.618 0.0000000000
134439  -5.409  -34.710  82.398 0.0000000000
47565  -5.562  -34.098  81.828 0.0000000000
48414  -5.467  -33.244  81.850 0.0000000000
48417  -5.609  -33.617  81.285 0.0000000000
48420  -5.569  -33.271  80.689 0.0000000000
42832  -4.341  -39.168  75.346 0.0000000000
43888  -4.048  -38.384  74.986 0.0000000000
42839  -4.271  -39.163  74.321 0.0000000000
130093  -4.490  -39.448  73.488 0.0000000000
140815  -5.424  -46.807  72.473 0.0000000000
129736  -5.460  -46.423  73.272 0.0000000000
58163  -32.430  -22.620  71.711 0.0000000000
60979  -33.114  -20.857  74.659 0.0000000000
60993  -32.756  -21.150  73.950 0.0000000000
57201  -30.930  -24.600  72.822 0.0000000000
128159  -31.434  -24.248  73.095 0.0000000000
58148  -32.453  -23.108  73.071 0.0000000000
57203  -31.965  -23.919  72.647 0.0000000000
58162  -32.337  -23.318  72.239 0.0000000000
57223  -31.991  -24.219  70.830 0.0000000000
57169  -31.625  -23.249  74.883 0.0000000000
77890  -48.148  -2.427  53.379 0.0000000000
126540  -48.646  -1.851  53.429 0.0000000000
70362  -45.870  -9.950  51.234 0.0000000000
71238  -46.723  -9.738  50.983 0.0000000000
73033  -47.463  -7.122  51.178 0.0000000000
72145  -47.250  -8.429  50.610 0.0000000000
73032  -46.963  -7.476  50.617 0.0000000000
73043  -46.457  -8.009  49.900 0.0000000000
73960  -46.188  -6.889  50.636 0.0000000000
73959  -45.897  -6.675  50.808 0.0000000000
73950  -46.464  -6.651  51.149 0.0000000000
75862  -47.594  -4.831  52.705 0.0000000000
127747  -46.743  -4.894  52.549 0.0000000000
76878  -47.585  -3.217  53.297 0.0000000000
64762  -40.368  -16.033  59.969 0.0000000000
64747  -40.822  -15.845  60.807 0.0000000000
65635  -40.371  -15.662  62.474 0.0000000000
65626  -40.730  -15.473  63.162 0.0000000000
63819  -34.316  -17.045  61.645 0.0000000000
63832  -34.680  -16.700  60.643 0.0000000000
63844  -35.829  -16.316  58.903 0.0000000000
63855  -36.811  -16.257  58.425 0.0000000000
129788  -39.319  -16.391  60.036 0.0000000000
128765  -39.887  -16.290  59.988 0.0000000000
64774  -39.951  -15.953  59.514 0.0000000000
48476  -6.245  -34.724  71.514 0.0000000000
49392  -6.638  -34.187  71.148 0.0000000000
133161  -6.028  -35.906  68.991 0.0000000000
46793  -6.028  -35.483  67.953 0.0000000000
45874  -5.839  -36.340  67.189 0.0000000000
44972  -5.998  -36.835  66.729 0.0000000000
42911  -7.055  -39.083  66.927 0.0000000000
43971  -6.760  -38.155  66.686 0.0000000000
42912  -7.648  -39.560  66.303 0.0000000000
41912  -8.051  -40.210  65.611 0.0000000000
41894  -7.840  -40.506  66.551 0.0000000000
44853  -9.484  -37.368  79.013 0.0000000000
62861  -33.953  -17.463  65.860 0.0000000000
61911  -29.612  -19.997  69.738 0.0000000000
61038  -29.486  -20.582  68.515 0.0000000000
61922  -30.025  -19.458  68.493 0.0000000000
122295  -30.865  -18.839  67.300 0.0000000000
140724  -30.253  -19.005  66.687 0.0000000000
139415  -31.126  -18.806  66.494 0.0000000000
145928  -31.301  -18.803  65.945 0.0000000000
62848  -33.638  -18.067  66.656 0.0000000000
62859  -33.056  -18.111  65.997 0.0000000000
54330  -27.387  -27.706  79.493 0.0000000000
54331  -27.987  -27.197  79.034 0.0000000000
53343  -27.247  -27.766  72.372 0.0000000000
78849  -43.435  -1.394  49.896 0.0000000000
146026  -43.308  -1.575  49.161 0.0000000000
124539  -44.142  -1.100  48.386 0.0000000000
78865  -44.773  -1.284  47.784 0.0000000000
78866  -45.399  -1.410  47.250 0.0000000000
143205  -45.456  -1.014  47.732 0.0000000000
53276  -5.824  -27.559  77.915 0.0000000000
53277  -6.389  -28.024  77.506 0.0000000000
138896  -6.847  -30.830  78.489 0.0000000000
50205  -6.642  -31.665  78.045 0.0000000000
72099  -45.893  -7.889  57.491 0.0000000000
72100  -46.958  -7.713  57.580 0.0000000000
72092  -46.306  -8.337  58.297 0.0000000000
68449  -40.081  -12.497  57.395 0.0000000000
70326  -41.782  -10.936  57.604 0.0000000000
70331  -41.351  -10.238  56.815 0.0000000000
71195  -41.550  -9.672  55.835 0.0000000000
71196  -41.963  -9.552  56.514 0.0000000000
71191  -44.526  -9.028  57.920 0.0000000000
71198  -44.012  -8.785  57.118 0.0000000000
72098  -44.839  -7.987  57.116 0.0000000000
47578  -17.662  -34.331  80.149 0.0000000000
46701  -16.619  -35.461  78.747 0.0000000000
121508  -15.999  -35.401  78.013 0.0000000000
121313  -15.181  -35.239  78.083 0.0000000000
121310  -15.403  -35.416  77.177 0.0000000000
46771  -14.871  -35.543  71.015 0.0000000000
45832  -14.193  -35.680  70.508 0.0000000000
137624  -5.581  -25.844  70.076 0.0000000000
53357  -5.637  -27.986  69.805 0.0000000000
53367  -6.396  -28.134  69.293 0.0000000000
53366  -5.761  -27.945  68.786 0.0000000000
53368  -7.553  -28.161  69.304 0.0000000000
48518  -7.761  -33.044  65.902 0.0000000000
49445  -8.892  -32.971  65.859 0.0000000000
48528  -8.471  -33.084  65.067 0.0000000000
121306  -9.107  -33.221  63.727 0.0000000000
48549  -9.832  -33.016  63.391 0.0000000000
48561  -9.587  -33.038  62.030 0.0000000000
51203  -9.875  -31.062  82.260 0.0000000000
51202  -9.421  -30.413  82.679 0.0000000000
52262  -8.972  -29.554  82.662 0.0000000000
51200  -9.205  -30.204  83.490 0.0000000000
144107  -6.330  -39.715  82.970 0.0000000000
43836  -6.093  -38.761  82.882 0.0000000000
42787  -6.133  -39.480  81.740 0.0000000000
130753  -5.028  -39.206  80.554 0.0000000000
43844  -5.268  -38.196  81.387 0.0000000000
43843  -4.863  -38.304  80.886 0.0000000000
44845  -5.094  -37.362  81.231 0.0000000000
44850  -5.031  -37.474  80.419 0.0000000000
44849  -4.988  -37.356  79.644 0.0000000000
139126  -4.785  -38.617  78.942 0.0000000000
41742  -4.971  -40.107  76.421 0.0000000000
41759  -4.685  -39.797  75.697 0.0000000000
41760  -5.007  -40.608  75.610 0.0000000000
59140  -32.382  -22.391  67.835 0.0000000000
59131  -32.229  -21.992  68.273 0.0000000000
60069  -32.298  -21.981  71.715 0.0000000000
59103  -32.246  -22.544  70.363 0.0000000000
61000  -31.220  -20.315  71.943 0.0000000000
60067  -31.269  -21.301  71.395 0.0000000000
60081  -30.738  -21.310  70.737 0.0000000000
123892  -31.132  -21.732  70.071 0.0000000000
60066  -30.655  -20.587  71.083 0.0000000000
61016  -30.051  -20.328  70.539 0.0000000000
125436  -30.311  -20.058  70.826 0.0000000000
144795  -31.713  -18.742  70.742 0.0000000000
56303  -30.102  -25.127  69.855 0.0000000000
57149  -29.892  -24.404  77.346 0.0000000000
56237  -29.416  -25.460  76.873 0.0000000000
128208  -30.121  -24.199  75.767 0.0000000000
56259  -29.011  -25.528  74.022 0.0000000000
56252  -29.260  -25.660  74.673 0.0000000000
55346  -28.695  -26.163  74.325 0.0000000000
54390  -28.013  -26.922  73.322 0.0000000000
55362  -28.077  -26.641  72.894 0.0000000000
55383  -27.313  -27.077  71.766 0.0000000000
144334  -45.586  -6.108  51.716 0.0000000000
74863  -44.673  -6.295  51.162 0.0000000000
142131  -44.803  -5.055  52.316 0.0000000000
76889  -44.031  -3.420  52.340 0.0000000000
76901  -43.388  -3.139  51.736 0.0000000000
77907  -43.562  -2.199  51.327 0.0000000000
143849  -44.091  -1.867  51.761 0.0000000000
79723  -45.075  0.200  51.764 0.0000000000
80598  -44.658  0.514  51.126 0.0000000000
68441  -42.956  -12.162  59.435 0.0000000000
69324  -43.765  -11.940  59.738 0.0000000000
68421  -43.350  -12.436  59.983 0.0000000000
68402  -44.920  -12.903  60.684 0.0000000000
66567  -42.087  -14.861  61.779 0.0000000000
66568  -42.757  -14.116  61.226 0.0000000000
64785  -37.756  -15.880  58.042 0.0000000000
63866  -37.112  -15.964  57.420 0.0000000000
65674  -39.583  -14.907  58.465 0.0000000000
66602  -39.145  -14.592  57.998 0.0000000000
67534  -42.042  -13.035  59.162 0.0000000000
68439  -41.671  -12.876  58.765 0.0000000000
68440  -42.343  -12.531  59.033 0.0000000000
69344  -42.599  -11.879  58.855 0.0000000000
50274  -19.892  -30.782  70.647 0.0000000000
50288  -19.454  -30.890  69.698 0.0000000000
49421  -18.176  -32.154  68.759 0.0000000000
133683  -5.212  -24.423  63.511 0.0000000000
57257  -5.220  -25.346  64.181 0.0000000000
55454  -5.540  -27.069  63.942 0.0000000000
143093  -9.015  -28.675  72.382 0.0000000000
50259  -9.158  -31.153  71.192 0.0000000000
49393  -6.984  -33.979  70.562 0.0000000000
49405  -7.129  -34.032  69.850 0.0000000000
48507  -6.782  -33.857  67.615 0.0000000000
49417  -7.201  -33.961  68.926 0.0000000000
49427  -6.997  -33.581  68.022 0.0000000000
49436  -7.738  -33.019  67.564 0.0000000000
48517  -7.521  -33.024  66.715 0.0000000000
121308  -6.878  -33.280  66.368 0.0000000000
48534  -5.703  -34.662  64.541 0.0000000000
48535  -5.893  -34.318  64.684 0.0000000000
44004  -6.741  -37.688  64.689 0.0000000000
48409  -12.662  -33.749  84.786 0.0000000000
129439  -12.033  -34.456  84.420 0.0000000000
45775  -9.930  -35.601  83.395 0.0000000000
45771  -9.823  -35.560  84.034 0.0000000000
138904  -9.333  -36.017  83.620 0.0000000000
45770  -9.138  -36.054  84.111 0.0000000000
44840  -8.831  -36.559  83.430 0.0000000000
44848  -9.122  -37.566  80.752 0.0000000000
42789  -8.136  -39.484  81.125 0.0000000000
134212  -8.340  -38.994  81.388 0.0000000000
42786  -8.130  -39.231  81.840 0.0000000000
43842  -7.967  -38.751  82.545 0.0000000000
42785  -7.427  -39.415  82.382 0.0000000000
41697  -7.225  -40.591  81.349 0.0000000000
39776  -6.413  -42.305  79.259 0.0000000000
39773  -6.217  -41.813  79.803 0.0000000000
39775  -5.991  -42.483  79.360 0.0000000000
40764  -6.128  -41.897  79.751 0.0000000000
64734  -37.494  -15.779  62.350 0.0000000000
64726  -36.659  -16.089  63.077 0.0000000000
60122  -29.573  -21.199  67.101 0.0000000000
62904  -33.037  -17.694  63.123 0.0000000000
62886  -32.482  -18.258  63.699 0.0000000000
63802  -33.673  -17.386  62.468 0.0000000000
51265  -25.946  -30.629  75.911 0.0000000000
50223  -25.332  -31.170  75.080 0.0000000000
49345  -24.407  -31.738  73.686 0.0000000000
54357  -28.449  -27.455  76.746 0.0000000000
54348  -28.344  -27.427  77.565 0.0000000000
53284  -28.042  -28.138  77.368 0.0000000000
120864  -27.456  -28.200  72.885 0.0000000000
52342  -27.128  -28.986  72.690 0.0000000000
123625  -26.098  -30.343  72.399 0.0000000000
51280  -26.966  -29.547  73.508 0.0000000000
51273  -26.533  -30.127  74.373 0.0000000000
51266  -26.589  -30.013  75.592 0.0000000000
50241  -25.582  -30.778  72.735 0.0000000000
50265  -23.620  -31.089  71.169 0.0000000000
130601  -23.681  -31.364  71.565 0.0000000000
146086  -23.706  -31.488  71.810 0.0000000000
121146  -22.329  -31.075  71.106 0.0000000000
142975  -22.016  -30.872  70.738 0.0000000000
51293  -21.772  -30.643  70.244 0.0000000000
138267  -21.323  -30.188  68.383 0.0000000000
51310  -20.714  -30.363  68.895 0.0000000000
78878  -46.082  -1.437  46.751 0.0000000000
78890  -46.648  -1.246  46.101 0.0000000000
79787  -48.554  -0.132  44.661 0.0000000000
57194  -4.546  -24.952  72.523 0.0000000000
55369  -4.706  -26.685  71.914 0.0000000000
55358  -4.675  -26.771  72.587 0.0000000000
56239  -3.947  -25.453  74.964 0.0000000000
56247  -4.168  -25.581  74.042 0.0000000000
54374  -5.311  -27.119  74.178 0.0000000000
54385  -4.964  -27.117  73.435 0.0000000000
54386  -5.289  -27.363  73.398 0.0000000000
135375  -5.023  -27.366  72.917 0.0000000000
53321  -5.714  -27.687  73.343 0.0000000000
53322  -6.591  -28.077  73.497 0.0000000000
123638  -6.214  -27.812  73.985 0.0000000000
52322  -7.886  -29.066  75.081 0.0000000000
127971  -8.124  -28.867  74.342 0.0000000000
138088  -8.567  -30.328  74.296 0.0000000000
50229  -8.088  -31.138  74.594 0.0000000000
142122  -7.379  -29.330  76.835 0.0000000000
51235  -7.648  -30.166  76.646 0.0000000000
50227  -6.676  -32.081  75.386 0.0000000000
123234  -7.695  -32.033  74.022 0.0000000000
49342  -7.092  -32.566  74.283 0.0000000000
49366  -6.793  -33.358  72.846 0.0000000000
49352  -6.759  -33.250  73.937 0.0000000000
48458  -6.113  -34.655  74.046 0.0000000000
127508  -6.092  -34.586  73.181 0.0000000000
46757  -5.674  -35.517  71.907 0.0000000000
46745  -5.421  -35.414  72.671 0.0000000000
73012  -49.123  -7.446  53.905 0.0000000000
140159  -49.503  -7.227  54.383 0.0000000000
64728  -39.001  -15.448  62.827 0.0000000000
125383  -42.461  -8.961  54.477 0.0000000000
71206  -43.455  -8.732  54.331 0.0000000000
71207  -45.405  -9.093  54.050 0.0000000000
136696  -43.990  -9.254  53.564 0.0000000000
71230  -44.336  -9.712  52.747 0.0000000000
71231  -45.056  -9.667  52.678 0.0000000000
71220  -45.566  -9.337  53.299 0.0000000000
72120  -47.382  -7.909  53.789 0.0000000000
72127  -46.703  -8.553  53.322 0.0000000000
72129  -47.940  -8.032  53.117 0.0000000000
127016  -14.275  -34.339  82.978 0.0000000000
46674  -12.886  -35.001  81.626 0.0000000000
46684  -15.976  -35.152  80.350 0.0000000000
46677  -15.131  -34.744  80.697 0.0000000000
46691  -14.548  -34.766  79.621 0.0000000000
140488  -12.668  -34.938  79.826 0.0000000000
46689  -12.107  -34.894  79.351 0.0000000000
124111  -11.979  -35.041  80.112 0.0000000000
46697  -10.768  -35.500  79.322 0.0000000000
46705  -10.744  -35.448  78.437 0.0000000000
46724  -10.779  -35.764  76.073 0.0000000000
45791  -10.410  -35.884  76.896 0.0000000000
44869  -10.134  -37.145  75.628 0.0000000000
50260  -19.034  -31.331  71.153 0.0000000000
50249  -20.195  -31.264  72.319 0.0000000000
49384  -19.153  -31.463  72.091 0.0000000000
48478  -17.978  -32.939  71.799 0.0000000000
49383  -18.586  -32.247  72.446 0.0000000000
49368  -18.815  -32.653  73.276 0.0000000000
132174  -17.092  -34.254  73.202 0.0000000000
47615  -16.889  -34.176  72.459 0.0000000000
120974  -17.596  -34.430  74.556 0.0000000000
144674  -16.821  -35.047  74.962 0.0000000000
47600  -17.568  -34.685  75.269 0.0000000000
46720  -18.199  -34.719  76.457 0.0000000000
123894  -17.061  -35.260  76.030 0.0000000000
46718  -16.804  -35.262  76.844 0.0000000000
137289  -16.481  -35.408  76.044 0.0000000000
46728  -14.946  -35.657  75.548 0.0000000000
121367  -14.238  -35.629  75.032 0.0000000000
121184  -14.290  -35.554  76.002 0.0000000000
137780  -13.346  -35.425  74.873 0.0000000000
137825  -13.086  -35.665  71.770 0.0000000000
46760  -13.975  -35.803  72.348 0.0000000000
45814  -11.485  -35.814  72.281 0.0000000000
138990  -12.206  -35.433  73.119 0.0000000000
142258  -11.222  -35.563  74.182 0.0000000000
45810  -10.752  -35.924  73.665 0.0000000000
58195  -7.682  -22.884  68.366 0.0000000000
134328  -7.834  -22.569  67.586 0.0000000000
58201  -7.455  -23.217  67.468 0.0000000000
56302  -5.404  -26.100  69.150 0.0000000000
57233  -6.601  -24.459  68.776 0.0000000000
56316  -5.587  -26.141  66.695 0.0000000000
128063  -6.431  -24.756  66.965 0.0000000000
138089  -5.982  -25.394  66.655 0.0000000000
56323  -5.538  -25.584  65.936 0.0000000000
127855  -5.385  -26.409  65.833 0.0000000000
53405  -7.230  -28.449  65.577 0.0000000000
54452  -5.643  -27.544  65.178 0.0000000000
53404  -6.484  -28.396  65.123 0.0000000000
53416  -6.333  -28.526  64.239 0.0000000000
121300  -7.217  -28.781  64.785 0.0000000000
53361  -9.486  -28.800  71.157 0.0000000000
53360  -8.623  -28.347  70.899 0.0000000000
123919  -10.844  -29.670  69.179 0.0000000000
53370  -9.779  -28.728  69.589 0.0000000000
138113  -10.179  -28.833  69.244 0.0000000000
53379  -9.767  -28.494  68.763 0.0000000000
50312  -11.003  -31.351  67.788 0.0000000000
126305  -11.146  -31.658  66.921 0.0000000000
52380  -11.715  -29.546  66.748 0.0000000000
125359  -11.818  -29.960  67.427 0.0000000000
122111  -10.255  -28.743  67.222 0.0000000000
124110  -10.005  -28.705  66.283 0.0000000000
124107  -9.699  -28.834  65.354 0.0000000000
53419  -10.361  -28.858  64.620 0.0000000000
142751  -10.397  -28.918  63.871 0.0000000000
53430  -10.219  -29.208  63.137 0.0000000000
54296  -4.949  -27.652  82.577 0.0000000000
49289  -11.538  -33.310  85.284 0.0000000000
125615  -11.030  -32.798  85.161 0.0000000000
49288  -10.971  -33.151  85.911 0.0000000000
48400  -8.244  -33.624  86.530 0.0000000000
49287  -9.492  -32.247  86.118 0.0000000000
50159  -8.044  -32.090  86.203 0.0000000000
50160  -8.488  -31.438  85.837 0.0000000000
136622  -7.221  -31.934  86.028 0.0000000000
45766  -5.522  -36.235  84.469 0.0000000000
45761  -6.057  -35.796  85.091 0.0000000000
46658  -5.146  -35.532  84.732 0.0000000000
126266  -5.421  -33.081  83.742 0.0000000000
129037  -5.555  -32.997  84.875 0.0000000000
49290  -5.580  -32.273  83.970 0.0000000000
139404  -6.047  -31.166  84.977 0.0000000000
50157  -5.738  -31.458  84.009 0.0000000000
52252  -5.717  -29.391  84.262 0.0000000000
51198  -5.314  -30.875  83.149 0.0000000000
133765  -5.378  -30.394  82.099 0.0000000000
51204  -5.375  -30.116  81.873 0.0000000000
52264  -5.329  -29.429  82.006 0.0000000000
51207  -5.331  -30.541  81.324 0.0000000000
122231  -5.526  -30.032  80.597 0.0000000000
48425  -5.567  -33.414  79.054 0.0000000000
48426  -5.540  -33.212  78.190 0.0000000000
125942  -5.692  -32.780  77.936 0.0000000000
48429  -5.504  -33.710  77.699 0.0000000000
45788  -5.351  -36.552  78.323 0.0000000000
45790  -5.236  -36.686  77.412 0.0000000000
140651  -4.819  -36.193  76.047 0.0000000000
46711  -5.087  -35.745  76.557 0.0000000000
46723  -5.053  -35.562  76.039 0.0000000000
46734  -5.150  -35.492  74.698 0.0000000000
125724  -4.622  -36.197  74.624 0.0000000000
130129  -4.407  -37.883  72.865 0.0000000000
131457  -4.524  -37.038  72.728 0.0000000000
44900  -4.970  -37.570  72.188 0.0000000000
44914  -5.629  -37.272  71.496 0.0000000000
37975  -5.879  -44.845  76.325 0.0000000000
37987  -5.631  -44.918  74.470 0.0000000000
127316  -5.556  -44.256  75.918 0.0000000000
38860  -5.558  -43.289  75.204 0.0000000000
38870  -5.615  -43.213  74.170 0.0000000000
39840  -5.619  -42.226  73.504 0.0000000000
128575  -5.325  -41.488  74.207 0.0000000000
128967  -5.875  -41.641  71.841 0.0000000000
40874  -6.001  -41.742  70.829 0.0000000000
41845  -6.242  -41.299  69.887 0.0000000000
132486  -6.460  -40.656  69.649 0.0000000000
42879  -6.435  -39.812  69.678 0.0000000000
133168  -32.901  -20.086  75.022 0.0000000000
61861  -33.000  -18.483  75.602 0.0000000000
143299  -32.894  -19.077  75.989 0.0000000000
58136  -32.741  -22.222  73.444 0.0000000000
131397  -32.714  -21.773  73.161 0.0000000000
142692  -32.955  -21.582  74.200 0.0000000000
58134  -31.744  -23.384  74.178 0.0000000000
57189  -31.873  -23.624  73.456 0.0000000000
59070  -32.783  -22.114  73.964 0.0000000000
59037  -31.744  -22.101  76.302 0.0000000000
58116  -32.078  -22.678  75.126 0.0000000000
137844  -32.381  -20.505  76.315 0.0000000000
76893  -48.113  -4.010  53.175 0.0000000000
77891  -49.127  -2.390  53.442 0.0000000000
75850  -49.164  -3.860  53.329 0.0000000000
140000  -47.203  -8.903  52.079 0.0000000000
71239  -47.251  -9.169  51.538 0.0000000000
72141  -48.023  -7.865  51.860 0.0000000000
73028  -48.091  -7.378  51.559 0.0000000000
73951  -47.300  -6.623  51.402 0.0000000000
144877  -47.440  -6.098  51.850 0.0000000000
122926  -47.932  -5.572  52.338 0.0000000000
64760  -39.796  -16.307  60.686 0.0000000000
64746  -40.217  -16.134  61.243 0.0000000000
123730  -39.594  -16.047  61.561 0.0000000000
64736  -39.733  -15.674  62.427 0.0000000000
64757  -37.644  -16.320  59.513 0.0000000000
64758  -38.047  -16.335  60.057 0.0000000000
143182  -39.020  -16.396  60.343 0.0000000000
47619  -5.856  -35.329  71.467 0.0000000000
47626  -5.874  -35.306  70.713 0.0000000000
132924  -5.735  -35.384  70.298 0.0000000000
45845  -6.077  -36.116  69.090 0.0000000000
44965  -6.091  -36.559  68.054 0.0000000000
44966  -6.161  -37.071  67.615 0.0000000000
43960  -6.354  -37.851  67.952 0.0000000000
140403  -6.983  -39.540  67.689 0.0000000000
139825  -9.567  -38.236  76.481 0.0000000000
44858  -9.500  -37.891  77.327 0.0000000000
42833  -9.003  -39.632  75.694 0.0000000000
62819  -31.345  -18.708  68.713 0.0000000000
62818  -30.672  -19.117  68.860 0.0000000000
122690  -31.541  -18.584  67.887 0.0000000000
53362  -26.607  -28.903  70.624 0.0000000000
80620  -44.857  0.949  48.594 0.0000000000
53266  -5.506  -27.873  78.815 0.0000000000
52271  -5.873  -28.658  79.274 0.0000000000
51210  -5.964  -29.585  79.622 0.0000000000
71185  -45.718  -9.167  58.867 0.0000000000
71166  -45.986  -9.757  59.714 0.0000000000
69348  -41.555  -11.829  57.971 0.0000000000
71189  -42.439  -9.530  57.186 0.0000000000
71190  -42.940  -9.759  57.714 0.0000000000
47580  -17.361  -35.201  79.726 0.0000000000
46695  -17.616  -35.269  78.896 0.0000000000
46702  -17.291  -35.427  78.449 0.0000000000
46707  -16.761  -35.400  77.827 0.0000000000
145439  -24.234  -32.037  74.981 0.0000000000
137580  -5.593  -27.441  62.354 0.0000000000
54491  -5.846  -27.288  61.713 0.0000000000
53458  -6.375  -28.416  61.785 0.0000000000
55378  -4.346  -27.017  71.158 0.0000000000
55379  -4.650  -26.988  70.520 0.0000000000
139035  -5.524  -28.229  70.416 0.0000000000
53358  -6.137  -28.327  70.279 0.0000000000
48537  -6.945  -33.468  64.125 0.0000000000
48538  -8.183  -33.243  64.147 0.0000000000
48547  -7.633  -33.534  63.338 0.0000000000
121305  -8.170  -33.471  62.597 0.0000000000
50175  -10.669  -31.600  81.879 0.0000000000
50171  -10.551  -31.684  82.827 0.0000000000
41698  -5.906  -40.765  80.758 0.0000000000
42790  -5.512  -39.912  81.047 0.0000000000
41702  -5.755  -40.826  79.800 0.0000000000
42792  -5.403  -40.040  80.174 0.0000000000
132136  -4.974  -39.324  79.586 0.0000000000
130559  -4.957  -39.465  78.647 0.0000000000
123477  -5.065  -40.302  78.361 0.0000000000
40821  -5.346  -41.545  76.113 0.0000000000
141396  -31.515  -20.495  72.802 0.0000000000
61885  -31.422  -19.843  72.812 0.0000000000
61892  -31.254  -19.611  71.829 0.0000000000
57168  -30.212  -24.303  74.926 0.0000000000
143128  -28.467  -26.177  73.063 0.0000000000
54414  -28.009  -26.339  72.333 0.0000000000
80591  -46.007  0.732  52.074 0.0000000000
76891  -45.496  -3.474  52.991 0.0000000000
76890  -44.703  -3.645  52.695 0.0000000000
77900  -44.559  -1.932  52.319 0.0000000000
78835  -44.497  -1.284  51.820 0.0000000000
78827  -45.031  -1.273  52.444 0.0000000000
133732  -45.573  -0.106  52.221 0.0000000000
67524  -42.871  -12.999  60.190 0.0000000000
67508  -43.310  -13.443  60.789 0.0000000000
65669  -39.339  -15.335  58.656 0.0000000000
66604  -40.594  -13.968  58.594 0.0000000000
58223  -5.339  -23.581  64.035 0.0000000000
135940  -5.356  -25.900  65.112 0.0000000000
51284  -8.906  -30.533  72.934 0.0000000000
51285  -9.331  -29.941  72.760 0.0000000000
128757  -8.615  -31.742  71.795 0.0000000000
50258  -8.402  -32.220  71.038 0.0000000000
128803  -6.534  -34.844  68.886 0.0000000000
48498  -6.292  -34.840  67.846 0.0000000000
48506  -6.375  -34.500  67.225 0.0000000000
48515  -6.146  -34.379  66.316 0.0000000000
48516  -6.500  -33.900  66.786 0.0000000000
48524  -5.847  -34.657  65.153 0.0000000000
47672  -5.563  -34.844  64.021 0.0000000000
143990  -5.510  -35.303  63.877 0.0000000000
45926  -5.720  -36.407  63.507 0.0000000000
46667  -11.924  -34.794  82.898 0.0000000000
46664  -11.572  -34.732  83.750 0.0000000000
45778  -10.077  -35.698  82.595 0.0000000000
42794  -8.701  -39.166  79.079 0.0000000000
43850  -8.561  -39.032  79.827 0.0000000000
42793  -8.484  -39.660  79.604 0.0000000000
41703  -8.263  -40.272  79.705 0.0000000000
141879  -7.944  -40.422  80.320 0.0000000000
41700  -7.396  -41.038  80.859 0.0000000000
40776  -7.304  -41.978  78.831 0.0000000000
63782  -35.842  -16.292  63.741 0.0000000000
63803  -34.494  -17.228  62.692 0.0000000000
55326  -29.045  -26.009  77.353 0.0000000000
55318  -28.931  -25.955  78.125 0.0000000000
55325  -28.734  -26.719  76.926 0.0000000000
51294  -26.029  -30.390  70.411 0.0000000000
51290  -26.141  -30.161  71.194 0.0000000000
50253  -25.719  -30.684  71.692 0.0000000000
49387  -24.955  -31.117  71.002 0.0000000000
50278  -23.929  -30.991  70.513 0.0000000000
51302  -22.607  -30.559  69.737 0.0000000000
141218  -22.181  -30.184  68.525 0.0000000000
77942  -43.713  -2.284  47.127 0.0000000000
134578  -4.436  -26.285  74.323 0.0000000000
55333  -4.837  -26.691  74.632 0.0000000000
53309  -6.317  -27.736  74.650 0.0000000000
51255  -7.906  -29.513  75.679 0.0000000000
50212  -7.331  -30.982  76.935 0.0000000000
50220  -6.841  -31.798  76.211 0.0000000000
49340  -6.363  -33.305  74.626 0.0000000000
73010  -48.108  -7.588  54.698 0.0000000000
133656  -48.936  -7.358  54.631 0.0000000000
138639  -48.847  -7.260  55.601 0.0000000000
124099  -49.818  -7.399  55.993 0.0000000000
72108  -43.779  -8.416  55.025 0.0000000000
72117  -45.229  -8.655  54.676 0.0000000000
71208  -46.080  -8.905  53.729 0.0000000000
72112  -47.198  -7.762  54.710 0.0000000000
46670  -14.360  -34.624  82.202 0.0000000000
122733  -14.941  -34.866  78.896 0.0000000000
121513  -13.954  -34.757  79.011 0.0000000000
46699  -12.277  -34.845  78.559 0.0000000000
140398  -11.547  -34.936  78.049 0.0000000000
141424  -11.557  -34.967  77.285 0.0000000000
46712  -11.089  -35.271  76.699 0.0000000000
137015  -17.889  -32.601  71.076 0.0000000000
127311  -15.863  -35.085  71.147 0.0000000000
137008  -16.181  -34.782  71.488 0.0000000000
47607  -16.562  -34.580  72.957 0.0000000000
47608  -16.950  -34.601  73.878 0.0000000000
46740  -16.529  -35.111  74.410 0.0000000000
46739  -15.977  -35.508  74.684 0.0000000000
46749  -14.670  -35.638  74.153 0.0000000000
45815  -12.179  -35.701  71.875 0.0000000000
44902  -10.902  -36.613  71.977 0.0000000000
45813  -10.734  -36.066  72.794 0.0000000000
137557  -5.138  -27.065  68.511 0.0000000000
143755  -5.246  -26.885  68.232 0.0000000000
55411  -5.444  -27.101  67.829 0.0000000000
54445  -5.834  -27.369  66.135 0.0000000000
53396  -6.806  -27.986  66.009 0.0000000000
52355  -10.342  -29.925  70.721 0.0000000000
52354  -10.051  -29.261  70.403 0.0000000000
51298  -10.830  -30.170  69.386 0.0000000000
51308  -11.258  -30.058  68.717 0.0000000000
49447  -10.537  -32.414  65.537 0.0000000000
50325  -11.188  -31.862  66.077 0.0000000000
141856  -12.024  -29.844  66.048 0.0000000000
53409  -11.494  -29.138  65.938 0.0000000000
145761  -11.783  -29.437  65.407 0.0000000000
53420  -11.821  -29.447  64.669 0.0000000000
52397  -11.948  -29.537  63.970 0.0000000000
131206  -12.453  -30.796  63.990 0.0000000000
47553  -9.961  -34.924  86.012 0.0000000000
48402  -9.804  -33.635  86.538 0.0000000000
47548  -8.928  -34.541  86.483 0.0000000000
47547  -8.280  -34.299  86.469 0.0000000000
47546  -7.449  -33.979  86.540 0.0000000000
46662  -4.977  -35.391  83.208 0.0000000000
47556  -4.951  -35.105  83.997 0.0000000000
47560  -4.977  -34.485  83.091 0.0000000000
143067  -5.143  -33.855  82.811 0.0000000000
49294  -5.368  -32.310  82.972 0.0000000000
120737  -5.301  -31.388  82.531 0.0000000000
49298  -5.363  -32.152  82.257 0.0000000000
49297  -5.364  -31.846  81.815 0.0000000000
50173  -5.345  -31.830  81.357 0.0000000000
49310  -5.379  -31.790  80.827 0.0000000000
49309  -5.455  -32.543  80.679 0.0000000000
48423  -5.554  -33.502  79.895 0.0000000000
47579  -5.339  -34.028  79.199 0.0000000000
43863  -4.555  -38.236  76.699 0.0000000000
44864  -4.433  -37.559  76.199 0.0000000000
44868  -4.066  -37.614  75.436 0.0000000000
131882  -4.234  -36.854  75.034 0.0000000000
126267  -4.297  -36.784  74.187 0.0000000000
44877  -4.008  -37.591  74.601 0.0000000000
43913  -4.281  -38.628  73.380 0.0000000000
43924  -4.741  -38.494  72.451 0.0000000000
123397  -5.458  -45.475  74.066 0.0000000000
37992  -5.698  -44.775  73.549 0.0000000000
120690  -5.944  -44.023  72.847 0.0000000000
40885  -6.034  -41.890  70.040 0.0000000000
58191  -32.400  -23.726  70.128 0.0000000000
58178  -32.534  -22.914  70.742 0.0000000000
59091  -32.240  -22.253  71.192 0.0000000000
60058  -32.507  -21.787  72.611 0.0000000000
138605  -32.702  -21.641  73.329 0.0000000000
60057  -32.289  -21.317  72.992 0.0000000000
60992  -31.778  -20.259  73.564 0.0000000000
56270  -30.531  -24.708  72.273 0.0000000000
56284  -30.970  -24.719  71.583 0.0000000000
57213  -31.624  -24.476  71.547 0.0000000000
57230  -32.154  -24.405  69.708 0.0000000000
58115  -31.520  -23.149  75.578 0.0000000000
130900  -30.850  -23.686  75.296 0.0000000000
57179  -30.418  -24.395  74.164 0.0000000000
56269  -29.954  -24.697  72.983 0.0000000000
78818  -46.979  -1.268  53.154 0.0000000000
79705  -47.876  -0.439  53.275 0.0000000000
71245  -47.150  -9.317  50.820 0.0000000000
71244  -46.472  -9.805  50.208 0.0000000000
71250  -46.730  -9.762  49.268 0.0000000000
72150  -46.515  -8.862  49.251 0.0000000000
74849  -45.582  -5.564  52.213 0.0000000000
74857  -46.802  -6.202  51.695 0.0000000000
140437  -46.201  -4.183  52.772 0.0000000000
76877  -46.506  -3.300  53.203 0.0000000000
77889  -46.977  -2.299  53.325 0.0000000000
65657  -41.337  -15.143  60.284 0.0000000000
65645  -41.552  -15.296  61.042 0.0000000000
65644  -40.615  -15.822  61.809 0.0000000000
63853  -35.297  -16.458  57.957 0.0000000000
63856  -37.366  -16.066  58.111 0.0000000000
64771  -38.144  -16.221  59.240 0.0000000000
141745  -38.053  -16.070  58.834 0.0000000000
64773  -39.356  -15.968  59.378 0.0000000000
49381  -7.292  -32.895  71.686 0.0000000000
48491  -6.413  -34.869  69.810 0.0000000000
48482  -6.103  -35.063  70.239 0.0000000000
48490  -6.394  -34.804  69.325 0.0000000000
136820  -6.374  -34.799  68.541 0.0000000000
47646  -6.103  -35.228  68.047 0.0000000000
130637  -5.938  -35.285  67.011 0.0000000000
45901  -5.723  -36.310  65.403 0.0000000000
44984  -6.010  -36.737  65.839 0.0000000000
44985  -6.256  -37.159  65.392 0.0000000000
43987  -6.809  -37.863  65.759 0.0000000000
43988  -7.227  -38.369  65.209 0.0000000000
42932  -7.770  -39.227  65.190 0.0000000000
45787  -10.201  -36.120  79.893 0.0000000000
45786  -9.701  -36.814  79.608 0.0000000000
44851  -9.365  -37.562  79.858 0.0000000000
43855  -9.092  -38.336  79.239 0.0000000000
43865  -9.200  -38.713  77.870 0.0000000000
140193  -9.068  -38.728  78.522 0.0000000000
42804  -8.766  -39.411  78.330 0.0000000000
127442  -34.544  -16.690  65.058 0.0000000000
63775  -34.691  -16.867  65.782 0.0000000000
60111  -30.271  -21.534  68.498 0.0000000000
60123  -30.540  -21.492  67.466 0.0000000000
61045  -29.423  -20.541  67.605 0.0000000000
61949  -29.377  -19.851  67.184 0.0000000000
61950  -29.658  -19.383  66.765 0.0000000000
62857  -29.676  -19.078  66.124 0.0000000000
61965  -29.917  -19.197  65.295 0.0000000000
122497  -31.481  -18.657  65.287 0.0000000000
128255  -32.537  -18.334  65.239 0.0000000000
62872  -33.660  -17.422  65.275 0.0000000000
136795  -28.006  -27.060  73.979 0.0000000000
52350  -26.909  -28.418  72.129 0.0000000000
52349  -26.666  -28.900  71.484 0.0000000000
53353  -26.636  -28.862  71.047 0.0000000000
52356  -26.365  -29.742  70.273 0.0000000000
122722  -26.431  -29.562  70.958 0.0000000000
50293  -25.735  -30.684  69.859 0.0000000000
50292  -25.490  -30.783  69.554 0.0000000000
50303  -24.579  -30.530  68.418 0.0000000000
122345  -43.239  -2.105  48.004 0.0000000000
78856  -43.662  -1.091  49.086 0.0000000000
140449  -44.302  -2.090  46.524 0.0000000000
78877  -45.085  -1.771  46.355 0.0000000000
79754  -45.756  -0.371  47.829 0.0000000000
54349  -5.053  -26.806  76.659 0.0000000000
54341  -5.806  -27.501  76.858 0.0000000000
53285  -6.453  -27.831  76.554 0.0000000000
53267  -6.208  -28.304  78.424 0.0000000000
50206  -7.171  -30.921  77.808 0.0000000000
126862  -5.770  -32.853  76.738 0.0000000000
141191  -46.838  -7.513  56.637 0.0000000000
72991  -47.783  -7.547  56.968 0.0000000000
69351  -40.272  -11.551  57.168 0.0000000000
70341  -41.114  -9.758  55.330 0.0000000000
71200  -42.154  -9.154  55.544 0.0000000000
72105  -43.612  -8.542  56.086 0.0000000000
125574  -44.883  -7.793  56.129 0.0000000000
72107  -45.800  -7.625  56.483 0.0000000000
47574  -17.012  -34.065  81.299 0.0000000000
46693  -16.358  -35.392  79.580 0.0000000000
46715  -13.929  -35.380  76.765 0.0000000000
47641  -16.336  -34.675  69.055 0.0000000000
47635  -16.220  -34.605  69.994 0.0000000000
46773  -15.736  -34.929  70.397 0.0000000000
46766  -15.485  -35.377  71.480 0.0000000000
142727  -14.753  -35.685  71.833 0.0000000000
140015  -14.083  -35.782  71.290 0.0000000000
59107  -6.640  -23.293  70.206 0.0000000000
58181  -6.251  -24.184  69.815 0.0000000000
54427  -5.150  -27.419  70.002 0.0000000000
55390  -4.909  -27.072  69.643 0.0000000000
129928  -4.994  -27.244  69.053 0.0000000000
53376  -6.789  -27.837  68.335 0.0000000000
49429  -9.681  -32.531  67.547 0.0000000000
49438  -9.490  -32.744  66.700 0.0000000000
49446  -9.773  -32.736  65.772 0.0000000000
133145  -8.996  -33.096  64.462 0.0000000000
49455  -10.013  -32.756  65.074 0.0000000000
49456  -10.683  -32.592  64.630 0.0000000000
49463  -11.132  -32.646  63.837 0.0000000000
48551  -11.419  -32.509  63.089 0.0000000000
51211  -9.704  -29.930  79.959 0.0000000000
126099  -9.285  -29.341  80.293 0.0000000000
52266  -9.061  -29.293  81.744 0.0000000000
52259  -8.693  -29.463  83.392 0.0000000000
43835  -6.899  -38.176  84.202 0.0000000000
45768  -7.417  -36.543  84.838 0.0000000000
44838  -6.529  -37.686  84.077 0.0000000000
44837  -6.244  -37.437  83.185 0.0000000000
45773  -5.646  -36.518  83.626 0.0000000000
43840  -6.056  -38.600  81.886 0.0000000000
44846  -5.754  -37.767  81.705 0.0000000000
44836  -6.095  -36.821  82.647 0.0000000000
45776  -5.856  -36.386  82.161 0.0000000000
135314  -5.745  -35.996  81.567 0.0000000000
130008  -5.602  -35.776  80.984 0.0000000000
46678  -5.666  -35.439  80.413 0.0000000000
45785  -5.294  -36.775  80.111 0.0000000000
44852  -4.831  -37.297  78.784 0.0000000000
43864  -4.914  -38.099  77.523 0.0000000000
124200  -5.117  -38.741  78.022 0.0000000000
42813  -4.722  -38.845  77.158 0.0000000000
139088  -4.457  -38.875  76.556 0.0000000000
41775  -4.581  -39.950  74.929 0.0000000000
59139  -32.163  -21.986  67.462 0.0000000000
60125  -31.951  -21.715  68.070 0.0000000000
60098  -32.083  -22.385  69.947 0.0000000000
60068  -32.062  -21.850  71.519 0.0000000000
60097  -31.911  -22.121  69.799 0.0000000000
59118  -32.015  -22.320  69.133 0.0000000000
60096  -31.441  -21.873  69.337 0.0000000000
144320  -30.409  -21.605  69.380 0.0000000000
60095  -29.767  -21.157  69.800 0.0000000000
61015  -29.704  -20.403  70.107 0.0000000000
62791  -30.614  -19.415  70.173 0.0000000000
61900  -30.814  -19.640  70.900 0.0000000000
137577  -31.270  -19.038  70.471 0.0000000000
62804  -31.106  -18.941  69.588 0.0000000000
62805  -32.021  -18.546  69.340 0.0000000000
56232  -29.433  -25.249  77.603 0.0000000000
56238  -29.652  -24.848  76.305 0.0000000000
55338  -29.138  -26.186  75.215 0.0000000000
54379  -28.553  -26.677  74.600 0.0000000000
54413  -27.091  -27.524  71.957 0.0000000000
140549  -27.604  -26.929  72.313 0.0000000000
54422  -26.947  -27.459  71.325 0.0000000000
75860  -44.315  -4.282  52.417 0.0000000000
74855  -42.746  -4.649  51.335 0.0000000000
78841  -43.531  -1.583  50.734 0.0000000000
79731  -43.771  -0.915  50.635 0.0000000000
79732  -44.101  -0.096  50.551 0.0000000000
80606  -44.458  0.829  50.355 0.0000000000
69345  -44.078  -11.280  59.445 0.0000000000
140101  -44.767  -11.836  59.872 0.0000000000
68443  -40.593  -12.984  57.873 0.0000000000
67537  -40.929  -13.251  58.490 0.0000000000
68444  -41.264  -12.580  58.260 0.0000000000
50263  -21.783  -31.041  71.690 0.0000000000
50262  -20.970  -30.835  71.755 0.0000000000
50287  -18.721  -31.507  69.218 0.0000000000
48493  -17.704  -32.795  69.319 0.0000000000
48492  -17.340  -33.602  68.943 0.0000000000
47642  -16.957  -34.308  68.551 0.0000000000
134183  -5.483  -27.896  62.758 0.0000000000
53425  -5.682  -28.400  62.756 0.0000000000
53426  -5.942  -28.720  63.228 0.0000000000
128043  -6.986  -28.116  72.014 0.0000000000
53351  -8.194  -28.325  72.251 0.0000000000
53352  -9.466  -29.030  71.962 0.0000000000
51289  -10.044  -30.184  71.362 0.0000000000
142921  -10.276  -30.169  70.750 0.0000000000
127613  -9.826  -31.275  69.863 0.0000000000
49382  -7.530  -32.912  71.018 0.0000000000
49395  -8.036  -32.848  70.361 0.0000000000
49406  -7.617  -33.391  69.555 0.0000000000
49407  -8.483  -32.729  69.684 0.0000000000
127625  -8.164  -33.117  69.036 0.0000000000
49408  -8.978  -32.651  69.021 0.0000000000
49428  -8.883  -32.891  67.486 0.0000000000
48526  -6.299  -33.771  65.945 0.0000000000
48536  -6.473  -33.726  64.970 0.0000000000
142371  -6.050  -36.975  64.704 0.0000000000
48408  -11.976  -33.755  85.117 0.0000000000
47555  -11.554  -34.086  85.246 0.0000000000
139852  -11.206  -34.722  84.253 0.0000000000
46660  -10.419  -34.983  84.434 0.0000000000
46657  -10.136  -34.714  85.075 0.0000000000
46656  -9.423  -35.173  85.279 0.0000000000
145607  -8.742  -36.248  84.393 0.0000000000
45769  -8.196  -36.711  84.317 0.0000000000
45780  -9.516  -36.758  81.390 0.0000000000
132863  -9.083  -36.956  82.269 0.0000000000
43846  -8.578  -38.322  81.085 0.0000000000
44843  -8.621  -37.598  82.449 0.0000000000
44839  -8.395  -37.407  83.223 0.0000000000
140024  -7.916  -38.220  83.267 0.0000000000
43839  -7.386  -38.339  83.921 0.0000000000
43838  -6.894  -38.934  83.502 0.0000000000
42782  -6.681  -39.731  83.012 0.0000000000
42784  -6.594  -39.546  82.180 0.0000000000
40758  -6.772  -41.275  81.041 0.0000000000
41699  -6.340  -41.192  80.983 0.0000000000
40759  -6.196  -41.411  80.348 0.0000000000
39774  -5.924  -42.625  79.369 0.0000000000
39778  -5.810  -42.690  78.480 0.0000000000
138653  -37.261  -15.957  61.795 0.0000000000
121351  -38.343  -15.764  62.031 0.0000000000
60138  -29.256  -21.341  66.271 0.0000000000
123536  -35.139  -16.929  62.029 0.0000000000
63820  -35.859  -16.534  61.358 0.0000000000
138187  -25.650  -29.971  77.356 0.0000000000
50219  -25.240  -30.863  75.934 0.0000000000
50222  -24.668  -31.475  75.325 0.0000000000
49335  -24.094  -32.137  74.504 0.0000000000
130147  -23.895  -31.935  73.820 0.0000000000
55308  -28.265  -26.537  79.204 0.0000000000
131207  -28.437  -26.586  78.559 0.0000000000
53275  -27.966  -28.188  78.136 0.0000000000
53283  -27.596  -28.887  77.930 0.0000000000
53315  -28.012  -27.548  74.519 0.0000000000
53306  -28.143  -27.837  75.437 0.0000000000
53314  -27.710  -28.423  74.815 0.0000000000
53305  -27.569  -28.470  76.093 0.0000000000
52301  -26.935  -28.996  76.754 0.0000000000
52316  -26.708  -29.600  76.432 0.0000000000
50224  -26.023  -30.570  75.060 0.0000000000
50240  -25.075  -31.153  72.083 0.0000000000
50230  -24.953  -31.336  73.163 0.0000000000
49385  -23.017  -31.507  71.864 0.0000000000
50276  -21.541  -30.821  71.050 0.0000000000
51292  -20.922  -30.595  70.510 0.0000000000
139890  -20.286  -30.592  70.020 0.0000000000
78897  -45.627  -1.664  44.697 0.0000000000
79785  -46.834  -0.841  44.361 0.0000000000
79796  -46.525  -0.708  43.508 0.0000000000
80674  -48.845  0.279  43.409 0.0000000000
56277  -5.004  -25.677  71.425 0.0000000000
56289  -4.567  -26.553  71.270 0.0000000000
54408  -4.574  -27.258  71.600 0.0000000000
141351  -5.337  -27.986  71.909 0.0000000000
56256  -4.567  -26.458  72.991 0.0000000000
124457  -4.541  -26.393  73.538 0.0000000000
54396  -4.794  -27.148  72.755 0.0000000000
53320  -5.296  -27.672  72.729 0.0000000000
53338  -7.353  -28.235  72.865 0.0000000000
52330  -8.650  -29.128  73.692 0.0000000000
53310  -7.055  -28.346  74.369 0.0000000000
51278  -9.013  -29.940  73.597 0.0000000000
50238  -7.793  -32.138  73.082 0.0000000000
53286  -7.111  -28.513  76.387 0.0000000000
52289  -7.660  -29.398  76.268 0.0000000000
50221  -7.481  -31.014  76.112 0.0000000000
51271  -7.736  -31.013  75.398 0.0000000000
49379  -6.483  -34.095  72.128 0.0000000000
48469  -6.146  -34.641  72.337 0.0000000000
128962  -6.087  -34.845  71.771 0.0000000000
45819  -5.640  -36.453  71.128 0.0000000000
73022  -49.195  -6.874  52.799 0.0000000000
74846  -49.814  -5.736  53.480 0.0000000000
73947  -49.628  -6.458  53.364 0.0000000000
70304  -45.656  -10.646  60.084 0.0000000000
71216  -41.747  -9.435  53.743 0.0000000000
71217  -42.514  -9.223  53.615 0.0000000000
70359  -44.002  -10.225  52.102 0.0000000000
70373  -44.462  -10.588  51.414 0.0000000000
70361  -45.352  -9.804  51.950 0.0000000000
71232  -46.116  -9.442  52.135 0.0000000000
71222  -46.860  -8.931  52.538 0.0000000000
72135  -47.464  -8.395  52.511 0.0000000000
73021  -48.768  -7.525  53.104 0.0000000000
47566  -12.975  -34.749  83.160 0.0000000000
46668  -12.650  -34.899  82.426 0.0000000000
46673  -11.909  -35.035  81.911 0.0000000000
46676  -14.385  -34.835  81.305 0.0000000000
46690  -13.609  -34.803  79.939 0.0000000000
46682  -13.663  -35.021  81.004 0.0000000000
46687  -10.991  -35.365  80.277 0.0000000000
44859  -10.174  -36.107  77.823 0.0000000000
131191  -9.967  -36.858  77.121 0.0000000000
44865  -9.895  -37.507  76.434 0.0000000000
49370  -20.376  -31.665  72.987 0.0000000000
49355  -20.578  -32.077  73.652 0.0000000000
126665  -19.693  -33.131  74.925 0.0000000000
47628  -16.646  -34.098  70.485 0.0000000000
48470  -17.401  -33.638  72.058 0.0000000000
48460  -18.223  -33.445  73.605 0.0000000000
48449  -18.984  -33.364  75.201 0.0000000000
47594  -19.081  -33.703  75.855 0.0000000000
46730  -18.090  -34.537  75.713 0.0000000000
46708  -17.540  -35.298  77.519 0.0000000000
122444  -15.781  -35.554  75.602 0.0000000000
46716  -14.684  -35.493  76.718 0.0000000000
137957  -13.463  -35.300  76.199 0.0000000000
46747  -12.921  -35.493  73.618 0.0000000000
46726  -12.583  -35.214  75.173 0.0000000000
46714  -12.688  -35.130  75.956 0.0000000000
46725  -11.825  -35.150  75.589 0.0000000000
46735  -10.995  -35.411  75.192 0.0000000000
137648  -10.414  -36.546  74.153 0.0000000000
44878  -10.263  -36.776  74.825 0.0000000000
133530  -7.400  -22.546  66.831 0.0000000000
56309  -5.518  -26.307  68.276 0.0000000000
57239  -6.665  -24.719  67.860 0.0000000000
138794  -6.878  -23.931  67.259 0.0000000000
124641  -6.447  -23.869  66.315 0.0000000000
132561  -5.394  -27.004  65.602 0.0000000000
54459  -5.688  -27.669  64.342 0.0000000000
53415  -5.918  -28.195  63.978 0.0000000000
124106  -6.878  -28.832  63.604 0.0000000000
53350  -7.848  -28.278  71.444 0.0000000000
53359  -7.398  -28.285  70.589 0.0000000000
121467  -8.129  -28.340  70.005 0.0000000000
53377  -7.816  -28.077  68.636 0.0000000000
52373  -11.531  -29.900  68.048 0.0000000000
50313  -11.708  -30.715  67.357 0.0000000000
52365  -11.079  -29.492  68.481 0.0000000000
53390  -10.518  -28.802  68.173 0.0000000000
53389  -9.545  -28.313  67.807 0.0000000000
53388  -8.699  -28.138  67.566 0.0000000000
53397  -8.311  -28.650  66.332 0.0000000000
53408  -10.754  -28.763  65.658 0.0000000000
53418  -8.587  -28.852  64.930 0.0000000000
53428  -8.532  -29.029  63.227 0.0000000000
53429  -9.407  -29.216  63.022 0.0000000000
143230  -9.873  -29.424  62.613 0.0000000000
52405  -11.748  -29.499  63.245 0.0000000000
53253  -5.098  -28.255  81.576 0.0000000000
141136  -10.873  -32.315  84.054 0.0000000000
50167  -10.316  -31.784  83.793 0.0000000000
133871  -10.308  -32.639  86.035 0.0000000000
50162  -10.046  -32.210  85.429 0.0000000000
50163  -9.703  -31.527  84.653 0.0000000000
51197  -9.209  -30.530  84.370 0.0000000000
51196  -8.441  -30.248  84.669 0.0000000000
51195  -7.538  -30.091  84.865 0.0000000000
45762  -6.923  -36.081  85.378 0.0000000000
47552  -6.837  -34.881  86.383 0.0000000000
48404  -6.396  -33.868  86.240 0.0000000000
140935  -5.218  -34.309  85.335 0.0000000000
48403  -5.581  -33.711  85.561 0.0000000000
49285  -6.582  -32.285  86.023 0.0000000000
50158  -6.640  -31.419  85.624 0.0000000000
51190  -7.070  -30.663  85.496 0.0000000000
52253  -7.105  -29.274  84.657 0.0000000000
51194  -6.305  -29.232  84.674 0.0000000000
53242  -5.948  -28.681  84.491 0.0000000000
52256  -5.372  -28.651  83.677 0.0000000000
51201  -5.248  -30.448  82.481 0.0000000000
52255  -4.919  -28.853  82.813 0.0000000000
53250  -4.949  -28.246  82.314 0.0000000000
52267  -5.229  -28.821  82.060 0.0000000000
143276  -5.311  -29.524  80.963 0.0000000000
51214  -5.917  -30.627  79.705 0.0000000000
49317  -5.635  -32.175  80.088 0.0000000000
50193  -5.978  -31.719  79.460 0.0000000000
50194  -6.328  -31.240  78.898 0.0000000000
50204  -6.204  -32.240  78.427 0.0000000000
48434  -5.611  -33.379  76.558 0.0000000000
46696  -5.579  -35.109  79.356 0.0000000000
47582  -5.517  -34.493  78.186 0.0000000000
127250  -5.223  -36.035  77.063 0.0000000000
46704  -5.240  -35.231  77.309 0.0000000000
47585  -5.332  -34.323  77.128 0.0000000000
129385  -5.518  -33.719  76.984 0.0000000000
48433  -5.394  -34.096  76.342 0.0000000000
131583  -5.581  -33.547  76.021 0.0000000000
48438  -5.626  -34.062  75.563 0.0000000000
47599  -5.728  -34.718  74.818 0.0000000000
47606  -5.624  -35.296  73.976 0.0000000000
140781  -4.472  -36.532  73.296 0.0000000000
134352  -4.874  -35.799  72.948 0.0000000000
134770  -5.295  -36.579  72.002 0.0000000000
44931  -6.377  -37.862  70.230 0.0000000000
38834  -5.932  -43.770  78.479 0.0000000000
39790  -5.672  -42.913  77.678 0.0000000000
37126  -6.003  -45.568  75.490 0.0000000000
38850  -5.786  -43.924  76.605 0.0000000000
39802  -5.633  -43.085  76.840 0.0000000000
40807  -5.439  -42.147  76.921 0.0000000000
138600  -5.463  -42.466  76.296 0.0000000000
40833  -5.281  -41.512  75.162 0.0000000000
137908  -5.109  -40.852  73.902 0.0000000000
41793  -5.091  -40.631  73.347 0.0000000000
137693  -5.851  -43.292  71.950 0.0000000000
39851  -5.830  -42.410  72.400 0.0000000000
136401  -5.615  -41.672  72.715 0.0000000000
42848  -4.910  -40.025  73.024 0.0000000000
41807  -5.261  -39.982  72.123 0.0000000000
42855  -5.196  -39.178  71.926 0.0000000000
123982  -6.111  -41.197  70.365 0.0000000000
137750  -6.137  -40.508  70.696 0.0000000000
43935  -6.038  -39.003  71.282 0.0000000000
43942  -6.302  -38.697  70.576 0.0000000000
43948  -6.391  -38.796  69.853 0.0000000000
43954  -6.466  -38.756  69.157 0.0000000000
42897  -6.798  -39.564  68.466 0.0000000000
141784  -8.167  -41.013  65.863 0.0000000000
40765  -6.988  -41.752  79.686 0.0000000000
41696  -6.703  -40.527  81.421 0.0000000000
41715  -8.472  -40.209  78.479 0.0000000000
42783  -6.183  -39.514  82.851 0.0000000000
42788  -7.655  -39.763  81.565 0.0000000000
42791  -8.304  -39.772  80.330 0.0000000000
42814  -5.065  -39.494  77.720 0.0000000000
42863  -5.876  -39.920  71.329 0.0000000000
43837  -6.568  -38.432  83.512 0.0000000000
43961  -6.673  -38.606  67.663 0.0000000000
44832  -6.116  -36.862  84.142 0.0000000000
44833  -6.745  -37.256  84.497 0.0000000000
44835  -8.054  -37.576  83.863 0.0000000000
44844  -8.730  -36.937  82.858 0.0000000000
44857  -5.215  -37.379  77.881 0.0000000000
44930  -6.003  -37.083  70.676 0.0000000000
45764  -9.038  -35.721  84.804 0.0000000000
45772  -5.599  -36.090  83.017 0.0000000000
45779  -5.336  -36.525  81.022 0.0000000000
45782  -5.374  -36.265  80.620 0.0000000000
45860  -6.021  -36.223  68.399 0.0000000000
45890  -5.817  -36.242  66.237 0.0000000000
45912  -5.506  -35.861  64.978 0.0000000000
46650  -8.525  -35.112  86.233 0.0000000000
46651  -9.256  -35.172  86.150 0.0000000000
46652  -5.601  -35.063  85.311 0.0000000000
46653  -6.466  -35.441  85.767 0.0000000000
46654  -7.782  -34.963  86.322 0.0000000000
46661  -11.214  -34.447  84.873 0.0000000000
46663  -10.623  -35.083  83.845 0.0000000000
46686  -5.479  -36.031  79.862 0.0000000000
46719  -17.566  -35.136  76.664 0.0000000000
46729  -17.120  -35.025  75.384 0.0000000000
46785  -6.131  -35.381  68.694 0.0000000000
46841  -5.599  -35.618  63.332 0.0000000000
47549  -9.510  -34.658  86.346 0.0000000000
47550  -10.085  -34.318  86.304 0.0000000000
47557  -4.987  -34.548  84.623 0.0000000000
47571  -14.974  -34.542  81.662 0.0000000000
47576  -16.439  -34.736  80.840 0.0000000000
47581  -17.968  -34.665  79.332 0.0000000000
47634  -5.955  -35.198  69.908 0.0000000000
47651  -5.905  -34.983  66.332 0.0000000000
47664  -5.636  -34.960  64.857 0.0000000000
48399  -6.898  -33.077  86.352 0.0000000000
48405  -10.655  -33.739  86.206 0.0000000000
48406  -11.286  -33.742  85.600 0.0000000000
48407  -5.136  -33.734  84.750 0.0000000000
48410  -5.371  -33.146  82.752 0.0000000000
48415  -5.411  -32.531  81.908 0.0000000000
49283  -7.926  -33.000  86.470 0.0000000000
49284  -8.747  -32.534  86.408 0.0000000000
49286  -8.843  -31.953  86.124 0.0000000000
49291  -11.421  -32.635  84.379 0.0000000000
49359  -24.458  -31.416  72.498 0.0000000000
49373  -23.431  -31.471  72.323 0.0000000000
49386  -24.282  -31.229  71.460 0.0000000000
49397  -24.104  -31.090  71.218 0.0000000000
49399  -25.278  -31.019  70.374 0.0000000000
49404  -6.715  -34.487  70.245 0.0000000000
49410  -24.928  -31.117  69.923 0.0000000000
49411  -25.336  -30.935  69.852 0.0000000000
50166  -9.657  -30.952  83.916 0.0000000000
50176  -5.327  -31.238  81.241 0.0000000000
50252  -25.230  -31.032  71.248 0.0000000000
50264  -23.064  -31.239  71.309 0.0000000000
50267  -25.747  -30.675  70.974 0.0000000000
50290  -24.086  -30.811  69.555 0.0000000000
50346  -12.361  -31.152  64.505 0.0000000000
51189  -6.383  -30.597  85.090 0.0000000000
51192  -8.920  -30.965  85.230 0.0000000000
51193  -5.779  -30.450  84.202 0.0000000000
51208  -9.521  -29.910  80.951 0.0000000000
51333  -12.045  -30.291  66.712 0.0000000000
51346  -12.198  -30.117  65.307 0.0000000000
52254  -7.990  -29.467  84.369 0.0000000000
52263  -5.093  -28.877  82.466 0.0000000000
52361  -10.413  -29.254  69.577 0.0000000000
53243  -6.620  -28.581  84.496 0.0000000000
53244  -6.026  -28.042  84.316 0.0000000000
53247  -4.894  -28.345  82.662 0.0000000000
53439  -6.058  -28.725  62.351 0.0000000000
54291  -4.872  -28.130  83.025 0.0000000000
54419  -4.591  -27.413  70.888 0.0000000000
55340  -4.774  -26.789  73.809 0.0000000000
55442  -5.355  -27.071  64.805 0.0000000000
60080  -30.039  -20.890  70.447 0.0000000000
60110  -29.692  -21.296  68.973 0.0000000000
60112  -31.286  -21.730  68.673 0.0000000000
60980  -33.006  -21.404  74.269 0.0000000000
61921  -29.579  -19.921  68.999 0.0000000000
65673  -38.969  -14.863  58.137 0.0000000000
70327  -42.451  -10.480  57.836 0.0000000000
72140  -47.613  -8.476  51.990 0.0000000000
73027  -47.650  -7.853  51.217 0.0000000000
73031  -46.277  -7.210  50.276 0.0000000000
73952  -48.214  -6.906  51.600 0.0000000000
74850  -46.388  -5.653  52.201 0.0000000000
74856  -44.868  -5.843  51.896 0.0000000000
120903  -24.681  -30.646  69.094 0.0000000000
121299  -9.000  -28.784  63.922 0.0000000000
122032  -5.260  -27.146  63.001 0.0000000000
122833  -26.155  -29.998  77.177 0.0000000000
124460  -4.437  -36.840  75.758 0.0000000000
125369  -5.144  -36.657  79.293 0.0000000000
125478  -7.581  -31.360  85.874 0.0000000000
126469  -6.705  -29.973  84.914 0.0000000000
126479  -6.005  -32.956  85.851 0.0000000000
127283  -41.935  -9.354  54.272 0.0000000000
127928  -9.436  -38.867  75.983 0.0000000000
128143  -6.245  -40.643  70.047 0.0000000000
130085  -5.331  -35.846  72.287 0.0000000000
130282  -8.647  -33.149  86.587 0.0000000000
131697  -5.677  -35.971  69.852 0.0000000000
132925  -5.722  -35.512  71.119 0.0000000000
135074  -4.509  -39.249  76.196 0.0000000000
136040  -9.401  -34.154  86.535 0.0000000000
137121  -5.168  -26.917  74.638 0.0000000000
137367  -4.697  -27.072  72.203 0.0000000000
137470  -15.500  -35.638  74.164 0.0000000000
138396  -5.389  -36.005  77.657 0.0000000000
138838  -10.309  -33.141  86.348 0.0000000000
139038  -5.406  -32.945  82.190 0.0000000000
139180  -9.478  -32.920  86.520 0.0000000000
139503  -22.477  -30.816  70.486 0.0000000000
139593  -5.308  -29.825  81.430 0.0000000000
141444  -13.928  -34.700  82.625 0.0000000000
141526  -26.242  -30.063  71.872 0.0000000000
142395  -5.277  -35.440  73.269 0.0000000000
142732  -18.047  -34.380  75.094 0.0000000000
143611  -5.511  -33.080  80.276 0.0000000000
144009  -31.189  -20.816  71.632 0.0000000000
144024  -4.713  -37.898  79.084 0.0000000000
144195  -46.051  -4.954  52.448 0.0000000000
144514  -8.293  -38.096  82.666 0.0000000000
144571  -47.693  -8.211  51.698 0.0000000000
144606  -11.676  -30.215  67.752 0.0000000000
144776  -45.663  -9.486  52.599 0.0000000000
144779  -5.207  -34.392  83.712 0.0000000000
145945  -5.597  -36.696  81.510 0.0000000000
145966  -5.725  -34.375  81.233 0.0000000000
