#!ascii label  , from subject sub-v1s6x0051364_ses-1 vox2ras=TkReg
780
44737  20.908  -40.705  76.292 0.0000000000
131086  41.892  -23.656  56.830 0.0000000000
122816  50.022  -20.237  53.034 0.0000000000
57289  41.099  -28.730  65.610 0.0000000000
125752  27.711  -39.794  70.724 0.0000000000
138010  25.651  -41.490  75.772 0.0000000000
62439  46.392  -23.081  54.162 0.0000000000
60433  47.214  -24.976  59.066 0.0000000000
58313  36.410  -28.186  69.506 0.0000000000
48676  31.672  -37.054  72.413 0.0000000000
73989  52.275  -11.104  47.812 0.0000000000
71058  47.989  -14.555  54.834 0.0000000000
59391  39.042  -26.519  63.705 0.0000000000
63409  42.631  -22.174  62.748 0.0000000000
134702  24.447  -38.817  73.728 0.0000000000
44723  22.800  -40.841  75.799 0.0000000000
62416  44.770  -24.078  55.159 0.0000000000
62389  48.041  -23.544  56.917 0.0000000000
62372  45.204  -23.010  58.330 0.0000000000
50993  35.949  -34.002  67.946 0.0000000000
128881  29.437  -39.755  73.834 0.0000000000
46528  29.693  -38.774  71.810 0.0000000000
45579  31.312  -39.544  72.832 0.0000000000
75000  50.924  -10.220  50.154 0.0000000000
72060  51.503  -13.992  49.626 0.0000000000
73944  51.033  -11.960  52.389 0.0000000000
134108  46.414  -19.379  54.967 0.0000000000
133902  45.738  -17.204  54.413 0.0000000000
67010  48.687  -18.023  55.760 0.0000000000
68999  48.654  -16.744  53.778 0.0000000000
67088  48.407  -19.375  52.177 0.0000000000
130794  38.573  -27.297  68.081 0.0000000000
58348  37.801  -26.812  67.261 0.0000000000
60385  39.607  -25.254  66.298 0.0000000000
62294  39.953  -23.015  63.758 0.0000000000
60395  41.562  -25.373  64.302 0.0000000000
60413  42.507  -25.616  61.621 0.0000000000
58394  41.684  -27.941  62.816 0.0000000000
45571  26.694  -39.415  74.208 0.0000000000
65239  44.647  -20.876  53.623 0.0000000000
63482  49.434  -21.682  53.841 0.0000000000
61406  49.722  -23.762  55.681 0.0000000000
60457  48.413  -25.961  56.520 0.0000000000
53294  33.532  -32.518  70.753 0.0000000000
140731  36.162  -31.454  70.779 0.0000000000
55379  37.805  -30.570  67.874 0.0000000000
55392  40.861  -30.944  66.226 0.0000000000
124186  41.422  -30.698  64.418 0.0000000000
50979  32.350  -35.076  70.324 0.0000000000
49752  33.567  -35.426  72.079 0.0000000000
72096  52.347  -14.218  45.592 0.0000000000
72036  47.886  -13.462  52.578 0.0000000000
71068  51.109  -14.358  53.987 0.0000000000
70114  46.970  -15.779  51.183 0.0000000000
144139  42.593  -22.889  59.798 0.0000000000
61369  44.879  -23.306  60.577 0.0000000000
138283  45.776  -26.995  60.051 0.0000000000
43853  20.664  -41.752  76.511 0.0000000000
44736  21.608  -40.526  76.178 0.0000000000
42850  21.792  -41.911  76.169 0.0000000000
62393  43.325  -23.785  56.347 0.0000000000
126035  45.330  -23.395  57.466 0.0000000000
131087  43.458  -23.524  57.253 0.0000000000
45567  30.043  -39.714  73.572 0.0000000000
73972  50.615  -10.880  50.406 0.0000000000
73962  50.862  -10.999  51.087 0.0000000000
73964  50.588  -11.310  51.179 0.0000000000
66119  48.995  -19.931  53.615 0.0000000000
66078  47.641  -18.919  55.908 0.0000000000
67048  48.956  -18.532  54.329 0.0000000000
68037  49.004  -18.331  54.128 0.0000000000
57281  39.830  -27.840  66.748 0.0000000000
59370  39.354  -26.194  67.079 0.0000000000
58359  40.624  -26.688  66.125 0.0000000000
60384  40.489  -24.787  66.007 0.0000000000
59375  41.106  -26.329  65.568 0.0000000000
58382  41.647  -26.576  64.082 0.0000000000
131338  41.675  -28.298  64.540 0.0000000000
46506  25.855  -39.118  74.369 0.0000000000
45546  26.934  -40.021  75.572 0.0000000000
44751  27.643  -40.154  75.236 0.0000000000
62466  45.432  -23.268  53.764 0.0000000000
63486  44.393  -22.445  52.949 0.0000000000
144299  45.881  -22.772  53.557 0.0000000000
64391  46.812  -21.576  53.579 0.0000000000
63472  47.322  -22.535  54.153 0.0000000000
63470  50.088  -22.548  54.369 0.0000000000
62413  48.798  -22.966  55.513 0.0000000000
62351  47.283  -23.816  58.300 0.0000000000
61400  48.701  -24.446  57.261 0.0000000000
60441  48.154  -24.893  57.903 0.0000000000
59449  47.878  -26.455  56.944 0.0000000000
59433  47.539  -26.328  58.427 0.0000000000
52169  35.089  -33.356  71.511 0.0000000000
148273  34.604  -32.091  71.370 0.0000000000
52182  36.263  -33.034  70.981 0.0000000000
54376  36.786  -31.721  68.033 0.0000000000
55394  39.335  -30.727  66.663 0.0000000000
47606  30.764  -37.682  71.847 0.0000000000
48689  31.108  -36.961  70.927 0.0000000000
49753  31.938  -35.983  71.421 0.0000000000
50955  32.883  -34.750  71.542 0.0000000000
49741  32.959  -36.041  72.347 0.0000000000
75969  52.889  -9.345  48.190 0.0000000000
73020  52.055  -12.703  46.416 0.0000000000
71110  51.305  -14.653  50.445 0.0000000000
70077  46.791  -15.781  54.838 0.0000000000
70092  45.058  -15.626  53.224 0.0000000000
71071  46.464  -14.536  53.608 0.0000000000
72037  46.313  -13.909  52.276 0.0000000000
72024  48.006  -13.719  53.506 0.0000000000
72023  49.736  -12.953  54.000 0.0000000000
72002  49.801  -14.184  55.371 0.0000000000
68048  47.397  -17.369  52.419 0.0000000000
70105  48.110  -15.546  52.716 0.0000000000
57269  35.607  -29.032  69.420 0.0000000000
57276  35.972  -28.838  67.937 0.0000000000
58360  38.519  -27.122  64.983 0.0000000000
57298  37.729  -28.346  64.832 0.0000000000
63402  40.748  -22.257  63.742 0.0000000000
63422  39.553  -22.890  62.474 0.0000000000
63433  41.307  -22.366  61.885 0.0000000000
123224  41.403  -23.016  60.713 0.0000000000
63432  42.448  -22.116  61.599 0.0000000000
63430  43.945  -22.530  60.775 0.0000000000
62313  43.777  -23.100  61.278 0.0000000000
58405  43.145  -27.370  60.671 0.0000000000
60425  44.284  -25.653  60.579 0.0000000000
57333  44.764  -28.588  60.065 0.0000000000
57345  45.447  -28.607  59.429 0.0000000000
46489  24.092  -39.335  74.879 0.0000000000
43850  24.348  -41.038  75.739 0.0000000000
43888  24.453  -41.502  75.034 0.0000000000
43869  22.952  -41.358  75.653 0.0000000000
126183  45.608  -23.957  55.086 0.0000000000
62414  47.684  -23.326  55.945 0.0000000000
62391  46.131  -23.628  56.944 0.0000000000
140947  46.548  -23.530  57.750 0.0000000000
62352  46.701  -23.418  58.896 0.0000000000
45581  28.480  -39.748  72.499 0.0000000000
45595  29.316  -39.517  71.089 0.0000000000
46518  29.840  -38.724  72.774 0.0000000000
46504  30.460  -38.469  73.234 0.0000000000
47586  31.201  -37.561  72.887 0.0000000000
46516  32.322  -38.073  72.410 0.0000000000
130043  32.019  -38.979  72.450 0.0000000000
75018  51.623  -10.342  49.487 0.0000000000
73010  51.167  -13.356  48.010 0.0000000000
135263  51.039  -11.969  50.039 0.0000000000
72986  51.518  -12.951  51.485 0.0000000000
72045  51.736  -13.960  51.900 0.0000000000
66103  45.178  -19.413  54.533 0.0000000000
67049  45.534  -18.768  54.769 0.0000000000
68017  47.156  -17.932  55.863 0.0000000000
68971  48.862  -16.436  56.224 0.0000000000
70063  49.565  -15.382  55.616 0.0000000000
68986  49.595  -16.989  54.974 0.0000000000
148682  48.776  -18.503  53.272 0.0000000000
131441  37.443  -27.628  68.790 0.0000000000
140327  37.249  -27.252  68.066 0.0000000000
58335  37.847  -26.737  68.155 0.0000000000
59371  38.492  -26.126  66.909 0.0000000000
59377  39.317  -25.656  65.686 0.0000000000
60397  39.424  -24.953  63.639 0.0000000000
61341  40.103  -24.445  65.750 0.0000000000
62274  40.907  -23.828  65.156 0.0000000000
62293  42.286  -23.020  63.633 0.0000000000
61362  42.488  -23.623  62.764 0.0000000000
60403  41.960  -24.926  62.584 0.0000000000
59396  41.878  -26.264  62.274 0.0000000000
130347  41.737  -27.940  61.723 0.0000000000
46520  25.021  -38.031  72.107 0.0000000000
146075  25.916  -38.941  72.623 0.0000000000
45582  27.559  -39.718  72.682 0.0000000000
45556  28.081  -39.965  74.730 0.0000000000
43884  28.913  -41.045  74.384 0.0000000000
143459  45.365  -20.570  53.890 0.0000000000
65237  47.739  -20.566  53.652 0.0000000000
64389  50.404  -21.315  53.310 0.0000000000
127392  50.532  -22.118  53.593 0.0000000000
61441  50.177  -23.641  54.445 0.0000000000
61427  49.833  -24.345  54.929 0.0000000000
62388  49.218  -23.608  56.243 0.0000000000
61415  49.541  -24.374  55.590 0.0000000000
53318  33.406  -33.041  69.127 0.0000000000
54353  33.759  -31.558  69.932 0.0000000000
55354  34.822  -30.187  70.349 0.0000000000
55352  35.931  -29.722  70.548 0.0000000000
53305  36.536  -32.410  69.716 0.0000000000
55367  36.861  -30.760  69.313 0.0000000000
56346  37.504  -29.224  68.937 0.0000000000
56353  38.673  -29.357  67.668 0.0000000000
56363  39.954  -29.784  66.581 0.0000000000
56371  41.021  -29.634  65.806 0.0000000000
56383  41.592  -29.986  64.836 0.0000000000
54403  41.276  -31.649  65.496 0.0000000000
52195  32.859  -33.756  70.293 0.0000000000
52171  33.380  -34.263  71.919 0.0000000000
49766  34.601  -35.211  70.642 0.0000000000
47594  33.459  -37.087  71.592 0.0000000000
47605  34.212  -36.878  70.863 0.0000000000
73056  52.673  -13.525  43.987 0.0000000000
129317  48.746  -12.567  51.476 0.0000000000
72969  50.632  -12.033  52.675 0.0000000000
72958  51.230  -12.641  53.545 0.0000000000
134971  51.331  -14.640  52.233 0.0000000000
70088  49.884  -15.094  54.481 0.0000000000
70104  49.038  -15.080  52.690 0.0000000000
71113  49.586  -14.908  50.939 0.0000000000
130710  37.028  -28.415  66.237 0.0000000000
124568  40.892  -23.674  58.318 0.0000000000
146962  42.298  -23.293  58.379 0.0000000000
62355  43.909  -22.723  58.981 0.0000000000
63439  45.178  -22.507  59.734 0.0000000000
61377  46.072  -24.397  59.729 0.0000000000
61380  44.345  -24.520  60.646 0.0000000000
60424  45.241  -25.170  60.311 0.0000000000
59411  46.311  -26.228  59.674 0.0000000000
142506  46.354  -27.539  59.226 0.0000000000
56394  41.687  -29.389  63.505 0.0000000000
148289  41.522  -29.352  62.590 0.0000000000
147411  20.111  -42.120  76.627 0.0000000000
44726  20.353  -41.290  76.454 0.0000000000
44725  21.189  -41.048  76.479 0.0000000000
62394  42.437  -23.699  56.065 0.0000000000
147041  42.705  -23.671  56.851 0.0000000000
72987  49.691  -11.677  50.465 0.0000000000
65236  50.045  -20.434  53.170 0.0000000000
66100  48.783  -19.053  54.293 0.0000000000
66099  49.322  -19.504  53.429 0.0000000000
67060  49.210  -19.237  53.422 0.0000000000
58346  40.597  -27.778  66.155 0.0000000000
58347  39.860  -26.878  66.666 0.0000000000
140367  41.237  -27.703  65.410 0.0000000000
58369  41.523  -27.149  64.736 0.0000000000
57288  41.510  -28.738  65.025 0.0000000000
44720  25.408  -40.528  75.908 0.0000000000
45547  26.074  -39.615  75.550 0.0000000000
139809  26.237  -40.298  75.869 0.0000000000
43866  26.454  -41.927  75.784 0.0000000000
63484  46.588  -22.401  53.703 0.0000000000
63471  48.761  -22.401  54.483 0.0000000000
62438  47.582  -22.934  54.832 0.0000000000
61395  47.490  -24.431  58.569 0.0000000000
60442  47.644  -25.382  58.530 0.0000000000
60450  48.088  -25.724  57.814 0.0000000000
50965  34.972  -34.353  70.717 0.0000000000
52183  35.664  -33.661  71.065 0.0000000000
50964  35.496  -34.267  69.959 0.0000000000
48677  31.313  -37.255  72.049 0.0000000000
141106  31.090  -37.220  71.449 0.0000000000
49754  31.452  -36.650  71.420 0.0000000000
49767  31.588  -36.190  70.850 0.0000000000
49744  31.804  -36.518  71.936 0.0000000000
49743  32.260  -35.945  71.896 0.0000000000
130602  32.305  -36.315  72.203 0.0000000000
132082  52.567  -10.174  48.426 0.0000000000
75032  52.992  -10.156  47.822 0.0000000000
74002  52.542  -11.536  46.832 0.0000000000
73009  51.688  -12.428  47.323 0.0000000000
70076  47.697  -15.298  55.260 0.0000000000
70090  46.203  -15.218  54.046 0.0000000000
71059  46.983  -14.829  54.466 0.0000000000
71070  47.355  -14.146  54.012 0.0000000000
72012  48.400  -13.911  54.431 0.0000000000
71057  49.025  -14.292  55.255 0.0000000000
68057  46.623  -17.362  51.536 0.0000000000
57261  36.044  -28.624  69.819 0.0000000000
134431  35.876  -28.716  68.761 0.0000000000
57275  36.287  -28.078  68.700 0.0000000000
58383  38.793  -27.295  63.987 0.0000000000
58395  38.792  -27.155  63.185 0.0000000000
63410  41.833  -22.004  63.203 0.0000000000
126819  41.136  -22.036  62.797 0.0000000000
63420  42.170  -21.944  62.456 0.0000000000
63419  43.147  -21.899  62.079 0.0000000000
63418  43.586  -22.505  61.467 0.0000000000
62302  43.359  -22.389  62.191 0.0000000000
143702  43.220  -28.218  60.501 0.0000000000
58418  44.039  -27.938  60.389 0.0000000000
57334  43.721  -28.726  60.204 0.0000000000
56421  44.158  -29.122  59.774 0.0000000000
45551  22.901  -39.790  75.330 0.0000000000
46490  23.417  -39.333  74.946 0.0000000000
45539  23.280  -40.197  75.485 0.0000000000
45538  24.232  -40.089  75.423 0.0000000000
44722  23.806  -40.688  75.628 0.0000000000
43868  23.951  -41.245  75.551 0.0000000000
43851  23.349  -41.105  75.727 0.0000000000
62417  43.920  -23.930  54.780 0.0000000000
62441  44.837  -23.771  54.312 0.0000000000
62415  46.406  -23.794  55.887 0.0000000000
129014  45.235  -23.848  56.095 0.0000000000
147006  46.006  -23.403  57.716 0.0000000000
62371  45.939  -23.150  58.376 0.0000000000
131163  46.648  -23.444  58.455 0.0000000000
62353  46.113  -23.061  58.978 0.0000000000
45569  28.688  -39.828  74.138 0.0000000000
45568  29.397  -39.451  73.365 0.0000000000
44767  30.690  -39.980  73.218 0.0000000000
45566  30.653  -39.060  73.306 0.0000000000
46503  30.962  -38.219  73.189 0.0000000000
144065  31.315  -38.769  73.003 0.0000000000
75009  51.018  -9.752  49.747 0.0000000000
75945  51.264  -9.557  49.569 0.0000000000
75008  51.509  -9.703  49.521 0.0000000000
73979  51.296  -11.465  49.398 0.0000000000
73970  51.119  -10.747  50.193 0.0000000000
73957  50.822  -11.543  51.622 0.0000000000
126505  51.050  -11.870  50.978 0.0000000000
73956  51.045  -11.925  51.767 0.0000000000
72979  51.499  -12.726  52.229 0.0000000000
66102  46.010  -19.234  55.055 0.0000000000
67011  48.052  -18.377  56.045 0.0000000000
67030  47.385  -18.664  56.031 0.0000000000
68016  47.913  -18.010  56.178 0.0000000000
126614  47.749  -17.338  56.077 0.0000000000
136438  48.747  -17.089  56.147 0.0000000000
68966  49.197  -16.711  56.022 0.0000000000
67028  49.172  -17.747  55.454 0.0000000000
67075  49.018  -19.135  52.764 0.0000000000
68038  48.964  -17.914  54.012 0.0000000000
67076  48.017  -18.501  52.595 0.0000000000
67089  47.297  -18.968  51.865 0.0000000000
57266  38.048  -27.826  68.506 0.0000000000
58321  37.867  -27.075  68.397 0.0000000000
60374  39.316  -25.730  66.765 0.0000000000
59364  38.871  -26.180  67.401 0.0000000000
60379  38.863  -25.790  66.996 0.0000000000
60386  38.906  -25.799  66.570 0.0000000000
60390  39.766  -24.771  65.470 0.0000000000
147874  40.072  -24.699  66.123 0.0000000000
60389  41.446  -24.763  65.152 0.0000000000
61339  40.980  -24.418  65.541 0.0000000000
61346  41.391  -23.943  64.961 0.0000000000
61345  41.739  -23.453  64.268 0.0000000000
61353  41.623  -24.294  64.434 0.0000000000
61352  41.916  -23.917  63.561 0.0000000000
140818  41.639  -24.871  63.523 0.0000000000
59389  41.667  -26.994  63.102 0.0000000000
136457  41.693  -27.223  62.181 0.0000000000
46508  23.941  -38.238  73.247 0.0000000000
47599  24.178  -37.871  72.409 0.0000000000
46521  24.643  -38.360  72.967 0.0000000000
132161  26.051  -39.111  73.315 0.0000000000
131343  26.901  -39.471  73.302 0.0000000000
45583  26.503  -39.264  72.410 0.0000000000
45570  27.658  -39.745  74.018 0.0000000000
64392  45.041  -21.896  53.069 0.0000000000
132813  45.666  -21.356  53.453 0.0000000000
64390  48.129  -21.343  53.662 0.0000000000
125140  49.264  -20.841  53.487 0.0000000000
62411  50.095  -23.257  54.948 0.0000000000
131634  50.475  -22.825  54.064 0.0000000000
62437  50.303  -23.371  54.444 0.0000000000
61426  50.124  -23.844  55.016 0.0000000000
123780  48.725  -23.346  56.280 0.0000000000
146663  48.938  -25.149  56.442 0.0000000000
61407  49.250  -24.186  56.381 0.0000000000
60466  49.151  -24.994  55.422 0.0000000000
60467  48.444  -25.735  55.796 0.0000000000
53307  33.026  -32.829  70.053 0.0000000000
53306  33.486  -32.250  69.545 0.0000000000
148925  33.433  -32.174  70.159 0.0000000000
54344  35.722  -31.285  71.062 0.0000000000
54345  34.813  -30.717  70.984 0.0000000000
137164  35.388  -30.757  71.088 0.0000000000
56334  35.741  -29.580  70.417 0.0000000000
54343  35.890  -30.585  70.809 0.0000000000
52193  36.350  -33.311  69.431 0.0000000000
52204  36.267  -33.276  68.355 0.0000000000
54362  36.808  -31.695  69.065 0.0000000000
54361  37.079  -31.009  68.401 0.0000000000
55359  36.889  -29.743  69.463 0.0000000000
55366  37.348  -30.204  68.689 0.0000000000
55365  38.063  -29.769  68.209 0.0000000000
55377  39.376  -29.982  67.019 0.0000000000
55393  40.120  -30.570  66.436 0.0000000000
56362  40.556  -29.699  66.264 0.0000000000
123693  40.612  -30.349  66.291 0.0000000000
56361  41.005  -30.400  66.043 0.0000000000
54388  41.047  -31.633  66.005 0.0000000000
45615  29.330  -39.381  70.127 0.0000000000
46539  29.788  -38.916  70.818 0.0000000000
147856  32.063  -35.952  69.745 0.0000000000
49777  32.384  -35.502  69.572 0.0000000000
50978  32.661  -34.522  69.791 0.0000000000
135585  33.023  -33.679  69.527 0.0000000000
132611  33.165  -35.272  72.263 0.0000000000
50944  33.485  -34.680  72.043 0.0000000000
50954  34.131  -34.615  71.811 0.0000000000
49751  34.228  -35.304  71.592 0.0000000000
47595  32.836  -37.671  71.984 0.0000000000
148518  34.687  -36.674  70.170 0.0000000000
73030  52.290  -12.926  45.656 0.0000000000
73042  52.484  -13.245  44.890 0.0000000000
71175  52.708  -15.283  44.774 0.0000000000
73001  50.957  -12.899  49.139 0.0000000000
68039  45.097  -17.130  53.737 0.0000000000
68049  44.308  -17.172  53.039 0.0000000000
69002  44.664  -16.340  53.126 0.0000000000
123793  47.012  -13.604  52.019 0.0000000000
72046  47.857  -13.131  51.708 0.0000000000
72989  47.854  -12.886  50.871 0.0000000000
72981  49.694  -12.164  52.160 0.0000000000
72035  48.754  -12.837  52.336 0.0000000000
72011  50.501  -13.257  54.485 0.0000000000
72959  50.722  -12.558  53.631 0.0000000000
142339  51.364  -13.290  53.820 0.0000000000
140857  51.726  -13.882  52.979 0.0000000000
71086  51.252  -14.538  53.146 0.0000000000
70075  49.599  -15.982  54.941 0.0000000000
70074  49.900  -15.089  55.096 0.0000000000
70089  49.035  -15.761  54.181 0.0000000000
70113  47.577  -15.469  51.825 0.0000000000
70112  48.421  -15.098  52.069 0.0000000000
71100  49.302  -14.886  51.906 0.0000000000
70123  48.435  -15.058  51.250 0.0000000000
57282  37.071  -27.664  67.067 0.0000000000
57290  37.591  -27.827  66.004 0.0000000000
61354  39.675  -23.871  63.906 0.0000000000
62314  39.521  -22.943  61.914 0.0000000000
62338  41.793  -23.255  59.769 0.0000000000
62339  40.826  -23.614  59.747 0.0000000000
62356  41.332  -23.545  58.999 0.0000000000
124569  41.740  -23.462  58.315 0.0000000000
124663  42.236  -23.250  59.015 0.0000000000
137427  42.925  -23.117  58.577 0.0000000000
62336  43.209  -22.795  59.440 0.0000000000
62324  44.126  -22.979  60.843 0.0000000000
63429  44.739  -22.607  60.367 0.0000000000
62323  45.584  -22.940  59.971 0.0000000000
61388  46.079  -23.670  59.564 0.0000000000
61378  45.612  -23.786  60.155 0.0000000000
61371  42.866  -24.346  61.910 0.0000000000
61370  43.534  -23.866  61.099 0.0000000000
60412  43.360  -24.981  60.979 0.0000000000
59412  45.122  -26.374  60.297 0.0000000000
128870  45.730  -26.004  60.008 0.0000000000
60423  45.972  -25.218  59.892 0.0000000000
59424  46.567  -26.851  59.346 0.0000000000
58431  46.133  -27.341  59.635 0.0000000000
57354  45.432  -28.768  58.953 0.0000000000
55416  41.567  -30.254  64.493 0.0000000000
56382  41.742  -29.704  64.221 0.0000000000
55424  41.669  -30.087  63.965 0.0000000000
45552  22.037  -40.110  75.553 0.0000000000
45540  22.342  -40.401  75.764 0.0000000000
137643  22.363  -41.392  76.081 0.0000000000
44724  21.957  -40.929  76.293 0.0000000000
42851  21.168  -42.003  76.330 0.0000000000
131080  43.115  -23.844  55.390 0.0000000000
129686  44.086  -23.925  55.733 0.0000000000
62392  44.289  -23.644  56.761 0.0000000000
62373  44.418  -23.202  57.769 0.0000000000
44769  29.594  -40.449  73.980 0.0000000000
44768  30.156  -40.378  73.409 0.0000000000
43902  30.390  -40.694  72.791 0.0000000000
73971  50.920  -10.266  50.299 0.0000000000
73963  50.868  -10.788  50.874 0.0000000000
73946  50.583  -11.676  51.912 0.0000000000
65217  47.944  -19.606  54.187 0.0000000000
66101  47.216  -19.273  55.084 0.0000000000
138901  48.064  -19.066  55.067 0.0000000000
145296  48.536  -18.572  55.398 0.0000000000
67029  49.093  -18.161  55.202 0.0000000000
67074  49.623  -19.612  52.936 0.0000000000
57273  39.268  -27.957  67.500 0.0000000000
58333  39.145  -26.879  67.497 0.0000000000
59369  40.089  -26.025  66.536 0.0000000000
59376  40.565  -25.590  66.147 0.0000000000
60383  41.059  -25.196  65.680 0.0000000000
59382  41.430  -25.881  65.007 0.0000000000
58381  41.859  -27.854  63.912 0.0000000000
46507  25.185  -38.935  73.578 0.0000000000
45559  25.639  -39.347  75.070 0.0000000000
45558  26.434  -39.407  75.070 0.0000000000
45557  27.280  -39.732  74.899 0.0000000000
62467  44.453  -23.243  53.377 0.0000000000
63485  45.214  -22.698  53.187 0.0000000000
128423  45.870  -22.186  53.275 0.0000000000
63483  47.754  -21.986  53.818 0.0000000000
63465  49.610  -22.882  55.110 0.0000000000
62412  49.432  -23.283  55.701 0.0000000000
62369  47.999  -23.935  57.465 0.0000000000
61394  47.901  -24.286  57.868 0.0000000000
60449  48.593  -25.248  57.314 0.0000000000
59441  48.398  -25.864  57.115 0.0000000000
59442  47.771  -26.434  57.666 0.0000000000
58440  47.198  -27.084  58.225 0.0000000000
141005  34.478  -32.808  71.595 0.0000000000
54338  34.011  -32.219  71.242 0.0000000000
53284  35.239  -32.526  71.453 0.0000000000
52168  35.795  -33.027  71.305 0.0000000000
53293  36.380  -32.308  70.604 0.0000000000
54375  37.380  -31.134  67.608 0.0000000000
54374  38.175  -30.950  66.825 0.0000000000
54390  39.209  -31.321  66.305 0.0000000000
134209  30.222  -38.167  71.434 0.0000000000
47619  30.250  -38.094  70.565 0.0000000000
134607  30.664  -37.549  71.103 0.0000000000
132975  31.304  -36.961  70.159 0.0000000000
132403  32.077  -35.732  70.292 0.0000000000
50967  32.194  -35.302  71.036 0.0000000000
50966  32.767  -34.602  70.679 0.0000000000
50956  32.492  -35.376  71.689 0.0000000000
49742  32.723  -35.586  72.193 0.0000000000
74001  53.136  -10.853  46.388 0.0000000000
74012  52.622  -11.798  46.004 0.0000000000
138787  51.491  -14.285  50.246 0.0000000000
68988  46.228  -16.585  54.722 0.0000000000
69001  45.211  -16.245  53.548 0.0000000000
70091  45.618  -15.712  53.720 0.0000000000
71072  45.561  -14.920  53.335 0.0000000000
71088  45.989  -14.308  52.817 0.0000000000
72025  46.934  -13.903  53.000 0.0000000000
122881  48.800  -13.187  53.210 0.0000000000
142939  48.847  -13.434  54.015 0.0000000000
127459  49.548  -13.647  54.758 0.0000000000
147766  50.626  -14.083  55.049 0.0000000000
69000  48.385  -15.951  53.430 0.0000000000
69008  47.797  -16.442  52.910 0.0000000000
69016  47.081  -16.373  51.997 0.0000000000
56348  34.967  -29.722  69.119 0.0000000000
59379  38.212  -26.968  66.057 0.0000000000
58370  38.281  -27.891  64.320 0.0000000000
57305  37.854  -28.561  63.839 0.0000000000
63390  40.521  -22.709  64.083 0.0000000000
62304  39.602  -22.836  62.901 0.0000000000
63411  40.313  -22.306  63.109 0.0000000000
63421  40.305  -22.595  62.330 0.0000000000
62326  40.306  -23.154  61.255 0.0000000000
146034  40.610  -23.468  60.425 0.0000000000
62325  42.511  -22.630  60.578 0.0000000000
62337  43.399  -22.483  60.382 0.0000000000
63431  43.307  -22.222  61.297 0.0000000000
146371  44.181  -23.327  60.785 0.0000000000
59403  43.210  -26.221  60.866 0.0000000000
59413  44.161  -26.852  60.496 0.0000000000
58417  45.028  -27.552  60.291 0.0000000000
58416  45.587  -28.061  59.870 0.0000000000
140638  45.228  -28.644  59.734 0.0000000000
124737  24.012  -38.891  73.847 0.0000000000
46496  23.813  -39.199  74.384 0.0000000000
46495  24.317  -39.203  74.410 0.0000000000
45549  24.605  -39.627  75.126 0.0000000000
45537  25.067  -40.036  75.499 0.0000000000
43849  25.175  -41.076  75.965 0.0000000000
43867  24.936  -41.434  75.655 0.0000000000
43889  23.490  -41.492  75.164 0.0000000000
43870  22.303  -41.754  75.879 0.0000000000
145447  45.749  -23.592  54.450 0.0000000000
62440  46.531  -23.558  55.012 0.0000000000
62390  47.092  -23.661  56.875 0.0000000000
62370  47.286  -23.734  57.664 0.0000000000
140430  47.088  -23.812  58.900 0.0000000000
147311  27.888  -39.880  71.736 0.0000000000
45596  28.582  -39.804  71.413 0.0000000000
45580  29.160  -39.327  72.211 0.0000000000
139582  30.035  -39.141  73.476 0.0000000000
46505  30.129  -38.752  73.283 0.0000000000
47607  30.274  -38.148  72.298 0.0000000000
47597  30.791  -37.723  72.569 0.0000000000
48664  31.109  -37.483  72.669 0.0000000000
47596  31.875  -37.471  72.526 0.0000000000
45594  32.235  -39.325  71.501 0.0000000000
75017  52.269  -9.629  49.096 0.0000000000
73978  51.859  -10.810  48.833 0.0000000000
73990  51.357  -12.079  48.407 0.0000000000
72993  51.390  -13.161  50.380 0.0000000000
72054  51.597  -14.071  51.019 0.0000000000
71097  51.366  -14.565  51.291 0.0000000000
71098  51.289  -14.699  51.396 0.0000000000
67062  44.775  -18.771  54.205 0.0000000000
68032  45.170  -18.052  54.223 0.0000000000
68031  45.745  -18.009  54.764 0.0000000000
66079  46.828  -19.081  55.701 0.0000000000
66080  46.455  -18.723  55.518 0.0000000000
68030  46.338  -17.557  55.214 0.0000000000
68973  47.068  -16.792  55.583 0.0000000000
70066  47.584  -16.024  55.645 0.0000000000
70065  48.413  -15.799  56.028 0.0000000000
70064  49.198  -15.581  56.058 0.0000000000
70058  49.347  -16.048  56.023 0.0000000000
68970  49.518  -16.183  55.498 0.0000000000
68987  49.293  -16.877  54.531 0.0000000000
68029  49.327  -17.629  54.554 0.0000000000
68047  48.240  -17.569  53.250 0.0000000000
135559  47.100  -18.130  52.043 0.0000000000
58312  36.971  -27.927  69.388 0.0000000000
58323  36.631  -27.797  69.165 0.0000000000
58322  37.271  -27.420  68.704 0.0000000000
58334  38.403  -26.580  67.970 0.0000000000
136661  38.408  -26.348  67.539 0.0000000000
59378  38.793  -26.347  65.856 0.0000000000
59384  39.028  -26.469  64.741 0.0000000000
59383  39.432  -25.590  64.427 0.0000000000
137935  39.183  -25.804  63.419 0.0000000000
60396  39.713  -24.569  64.517 0.0000000000
145910  40.026  -23.443  64.308 0.0000000000
61340  40.453  -24.380  65.643 0.0000000000
62275  40.445  -23.900  65.117 0.0000000000
62286  40.785  -23.224  64.617 0.0000000000
63389  41.128  -22.596  64.251 0.0000000000
62284  41.792  -22.744  64.084 0.0000000000
62303  42.742  -22.692  62.850 0.0000000000
59390  41.600  -25.837  63.226 0.0000000000
58406  42.213  -26.934  61.339 0.0000000000
58419  42.437  -28.025  60.920 0.0000000000
45617  26.710  -39.261  70.708 0.0000000000
46519  25.389  -38.701  72.758 0.0000000000
46529  26.259  -38.958  71.459 0.0000000000
45597  27.133  -39.575  71.589 0.0000000000
132075  28.373  -39.760  73.479 0.0000000000
44749  28.809  -40.190  74.359 0.0000000000
65220  44.813  -20.078  54.182 0.0000000000
65219  45.731  -19.909  54.494 0.0000000000
65238  46.337  -20.688  53.753 0.0000000000
65218  46.830  -19.932  54.270 0.0000000000
64387  50.715  -21.425  52.995 0.0000000000
64388  50.733  -21.683  53.113 0.0000000000
62492  50.494  -22.629  53.319 0.0000000000
62464  50.523  -23.028  53.936 0.0000000000
62368  48.748  -23.744  56.840 0.0000000000
53317  33.719  -32.433  68.659 0.0000000000
55369  34.217  -30.756  69.623 0.0000000000
54337  34.345  -31.488  71.064 0.0000000000
55355  34.277  -31.040  70.470 0.0000000000
55361  34.723  -30.088  69.661 0.0000000000
56340  35.155  -29.597  69.923 0.0000000000
57262  35.711  -29.252  70.105 0.0000000000
57260  36.402  -28.610  69.679 0.0000000000
52194  36.096  -33.586  70.293 0.0000000000
52181  36.376  -32.967  70.296 0.0000000000
53316  36.574  -32.514  68.745 0.0000000000
54352  36.513  -31.414  70.063 0.0000000000
55360  36.341  -30.303  70.159 0.0000000000
56339  36.309  -29.298  69.924 0.0000000000
56338  37.097  -28.873  69.452 0.0000000000
57267  37.494  -28.261  69.001 0.0000000000
56345  38.113  -28.773  68.430 0.0000000000
57274  38.687  -28.330  67.943 0.0000000000
55378  38.572  -30.226  67.350 0.0000000000
56352  39.317  -29.037  67.270 0.0000000000
133089  39.868  -28.863  66.693 0.0000000000
57280  40.523  -28.781  66.207 0.0000000000
129050  41.446  -29.482  65.216 0.0000000000
125672  41.316  -30.267  65.521 0.0000000000
55406  41.402  -30.787  65.097 0.0000000000
54414  41.325  -31.501  64.884 0.0000000000
143202  41.119  -32.358  65.535 0.0000000000
53379  41.178  -32.166  64.668 0.0000000000
45616  28.661  -39.790  70.371 0.0000000000
46551  29.823  -38.706  69.893 0.0000000000
52206  33.334  -33.814  68.682 0.0000000000
53295  33.376  -33.296  70.929 0.0000000000
52184  33.288  -34.074  71.168 0.0000000000
53286  33.674  -33.658  71.642 0.0000000000
52170  34.085  -33.790  71.800 0.0000000000
136843  34.830  -34.045  71.530 0.0000000000
48675  32.327  -36.803  72.341 0.0000000000
48674  32.912  -36.838  72.230 0.0000000000
48688  33.333  -36.250  72.154 0.0000000000
47617  33.875  -37.720  70.644 0.0000000000
48687  33.864  -36.145  71.632 0.0000000000
48701  34.434  -36.014  70.785 0.0000000000
44738  20.053  -40.895  76.130 0.0000000000
72980  49.666  -11.883  51.339 0.0000000000
73945  50.923  -11.807  52.298 0.0000000000
72960  49.735  -12.531  53.047 0.0000000000
72968  51.067  -12.079  52.941 0.0000000000
72967  51.404  -12.524  52.900 0.0000000000
72034  51.721  -13.460  52.639 0.0000000000
141450  51.500  -14.540  51.888 0.0000000000
71099  50.469  -14.800  51.704 0.0000000000
71046  49.485  -14.845  55.596 0.0000000000
123930  50.447  -14.438  54.954 0.0000000000
71056  50.510  -14.587  54.526 0.0000000000
142523  48.794  -15.434  53.307 0.0000000000
70103  49.614  -15.052  53.575 0.0000000000
71069  50.605  -14.716  53.816 0.0000000000
71087  50.286  -14.800  52.758 0.0000000000
70134  48.571  -14.900  50.083 0.0000000000
127795  36.637  -28.139  67.758 0.0000000000
136732  36.673  -28.483  66.783 0.0000000000
123529  40.139  -23.859  59.352 0.0000000000
62376  40.404  -23.778  57.608 0.0000000000
62375  41.374  -23.639  57.582 0.0000000000
62374  42.469  -23.421  57.724 0.0000000000
137100  43.612  -23.059  58.113 0.0000000000
62354  44.606  -22.838  58.615 0.0000000000
63440  44.286  -22.382  59.969 0.0000000000
143941  44.778  -22.525  59.315 0.0000000000
63446  45.435  -22.785  59.070 0.0000000000
62335  46.113  -23.205  59.256 0.0000000000
61387  46.660  -23.688  59.191 0.0000000000
135710  46.551  -24.180  59.433 0.0000000000
61361  43.366  -23.168  62.184 0.0000000000
140559  44.263  -23.682  60.733 0.0000000000
61379  45.101  -24.125  60.548 0.0000000000
129901  45.631  -24.522  60.145 0.0000000000
60422  46.657  -25.019  59.494 0.0000000000
59423  47.100  -25.996  59.200 0.0000000000
59434  46.889  -26.934  58.888 0.0000000000
58450  46.576  -27.571  57.996 0.0000000000
57344  45.980  -28.213  59.105 0.0000000000
58442  45.925  -28.121  58.538 0.0000000000
57297  41.731  -29.202  64.513 0.0000000000
140519  41.899  -29.173  64.031 0.0000000000
57304  41.808  -28.690  63.593 0.0000000000
55438  41.459  -29.800  63.182 0.0000000000
57313  41.635  -28.774  62.448 0.0000000000
43848  25.944  -41.041  76.042 0.0000000000
43852  21.567  -41.525  76.434 0.0000000000
43854  19.845  -41.881  76.640 0.0000000000
43864  27.489  -40.832  75.539 0.0000000000
44721  24.709  -40.606  75.750 0.0000000000
45536  25.688  -40.004  75.698 0.0000000000
45550  23.742  -39.601  75.161 0.0000000000
46494  25.026  -39.181  74.395 0.0000000000
46517  31.595  -38.156  72.771 0.0000000000
47587  30.748  -37.823  73.036 0.0000000000
47598  30.410  -38.205  72.939 0.0000000000
50945  32.946  -34.863  72.154 0.0000000000
50953  34.579  -34.617  71.404 0.0000000000
53283  35.916  -32.195  71.156 0.0000000000
53285  33.844  -32.987  71.504 0.0000000000
53352  41.336  -32.390  65.149 0.0000000000
54336  35.120  -31.523  71.315 0.0000000000
54346  33.840  -31.807  70.602 0.0000000000
55353  35.429  -30.073  70.781 0.0000000000
55391  41.212  -31.003  65.835 0.0000000000
56333  36.027  -29.091  70.205 0.0000000000
56335  35.392  -29.706  70.363 0.0000000000
57268  36.051  -28.326  69.228 0.0000000000
57369  45.192  -28.432  58.436 0.0000000000
58336  36.817  -27.606  68.622 0.0000000000
58368  41.903  -28.704  64.111 0.0000000000
58441  46.467  -27.575  58.708 0.0000000000
61333  39.944  -25.188  66.386 0.0000000000
61347  40.059  -23.938  64.913 0.0000000000
61386  47.017  -24.268  59.176 0.0000000000
62285  41.333  -23.232  64.627 0.0000000000
62287  40.338  -23.325  64.462 0.0000000000
63400  42.202  -22.415  63.463 0.0000000000
63401  41.517  -22.190  63.815 0.0000000000
63403  40.234  -22.537  63.496 0.0000000000
63438  45.684  -22.831  59.399 0.0000000000
63481  50.606  -22.227  53.367 0.0000000000
65235  50.483  -20.956  53.071 0.0000000000
67009  48.943  -17.418  55.918 0.0000000000
67061  49.122  -18.910  53.451 0.0000000000
68009  48.392  -17.702  56.074 0.0000000000
68015  49.381  -17.156  55.446 0.0000000000
68028  49.344  -17.778  54.829 0.0000000000
68967  48.369  -17.237  56.196 0.0000000000
68972  48.064  -16.584  56.142 0.0000000000
68989  45.665  -16.459  54.018 0.0000000000
70062  50.067  -14.511  55.282 0.0000000000
70078  46.089  -15.932  54.233 0.0000000000
70124  47.522  -15.308  50.728 0.0000000000
71047  48.691  -15.016  55.651 0.0000000000
71055  50.867  -14.144  54.649 0.0000000000
71067  51.197  -13.747  54.221 0.0000000000
71085  51.645  -14.334  52.583 0.0000000000
72001  50.358  -13.844  55.107 0.0000000000
72010  50.835  -13.644  54.732 0.0000000000
72021  51.578  -13.265  53.266 0.0000000000
72022  51.073  -13.039  54.238 0.0000000000
72106  52.609  -14.406  44.783 0.0000000000
128719  51.523  -14.032  53.450 0.0000000000
130815  38.033  -27.642  65.201 0.0000000000
131757  41.071  -21.998  63.409 0.0000000000
141021  32.468  -37.370  72.330 0.0000000000
143631  25.816  -40.458  75.937 0.0000000000
145271  45.425  -17.584  54.253 0.0000000000
146503  45.957  -28.019  59.488 0.0000000000
147733  25.087  -41.656  75.363 0.0000000000
147739  47.521  -15.930  52.439 0.0000000000
147939  36.276  -30.912  70.593 0.0000000000
