#!ascii label  , from subject sub-v1s6x0051364_ses-1 vox2ras=TkReg
1016
52220  16.400  -32.057  67.725 0.0000000000
57255  29.161  -28.256  72.265 0.0000000000
72998  34.313  -12.059  49.234 0.0000000000
62365  24.893  -23.154  59.037 0.0000000000
59386  30.319  -25.922  65.160 0.0000000000
80831  43.423  -4.933  38.266 0.0000000000
137221  33.637  -16.230  51.864 0.0000000000
67101  28.576  -17.450  51.361 0.0000000000
124328  13.190  -34.089  65.088 0.0000000000
54357  22.345  -30.435  69.974 0.0000000000
54397  25.784  -30.755  66.475 0.0000000000
56391  19.330  -28.856  64.994 0.0000000000
76898  39.752  -7.844  43.869 0.0000000000
128042  20.080  -31.277  72.435 0.0000000000
49769  15.421  -33.947  71.147 0.0000000000
75022  40.225  -10.013  48.747 0.0000000000
49785  11.364  -32.878  69.583 0.0000000000
133772  6.538  -35.668  69.783 0.0000000000
66071  27.837  -18.601  56.462 0.0000000000
61365  27.136  -24.380  63.854 0.0000000000
56427  28.205  -28.936  61.018 0.0000000000
54433  27.561  -30.075  64.031 0.0000000000
67082  33.159  -18.352  52.904 0.0000000000
145297  31.283  -17.494  51.986 0.0000000000
66143  31.047  -17.651  53.070 0.0000000000
70095  36.818  -15.638  53.606 0.0000000000
135551  15.975  -33.065  64.811 0.0000000000
49873  14.023  -34.956  63.441 0.0000000000
51011  15.083  -33.299  66.635 0.0000000000
54370  18.870  -30.176  69.278 0.0000000000
56359  20.310  -29.175  67.496 0.0000000000
55404  17.363  -30.454  65.968 0.0000000000
54424  17.233  -31.099  63.657 0.0000000000
74008  34.990  -11.537  47.084 0.0000000000
73960  36.482  -11.450  51.319 0.0000000000
73974  36.977  -10.926  48.967 0.0000000000
141822  37.354  -10.400  46.673 0.0000000000
48679  15.346  -34.964  72.857 0.0000000000
49782  13.807  -33.392  70.095 0.0000000000
126747  13.062  -34.401  72.693 0.0000000000
50933  7.215  -33.742  74.497 0.0000000000
133687  7.684  -33.554  71.969 0.0000000000
48696  6.101  -35.746  71.718 0.0000000000
46534  4.566  -38.095  71.186 0.0000000000
46499  4.338  -38.071  74.066 0.0000000000
63406  29.362  -21.962  64.371 0.0000000000
60400  28.920  -25.469  64.498 0.0000000000
132338  27.742  -26.986  62.350 0.0000000000
58397  29.081  -27.606  63.709 0.0000000000
55421  23.914  -29.657  64.284 0.0000000000
53371  26.310  -30.650  65.376 0.0000000000
54451  25.086  -29.681  63.296 0.0000000000
54464  25.481  -30.145  61.742 0.0000000000
64360  26.055  -21.110  57.978 0.0000000000
65226  25.771  -19.690  54.832 0.0000000000
63466  24.165  -22.589  55.543 0.0000000000
83421  45.484  -1.681  35.881 0.0000000000
130832  42.795  -4.124  35.719 0.0000000000
72052  33.555  -13.918  51.302 0.0000000000
70142  31.098  -15.299  50.042 0.0000000000
72039  35.951  -13.134  53.232 0.0000000000
52172  26.303  -31.373  71.142 0.0000000000
54355  27.479  -30.445  69.687 0.0000000000
53336  24.384  -30.476  68.291 0.0000000000
56368  22.250  -29.142  66.247 0.0000000000
56400  21.059  -28.844  63.331 0.0000000000
77852  42.596  -7.504  45.447 0.0000000000
141095  43.205  -7.015  43.201 0.0000000000
77893  43.499  -7.159  40.392 0.0000000000
128914  44.397  -8.683  38.746 0.0000000000
53315  17.350  -31.471  69.945 0.0000000000
50988  16.139  -32.991  69.440 0.0000000000
52177  17.470  -32.536  71.923 0.0000000000
54350  21.151  -30.572  71.022 0.0000000000
75996  40.015  -8.902  46.124 0.0000000000
140289  14.405  -33.460  67.958 0.0000000000
147520  12.336  -33.317  67.831 0.0000000000
51012  9.465  -33.734  66.820 0.0000000000
49748  10.143  -32.652  72.454 0.0000000000
50982  8.795  -33.348  69.506 0.0000000000
136561  2.881  -39.955  75.041 0.0000000000
67036  30.611  -17.672  55.461 0.0000000000
64351  27.215  -21.551  59.713 0.0000000000
63424  28.147  -22.056  61.871 0.0000000000
62320  25.696  -23.681  61.323 0.0000000000
60429  26.840  -26.401  61.212 0.0000000000
58425  27.466  -27.528  60.873 0.0000000000
56443  27.333  -29.451  59.097 0.0000000000
55383  28.105  -29.347  67.489 0.0000000000
55409  28.844  -28.910  65.924 0.0000000000
56386  29.653  -28.147  64.973 0.0000000000
55446  28.363  -30.184  62.495 0.0000000000
55476  26.514  -30.478  59.945 0.0000000000
67057  27.751  -18.197  54.211 0.0000000000
123175  26.139  -19.439  51.477 0.0000000000
66125  33.193  -18.781  53.842 0.0000000000
143303  32.229  -18.511  53.051 0.0000000000
65246  32.183  -18.642  53.416 0.0000000000
67080  35.043  -18.124  53.465 0.0000000000
52238  16.179  -32.439  66.400 0.0000000000
51043  15.525  -33.469  65.232 0.0000000000
52228  15.902  -32.775  66.816 0.0000000000
127712  17.713  -30.725  68.787 0.0000000000
54382  18.465  -30.112  68.348 0.0000000000
54384  16.865  -31.399  67.416 0.0000000000
53362  16.521  -31.870  65.895 0.0000000000
73005  33.936  -11.965  47.943 0.0000000000
72990  35.246  -11.770  50.158 0.0000000000
73967  36.512  -11.348  50.344 0.0000000000
73976  35.665  -11.560  49.419 0.0000000000
73995  35.522  -11.402  47.878 0.0000000000
50934  6.473  -34.132  74.149 0.0000000000
50941  6.564  -34.235  73.298 0.0000000000
49739  5.567  -35.644  73.173 0.0000000000
48697  5.483  -36.590  71.577 0.0000000000
135111  5.056  -36.497  72.897 0.0000000000
127980  4.668  -37.850  72.731 0.0000000000
61356  29.880  -24.054  65.521 0.0000000000
60398  30.031  -25.756  64.860 0.0000000000
60406  28.764  -26.533  64.143 0.0000000000
58387  29.051  -26.803  64.267 0.0000000000
57258  28.806  -28.151  71.215 0.0000000000
55433  22.689  -29.198  62.840 0.0000000000
54438  24.615  -29.880  63.826 0.0000000000
55448  23.301  -29.359  62.198 0.0000000000
54466  23.946  -29.474  61.445 0.0000000000
64357  25.707  -21.686  58.388 0.0000000000
64366  24.856  -21.330  56.606 0.0000000000
79911  44.985  -5.334  38.869 0.0000000000
80826  44.446  -4.276  39.331 0.0000000000
81698  43.722  -3.042  38.829 0.0000000000
82553  43.415  -2.912  36.755 0.0000000000
80833  42.943  -4.757  37.575 0.0000000000
71106  33.795  -14.596  51.721 0.0000000000
71119  32.448  -14.614  50.821 0.0000000000
70129  32.429  -15.523  51.242 0.0000000000
67111  29.765  -17.143  51.411 0.0000000000
68072  29.735  -17.086  50.823 0.0000000000
68073  29.034  -17.355  50.530 0.0000000000
70110  34.918  -15.828  52.420 0.0000000000
71093  35.125  -14.282  52.452 0.0000000000
72050  34.575  -13.441  52.152 0.0000000000
49874  13.334  -34.811  64.023 0.0000000000
49856  12.177  -34.070  65.022 0.0000000000
53298  24.581  -31.192  70.486 0.0000000000
53311  25.124  -30.849  69.658 0.0000000000
54366  23.626  -30.161  68.851 0.0000000000
55402  19.525  -29.084  66.817 0.0000000000
55401  21.923  -29.228  67.125 0.0000000000
56378  20.753  -28.652  65.714 0.0000000000
144520  21.769  -28.734  64.825 0.0000000000
56390  19.779  -28.871  64.242 0.0000000000
127529  18.446  -29.619  63.917 0.0000000000
59429  25.908  -26.879  59.567 0.0000000000
76888  41.776  -7.530  45.252 0.0000000000
77867  43.132  -7.125  44.106 0.0000000000
77869  41.522  -7.138  43.228 0.0000000000
77894  42.240  -7.251  40.089 0.0000000000
77901  43.190  -7.839  39.595 0.0000000000
76921  44.533  -8.319  39.142 0.0000000000
127813  18.966  -31.110  71.377 0.0000000000
52190  17.140  -32.208  71.105 0.0000000000
141491  18.290  -32.003  72.484 0.0000000000
54341  20.815  -31.028  71.859 0.0000000000
141511  20.053  -30.649  71.123 0.0000000000
75983  40.941  -9.113  47.100 0.0000000000
75975  39.883  -9.565  47.322 0.0000000000
75055  37.890  -9.828  46.162 0.0000000000
49795  15.927  -33.420  69.869 0.0000000000
136564  15.337  -33.238  68.689 0.0000000000
49780  14.883  -33.680  70.030 0.0000000000
140362  12.468  -32.972  69.978 0.0000000000
130983  12.539  -33.320  68.630 0.0000000000
49801  11.932  -33.211  69.126 0.0000000000
49819  10.607  -33.340  67.099 0.0000000000
49803  10.049  -33.393  68.420 0.0000000000
140795  10.318  -33.086  73.540 0.0000000000
146905  7.045  -34.792  70.334 0.0000000000
50971  8.350  -33.272  70.498 0.0000000000
50983  7.838  -33.883  69.571 0.0000000000
51000  7.573  -34.473  68.125 0.0000000000
65185  27.521  -20.797  59.453 0.0000000000
62299  28.231  -23.324  64.299 0.0000000000
63415  28.362  -22.192  62.826 0.0000000000
62317  27.783  -22.628  62.375 0.0000000000
62331  27.043  -22.781  61.332 0.0000000000
62310  26.681  -23.674  62.684 0.0000000000
60419  26.066  -25.601  62.005 0.0000000000
60410  26.543  -25.360  62.782 0.0000000000
58411  28.589  -27.765  62.257 0.0000000000
59417  27.720  -27.239  61.555 0.0000000000
57340  27.718  -28.271  60.730 0.0000000000
56442  27.395  -29.059  59.081 0.0000000000
56428  28.198  -29.603  59.966 0.0000000000
52218  26.580  -31.216  68.088 0.0000000000
54354  27.602  -29.838  69.074 0.0000000000
53344  26.701  -30.802  67.124 0.0000000000
54420  26.639  -30.569  64.737 0.0000000000
54406  27.884  -29.910  65.935 0.0000000000
54417  27.817  -29.791  65.244 0.0000000000
56375  29.357  -28.538  65.608 0.0000000000
55430  28.633  -29.441  63.951 0.0000000000
55444  29.070  -29.024  63.664 0.0000000000
54447  27.760  -30.447  63.095 0.0000000000
54478  24.962  -29.978  60.408 0.0000000000
54477  25.896  -30.254  60.835 0.0000000000
67022  28.760  -18.093  56.085 0.0000000000
67055  29.749  -17.704  54.318 0.0000000000
67039  27.859  -18.298  54.980 0.0000000000
64395  24.652  -21.247  53.623 0.0000000000
66130  25.630  -19.566  53.042 0.0000000000
82559  46.365  -1.966  34.087 0.0000000000
69021  33.768  -16.848  52.213 0.0000000000
135953  32.418  -17.126  51.930 0.0000000000
131427  32.221  -17.962  52.691 0.0000000000
67098  31.351  -17.579  52.363 0.0000000000
66144  30.182  -17.441  52.635 0.0000000000
69005  36.615  -16.677  53.567 0.0000000000
69012  35.210  -16.641  52.865 0.0000000000
51044  15.302  -34.075  64.464 0.0000000000
51029  14.628  -34.427  64.869 0.0000000000
142226  13.845  -33.907  65.673 0.0000000000
147128  20.928  -29.982  69.437 0.0000000000
141234  21.175  -29.602  68.900 0.0000000000
55387  20.273  -29.484  68.364 0.0000000000
144438  18.726  -29.470  66.943 0.0000000000
55413  17.966  -29.804  65.442 0.0000000000
146882  17.957  -29.829  64.503 0.0000000000
141212  17.132  -30.807  64.462 0.0000000000
53374  16.392  -32.411  64.170 0.0000000000
76899  39.102  -8.136  43.403 0.0000000000
52154  19.476  -31.869  73.674 0.0000000000
73959  38.122  -10.858  51.332 0.0000000000
145266  38.126  -10.584  49.579 0.0000000000
75014  38.700  -10.325  49.096 0.0000000000
75037  38.186  -10.024  47.562 0.0000000000
73981  36.963  -10.717  48.124 0.0000000000
74007  35.666  -11.142  46.953 0.0000000000
48705  15.013  -34.459  71.597 0.0000000000
48719  14.804  -34.226  70.921 0.0000000000
131783  14.467  -34.447  71.292 0.0000000000
48709  13.583  -34.033  71.346 0.0000000000
49784  13.050  -33.016  70.998 0.0000000000
50938  8.977  -33.245  73.421 0.0000000000
50939  8.161  -33.492  73.383 0.0000000000
49761  6.961  -34.274  71.814 0.0000000000
48710  6.118  -36.111  70.315 0.0000000000
47627  5.487  -36.875  70.684 0.0000000000
61358  28.460  -24.266  64.661 0.0000000000
60401  28.162  -25.323  64.342 0.0000000000
60408  27.559  -25.727  63.792 0.0000000000
60407  28.195  -26.233  63.932 0.0000000000
59406  28.407  -27.497  62.921 0.0000000000
57328  28.937  -28.260  62.343 0.0000000000
54410  24.660  -29.825  65.545 0.0000000000
53361  25.816  -30.466  65.646 0.0000000000
142629  24.990  -30.109  64.275 0.0000000000
54436  25.346  -30.349  63.992 0.0000000000
125295  25.710  -30.366  63.670 0.0000000000
54449  26.401  -30.839  63.004 0.0000000000
129412  25.305  -29.780  62.612 0.0000000000
124802  24.074  -29.923  60.420 0.0000000000
65192  26.801  -19.622  57.139 0.0000000000
66073  26.609  -19.390  56.242 0.0000000000
65198  26.098  -20.054  56.707 0.0000000000
64372  24.709  -21.108  55.623 0.0000000000
83414  45.331  -1.418  36.673 0.0000000000
82556  44.252  -2.484  35.457 0.0000000000
142623  33.579  -12.993  49.979 0.0000000000
72074  32.981  -12.773  48.534 0.0000000000
71131  32.067  -14.061  50.020 0.0000000000
69030  31.208  -16.742  51.289 0.0000000000
69037  29.996  -16.279  50.027 0.0000000000
71062  37.845  -13.941  54.387 0.0000000000
72026  36.938  -13.155  54.125 0.0000000000
72970  36.853  -11.774  53.302 0.0000000000
72982  35.777  -11.901  52.279 0.0000000000
72984  34.592  -12.592  51.678 0.0000000000
54333  27.922  -30.130  72.156 0.0000000000
55350  28.295  -29.418  71.550 0.0000000000
52185  26.535  -31.509  70.031 0.0000000000
52209  26.154  -30.953  69.079 0.0000000000
54381  24.763  -30.268  67.473 0.0000000000
55385  22.386  -29.567  67.898 0.0000000000
140612  23.230  -29.935  67.672 0.0000000000
55399  23.897  -29.589  66.136 0.0000000000
55412  23.220  -29.385  64.916 0.0000000000
56388  22.023  -28.895  63.443 0.0000000000
56399  21.565  -29.143  62.402 0.0000000000
78880  44.834  -6.295  42.102 0.0000000000
77875  41.455  -7.084  42.050 0.0000000000
122908  43.303  -6.659  41.520 0.0000000000
77882  45.228  -6.890  40.631 0.0000000000
77891  45.588  -7.097  40.219 0.0000000000
77909  45.344  -7.068  38.983 0.0000000000
146862  44.723  -6.923  38.404 0.0000000000
78913  43.469  -6.465  37.490 0.0000000000
53325  17.096  -31.423  69.133 0.0000000000
138126  16.136  -32.381  68.202 0.0000000000
128603  16.657  -32.067  69.480 0.0000000000
50968  16.547  -32.748  70.566 0.0000000000
50969  16.082  -33.167  70.994 0.0000000000
140615  18.537  -32.239  73.279 0.0000000000
49756  16.009  -34.118  72.242 0.0000000000
48678  15.977  -34.800  73.370 0.0000000000
126406  28.414  -29.093  73.132 0.0000000000
54334  27.596  -30.442  72.610 0.0000000000
52174  25.252  -31.603  71.476 0.0000000000
53299  23.758  -31.002  71.060 0.0000000000
134050  23.584  -31.378  71.866 0.0000000000
54349  22.121  -30.430  70.853 0.0000000000
123615  20.663  -30.445  70.487 0.0000000000
54359  18.919  -30.512  70.038 0.0000000000
76869  42.707  -7.837  47.136 0.0000000000
76879  41.166  -8.071  45.848 0.0000000000
76880  40.383  -8.261  45.623 0.0000000000
75986  38.666  -9.431  46.355 0.0000000000
75997  39.147  -8.950  45.853 0.0000000000
76891  39.302  -8.236  44.343 0.0000000000
51010  15.552  -33.104  67.292 0.0000000000
132522  14.654  -33.525  67.336 0.0000000000
49816  13.728  -33.610  67.120 0.0000000000
131755  14.159  -33.433  69.631 0.0000000000
141630  13.271  -33.542  67.390 0.0000000000
49837  11.969  -33.474  66.001 0.0000000000
49838  10.921  -33.631  65.998 0.0000000000
49839  9.803  -33.914  65.925 0.0000000000
49758  12.419  -33.504  72.935 0.0000000000
145186  11.374  -32.430  71.090 0.0000000000
50970  9.540  -32.952  70.288 0.0000000000
137882  9.748  -33.130  69.525 0.0000000000
147341  8.644  -33.675  68.150 0.0000000000
45564  3.614  -39.358  74.143 0.0000000000
66108  32.022  -18.547  54.179 0.0000000000
145755  28.137  -18.950  57.922 0.0000000000
65189  27.361  -20.385  58.757 0.0000000000
64356  26.465  -21.463  58.771 0.0000000000
63442  26.526  -22.107  59.692 0.0000000000
63434  27.742  -21.892  61.085 0.0000000000
142068  26.750  -22.314  60.212 0.0000000000
62347  25.238  -23.364  59.787 0.0000000000
61375  25.373  -24.428  61.029 0.0000000000
60430  26.103  -25.874  60.914 0.0000000000
130711  26.558  -27.272  60.146 0.0000000000
59408  27.362  -26.857  61.578 0.0000000000
59418  27.407  -27.105  60.940 0.0000000000
59427  26.742  -27.469  60.262 0.0000000000
57349  27.178  -28.554  59.324 0.0000000000
56454  27.162  -29.522  57.914 0.0000000000
59380  30.697  -25.993  65.928 0.0000000000
56342  28.204  -28.875  69.732 0.0000000000
56341  28.479  -28.247  68.911 0.0000000000
56349  28.869  -28.464  67.970 0.0000000000
53357  27.203  -30.449  66.640 0.0000000000
55382  28.727  -28.990  66.988 0.0000000000
56356  29.750  -28.166  66.750 0.0000000000
57285  30.252  -27.761  66.412 0.0000000000
57300  30.410  -27.232  65.565 0.0000000000
58372  30.161  -27.007  65.094 0.0000000000
57308  29.399  -27.993  63.923 0.0000000000
56415  29.005  -28.670  62.537 0.0000000000
56416  28.970  -28.921  61.817 0.0000000000
54462  27.043  -30.738  62.081 0.0000000000
55463  27.705  -30.498  61.241 0.0000000000
55474  28.231  -30.166  60.454 0.0000000000
55489  26.934  -30.034  59.155 0.0000000000
66110  30.593  -17.740  53.769 0.0000000000
67083  29.446  -17.559  53.014 0.0000000000
67084  28.331  -17.656  52.767 0.0000000000
66112  26.341  -19.044  54.418 0.0000000000
67070  26.720  -18.410  53.079 0.0000000000
66158  26.949  -18.592  51.384 0.0000000000
79921  42.604  -5.560  36.096 0.0000000000
65244  33.153  -18.846  53.998 0.0000000000
65254  32.322  -18.708  53.376 0.0000000000
65245  32.531  -18.786  53.693 0.0000000000
66124  34.096  -18.758  53.970 0.0000000000
53348  16.578  -32.084  66.881 0.0000000000
129794  16.258  -32.492  67.186 0.0000000000
53337  16.891  -31.371  68.279 0.0000000000
73984  34.462  -11.857  48.595 0.0000000000
144192  33.355  -12.415  48.034 0.0000000000
128826  34.510  -12.233  49.864 0.0000000000
72997  35.000  -11.785  49.198 0.0000000000
145322  35.086  -11.656  48.455 0.0000000000
49731  5.647  -34.469  74.709 0.0000000000
49738  5.945  -34.790  73.754 0.0000000000
48672  5.132  -36.491  73.692 0.0000000000
47592  4.756  -37.222  73.179 0.0000000000
60392  30.198  -24.999  65.795 0.0000000000
145846  30.111  -24.845  65.515 0.0000000000
59393  29.323  -26.586  64.409 0.0000000000
59392  29.860  -26.516  64.713 0.0000000000
58292  29.579  -27.656  72.496 0.0000000000
55449  22.313  -29.198  61.916 0.0000000000
55465  22.466  -29.491  61.100 0.0000000000
63448  25.328  -22.325  58.706 0.0000000000
63452  24.894  -22.074  57.948 0.0000000000
79912  43.994  -5.558  38.487 0.0000000000
80830  43.889  -4.654  38.801 0.0000000000
81699  43.380  -3.997  38.291 0.0000000000
70120  33.387  -15.472  51.575 0.0000000000
67112  29.050  -17.336  51.125 0.0000000000
67113  28.312  -17.858  50.382 0.0000000000
67102  27.718  -18.145  50.885 0.0000000000
136414  34.225  -16.185  52.182 0.0000000000
70109  35.478  -15.081  52.619 0.0000000000
70119  34.207  -15.372  52.033 0.0000000000
71105  34.410  -14.408  52.134 0.0000000000
53312  23.820  -30.741  70.264 0.0000000000
54356  23.319  -30.377  69.733 0.0000000000
56379  19.826  -28.854  65.825 0.0000000000
57294  20.189  -28.516  64.931 0.0000000000
142100  19.099  -29.203  64.296 0.0000000000
59428  26.344  -27.548  59.028 0.0000000000
76889  40.855  -7.461  45.046 0.0000000000
77863  41.633  -7.315  44.300 0.0000000000
76897  40.603  -7.463  43.842 0.0000000000
76922  43.988  -8.659  39.235 0.0000000000
53291  19.061  -31.390  72.142 0.0000000000
141020  19.820  -31.061  71.788 0.0000000000
75013  39.544  -10.235  49.335 0.0000000000
75963  40.786  -9.690  48.232 0.0000000000
75974  40.570  -9.508  47.540 0.0000000000
75035  40.101  -9.884  47.982 0.0000000000
141945  15.526  -33.611  70.439 0.0000000000
49779  15.378  -33.499  69.716 0.0000000000
49802  10.963  -33.045  68.773 0.0000000000
49729  10.485  -33.952  74.483 0.0000000000
49787  7.110  -34.902  69.753 0.0000000000
127955  7.383  -34.650  68.876 0.0000000000
61359  27.774  -24.334  64.285 0.0000000000
62308  27.837  -23.102  63.524 0.0000000000
62309  27.221  -23.435  63.031 0.0000000000
61366  26.651  -24.470  63.302 0.0000000000
60409  27.013  -25.574  63.259 0.0000000000
57339  28.589  -28.251  61.625 0.0000000000
58424  28.118  -27.687  61.563 0.0000000000
131276  27.821  -28.954  60.040 0.0000000000
53347  25.918  -31.095  66.867 0.0000000000
52217  26.684  -31.165  67.830 0.0000000000
53334  26.346  -31.104  67.275 0.0000000000
54419  27.174  -30.519  64.806 0.0000000000
54418  27.468  -30.256  64.909 0.0000000000
55420  28.345  -29.268  64.869 0.0000000000
54432  27.915  -29.799  64.410 0.0000000000
55431  28.175  -29.963  63.435 0.0000000000
142073  28.072  -18.346  55.644 0.0000000000
67095  33.391  -17.912  52.646 0.0000000000
144997  32.720  -17.458  52.249 0.0000000000
67096  32.862  -17.812  52.492 0.0000000000
66156  31.734  -17.903  52.889 0.0000000000
66155  32.033  -18.144  52.915 0.0000000000
66157  30.851  -17.524  52.450 0.0000000000
69004  37.323  -16.523  53.921 0.0000000000
67081  34.037  -18.091  53.116 0.0000000000
68051  35.489  -17.431  53.312 0.0000000000
68052  34.684  -17.386  53.004 0.0000000000
69013  34.467  -16.710  52.520 0.0000000000
51027  15.340  -33.028  66.248 0.0000000000
51028  14.934  -33.610  65.666 0.0000000000
49854  14.329  -33.835  65.702 0.0000000000
54369  20.158  -29.761  69.286 0.0000000000
55374  19.391  -29.714  68.663 0.0000000000
55389  18.243  -30.060  67.461 0.0000000000
55403  18.024  -29.866  66.488 0.0000000000
55414  17.411  -30.291  64.899 0.0000000000
53363  16.262  -32.438  65.313 0.0000000000
53373  16.710  -31.657  64.641 0.0000000000
126194  37.331  -11.145  51.872 0.0000000000
125870  37.474  -11.172  50.997 0.0000000000
123860  36.752  -11.162  49.722 0.0000000000
73973  37.451  -10.854  49.654 0.0000000000
75015  37.828  -10.592  48.930 0.0000000000
75025  37.677  -10.399  48.219 0.0000000000
73994  36.281  -10.978  47.587 0.0000000000
48691  14.868  -34.732  72.091 0.0000000000
48706  14.954  -34.482  71.503 0.0000000000
126512  14.783  -34.649  71.814 0.0000000000
48708  13.938  -34.508  71.681 0.0000000000
48694  13.621  -34.495  72.156 0.0000000000
48695  13.136  -33.731  72.001 0.0000000000
50932  8.206  -33.632  74.800 0.0000000000
134870  8.135  -33.774  74.029 0.0000000000
50950  6.540  -34.512  72.545 0.0000000000
128113  6.470  -34.996  72.014 0.0000000000
49762  6.522  -35.029  71.482 0.0000000000
124282  6.302  -35.489  70.954 0.0000000000
133813  5.858  -36.160  71.042 0.0000000000
47613  4.949  -37.348  71.413 0.0000000000
137388  4.934  -37.578  70.684 0.0000000000
46512  4.581  -37.997  73.424 0.0000000000
46525  4.307  -38.503  72.728 0.0000000000
46513  4.110  -38.634  73.665 0.0000000000
60399  29.739  -25.125  64.922 0.0000000000
61357  29.220  -24.150  65.013 0.0000000000
59399  28.766  -27.202  63.739 0.0000000000
58410  28.688  -27.816  63.041 0.0000000000
55411  24.010  -29.643  65.143 0.0000000000
54422  25.237  -29.917  65.039 0.0000000000
54423  24.596  -29.829  64.618 0.0000000000
54437  25.100  -30.228  63.910 0.0000000000
54450  25.418  -30.022  63.489 0.0000000000
126376  25.810  -30.214  62.820 0.0000000000
54465  24.832  -29.646  61.469 0.0000000000
65193  26.376  -20.345  57.594 0.0000000000
65194  25.638  -20.763  57.143 0.0000000000
63459  24.311  -22.177  56.445 0.0000000000
64367  24.401  -21.767  55.872 0.0000000000
81705  42.970  -3.561  36.225 0.0000000000
82552  44.108  -2.339  36.337 0.0000000000
82557  43.509  -2.889  35.847 0.0000000000
81707  43.803  -3.082  35.022 0.0000000000
80840  43.156  -4.253  35.076 0.0000000000
72058  33.482  -13.346  50.667 0.0000000000
71130  32.946  -13.373  50.038 0.0000000000
71118  32.922  -13.960  50.729 0.0000000000
70141  31.805  -15.000  50.575 0.0000000000
145699  31.541  -14.706  50.026 0.0000000000
70143  30.405  -15.705  49.600 0.0000000000
68070  31.678  -17.317  51.880 0.0000000000
69029  31.980  -16.527  51.563 0.0000000000
144204  31.014  -17.203  51.600 0.0000000000
68080  29.681  -16.803  50.215 0.0000000000
69047  29.552  -16.667  49.141 0.0000000000
71074  37.817  -14.722  54.307 0.0000000000
136676  37.229  -14.892  53.882 0.0000000000
71076  36.527  -13.662  53.642 0.0000000000
72027  36.558  -12.671  53.674 0.0000000000
72961  37.247  -12.208  54.120 0.0000000000
72972  35.667  -12.633  52.701 0.0000000000
136391  34.022  -13.871  51.823 0.0000000000
72051  34.018  -13.126  51.348 0.0000000000
72057  34.000  -12.769  50.337 0.0000000000
54340  27.518  -30.392  71.737 0.0000000000
53287  27.052  -30.715  71.220 0.0000000000
53297  26.769  -31.177  70.656 0.0000000000
53323  25.272  -30.453  68.697 0.0000000000
53310  25.770  -30.968  69.395 0.0000000000
53335  25.052  -30.673  67.805 0.0000000000
55373  22.154  -29.655  68.799 0.0000000000
55386  21.293  -29.374  67.931 0.0000000000
56369  21.377  -28.889  66.450 0.0000000000
55400  22.959  -29.613  66.890 0.0000000000
55384  23.904  -29.947  67.165 0.0000000000
140369  23.082  -29.364  65.866 0.0000000000
145691  23.581  -29.487  65.515 0.0000000000
56389  21.458  -28.577  64.102 0.0000000000
55423  17.696  -30.280  63.892 0.0000000000
53387  17.261  -31.583  62.865 0.0000000000
77844  43.391  -7.377  46.536 0.0000000000
77866  43.762  -6.769  44.483 0.0000000000
129582  43.788  -6.748  43.675 0.0000000000
78874  44.517  -6.364  43.273 0.0000000000
78875  43.934  -6.593  42.750 0.0000000000
77876  40.559  -7.318  41.509 0.0000000000
127375  42.354  -6.906  41.233 0.0000000000
122920  44.254  -6.669  40.916 0.0000000000
77892  44.733  -7.348  40.232 0.0000000000
126486  44.934  -7.883  39.086 0.0000000000
77910  44.764  -7.523  38.564 0.0000000000
52210  16.436  -31.951  68.640 0.0000000000
50957  16.684  -32.892  71.438 0.0000000000
50946  17.302  -33.473  73.049 0.0000000000
49755  16.630  -33.860  72.628 0.0000000000
49745  16.940  -34.105  73.373 0.0000000000
49746  16.296  -34.407  72.985 0.0000000000
143507  27.975  -29.733  72.953 0.0000000000
52189  24.352  -31.472  71.438 0.0000000000
53301  21.894  -30.777  71.703 0.0000000000
53300  22.878  -30.817  71.443 0.0000000000
54358  21.415  -30.459  70.214 0.0000000000
53302  18.970  -30.771  70.697 0.0000000000
53314  18.144  -30.952  70.262 0.0000000000
54371  17.934  -30.815  69.619 0.0000000000
71140  31.695  -13.780  48.792 0.0000000000
76871  41.376  -8.534  46.592 0.0000000000
75995  40.654  -8.711  46.400 0.0000000000
75044  38.980  -9.571  47.125 0.0000000000
75045  38.212  -9.786  46.824 0.0000000000
75998  38.082  -9.289  45.422 0.0000000000
76009  38.709  -8.594  44.921 0.0000000000
76010  37.943  -9.052  44.373 0.0000000000
52211  16.209  -32.467  69.051 0.0000000000
51009  15.997  -32.708  67.696 0.0000000000
50997  15.692  -33.014  68.240 0.0000000000
49815  14.972  -33.428  68.051 0.0000000000
131663  14.164  -33.677  66.640 0.0000000000
48720  14.339  -33.946  70.583 0.0000000000
49781  14.597  -33.785  70.295 0.0000000000
130094  13.037  -33.386  68.067 0.0000000000
49817  12.602  -33.516  67.128 0.0000000000
131957  11.714  -33.366  67.054 0.0000000000
49840  8.824  -34.291  65.963 0.0000000000
49747  11.251  -33.086  73.436 0.0000000000
49759  11.395  -32.492  72.251 0.0000000000
50948  8.423  -33.202  72.613 0.0000000000
50960  8.374  -33.151  71.603 0.0000000000
50959  9.314  -32.870  71.322 0.0000000000
50981  9.292  -33.454  68.733 0.0000000000
46500  3.908  -38.602  74.483 0.0000000000
46491  3.676  -38.398  75.272 0.0000000000
44745  3.177  -39.231  75.294 0.0000000000
44764  3.341  -39.631  74.665 0.0000000000
67021  29.741  -17.723  56.239 0.0000000000
66053  28.338  -19.207  58.603 0.0000000000
66062  27.761  -19.591  58.327 0.0000000000
64355  27.084  -21.253  59.057 0.0000000000
64352  26.818  -21.766  59.392 0.0000000000
62332  26.357  -22.901  60.879 0.0000000000
62346  25.960  -22.657  60.134 0.0000000000
62333  25.501  -23.509  60.579 0.0000000000
60420  25.614  -25.189  61.348 0.0000000000
59420  26.525  -26.672  60.439 0.0000000000
59419  27.106  -26.931  60.697 0.0000000000
60416  27.825  -26.563  63.132 0.0000000000
60417  27.479  -26.459  62.670 0.0000000000
58434  26.999  -28.239  59.907 0.0000000000
128467  26.955  -29.800  58.403 0.0000000000
54347  27.736  -29.889  70.165 0.0000000000
55356  28.039  -29.416  70.548 0.0000000000
54364  27.611  -29.853  68.081 0.0000000000
55371  27.853  -29.302  68.374 0.0000000000
56350  28.120  -28.817  68.637 0.0000000000
55370  28.469  -28.936  67.720 0.0000000000
53360  26.090  -30.801  65.955 0.0000000000
53359  26.320  -30.796  65.993 0.0000000000
53358  26.881  -30.667  66.079 0.0000000000
54394  28.383  -29.409  66.219 0.0000000000
55398  28.813  -28.956  66.409 0.0000000000
56357  29.162  -28.586  67.182 0.0000000000
56367  29.286  -28.608  66.557 0.0000000000
56366  29.849  -28.264  66.219 0.0000000000
56387  29.371  -28.465  64.970 0.0000000000
139919  29.985  -27.818  65.425 0.0000000000
57301  30.015  -27.451  65.098 0.0000000000
57307  29.707  -27.421  64.660 0.0000000000
55445  28.762  -29.431  62.941 0.0000000000
56406  28.969  -28.704  63.194 0.0000000000
56407  28.993  -29.112  62.402 0.0000000000
55461  28.801  -29.630  62.006 0.0000000000
54463  26.188  -30.529  61.953 0.0000000000
55464  26.826  -30.512  61.060 0.0000000000
55475  27.595  -30.446  60.138 0.0000000000
56429  27.960  -30.072  59.687 0.0000000000
66087  31.376  -18.016  54.751 0.0000000000
66109  31.259  -18.110  54.117 0.0000000000
67054  30.611  -17.729  54.509 0.0000000000
67056  28.419  -18.063  54.389 0.0000000000
67067  29.703  -17.654  53.635 0.0000000000
67068  28.636  -17.859  53.649 0.0000000000
67069  27.586  -18.006  53.367 0.0000000000
66089  26.473  -19.173  55.328 0.0000000000
65255  25.756  -19.476  52.218 0.0000000000
66129  26.210  -18.965  53.559 0.0000000000
66145  26.462  -18.761  52.230 0.0000000000
67085  27.273  -18.042  52.432 0.0000000000
144536  47.290  -1.519  34.260 0.0000000000
83429  47.039  -1.736  33.521 0.0000000000
83428  47.935  -1.228  33.910 0.0000000000
78919  43.042  -6.412  36.612 0.0000000000
77924  43.464  -7.199  36.289 0.0000000000
66140  33.038  -18.542  53.072 0.0000000000
66154  32.482  -18.366  52.911 0.0000000000
66141  32.302  -18.553  53.012 0.0000000000
66142  31.860  -18.256  53.224 0.0000000000
66139  33.689  -18.449  53.414 0.0000000000
52239  15.734  -32.766  65.834 0.0000000000
54383  17.541  -30.714  67.919 0.0000000000
126042  17.438  -30.639  67.012 0.0000000000
54411  16.858  -30.984  65.395 0.0000000000
54399  16.873  -31.273  66.467 0.0000000000
73996  34.709  -11.697  47.838 0.0000000000
146626  35.927  -11.562  50.599 0.0000000000
124181  36.086  -11.445  49.877 0.0000000000
73975  36.252  -11.313  49.191 0.0000000000
73982  36.267  -11.144  48.428 0.0000000000
73983  35.636  -11.481  48.761 0.0000000000
48680  15.011  -35.120  72.893 0.0000000000
130892  14.729  -34.839  72.225 0.0000000000
48681  14.526  -35.174  72.870 0.0000000000
128938  6.097  -34.844  73.035 0.0000000000
49749  6.076  -35.332  72.465 0.0000000000
48685  5.567  -36.200  72.328 0.0000000000
47603  4.901  -37.089  72.275 0.0000000000
47583  4.726  -37.358  74.129 0.0000000000
143244  29.413  -25.886  64.496 0.0000000000
55422  23.034  -29.265  63.873 0.0000000000
55432  23.751  -29.456  63.329 0.0000000000
54452  24.388  -29.493  62.787 0.0000000000
140292  24.757  -29.697  62.353 0.0000000000
64361  25.314  -21.463  57.553 0.0000000000
63458  24.645  -21.896  57.180 0.0000000000
79910  45.532  -6.257  39.044 0.0000000000
79906  45.959  -5.759  39.371 0.0000000000
80825  45.547  -4.754  39.446 0.0000000000
126833  44.104  -2.364  38.019 0.0000000000
82550  43.507  -3.036  37.755 0.0000000000
81702  43.084  -3.779  37.195 0.0000000000
131591  42.601  -4.583  36.494 0.0000000000
71107  33.110  -14.672  51.249 0.0000000000
70130  31.536  -15.941  50.894 0.0000000000
67110  30.586  -17.221  51.676 0.0000000000
134001  35.689  -15.912  52.832 0.0000000000
130092  36.641  -14.614  53.548 0.0000000000
71092  35.945  -14.230  52.962 0.0000000000
72040  35.403  -13.398  52.618 0.0000000000
140512  14.112  -34.597  64.175 0.0000000000
49876  11.332  -34.687  64.106 0.0000000000
49857  11.121  -33.984  64.940 0.0000000000
52187  25.563  -31.585  70.707 0.0000000000
52186  26.029  -31.649  70.353 0.0000000000
52199  25.397  -31.482  70.267 0.0000000000
53324  24.305  -30.535  69.439 0.0000000000
56358  21.099  -29.027  67.166 0.0000000000
56370  20.481  -28.884  66.612 0.0000000000
56377  21.621  -28.785  65.595 0.0000000000
57293  21.043  -28.515  64.832 0.0000000000
57309  20.618  -28.630  64.137 0.0000000000
56401  20.165  -29.085  63.489 0.0000000000
56402  19.330  -29.370  63.746 0.0000000000
60436  25.725  -26.255  60.118 0.0000000000
77861  43.140  -7.031  44.954 0.0000000000
77862  42.453  -7.273  44.636 0.0000000000
77868  42.414  -7.199  43.696 0.0000000000
77884  41.342  -7.176  40.876 0.0000000000
123271  44.241  -7.831  39.647 0.0000000000
126264  17.857  -31.454  70.779 0.0000000000
53303  18.106  -31.801  71.610 0.0000000000
75973  41.240  -9.406  47.803 0.0000000000
75984  40.281  -9.162  46.882 0.0000000000
49796  15.726  -33.060  69.150 0.0000000000
49797  14.924  -33.441  68.949 0.0000000000
49800  12.929  -33.270  69.540 0.0000000000
49818  11.537  -33.079  68.107 0.0000000000
50989  10.623  -33.105  68.057 0.0000000000
50998  9.983  -33.510  67.669 0.0000000000
49736  10.935  -33.621  74.103 0.0000000000
50961  7.566  -33.727  71.166 0.0000000000
50972  7.430  -34.129  70.345 0.0000000000
50990  8.164  -33.813  68.623 0.0000000000
65188  27.939  -20.002  59.088 0.0000000000
65184  28.018  -20.415  59.816 0.0000000000
64350  27.639  -21.111  60.108 0.0000000000
62307  28.585  -22.451  63.863 0.0000000000
63425  27.556  -22.424  61.465 0.0000000000
62318  27.180  -23.022  62.082 0.0000000000
62319  26.310  -23.465  61.905 0.0000000000
61374  25.711  -24.474  61.816 0.0000000000
61367  26.133  -24.514  62.634 0.0000000000
60418  26.910  -26.210  62.273 0.0000000000
59407  28.113  -27.382  62.292 0.0000000000
53321  27.054  -31.419  68.858 0.0000000000
54365  27.433  -30.409  68.731 0.0000000000
53320  27.264  -30.854  68.279 0.0000000000
136367  27.432  -30.350  68.172 0.0000000000
53319  27.447  -30.283  67.677 0.0000000000
53370  26.844  -30.802  65.381 0.0000000000
54408  27.231  -30.601  65.392 0.0000000000
55410  28.348  -29.363  65.656 0.0000000000
55397  29.367  -28.611  66.084 0.0000000000
55419  28.848  -28.835  65.297 0.0000000000
55429  29.051  -28.932  64.469 0.0000000000
56398  29.349  -28.500  64.112 0.0000000000
55477  25.525  -30.501  59.655 0.0000000000
55490  26.002  -30.370  58.878 0.0000000000
55491  25.264  -30.689  58.686 0.0000000000
67037  29.679  -17.728  55.226 0.0000000000
67038  28.764  -17.995  54.950 0.0000000000
65227  25.152  -20.393  54.268 0.0000000000
66113  25.644  -19.606  53.911 0.0000000000
134652  25.152  -20.414  53.292 0.0000000000
82555  45.043  -2.097  35.163 0.0000000000
83425  45.945  -1.713  34.993 0.0000000000
69028  32.852  -16.362  51.637 0.0000000000
69022  33.108  -16.975  51.986 0.0000000000
68062  32.233  -17.610  52.339 0.0000000000
67097  31.902  -17.622  52.392 0.0000000000
67099  30.504  -17.389  51.976 0.0000000000
67100  29.742  -17.207  51.915 0.0000000000
123588  29.041  -17.307  52.269 0.0000000000
70094  37.544  -15.592  54.059 0.0000000000
68044  36.220  -17.505  53.627 0.0000000000
69011  35.933  -16.698  53.204 0.0000000000
136018  36.244  -16.026  53.224 0.0000000000
51045  14.695  -34.508  63.840 0.0000000000
49855  13.980  -34.434  64.944 0.0000000000
54368  21.618  -30.110  69.521 0.0000000000
55388  19.235  -29.475  67.794 0.0000000000
56380  18.755  -29.151  65.943 0.0000000000
56392  18.614  -29.435  64.822 0.0000000000
76904  39.722  -7.586  43.056 0.0000000000
53280  19.298  -31.614  72.924 0.0000000000
141343  20.269  -31.652  73.977 0.0000000000
73958  38.831  -10.462  50.789 0.0000000000
73966  37.124  -11.121  50.376 0.0000000000
73965  37.995  -10.827  50.356 0.0000000000
75004  38.793  -10.413  49.899 0.0000000000
75023  39.430  -10.108  48.536 0.0000000000
75036  39.237  -9.856  47.838 0.0000000000
75024  38.518  -10.190  48.380 0.0000000000
75038  37.403  -10.447  47.600 0.0000000000
73993  36.916  -10.756  47.324 0.0000000000
74006  36.418  -10.831  46.755 0.0000000000
49770  15.101  -34.038  70.800 0.0000000000
147916  14.628  -34.290  70.982 0.0000000000
48692  14.587  -34.676  71.854 0.0000000000
48721  13.984  -34.078  70.932 0.0000000000
49783  13.422  -33.357  70.491 0.0000000000
49771  11.966  -32.492  70.483 0.0000000000
49730  8.964  -33.595  73.922 0.0000000000
50949  7.318  -33.776  72.735 0.0000000000
49773  6.911  -34.672  70.911 0.0000000000
49774  6.667  -35.306  70.337 0.0000000000
47626  5.781  -36.783  69.918 0.0000000000
62297  29.613  -22.950  65.162 0.0000000000
62298  28.766  -23.021  64.761 0.0000000000
59400  28.245  -26.965  63.215 0.0000000000
54409  25.316  -30.261  66.001 0.0000000000
128608  25.971  -30.994  66.368 0.0000000000
53372  25.969  -30.444  65.239 0.0000000000
54421  25.496  -30.208  64.587 0.0000000000
53384  25.873  -30.384  64.521 0.0000000000
54435  26.246  -30.421  63.973 0.0000000000
54434  26.970  -30.257  63.790 0.0000000000
66072  27.204  -19.082  56.625 0.0000000000
65208  25.885  -19.824  55.791 0.0000000000
65199  25.365  -20.534  56.216 0.0000000000
65209  25.242  -20.416  55.240 0.0000000000
64379  24.638  -21.136  54.641 0.0000000000
148907  44.342  -2.059  36.803 0.0000000000
83415  44.748  -1.839  36.461 0.0000000000
83422  44.753  -2.069  35.855 0.0000000000
81709  44.087  -3.440  34.183 0.0000000000
72999  33.926  -12.527  49.593 0.0000000000
72065  33.277  -12.828  49.373 0.0000000000
72066  32.532  -13.323  49.157 0.0000000000
69036  30.785  -16.196  50.484 0.0000000000
68071  30.420  -16.852  50.933 0.0000000000
142500  29.995  -16.070  49.136 0.0000000000
71075  37.240  -14.038  54.023 0.0000000000
72015  37.562  -13.227  54.374 0.0000000000
73949  37.337  -11.359  52.636 0.0000000000
73950  36.637  -11.558  52.424 0.0000000000
72983  35.112  -12.561  52.227 0.0000000000
73968  35.249  -11.878  51.393 0.0000000000
72991  34.477  -12.286  50.885 0.0000000000
55348  28.431  -29.281  72.418 0.0000000000
56330  28.700  -28.852  71.897 0.0000000000
54339  27.853  -29.900  71.323 0.0000000000
54348  27.427  -30.322  70.749 0.0000000000
53296  27.243  -30.934  70.200 0.0000000000
52198  25.915  -31.646  69.914 0.0000000000
52197  26.390  -31.421  69.479 0.0000000000
52196  26.691  -31.388  69.109 0.0000000000
52219  26.441  -31.142  68.543 0.0000000000
136080  25.637  -30.908  67.649 0.0000000000
54380  25.514  -30.675  67.192 0.0000000000
54367  22.717  -29.952  69.277 0.0000000000
55372  23.024  -29.916  68.400 0.0000000000
144513  23.796  -30.283  67.961 0.0000000000
54398  24.741  -29.909  66.574 0.0000000000
56376  22.405  -29.062  65.330 0.0000000000
139787  22.329  -28.896  64.381 0.0000000000
55436  18.334  -30.225  63.451 0.0000000000
62348  24.521  -24.078  59.403 0.0000000000
78879  45.857  -6.390  41.863 0.0000000000
77870  40.560  -7.222  42.651 0.0000000000
77874  42.503  -6.982  42.527 0.0000000000
77873  43.389  -6.743  42.371 0.0000000000
77883  44.051  -6.433  41.769 0.0000000000
142408  44.761  -6.388  41.242 0.0000000000
78885  45.545  -6.555  41.165 0.0000000000
141603  45.905  -6.890  40.651 0.0000000000
77899  46.137  -6.858  40.225 0.0000000000
136443  44.981  -7.608  39.589 0.0000000000
77900  45.501  -7.220  39.673 0.0000000000
78897  46.004  -6.652  39.683 0.0000000000
78905  44.913  -6.269  38.541 0.0000000000
78906  44.043  -6.375  38.160 0.0000000000
79916  43.252  -5.687  37.833 0.0000000000
52200  16.933  -32.143  70.265 0.0000000000
52201  16.508  -32.745  69.774 0.0000000000
50980  16.267  -33.230  70.118 0.0000000000
49768  15.789  -33.752  71.463 0.0000000000
132370  17.669  -32.705  72.792 0.0000000000
52164  18.016  -32.988  73.482 0.0000000000
136082  16.999  -33.230  72.268 0.0000000000
50958  16.337  -33.535  71.840 0.0000000000
49757  15.456  -34.277  71.899 0.0000000000
48690  15.685  -34.585  72.580 0.0000000000
57253  29.861  -28.328  72.969 0.0000000000
56328  28.926  -28.678  72.876 0.0000000000
53288  26.745  -31.059  71.686 0.0000000000
52158  26.456  -31.263  72.271 0.0000000000
133609  25.778  -31.535  71.230 0.0000000000
52188  25.005  -31.614  71.036 0.0000000000
53313  23.055  -30.575  70.574 0.0000000000
55363  20.662  -30.243  69.865 0.0000000000
140831  19.734  -30.122  69.830 0.0000000000
129071  19.873  -30.358  70.378 0.0000000000
77845  42.701  -7.757  46.218 0.0000000000
76870  42.063  -8.271  46.814 0.0000000000
76878  41.993  -8.002  45.998 0.0000000000
76890  40.044  -7.836  44.724 0.0000000000
75985  39.593  -9.269  46.621 0.0000000000
76008  39.579  -8.409  45.318 0.0000000000
145669  16.183  -32.432  67.642 0.0000000000
49814  15.354  -33.263  67.939 0.0000000000
49833  15.072  -33.414  67.334 0.0000000000
49834  14.669  -33.508  66.553 0.0000000000
49835  13.587  -33.749  66.128 0.0000000000
49798  14.510  -33.453  69.217 0.0000000000
132318  13.830  -33.405  68.341 0.0000000000
49799  13.395  -33.394  69.034 0.0000000000
49836  12.970  -33.632  66.233 0.0000000000
49858  10.077  -34.301  65.013 0.0000000000
126050  12.412  -32.681  71.700 0.0000000000
49772  10.653  -32.735  70.109 0.0000000000
49737  9.835  -33.503  73.890 0.0000000000
50947  9.439  -32.855  73.116 0.0000000000
49760  10.365  -32.738  71.156 0.0000000000
49786  10.348  -33.132  69.200 0.0000000000
139407  9.118  -33.625  67.716 0.0000000000
50999  8.109  -34.015  67.628 0.0000000000
51013  8.516  -34.058  66.809 0.0000000000
44782  3.410  -39.946  73.471 0.0000000000
45554  3.534  -39.088  74.865 0.0000000000
65224  32.654  -18.724  54.157 0.0000000000
66061  28.349  -18.556  57.134 0.0000000000
125501  27.608  -19.190  57.391 0.0000000000
142745  27.093  -19.941  57.990 0.0000000000
65190  26.704  -20.716  58.422 0.0000000000
63447  26.128  -21.888  59.135 0.0000000000
63443  25.664  -22.515  59.431 0.0000000000
64347  27.400  -21.757  60.361 0.0000000000
63435  27.194  -22.275  60.667 0.0000000000
63441  27.019  -21.995  59.967 0.0000000000
61384  25.031  -24.472  60.104 0.0000000000
60431  25.362  -25.370  60.601 0.0000000000
58435  26.521  -27.828  59.038 0.0000000000
57363  27.050  -28.902  57.917 0.0000000000
59385  30.524  -26.206  65.503 0.0000000000
56336  28.352  -28.851  70.871 0.0000000000
57264  28.580  -28.265  70.028 0.0000000000
55362  27.837  -29.330  69.423 0.0000000000
140806  29.236  -27.801  68.233 0.0000000000
53346  25.979  -31.025  66.588 0.0000000000
54379  27.789  -29.770  67.225 0.0000000000
54407  27.437  -30.381  65.951 0.0000000000
54395  27.914  -29.785  66.558 0.0000000000
57278  29.612  -28.031  67.429 0.0000000000
57270  29.911  -27.169  67.658 0.0000000000
57277  30.126  -27.563  67.007 0.0000000000
56374  29.811  -28.262  65.768 0.0000000000
57292  30.269  -27.826  65.881 0.0000000000
57284  30.734  -27.304  66.093 0.0000000000
58361  30.849  -26.729  66.002 0.0000000000
58371  30.538  -26.637  65.554 0.0000000000
58385  30.265  -26.554  65.102 0.0000000000
58386  29.778  -27.089  64.745 0.0000000000
57317  29.356  -27.368  64.298 0.0000000000
57327  28.918  -28.207  63.112 0.0000000000
54448  27.242  -30.757  62.806 0.0000000000
55447  27.802  -30.615  62.225 0.0000000000
55462  28.306  -30.200  61.551 0.0000000000
56417  28.490  -29.602  61.151 0.0000000000
65225  32.165  -18.711  54.019 0.0000000000
66126  31.790  -18.431  53.692 0.0000000000
66127  31.343  -17.926  53.415 0.0000000000
66128  30.471  -17.589  53.209 0.0000000000
123115  27.907  -17.693  51.818 0.0000000000
66088  27.245  -18.689  55.762 0.0000000000
66111  27.033  -18.518  54.824 0.0000000000
67058  26.911  -18.435  53.946 0.0000000000
145461  42.986  -6.033  37.295 0.0000000000
140089  42.688  -5.537  37.040 0.0000000000
78925  43.085  -6.247  35.575 0.0000000000
48707  14.754  -34.539  71.521 0.0000000000
49778  15.811  -33.485  70.628 0.0000000000
50996  15.933  -32.704  68.647 0.0000000000
52207  26.773  -31.346  68.482 0.0000000000
52208  26.647  -31.318  68.775 0.0000000000
53275  27.185  -30.812  72.167 0.0000000000
53308  27.239  -31.035  69.210 0.0000000000
53309  27.089  -31.248  69.780 0.0000000000
53322  26.002  -30.888  68.482 0.0000000000
53331  27.510  -30.173  66.968 0.0000000000
53332  27.125  -30.691  67.500 0.0000000000
53333  27.074  -31.131  68.008 0.0000000000
53345  26.335  -30.909  66.586 0.0000000000
54378  28.300  -29.373  66.783 0.0000000000
54396  27.623  -30.149  66.382 0.0000000000
65253  32.797  -18.792  53.624 0.0000000000
68053  33.928  -17.438  52.585 0.0000000000
68061  33.246  -17.460  52.345 0.0000000000
70108  36.138  -15.244  53.106 0.0000000000
70118  34.860  -14.990  52.305 0.0000000000
72971  36.228  -12.248  52.972 0.0000000000
81708  43.257  -3.577  35.425 0.0000000000
82549  43.952  -2.363  37.159 0.0000000000
83410  44.578  -1.774  37.236 0.0000000000
125179  33.721  -12.260  48.790 0.0000000000
134617  26.124  -18.983  52.831 0.0000000000
139116  26.896  -31.104  72.474 0.0000000000
139379  26.091  -31.133  67.503 0.0000000000
139462  29.060  -17.882  54.157 0.0000000000
140867  26.026  -31.406  71.841 0.0000000000
141957  15.203  -34.632  72.203 0.0000000000
146201  21.761  -29.488  68.395 0.0000000000
147059  27.021  -30.971  67.737 0.0000000000
147764  25.350  -30.308  66.800 0.0000000000
147810  29.677  -28.225  65.341 0.0000000000
148005  37.353  -10.661  48.580 0.0000000000
148242  27.546  -30.238  65.489 0.0000000000
148489  28.201  -29.802  72.085 0.0000000000
