#!ascii label  , from subject sub-v1s6x0051364_ses-1 vox2ras=TkReg
2186
68119  42.663  -17.883  45.594 0.0000000000
45701  35.209  -38.880  63.291 0.0000000000
43981  19.554  -42.099  66.823 0.0000000000
41970  12.358  -43.241  69.197 0.0000000000
42898  29.631  -41.807  72.042 0.0000000000
44063  24.412  -41.835  60.663 0.0000000000
60594  37.457  -26.450  44.914 0.0000000000
69121  52.479  -16.456  42.579 0.0000000000
139006  43.587  -27.054  55.077 0.0000000000
54523  33.811  -31.165  56.117 0.0000000000
52339  26.320  -33.721  54.057 0.0000000000
136592  21.067  -42.531  71.695 0.0000000000
42968  16.004  -42.134  67.893 0.0000000000
124144  16.410  -43.385  73.178 0.0000000000
141579  24.909  -41.060  70.256 0.0000000000
61444  47.183  -24.831  53.406 0.0000000000
49765  34.902  -35.121  69.877 0.0000000000
52233  38.257  -33.509  65.252 0.0000000000
54457  39.213  -31.238  62.126 0.0000000000
48833  35.402  -36.675  58.244 0.0000000000
51167  30.958  -35.364  52.285 0.0000000000
47769  31.333  -36.517  58.712 0.0000000000
140074  20.959  -43.465  57.807 0.0000000000
45763  21.401  -39.738  55.447 0.0000000000
128984  47.296  -16.657  44.259 0.0000000000
70277  44.529  -15.523  37.778 0.0000000000
45714  18.174  -39.787  61.131 0.0000000000
44050  14.614  -41.200  62.369 0.0000000000
44839  32.985  -40.597  67.813 0.0000000000
45706  29.376  -39.465  63.456 0.0000000000
42997  27.487  -42.493  66.379 0.0000000000
149020  22.818  -42.199  63.873 0.0000000000
64470  38.137  -21.365  46.071 0.0000000000
41015  13.563  -43.891  75.003 0.0000000000
41033  8.817  -44.016  71.911 0.0000000000
71112  50.817  -14.927  50.685 0.0000000000
68058  45.912  -17.918  51.108 0.0000000000
63558  44.068  -22.610  49.472 0.0000000000
58546  41.858  -27.881  49.050 0.0000000000
124741  38.332  -25.906  50.821 0.0000000000
57335  42.779  -28.735  60.480 0.0000000000
57385  38.413  -28.166  57.030 0.0000000000
59510  32.874  -26.842  52.432 0.0000000000
56511  28.374  -29.716  50.769 0.0000000000
47772  25.615  -37.076  58.338 0.0000000000
42878  21.125  -42.549  75.275 0.0000000000
41941  18.972  -43.136  71.849 0.0000000000
41884  19.028  -43.065  75.502 0.0000000000
43910  22.958  -41.538  74.186 0.0000000000
48737  35.204  -36.986  67.646 0.0000000000
49865  35.917  -35.925  64.461 0.0000000000
48802  38.187  -36.191  62.007 0.0000000000
46656  35.695  -37.853  60.643 0.0000000000
47781  33.627  -37.027  57.326 0.0000000000
46658  33.680  -37.827  60.835 0.0000000000
43115  18.167  -42.415  55.800 0.0000000000
42096  19.176  -42.859  54.886 0.0000000000
68125  44.552  -17.509  44.783 0.0000000000
68150  43.224  -17.157  41.636 0.0000000000
123142  40.523  -18.174  41.824 0.0000000000
44035  19.133  -40.944  63.954 0.0000000000
44896  16.449  -40.426  61.491 0.0000000000
146114  17.169  -41.358  64.538 0.0000000000
42971  13.606  -42.542  68.430 0.0000000000
144875  13.349  -42.088  65.919 0.0000000000
41994  11.331  -43.078  66.235 0.0000000000
125624  9.683  -44.041  66.668 0.0000000000
45593  32.733  -38.830  70.836 0.0000000000
43945  31.122  -41.277  70.406 0.0000000000
42978  30.474  -42.130  67.445 0.0000000000
42943  28.635  -42.479  69.013 0.0000000000
44842  21.738  -40.986  68.075 0.0000000000
43990  23.913  -41.397  66.479 0.0000000000
44004  21.056  -41.151  65.309 0.0000000000
44882  20.658  -40.905  62.090 0.0000000000
62559  38.090  -23.927  45.975 0.0000000000
62580  34.760  -24.220  42.617 0.0000000000
59637  34.946  -26.396  42.279 0.0000000000
143924  8.057  -45.003  73.004 0.0000000000
65269  44.921  -20.775  50.598 0.0000000000
64413  48.216  -21.420  51.258 0.0000000000
59472  45.724  -26.660  54.432 0.0000000000
132539  44.684  -25.950  51.534 0.0000000000
58512  43.128  -27.559  52.297 0.0000000000
59549  40.703  -27.319  50.229 0.0000000000
59488  40.843  -26.354  53.519 0.0000000000
54498  36.118  -30.913  58.818 0.0000000000
55496  38.155  -29.848  59.093 0.0000000000
56470  35.470  -29.670  56.527 0.0000000000
58499  35.944  -27.542  54.716 0.0000000000
56485  32.881  -29.013  54.121 0.0000000000
57420  30.178  -28.101  51.694 0.0000000000
55535  30.844  -30.503  53.732 0.0000000000
52399  28.816  -34.137  50.348 0.0000000000
44889  26.671  -40.448  62.157 0.0000000000
46661  27.411  -38.338  61.004 0.0000000000
45724  25.089  -39.373  60.171 0.0000000000
47816  21.590  -37.633  54.185 0.0000000000
70263  54.459  -16.025  38.282 0.0000000000
135384  50.798  -15.266  39.217 0.0000000000
42947  20.380  -42.380  69.547 0.0000000000
43003  17.774  -42.162  66.705 0.0000000000
42949  18.300  -42.840  69.908 0.0000000000
42934  16.082  -42.557  70.593 0.0000000000
41956  14.102  -43.138  70.696 0.0000000000
42888  28.076  -41.720  74.035 0.0000000000
144142  27.426  -42.230  71.103 0.0000000000
122942  25.081  -41.340  72.950 0.0000000000
43936  22.976  -40.725  70.895 0.0000000000
62493  49.765  -23.069  52.902 0.0000000000
58463  46.484  -27.335  57.135 0.0000000000
52254  39.846  -33.753  63.728 0.0000000000
52291  36.570  -33.960  60.667 0.0000000000
52321  34.292  -34.157  57.603 0.0000000000
52338  31.912  -33.885  54.241 0.0000000000
49960  33.341  -35.889  55.566 0.0000000000
143740  30.977  -36.139  54.578 0.0000000000
49963  28.874  -34.902  55.750 0.0000000000
42051  22.696  -43.201  59.424 0.0000000000
44917  22.885  -40.955  58.549 0.0000000000
43113  21.256  -42.650  56.524 0.0000000000
135479  49.461  -16.218  43.550 0.0000000000
70257  48.003  -15.219  39.832 0.0000000000
69147  45.387  -16.110  40.665 0.0000000000
43032  15.174  -41.723  65.054 0.0000000000
47631  34.592  -37.704  69.282 0.0000000000
44848  34.387  -40.294  65.614 0.0000000000
139806  32.601  -39.314  63.756 0.0000000000
44858  31.752  -40.871  65.597 0.0000000000
44014  28.466  -41.730  64.585 0.0000000000
43039  26.096  -42.424  63.872 0.0000000000
42962  26.574  -42.525  67.857 0.0000000000
41999  25.087  -42.677  65.276 0.0000000000
42031  23.480  -43.243  61.749 0.0000000000
148188  21.985  -42.804  60.837 0.0000000000
135381  19.816  -40.113  58.512 0.0000000000
66205  40.055  -19.113  46.035 0.0000000000
66224  38.331  -19.229  42.746 0.0000000000
64482  35.851  -21.077  43.041 0.0000000000
41918  15.067  -43.920  73.801 0.0000000000
125394  12.634  -43.730  71.944 0.0000000000
138072  10.983  -43.050  73.655 0.0000000000
41960  10.232  -43.322  70.383 0.0000000000
69064  51.407  -16.157  46.217 0.0000000000
69067  49.066  -16.080  46.621 0.0000000000
69040  46.054  -16.017  47.845 0.0000000000
68085  43.570  -17.877  48.480 0.0000000000
66179  41.877  -19.486  48.851 0.0000000000
64447  41.440  -22.034  48.164 0.0000000000
61503  40.350  -24.753  47.097 0.0000000000
61474  46.312  -23.641  50.891 0.0000000000
60549  42.865  -25.157  48.718 0.0000000000
59597  39.781  -27.263  46.539 0.0000000000
58579  39.005  -29.056  47.061 0.0000000000
59582  37.736  -26.942  47.413 0.0000000000
57371  43.676  -28.546  58.309 0.0000000000
55469  41.088  -29.689  60.707 0.0000000000
56449  41.400  -29.331  58.893 0.0000000000
132462  41.374  -27.261  56.701 0.0000000000
59477  38.412  -26.086  54.583 0.0000000000
60513  35.387  -25.653  51.511 0.0000000000
53478  29.652  -32.808  51.763 0.0000000000
147757  30.165  -37.281  60.617 0.0000000000
48837  28.086  -36.531  58.398 0.0000000000
49950  25.781  -35.289  56.498 0.0000000000
46689  22.881  -38.568  57.721 0.0000000000
48882  23.320  -35.897  55.935 0.0000000000
42864  19.867  -42.817  75.906 0.0000000000
42853  19.577  -42.317  76.507 0.0000000000
46610  35.540  -38.883  65.323 0.0000000000
48764  35.427  -36.492  65.788 0.0000000000
47712  35.912  -38.291  63.997 0.0000000000
141712  36.629  -37.719  62.604 0.0000000000
147465  35.677  -38.449  62.064 0.0000000000
46657  34.388  -37.805  60.161 0.0000000000
46635  34.430  -38.668  62.271 0.0000000000
68126  43.681  -17.684  44.749 0.0000000000
147905  42.702  -17.927  42.987 0.0000000000
67172  41.640  -18.347  43.738 0.0000000000
44006  19.304  -41.503  65.371 0.0000000000
136005  18.244  -41.094  63.970 0.0000000000
44007  18.458  -41.656  65.427 0.0000000000
41979  12.878  -42.895  68.601 0.0000000000
41986  12.916  -42.649  67.861 0.0000000000
41980  12.088  -43.060  68.180 0.0000000000
41995  10.563  -43.558  66.670 0.0000000000
41058  11.138  -43.412  68.130 0.0000000000
43903  29.876  -41.072  73.211 0.0000000000
43902  30.390  -40.694  72.791 0.0000000000
44801  31.151  -40.458  71.611 0.0000000000
43946  30.331  -41.567  70.847 0.0000000000
144071  30.196  -41.905  69.702 0.0000000000
42927  29.364  -42.024  70.763 0.0000000000
135192  20.743  -41.565  66.957 0.0000000000
43992  21.569  -40.942  66.637 0.0000000000
148640  20.424  -41.511  65.861 0.0000000000
44019  19.638  -41.108  64.638 0.0000000000
60586  37.246  -25.267  45.297 0.0000000000
61524  35.452  -24.992  44.367 0.0000000000
60595  35.791  -25.879  44.326 0.0000000000
67074  49.623  -19.612  52.936 0.0000000000
141849  48.235  -20.239  51.580 0.0000000000
65258  50.054  -20.796  52.203 0.0000000000
58493  45.016  -27.007  54.864 0.0000000000
129452  44.338  -27.216  53.439 0.0000000000
58504  43.117  -27.212  53.724 0.0000000000
59503  41.720  -26.822  52.841 0.0000000000
59486  42.443  -26.799  54.200 0.0000000000
54518  34.810  -31.008  57.075 0.0000000000
55509  35.518  -30.466  57.457 0.0000000000
55524  34.814  -30.069  56.122 0.0000000000
56477  34.438  -29.675  55.546 0.0000000000
55530  32.918  -30.220  54.996 0.0000000000
56482  32.544  -29.772  54.428 0.0000000000
55527  32.583  -30.960  55.149 0.0000000000
44891  25.522  -40.827  61.395 0.0000000000
45718  25.541  -39.910  60.835 0.0000000000
45719  24.862  -40.123  60.442 0.0000000000
69154  53.705  -16.179  40.240 0.0000000000
69144  51.916  -16.259  40.867 0.0000000000
42932  20.415  -42.599  70.372 0.0000000000
42948  19.822  -42.774  69.911 0.0000000000
42933  19.872  -42.891  70.635 0.0000000000
41931  17.812  -43.245  72.728 0.0000000000
42919  17.588  -42.924  71.156 0.0000000000
42920  16.575  -42.799  71.321 0.0000000000
142161  15.407  -42.636  70.673 0.0000000000
41943  16.074  -43.151  72.143 0.0000000000
42875  26.755  -42.182  74.884 0.0000000000
42889  26.923  -41.957  73.828 0.0000000000
43887  25.282  -41.747  74.708 0.0000000000
43911  22.269  -41.869  73.362 0.0000000000
43926  23.173  -40.998  72.263 0.0000000000
43938  21.727  -41.917  71.530 0.0000000000
43950  21.622  -41.717  70.579 0.0000000000
52225  36.575  -33.363  66.413 0.0000000000
53328  37.305  -31.805  66.980 0.0000000000
123943  39.604  -32.037  65.929 0.0000000000
53353  40.921  -33.105  65.429 0.0000000000
51016  39.852  -33.930  64.814 0.0000000000
48822  36.779  -36.346  60.009 0.0000000000
138053  37.418  -35.433  61.028 0.0000000000
134740  36.169  -35.293  59.671 0.0000000000
52303  35.464  -33.757  59.441 0.0000000000
51107  34.632  -35.142  57.597 0.0000000000
51111  33.462  -34.683  56.242 0.0000000000
49943  34.315  -35.759  56.948 0.0000000000
134223  32.399  -36.703  58.073 0.0000000000
48862  32.190  -36.610  56.130 0.0000000000
48863  30.759  -35.971  56.271 0.0000000000
49962  29.730  -35.331  55.477 0.0000000000
48864  29.949  -35.706  57.013 0.0000000000
42062  21.609  -43.408  58.354 0.0000000000
42070  21.841  -43.281  57.970 0.0000000000
42085  21.070  -43.215  56.899 0.0000000000
69113  47.788  -16.346  43.649 0.0000000000
70233  47.917  -15.596  42.168 0.0000000000
69126  46.555  -16.200  42.790 0.0000000000
69150  43.106  -16.638  40.229 0.0000000000
44911  17.247  -40.183  59.054 0.0000000000
44912  16.624  -40.609  59.463 0.0000000000
42988  16.392  -42.098  67.306 0.0000000000
140785  16.252  -41.993  66.008 0.0000000000
43005  15.109  -42.016  66.729 0.0000000000
42000  11.900  -42.573  64.791 0.0000000000
43035  12.571  -42.098  64.284 0.0000000000
141110  32.641  -39.978  69.954 0.0000000000
46538  33.462  -38.464  70.300 0.0000000000
45652  33.808  -39.775  68.521 0.0000000000
45650  34.877  -38.978  67.781 0.0000000000
44838  33.475  -40.458  67.334 0.0000000000
44850  33.290  -40.540  65.655 0.0000000000
43986  32.792  -40.872  66.380 0.0000000000
42995  29.205  -42.405  67.109 0.0000000000
44000  29.253  -41.958  65.633 0.0000000000
43012  28.502  -42.177  65.593 0.0000000000
44015  27.694  -41.984  64.468 0.0000000000
43028  26.407  -42.446  64.545 0.0000000000
43947  26.257  -41.646  70.521 0.0000000000
42945  27.061  -42.106  69.387 0.0000000000
43957  25.709  -41.650  69.035 0.0000000000
43016  23.427  -42.041  64.822 0.0000000000
43000  24.801  -42.535  65.757 0.0000000000
43029  24.030  -42.661  64.346 0.0000000000
124035  24.209  -42.919  63.096 0.0000000000
43051  23.535  -42.994  62.904 0.0000000000
42032  22.946  -43.129  61.878 0.0000000000
43053  22.395  -42.656  62.142 0.0000000000
44893  19.567  -40.129  61.575 0.0000000000
44902  20.333  -40.223  60.187 0.0000000000
45728  18.689  -39.545  59.575 0.0000000000
65317  38.856  -20.211  46.161 0.0000000000
144375  37.873  -19.774  44.845 0.0000000000
65320  36.881  -20.656  45.096 0.0000000000
61568  36.141  -24.744  40.619 0.0000000000
148867  13.833  -44.074  74.295 0.0000000000
41934  13.394  -43.894  72.572 0.0000000000
41023  13.324  -44.017  73.528 0.0000000000
41025  8.851  -43.597  72.879 0.0000000000
41937  9.484  -43.237  72.197 0.0000000000
132789  11.005  -43.321  71.941 0.0000000000
41961  9.445  -43.494  70.604 0.0000000000
41053  9.009  -44.025  69.315 0.0000000000
41054  8.459  -44.592  69.675 0.0000000000
71157  52.432  -15.420  46.015 0.0000000000
70146  51.119  -15.294  48.475 0.0000000000
125022  49.918  -15.128  48.499 0.0000000000
69053  47.444  -15.838  47.000 0.0000000000
124242  48.163  -15.177  49.030 0.0000000000
69017  46.532  -16.426  50.992 0.0000000000
127170  45.592  -16.732  50.002 0.0000000000
68067  44.589  -17.842  50.118 0.0000000000
67127  42.960  -18.340  48.887 0.0000000000
67105  44.455  -18.613  50.462 0.0000000000
64425  45.224  -21.535  50.247 0.0000000000
64434  43.323  -21.650  49.738 0.0000000000
63572  42.546  -22.726  48.605 0.0000000000
63582  40.731  -23.230  47.306 0.0000000000
62551  42.545  -23.544  48.384 0.0000000000
61454  49.055  -23.760  53.385 0.0000000000
62494  48.518  -23.331  52.450 0.0000000000
61456  46.860  -24.421  52.486 0.0000000000
59534  42.875  -27.329  50.306 0.0000000000
60521  43.964  -25.789  50.198 0.0000000000
59563  42.157  -27.079  48.791 0.0000000000
59579  41.369  -26.931  47.893 0.0000000000
58577  41.022  -27.944  47.727 0.0000000000
57485  39.570  -29.047  46.747 0.0000000000
57458  40.243  -28.602  47.798 0.0000000000
59537  39.164  -26.308  50.153 0.0000000000
149058  38.672  -26.888  48.401 0.0000000000
59552  38.071  -26.319  49.070 0.0000000000
124877  36.881  -25.678  49.769 0.0000000000
56434  44.381  -29.251  59.446 0.0000000000
54442  40.475  -31.201  63.221 0.0000000000
55439  41.280  -30.054  62.825 0.0000000000
55457  39.822  -30.435  61.453 0.0000000000
148892  38.329  -29.305  58.023 0.0000000000
139932  39.668  -29.389  58.814 0.0000000000
57375  39.529  -28.620  57.838 0.0000000000
129632  41.521  -28.065  57.633 0.0000000000
58468  39.672  -27.538  56.811 0.0000000000
59463  39.844  -26.392  55.343 0.0000000000
58486  38.342  -27.028  56.045 0.0000000000
58506  34.436  -27.406  53.690 0.0000000000
59493  35.704  -26.508  53.520 0.0000000000
148434  34.087  -26.178  52.099 0.0000000000
60514  34.001  -25.602  50.856 0.0000000000
60528  32.498  -25.721  50.392 0.0000000000
144283  31.341  -26.476  50.808 0.0000000000
138456  29.019  -29.046  51.498 0.0000000000
57431  28.947  -28.181  50.084 0.0000000000
51127  31.783  -34.705  53.434 0.0000000000
53467  30.892  -32.766  53.822 0.0000000000
53477  30.325  -33.448  52.124 0.0000000000
53515  28.103  -33.139  49.641 0.0000000000
46630  31.202  -38.846  63.542 0.0000000000
46648  30.786  -37.852  62.111 0.0000000000
46649  29.756  -38.242  62.294 0.0000000000
47758  26.759  -37.617  59.365 0.0000000000
47757  27.593  -37.484  59.535 0.0000000000
48838  27.087  -36.617  58.243 0.0000000000
49939  27.034  -35.807  57.303 0.0000000000
48865  25.493  -35.842  57.073 0.0000000000
44928  22.122  -40.748  57.073 0.0000000000
46681  22.540  -39.297  57.980 0.0000000000
46698  21.820  -38.900  56.515 0.0000000000
129129  22.237  -36.795  55.594 0.0000000000
49982  23.314  -35.019  54.814 0.0000000000
70270  46.668  -15.389  38.853 0.0000000000
70269  47.391  -15.060  38.618 0.0000000000
66233  37.653  -19.321  41.112 0.0000000000
42892  20.848  -42.774  73.317 0.0000000000
42905  19.845  -43.099  72.048 0.0000000000
41896  20.301  -43.038  74.026 0.0000000000
41916  18.711  -43.257  73.572 0.0000000000
123726  18.019  -43.403  74.352 0.0000000000
42890  22.169  -42.078  74.473 0.0000000000
135628  34.798  -36.196  68.687 0.0000000000
50977  35.693  -34.551  69.138 0.0000000000
127109  35.361  -35.446  68.016 0.0000000000
51004  35.703  -34.840  66.653 0.0000000000
51034  37.315  -35.039  64.474 0.0000000000
49862  38.741  -35.409  63.755 0.0000000000
48790  37.714  -36.625  62.750 0.0000000000
47738  37.115  -37.137  61.035 0.0000000000
47750  35.778  -37.590  59.448 0.0000000000
47780  34.213  -37.059  57.317 0.0000000000
46677  34.532  -37.460  58.684 0.0000000000
123648  33.540  -37.276  59.175 0.0000000000
47753  32.160  -36.742  59.167 0.0000000000
43114  19.350  -42.732  55.957 0.0000000000
42087  19.867  -42.890  55.841 0.0000000000
42097  18.283  -43.297  54.582 0.0000000000
68124  45.455  -17.282  44.515 0.0000000000
68140  44.993  -16.837  42.863 0.0000000000
123686  43.953  -17.409  43.033 0.0000000000
68151  42.280  -17.557  41.611 0.0000000000
44884  18.551  -40.326  62.621 0.0000000000
44895  17.320  -40.129  61.515 0.0000000000
44885  17.596  -40.375  62.403 0.0000000000
44876  16.879  -40.776  62.945 0.0000000000
44038  15.574  -41.288  63.687 0.0000000000
124604  14.458  -42.258  68.229 0.0000000000
43006  14.308  -42.084  66.762 0.0000000000
42991  13.774  -42.297  67.488 0.0000000000
41993  12.011  -42.668  65.751 0.0000000000
41074  9.448  -44.375  65.351 0.0000000000
44813  31.980  -40.142  70.467 0.0000000000
43954  32.162  -40.850  68.965 0.0000000000
43975  31.849  -41.469  67.545 0.0000000000
136456  30.787  -41.986  68.971 0.0000000000
42960  29.629  -42.475  68.387 0.0000000000
123724  28.369  -42.559  68.194 0.0000000000
137635  23.433  -40.470  68.838 0.0000000000
43966  23.960  -40.739  68.133 0.0000000000
44840  23.424  -40.711  67.211 0.0000000000
44003  22.718  -41.216  65.377 0.0000000000
44017  21.693  -41.270  64.458 0.0000000000
44032  21.733  -41.533  63.263 0.0000000000
44033  20.947  -40.981  63.619 0.0000000000
44874  19.443  -40.464  63.180 0.0000000000
124814  37.849  -22.982  45.840 0.0000000000
63590  36.171  -22.461  44.702 0.0000000000
62561  36.459  -23.422  45.006 0.0000000000
61537  34.551  -24.793  43.066 0.0000000000
41922  8.549  -43.672  73.844 0.0000000000
41034  8.371  -44.460  72.580 0.0000000000
40200  8.057  -45.327  70.927 0.0000000000
39297  7.850  -46.142  71.405 0.0000000000
67089  47.297  -18.968  51.865 0.0000000000
135525  45.183  -19.065  50.899 0.0000000000
66150  46.881  -19.616  51.488 0.0000000000
65267  46.654  -20.945  50.997 0.0000000000
64424  45.744  -21.906  50.275 0.0000000000
60486  46.525  -25.690  53.732 0.0000000000
60496  46.293  -25.203  52.920 0.0000000000
59500  45.172  -26.310  52.874 0.0000000000
58511  44.065  -27.032  52.029 0.0000000000
58537  42.469  -27.727  50.778 0.0000000000
122833  41.255  -27.772  50.001 0.0000000000
58525  41.258  -27.486  50.908 0.0000000000
59520  40.759  -26.654  51.608 0.0000000000
59505  40.155  -26.084  52.167 0.0000000000
54472  37.306  -31.161  60.565 0.0000000000
55471  38.695  -30.298  60.374 0.0000000000
54497  36.849  -30.520  59.129 0.0000000000
55507  37.028  -29.724  58.172 0.0000000000
56468  37.044  -29.091  57.005 0.0000000000
57394  36.856  -27.772  56.127 0.0000000000
57396  35.461  -28.619  55.488 0.0000000000
57401  34.405  -28.503  54.622 0.0000000000
58508  32.801  -27.621  53.092 0.0000000000
58527  31.618  -27.152  51.971 0.0000000000
57407  31.614  -28.713  53.333 0.0000000000
56492  30.830  -28.987  53.098 0.0000000000
55543  29.606  -29.949  52.526 0.0000000000
50016  30.334  -35.308  52.117 0.0000000000
51186  29.886  -34.882  51.365 0.0000000000
51188  28.869  -34.782  50.885 0.0000000000
51207  27.850  -34.197  50.279 0.0000000000
51222  26.532  -33.760  49.350 0.0000000000
44879  27.874  -40.226  62.963 0.0000000000
137637  27.984  -38.506  61.641 0.0000000000
46651  27.337  -38.968  61.842 0.0000000000
46662  26.555  -38.558  60.701 0.0000000000
46678  24.879  -38.134  59.294 0.0000000000
46699  21.499  -38.863  55.511 0.0000000000
45779  21.204  -39.091  52.752 0.0000000000
70243  54.738  -15.697  39.548 0.0000000000
70265  51.802  -15.300  38.792 0.0000000000
71210  50.192  -14.284  37.274 0.0000000000
42984  19.829  -42.212  67.855 0.0000000000
43002  18.627  -42.174  66.767 0.0000000000
42966  19.200  -42.526  68.499 0.0000000000
124606  17.647  -42.416  68.111 0.0000000000
139250  17.070  -42.378  68.857 0.0000000000
41942  18.497  -43.073  71.188 0.0000000000
42950  17.430  -42.639  69.689 0.0000000000
140480  16.033  -42.217  68.682 0.0000000000
42953  14.911  -42.480  69.578 0.0000000000
41968  14.186  -42.780  69.841 0.0000000000
148155  13.569  -43.117  70.081 0.0000000000
42900  28.538  -42.196  72.729 0.0000000000
129601  28.405  -42.448  72.095 0.0000000000
42901  27.909  -42.284  72.417 0.0000000000
43923  26.516  -41.760  72.090 0.0000000000
43935  25.238  -40.999  71.505 0.0000000000
43908  24.474  -41.361  73.723 0.0000000000
44802  23.716  -40.644  71.616 0.0000000000
44816  23.762  -40.525  70.565 0.0000000000
43959  22.120  -40.915  69.399 0.0000000000
43969  21.065  -41.688  68.344 0.0000000000
59618  37.433  -27.830  44.385 0.0000000000
59626  35.749  -27.563  43.377 0.0000000000
57527  36.481  -29.026  43.750 0.0000000000
63480  50.738  -21.729  53.070 0.0000000000
60476  48.163  -25.386  54.919 0.0000000000
59470  47.506  -26.086  55.344 0.0000000000
58479  46.297  -27.075  56.250 0.0000000000
58480  45.411  -27.218  55.942 0.0000000000
53380  40.823  -32.733  64.353 0.0000000000
53404  38.993  -32.322  62.517 0.0000000000
51064  38.993  -35.131  62.852 0.0000000000
52280  38.328  -33.749  61.831 0.0000000000
53406  37.795  -32.916  61.731 0.0000000000
53422  35.857  -32.232  59.888 0.0000000000
53438  35.220  -32.444  58.644 0.0000000000
53452  33.651  -32.669  56.855 0.0000000000
53456  32.649  -32.484  55.710 0.0000000000
52329  33.127  -33.681  56.282 0.0000000000
51116  32.582  -35.126  54.465 0.0000000000
51144  32.119  -35.546  53.603 0.0000000000
47799  33.072  -36.724  55.989 0.0000000000
48897  32.083  -36.441  54.372 0.0000000000
49996  30.989  -36.077  52.941 0.0000000000
49980  30.427  -35.795  53.492 0.0000000000
51128  28.736  -34.618  54.051 0.0000000000
51129  27.694  -34.222  54.529 0.0000000000
44064  23.746  -42.421  60.096 0.0000000000
44078  23.567  -41.748  59.573 0.0000000000
44089  23.052  -42.019  58.874 0.0000000000
44098  22.204  -41.726  57.409 0.0000000000
44107  21.748  -41.559  56.586 0.0000000000
42095  20.216  -42.825  55.790 0.0000000000
134580  20.305  -41.965  54.638 0.0000000000
145121  51.170  -16.446  43.041 0.0000000000
70237  50.113  -15.827  41.045 0.0000000000
70239  48.304  -15.515  41.301 0.0000000000
123519  47.089  -15.453  40.020 0.0000000000
70260  45.028  -15.892  39.168 0.0000000000
69148  44.569  -16.433  40.863 0.0000000000
69157  43.708  -16.385  39.626 0.0000000000
43018  17.483  -42.069  66.096 0.0000000000
43031  16.153  -41.683  65.264 0.0000000000
44024  14.893  -41.509  64.228 0.0000000000
142564  13.739  -41.966  65.378 0.0000000000
43043  13.930  -41.581  63.892 0.0000000000
47615  34.783  -36.917  69.475 0.0000000000
47644  34.973  -37.595  68.527 0.0000000000
138251  35.194  -38.834  66.266 0.0000000000
45688  34.902  -39.675  64.669 0.0000000000
45703  33.875  -39.074  63.131 0.0000000000
44865  33.521  -39.884  64.416 0.0000000000
44866  32.589  -39.874  64.375 0.0000000000
44868  30.458  -40.383  64.606 0.0000000000
130824  31.173  -41.628  66.513 0.0000000000
44863  30.200  -41.104  64.850 0.0000000000
45698  29.135  -40.327  63.738 0.0000000000
44871  27.751  -41.131  63.325 0.0000000000
44045  26.296  -41.965  62.945 0.0000000000
44046  25.622  -42.279  62.613 0.0000000000
42929  27.901  -42.406  70.595 0.0000000000
123547  27.893  -42.495  68.884 0.0000000000
124110  27.049  -42.726  67.129 0.0000000000
42983  25.139  -42.076  67.359 0.0000000000
42999  25.818  -42.582  66.380 0.0000000000
41990  26.063  -42.596  65.582 0.0000000000
42006  25.168  -42.708  64.242 0.0000000000
43050  24.515  -42.942  62.462 0.0000000000
43058  24.367  -42.980  61.747 0.0000000000
127166  23.247  -43.370  60.866 0.0000000000
42053  21.954  -43.301  59.554 0.0000000000
43085  21.492  -43.165  59.096 0.0000000000
44058  21.086  -41.343  61.378 0.0000000000
44080  20.699  -41.046  59.451 0.0000000000
44099  20.260  -41.991  57.825 0.0000000000
44101  18.640  -41.281  56.881 0.0000000000
148943  41.220  -18.457  45.868 0.0000000000
67169  40.130  -18.795  44.177 0.0000000000
66214  39.216  -19.146  44.836 0.0000000000
63600  35.093  -22.331  43.393 0.0000000000
63608  35.791  -22.388  41.453 0.0000000000
58633  35.338  -27.863  42.284 0.0000000000
42854  18.622  -42.429  76.390 0.0000000000
41886  17.426  -43.137  75.953 0.0000000000
123549  17.112  -43.665  74.791 0.0000000000
139945  16.257  -43.800  75.031 0.0000000000
141012  15.874  -43.754  74.036 0.0000000000
144182  14.822  -43.682  72.870 0.0000000000
41946  13.507  -43.613  71.516 0.0000000000
148418  12.574  -43.503  70.493 0.0000000000
41919  12.048  -43.487  74.350 0.0000000000
132066  11.889  -43.539  72.321 0.0000000000
41947  11.773  -43.579  71.332 0.0000000000
41971  11.475  -43.475  69.496 0.0000000000
41052  9.840  -43.692  69.015 0.0000000000
70204  53.028  -15.608  44.006 0.0000000000
69097  51.942  -16.409  44.628 0.0000000000
69098  51.054  -16.476  44.773 0.0000000000
140721  49.196  -16.540  44.959 0.0000000000
71134  51.469  -14.888  48.356 0.0000000000
145199  49.860  -16.068  46.750 0.0000000000
69087  47.664  -16.708  45.419 0.0000000000
69088  46.801  -16.986  45.528 0.0000000000
68101  45.218  -17.326  46.002 0.0000000000
68102  44.464  -17.396  46.295 0.0000000000
70136  46.611  -15.639  49.309 0.0000000000
69056  44.718  -16.802  47.644 0.0000000000
68104  43.045  -17.818  46.999 0.0000000000
67137  42.337  -18.290  47.479 0.0000000000
66186  41.123  -19.306  47.679 0.0000000000
65298  40.410  -20.759  47.752 0.0000000000
66169  43.414  -19.909  50.301 0.0000000000
127010  41.651  -21.412  48.831 0.0000000000
64467  39.620  -21.891  46.866 0.0000000000
63585  40.079  -22.837  46.878 0.0000000000
61505  38.907  -24.379  46.354 0.0000000000
60584  38.697  -25.470  46.197 0.0000000000
63521  48.694  -21.963  51.485 0.0000000000
62534  47.185  -22.544  51.111 0.0000000000
62545  45.216  -23.183  49.837 0.0000000000
60509  45.288  -25.275  51.604 0.0000000000
61476  45.055  -24.422  50.328 0.0000000000
61491  43.328  -24.215  48.952 0.0000000000
61497  41.621  -24.955  47.803 0.0000000000
60564  40.567  -25.812  47.244 0.0000000000
59610  39.270  -27.651  45.932 0.0000000000
58607  39.105  -28.872  45.654 0.0000000000
57487  38.623  -29.563  45.737 0.0000000000
58549  40.070  -27.640  48.671 0.0000000000
58580  38.193  -28.341  46.927 0.0000000000
58451  45.658  -27.801  57.677 0.0000000000
146950  43.798  -27.612  57.049 0.0000000000
131139  42.267  -29.075  60.614 0.0000000000
55484  39.465  -29.781  59.843 0.0000000000
56424  41.286  -29.437  59.961 0.0000000000
56436  42.953  -29.409  59.530 0.0000000000
57357  42.741  -29.183  58.724 0.0000000000
58455  42.503  -28.020  57.678 0.0000000000
58483  42.223  -26.988  56.237 0.0000000000
147885  41.049  -26.373  54.354 0.0000000000
59489  39.868  -25.889  53.714 0.0000000000
60499  38.325  -25.613  52.202 0.0000000000
58497  37.217  -26.733  54.842 0.0000000000
60490  37.244  -25.982  53.070 0.0000000000
124878  36.893  -25.616  51.791 0.0000000000
123531  35.264  -25.395  50.264 0.0000000000
58539  30.066  -27.153  50.085 0.0000000000
58565  29.513  -27.562  48.718 0.0000000000
130306  31.222  -32.002  54.345 0.0000000000
54536  30.167  -31.357  53.273 0.0000000000
135159  28.636  -31.435  51.248 0.0000000000
53502  29.091  -33.614  50.437 0.0000000000
127081  28.388  -32.622  49.986 0.0000000000
46646  32.878  -38.050  61.619 0.0000000000
47743  31.594  -37.337  60.866 0.0000000000
147419  30.482  -36.675  59.155 0.0000000000
46659  29.089  -37.696  61.095 0.0000000000
47755  29.147  -37.121  59.779 0.0000000000
48836  29.162  -36.397  58.458 0.0000000000
49938  27.882  -35.606  57.238 0.0000000000
49948  27.351  -35.194  56.654 0.0000000000
51119  26.106  -34.497  55.319 0.0000000000
45726  23.716  -40.224  59.448 0.0000000000
46679  24.089  -38.384  58.832 0.0000000000
47773  24.050  -37.644  58.101 0.0000000000
46706  21.835  -38.062  56.033 0.0000000000
48853  23.487  -36.926  57.058 0.0000000000
48852  24.281  -36.650  57.197 0.0000000000
49951  25.019  -35.444  56.384 0.0000000000
51120  25.083  -34.425  55.052 0.0000000000
141775  49.933  -15.291  39.702 0.0000000000
71212  48.473  -14.566  37.791 0.0000000000
126195  48.122  -14.306  35.959 0.0000000000
67183  39.743  -18.498  42.195 0.0000000000
46621  35.661  -38.859  64.419 0.0000000000
47701  35.605  -38.068  64.877 0.0000000000
46628  35.725  -38.619  63.433 0.0000000000
46634  35.672  -38.501  62.572 0.0000000000
134124  35.216  -38.639  62.342 0.0000000000
68127  42.934  -17.860  44.859 0.0000000000
67166  42.420  -18.112  44.179 0.0000000000
67167  41.581  -18.314  44.504 0.0000000000
125528  19.795  -41.766  65.974 0.0000000000
43994  19.009  -41.989  66.038 0.0000000000
41981  11.570  -43.353  68.800 0.0000000000
43922  29.535  -41.726  72.877 0.0000000000
43921  29.977  -41.330  72.395 0.0000000000
43932  30.038  -41.435  71.602 0.0000000000
42910  29.749  -41.798  71.272 0.0000000000
42911  29.290  -42.164  71.721 0.0000000000
147890  20.207  -41.973  67.168 0.0000000000
138774  20.270  -41.784  66.489 0.0000000000
140986  36.454  -25.389  44.801 0.0000000000
126467  36.601  -26.668  44.332 0.0000000000
66133  49.944  -20.307  52.621 0.0000000000
65251  50.473  -20.939  52.824 0.0000000000
123939  44.181  -27.136  54.955 0.0000000000
58494  44.313  -27.234  54.054 0.0000000000
58495  43.686  -27.220  54.232 0.0000000000
58496  43.073  -26.943  54.653 0.0000000000
54519  34.145  -31.547  56.701 0.0000000000
55519  34.515  -30.737  56.381 0.0000000000
55525  34.139  -30.412  55.824 0.0000000000
55526  33.313  -30.837  55.537 0.0000000000
44062  24.955  -41.437  61.173 0.0000000000
44900  25.010  -40.710  60.826 0.0000000000
148971  24.696  -41.206  60.761 0.0000000000
69132  52.964  -16.400  42.061 0.0000000000
141687  53.127  -16.315  41.514 0.0000000000
69133  52.356  -16.399  41.681 0.0000000000
42916  20.369  -42.812  71.288 0.0000000000
125137  17.120  -43.131  72.261 0.0000000000
44735  26.802  -40.999  75.949 0.0000000000
143231  26.016  -42.059  75.073 0.0000000000
42861  25.571  -41.823  75.547 0.0000000000
42903  21.490  -42.316  72.586 0.0000000000
42915  21.046  -42.377  70.898 0.0000000000
52224  37.561  -33.084  65.992 0.0000000000
53342  36.889  -32.676  66.721 0.0000000000
53341  37.771  -32.419  66.283 0.0000000000
54391  38.447  -31.841  66.278 0.0000000000
52223  38.740  -32.741  65.713 0.0000000000
53354  40.082  -32.936  65.570 0.0000000000
52232  39.464  -33.532  65.196 0.0000000000
49923  36.245  -36.054  59.377 0.0000000000
49918  36.760  -35.580  60.241 0.0000000000
49932  35.577  -36.069  58.554 0.0000000000
134169  35.135  -35.295  58.325 0.0000000000
49936  34.996  -36.121  57.703 0.0000000000
48834  31.417  -36.292  57.737 0.0000000000
48845  31.480  -36.299  56.713 0.0000000000
48846  30.598  -35.966  57.356 0.0000000000
42063  21.201  -43.407  57.765 0.0000000000
42071  20.771  -43.178  57.072 0.0000000000
69114  46.925  -16.470  43.557 0.0000000000
69125  47.453  -16.044  42.902 0.0000000000
45722  17.945  -39.564  60.203 0.0000000000
44903  17.050  -39.890  59.930 0.0000000000
132065  15.932  -41.984  66.651 0.0000000000
42989  15.579  -42.049  67.356 0.0000000000
42008  11.803  -42.471  63.747 0.0000000000
44831  32.870  -40.510  68.506 0.0000000000
45634  33.441  -39.677  69.328 0.0000000000
44830  33.410  -40.227  68.107 0.0000000000
44829  33.919  -39.943  67.699 0.0000000000
43974  32.784  -41.014  67.158 0.0000000000
42996  28.380  -42.447  66.774 0.0000000000
43011  28.999  -42.291  66.270 0.0000000000
43013  27.708  -42.327  65.548 0.0000000000
43027  27.268  -42.316  64.859 0.0000000000
132199  26.762  -42.464  65.433 0.0000000000
129433  25.601  -41.455  69.944 0.0000000000
43958  24.874  -41.193  69.465 0.0000000000
43030  23.303  -42.443  64.032 0.0000000000
43040  23.714  -42.819  63.525 0.0000000000
43041  23.048  -42.608  63.355 0.0000000000
43052  22.990  -42.915  62.604 0.0000000000
43042  22.398  -42.292  62.924 0.0000000000
45713  19.005  -39.840  61.168 0.0000000000
45721  18.850  -39.635  60.465 0.0000000000
45729  17.836  -39.689  59.345 0.0000000000
65311  38.583  -20.905  46.403 0.0000000000
65318  38.139  -20.546  45.856 0.0000000000
64471  37.363  -20.932  45.631 0.0000000000
144786  14.092  -43.924  74.863 0.0000000000
149106  13.260  -44.011  74.310 0.0000000000
123573  9.565  -42.865  72.903 0.0000000000
41949  9.411  -43.415  71.381 0.0000000000
41045  8.924  -44.030  70.147 0.0000000000
41039  8.820  -43.969  70.967 0.0000000000
73021  51.564  -13.816  46.910 0.0000000000
73009  51.688  -12.428  47.323 0.0000000000
71111  51.144  -14.804  50.568 0.0000000000
71124  50.931  -15.067  49.704 0.0000000000
140331  50.313  -14.946  49.169 0.0000000000
139934  48.892  -15.173  48.338 0.0000000000
70148  49.292  -14.796  49.118 0.0000000000
68057  46.623  -17.362  51.536 0.0000000000
68065  45.993  -17.036  50.748 0.0000000000
68066  45.334  -17.462  50.423 0.0000000000
67104  45.143  -18.214  50.720 0.0000000000
64432  44.596  -22.035  49.765 0.0000000000
64433  43.765  -22.161  49.526 0.0000000000
63571  43.255  -22.756  48.997 0.0000000000
134641  42.739  -23.084  48.551 0.0000000000
62550  43.050  -23.440  48.703 0.0000000000
61443  48.375  -24.575  53.897 0.0000000000
61455  47.839  -24.062  52.954 0.0000000000
59548  42.509  -27.201  49.494 0.0000000000
58560  41.499  -27.735  48.334 0.0000000000
57443  41.216  -28.278  48.590 0.0000000000
57474  40.516  -28.478  47.767 0.0000000000
59522  39.146  -26.141  51.071 0.0000000000
60522  38.277  -25.942  49.869 0.0000000000
135283  37.515  -25.827  49.674 0.0000000000
60523  37.242  -25.654  50.622 0.0000000000
56421  44.158  -29.122  59.774 0.0000000000
54456  40.084  -30.751  62.357 0.0000000000
54470  38.890  -30.733  61.271 0.0000000000
57376  38.537  -28.751  57.638 0.0000000000
57384  39.135  -28.104  57.239 0.0000000000
57383  39.879  -28.065  57.417 0.0000000000
58469  38.789  -27.597  56.624 0.0000000000
58485  39.308  -26.906  56.130 0.0000000000
59509  33.418  -27.090  52.890 0.0000000000
59495  34.098  -26.931  53.053 0.0000000000
146009  33.210  -26.406  52.118 0.0000000000
59523  33.613  -26.073  51.728 0.0000000000
59524  32.739  -26.335  51.716 0.0000000000
59539  31.833  -26.052  50.619 0.0000000000
59525  31.871  -26.517  51.401 0.0000000000
57422  28.701  -29.120  51.082 0.0000000000
57432  28.576  -28.876  50.442 0.0000000000
56519  28.185  -29.401  49.957 0.0000000000
52361  31.283  -34.669  52.687 0.0000000000
52362  30.792  -34.567  52.049 0.0000000000
45705  30.256  -39.216  63.508 0.0000000000
46639  30.522  -38.448  62.952 0.0000000000
134026  29.715  -38.783  63.082 0.0000000000
47759  25.724  -37.714  59.186 0.0000000000
47771  26.472  -37.101  58.679 0.0000000000
48839  26.312  -36.597  58.026 0.0000000000
48851  25.571  -36.504  57.681 0.0000000000
44935  21.802  -40.516  56.484 0.0000000000
45753  21.955  -39.820  56.848 0.0000000000
45754  21.650  -39.758  56.117 0.0000000000
123317  45.253  -15.566  38.482 0.0000000000
125125  44.115  -15.338  36.835 0.0000000000
125108  20.990  -42.777  74.332 0.0000000000
41897  19.677  -43.057  74.800 0.0000000000
127243  18.894  -43.269  74.558 0.0000000000
41898  18.377  -43.288  75.213 0.0000000000
42862  21.206  -42.309  76.011 0.0000000000
42877  21.872  -42.208  75.536 0.0000000000
146539  21.543  -42.461  74.689 0.0000000000
42891  21.538  -42.408  73.771 0.0000000000
126562  35.073  -36.227  68.210 0.0000000000
49791  35.094  -35.317  68.662 0.0000000000
49807  35.307  -36.151  67.452 0.0000000000
49845  35.590  -35.803  65.232 0.0000000000
49824  35.491  -35.789  66.427 0.0000000000
51020  35.823  -34.989  65.697 0.0000000000
51019  36.713  -34.497  65.186 0.0000000000
49844  36.229  -35.244  64.786 0.0000000000
49864  36.747  -35.719  64.084 0.0000000000
46642  35.981  -37.864  61.214 0.0000000000
47731  37.181  -37.217  61.723 0.0000000000
46655  36.166  -37.713  60.743 0.0000000000
47749  36.374  -37.397  59.826 0.0000000000
47740  36.064  -37.778  60.113 0.0000000000
47751  35.120  -37.521  59.070 0.0000000000
46666  35.506  -37.931  59.838 0.0000000000
47741  33.611  -37.412  59.964 0.0000000000
47752  32.882  -37.051  59.644 0.0000000000
44108  19.156  -42.055  56.507 0.0000000000
43129  18.784  -42.868  55.202 0.0000000000
68132  44.568  -17.234  43.322 0.0000000000
125871  44.771  -17.311  44.044 0.0000000000
68144  42.089  -18.096  42.494 0.0000000000
68143  42.878  -17.671  42.385 0.0000000000
68152  41.446  -17.947  41.796 0.0000000000
68153  40.140  -17.777  41.127 0.0000000000
143390  18.655  -40.656  63.397 0.0000000000
44875  17.859  -40.689  63.225 0.0000000000
44036  17.275  -41.187  63.900 0.0000000000
44037  16.391  -41.186  63.665 0.0000000000
44048  15.973  -41.046  62.965 0.0000000000
145959  16.069  -41.363  64.062 0.0000000000
131768  12.320  -42.854  67.374 0.0000000000
126229  12.157  -42.802  66.644 0.0000000000
42002  10.487  -43.558  65.277 0.0000000000
139028  10.694  -43.397  65.845 0.0000000000
41064  10.080  -43.857  67.288 0.0000000000
41069  9.989  -43.814  65.814 0.0000000000
148853  9.363  -44.274  66.101 0.0000000000
41070  8.983  -44.468  66.683 0.0000000000
44785  31.713  -39.879  72.054 0.0000000000
44814  31.452  -40.625  70.800 0.0000000000
43944  32.077  -40.786  69.973 0.0000000000
43955  31.425  -41.430  69.487 0.0000000000
43965  31.630  -41.480  68.484 0.0000000000
42942  29.346  -42.413  69.054 0.0000000000
42941  30.065  -42.353  69.021 0.0000000000
124929  29.028  -42.534  68.513 0.0000000000
123725  29.124  -42.574  67.908 0.0000000000
43967  22.450  -40.664  68.649 0.0000000000
130518  23.200  -40.539  68.082 0.0000000000
44841  22.521  -40.603  67.693 0.0000000000
125446  21.729  -40.953  65.715 0.0000000000
142189  22.322  -40.801  66.120 0.0000000000
143137  21.975  -41.095  64.976 0.0000000000
144383  21.350  -41.315  64.053 0.0000000000
148383  20.889  -41.101  64.735 0.0000000000
44034  20.035  -40.798  63.830 0.0000000000
62560  37.291  -23.656  45.544 0.0000000000
60603  34.713  -25.536  43.372 0.0000000000
61536  34.827  -24.816  43.755 0.0000000000
60616  34.786  -25.714  42.417 0.0000000000
60627  35.248  -25.694  41.589 0.0000000000
59650  35.365  -26.584  41.499 0.0000000000
41026  8.295  -44.375  73.303 0.0000000000
141267  8.075  -45.341  71.718 0.0000000000
40196  8.067  -45.232  72.437 0.0000000000
66149  47.840  -19.758  51.711 0.0000000000
65260  48.135  -20.784  51.315 0.0000000000
65261  47.361  -20.335  51.367 0.0000000000
145997  47.378  -20.827  51.172 0.0000000000
127869  45.945  -21.392  50.615 0.0000000000
64423  46.453  -21.659  50.662 0.0000000000
59483  46.299  -26.256  54.208 0.0000000000
59484  45.581  -26.423  53.632 0.0000000000
140900  43.513  -27.446  52.742 0.0000000000
58502  44.087  -27.285  52.800 0.0000000000
145756  43.622  -27.398  52.348 0.0000000000
58522  43.437  -27.434  51.819 0.0000000000
58523  42.802  -27.655  51.599 0.0000000000
58524  42.084  -27.681  51.278 0.0000000000
59519  41.585  -27.125  51.882 0.0000000000
59504  40.913  -26.515  52.482 0.0000000000
134982  40.279  -26.135  52.953 0.0000000000
54487  36.322  -31.293  59.584 0.0000000000
54486  37.043  -30.832  59.878 0.0000000000
55517  35.817  -29.852  57.222 0.0000000000
55508  36.204  -29.996  57.832 0.0000000000
56461  36.646  -29.621  57.510 0.0000000000
56469  36.232  -29.371  56.830 0.0000000000
57387  36.522  -28.640  56.454 0.0000000000
56475  35.771  -28.962  56.208 0.0000000000
56480  34.011  -29.200  55.000 0.0000000000
57397  34.765  -28.906  55.234 0.0000000000
57402  33.635  -28.755  54.388 0.0000000000
57405  33.996  -28.027  54.053 0.0000000000
57406  33.220  -28.213  53.787 0.0000000000
57412  31.929  -27.974  52.983 0.0000000000
130615  32.420  -28.447  53.542 0.0000000000
55534  31.711  -30.090  54.182 0.0000000000
56487  31.291  -29.528  53.630 0.0000000000
56488  30.638  -29.719  53.302 0.0000000000
56493  30.190  -29.425  52.825 0.0000000000
55542  30.125  -30.298  53.113 0.0000000000
51146  29.658  -35.115  52.298 0.0000000000
51169  29.686  -34.972  51.535 0.0000000000
51170  28.913  -34.809  51.712 0.0000000000
51208  26.990  -33.896  50.267 0.0000000000
122918  27.279  -33.907  49.873 0.0000000000
123934  26.337  -33.842  49.837 0.0000000000
45710  27.287  -39.828  62.360 0.0000000000
45711  26.725  -39.558  61.740 0.0000000000
45717  26.228  -39.287  61.136 0.0000000000
46663  25.793  -38.925  60.482 0.0000000000
46671  25.406  -38.553  59.768 0.0000000000
70255  51.647  -15.662  39.569 0.0000000000
70254  52.763  -15.728  39.244 0.0000000000
131795  50.954  -14.440  37.562 0.0000000000
71204  50.883  -14.851  38.442 0.0000000000
42965  20.345  -42.155  68.634 0.0000000000
143356  19.813  -42.355  68.535 0.0000000000
123546  19.104  -42.790  69.456 0.0000000000
42967  18.186  -42.613  68.935 0.0000000000
146050  19.028  -43.114  71.166 0.0000000000
123827  16.948  -42.680  70.463 0.0000000000
138688  17.700  -42.817  70.354 0.0000000000
42951  16.382  -42.461  69.665 0.0000000000
123421  15.590  -42.363  69.358 0.0000000000
42952  15.532  -42.509  70.029 0.0000000000
41955  14.918  -42.922  71.080 0.0000000000
41967  14.833  -42.672  70.328 0.0000000000
147149  27.854  -41.931  74.806 0.0000000000
44750  28.105  -40.665  74.850 0.0000000000
42873  28.270  -41.411  74.525 0.0000000000
43905  28.854  -41.953  74.200 0.0000000000
143998  28.510  -42.050  73.564 0.0000000000
129584  27.844  -42.017  73.381 0.0000000000
43906  26.101  -41.747  73.132 0.0000000000
43924  25.590  -41.364  72.206 0.0000000000
43934  25.980  -41.492  71.383 0.0000000000
124828  23.787  -41.435  74.364 0.0000000000
43909  23.631  -41.307  73.577 0.0000000000
141704  22.796  -41.006  71.648 0.0000000000
143248  23.089  -40.566  70.174 0.0000000000
43949  22.311  -40.946  70.203 0.0000000000
42931  20.958  -42.123  70.050 0.0000000000
43960  21.556  -41.480  69.726 0.0000000000
42964  20.960  -41.929  69.198 0.0000000000
43980  20.560  -41.866  67.750 0.0000000000
58618  37.365  -28.896  44.312 0.0000000000
60467  48.444  -25.735  55.796 0.0000000000
58462  47.283  -27.044  57.449 0.0000000000
59450  47.150  -26.854  56.616 0.0000000000
58464  45.729  -27.422  56.766 0.0000000000
50976  36.124  -34.063  68.905 0.0000000000
52241  40.566  -33.589  64.564 0.0000000000
53367  41.259  -33.154  64.918 0.0000000000
52253  40.255  -33.112  63.916 0.0000000000
53392  40.286  -32.238  63.633 0.0000000000
53393  39.582  -32.915  63.215 0.0000000000
49880  38.711  -35.611  63.071 0.0000000000
51049  39.178  -35.110  63.643 0.0000000000
49896  38.609  -35.661  62.397 0.0000000000
51091  36.987  -34.788  60.780 0.0000000000
139039  38.320  -34.512  61.736 0.0000000000
52281  37.770  -33.875  61.473 0.0000000000
53413  36.896  -33.061  61.236 0.0000000000
54473  36.517  -31.816  60.576 0.0000000000
53414  36.092  -32.993  60.517 0.0000000000
128845  34.745  -34.330  58.270 0.0000000000
52318  35.066  -33.504  58.807 0.0000000000
52320  34.652  -33.102  58.100 0.0000000000
54512  34.459  -32.057  57.481 0.0000000000
53448  34.112  -33.181  57.473 0.0000000000
53455  33.003  -32.625  56.201 0.0000000000
52325  33.660  -33.919  57.002 0.0000000000
127655  33.322  -35.325  55.615 0.0000000000
51115  32.937  -34.612  55.396 0.0000000000
49961  32.924  -35.568  55.021 0.0000000000
49978  32.556  -35.875  54.316 0.0000000000
122928  34.202  -37.292  57.908 0.0000000000
143836  33.859  -36.671  56.708 0.0000000000
47800  32.926  -36.783  56.692 0.0000000000
48880  32.050  -36.493  55.238 0.0000000000
48898  31.552  -36.353  54.382 0.0000000000
48910  31.546  -36.230  53.672 0.0000000000
49979  31.013  -36.175  53.811 0.0000000000
130802  30.389  -35.788  54.489 0.0000000000
123620  29.484  -35.108  54.541 0.0000000000
51117  28.211  -34.546  55.223 0.0000000000
43084  23.215  -42.987  59.719 0.0000000000
129572  23.281  -42.471  59.453 0.0000000000
43092  22.818  -42.911  59.073 0.0000000000
43112  21.792  -42.554  57.277 0.0000000000
133635  22.217  -42.578  57.800 0.0000000000
44117  21.123  -41.693  55.843 0.0000000000
44126  20.775  -41.564  54.972 0.0000000000
129127  50.403  -16.305  43.287 0.0000000000
69135  49.846  -15.971  41.828 0.0000000000
70232  48.906  -15.714  42.035 0.0000000000
148786  46.711  -15.687  41.465 0.0000000000
70241  46.864  -15.594  40.778 0.0000000000
70250  46.199  -15.658  40.219 0.0000000000
146164  46.018  -15.610  39.683 0.0000000000
69155  45.515  -15.822  39.803 0.0000000000
68149  43.897  -16.950  41.911 0.0000000000
69128  44.986  -16.527  42.131 0.0000000000
69140  43.901  -16.707  41.250 0.0000000000
69158  42.801  -16.452  39.413 0.0000000000
123042  16.718  -40.151  60.748 0.0000000000
44905  15.982  -40.647  60.717 0.0000000000
43017  18.186  -42.047  66.066 0.0000000000
43020  15.408  -41.939  65.920 0.0000000000
44023  15.737  -41.487  64.465 0.0000000000
43022  14.022  -42.021  66.076 0.0000000000
43045  12.593  -42.077  63.209 0.0000000000
43034  13.414  -41.898  64.607 0.0000000000
144891  13.137  -41.797  63.891 0.0000000000
46527  32.612  -38.537  71.802 0.0000000000
46526  33.204  -38.095  71.223 0.0000000000
46537  34.094  -38.065  69.749 0.0000000000
47617  33.875  -37.720  70.644 0.0000000000
47616  34.406  -37.344  69.971 0.0000000000
48725  34.771  -36.884  68.864 0.0000000000
46548  34.791  -37.992  68.772 0.0000000000
45665  34.467  -39.638  67.272 0.0000000000
45675  34.876  -39.225  66.826 0.0000000000
144336  35.037  -39.471  66.039 0.0000000000
45682  35.282  -39.333  65.550 0.0000000000
139531  34.950  -39.884  65.381 0.0000000000
45689  34.386  -39.794  64.543 0.0000000000
138413  34.041  -40.371  65.363 0.0000000000
44861  32.508  -40.580  65.470 0.0000000000
138273  33.016  -40.297  64.951 0.0000000000
132749  32.072  -40.398  65.060 0.0000000000
44867  31.474  -40.072  64.600 0.0000000000
44862  31.028  -40.731  65.186 0.0000000000
43976  31.175  -41.751  67.131 0.0000000000
43988  30.536  -41.898  66.733 0.0000000000
44001  28.745  -41.879  65.158 0.0000000000
138290  29.895  -41.680  65.683 0.0000000000
44013  29.457  -41.567  64.959 0.0000000000
44869  29.573  -40.864  64.356 0.0000000000
44027  28.963  -41.394  64.332 0.0000000000
44870  28.456  -40.706  63.498 0.0000000000
44028  28.349  -41.473  63.898 0.0000000000
43038  26.909  -42.181  64.217 0.0000000000
44029  27.467  -41.753  63.853 0.0000000000
44030  26.578  -42.053  63.589 0.0000000000
44054  26.008  -41.697  62.437 0.0000000000
43048  25.827  -42.404  63.241 0.0000000000
42913  27.932  -42.369  71.597 0.0000000000
124180  26.481  -42.123  68.782 0.0000000000
123691  27.205  -42.360  68.759 0.0000000000
42961  27.478  -42.530  68.040 0.0000000000
43978  24.368  -41.285  67.322 0.0000000000
43977  24.658  -42.070  66.564 0.0000000000
43014  24.594  -42.595  64.956 0.0000000000
123138  25.306  -42.417  66.517 0.0000000000
41992  25.367  -42.612  65.907 0.0000000000
149046  26.111  -42.598  66.178 0.0000000000
41998  25.402  -42.665  64.994 0.0000000000
41997  25.878  -42.595  64.805 0.0000000000
42023  23.859  -43.136  62.569 0.0000000000
42021  24.654  -42.805  63.116 0.0000000000
42022  24.220  -43.022  62.664 0.0000000000
42030  24.059  -43.240  62.101 0.0000000000
43059  23.802  -43.194  61.310 0.0000000000
43060  22.415  -43.026  61.315 0.0000000000
42045  22.344  -43.186  60.400 0.0000000000
43072  21.804  -42.891  60.069 0.0000000000
44872  21.235  -40.971  62.785 0.0000000000
44047  21.234  -41.544  62.089 0.0000000000
44910  20.154  -40.045  59.248 0.0000000000
44066  20.914  -41.132  60.497 0.0000000000
44919  20.289  -40.590  58.712 0.0000000000
44091  20.537  -41.586  58.533 0.0000000000
44092  19.871  -40.792  57.891 0.0000000000
44100  19.618  -41.635  57.102 0.0000000000
44929  19.170  -40.686  57.349 0.0000000000
67146  40.729  -18.782  46.302 0.0000000000
67160  39.989  -18.849  45.206 0.0000000000
65325  37.341  -20.158  44.601 0.0000000000
66216  37.829  -19.697  44.088 0.0000000000
65331  36.518  -20.595  43.323 0.0000000000
136020  34.939  -23.082  43.875 0.0000000000
63594  35.360  -22.339  44.161 0.0000000000
144495  34.862  -23.013  43.139 0.0000000000
62603  35.481  -23.236  41.631 0.0000000000
62624  36.238  -23.141  40.789 0.0000000000
58625  35.686  -28.353  42.928 0.0000000000
57547  35.478  -28.371  41.683 0.0000000000
43855  18.591  -41.670  76.319 0.0000000000
41873  17.879  -42.677  76.260 0.0000000000
41899  17.661  -43.400  75.375 0.0000000000
140834  16.897  -43.533  75.501 0.0000000000
123402  15.362  -43.892  74.811 0.0000000000
41932  15.557  -43.514  72.979 0.0000000000
41957  13.214  -43.394  70.637 0.0000000000
140280  12.610  -43.666  71.109 0.0000000000
41905  10.375  -42.594  74.432 0.0000000000
124798  11.915  -43.527  73.263 0.0000000000
41935  11.215  -43.199  72.721 0.0000000000
139536  10.668  -43.235  71.083 0.0000000000
41959  11.318  -43.486  70.361 0.0000000000
41972  10.576  -43.505  69.631 0.0000000000
41051  10.816  -43.547  68.871 0.0000000000
41060  9.149  -44.042  68.441 0.0000000000
40206  8.174  -45.339  70.079 0.0000000000
72121  52.995  -14.670  43.826 0.0000000000
69096  52.496  -16.191  44.338 0.0000000000
70205  52.640  -15.860  44.812 0.0000000000
70174  52.158  -15.689  46.291 0.0000000000
69083  51.731  -16.329  45.457 0.0000000000
69084  50.731  -16.411  45.590 0.0000000000
69099  50.036  -16.532  44.907 0.0000000000
72069  51.386  -14.227  48.750 0.0000000000
69051  49.719  -15.727  47.224 0.0000000000
69050  50.489  -15.772  47.122 0.0000000000
69086  48.553  -16.475  45.959 0.0000000000
139399  47.458  -16.668  45.964 0.0000000000
70163  46.858  -15.806  47.577 0.0000000000
69054  46.465  -16.337  46.906 0.0000000000
69070  45.780  -16.891  46.416 0.0000000000
68092  44.939  -16.965  46.726 0.0000000000
70135  47.424  -15.344  49.727 0.0000000000
70124  47.522  -15.308  50.728 0.0000000000
69042  44.657  -16.862  48.698 0.0000000000
69032  45.330  -16.434  49.191 0.0000000000
68084  44.125  -17.347  48.078 0.0000000000
68093  44.244  -17.239  47.095 0.0000000000
68094  43.624  -17.616  47.514 0.0000000000
67136  42.985  -18.044  47.946 0.0000000000
67119  42.504  -18.913  49.174 0.0000000000
67129  41.670  -18.851  48.027 0.0000000000
66180  41.315  -19.621  48.303 0.0000000000
66187  40.513  -19.778  47.478 0.0000000000
65297  40.849  -20.173  48.116 0.0000000000
66162  45.479  -20.021  50.951 0.0000000000
66163  44.466  -19.667  50.607 0.0000000000
65270  44.168  -20.607  50.437 0.0000000000
129876  42.151  -22.209  48.697 0.0000000000
64446  42.437  -21.593  49.354 0.0000000000
64460  40.674  -21.823  47.666 0.0000000000
63586  39.210  -22.595  46.548 0.0000000000
145589  40.581  -22.562  47.324 0.0000000000
62554  40.870  -24.030  47.334 0.0000000000
62556  40.235  -23.801  46.937 0.0000000000
61504  39.752  -24.541  46.675 0.0000000000
60576  39.311  -25.259  46.500 0.0000000000
63499  50.689  -22.229  53.026 0.0000000000
63519  50.333  -21.998  52.499 0.0000000000
63500  50.230  -22.341  52.644 0.0000000000
62517  46.959  -23.200  51.338 0.0000000000
62516  47.930  -22.736  51.614 0.0000000000
62535  46.582  -22.830  50.743 0.0000000000
62536  45.887  -23.177  50.301 0.0000000000
60497  45.557  -25.583  52.490 0.0000000000
61457  46.017  -24.758  52.100 0.0000000000
60534  43.551  -25.260  49.427 0.0000000000
60533  44.405  -24.837  49.928 0.0000000000
61485  44.050  -24.126  49.466 0.0000000000
61492  42.680  -24.196  48.477 0.0000000000
59580  40.793  -26.957  47.419 0.0000000000
60563  41.190  -25.887  47.638 0.0000000000
59596  40.281  -26.820  46.982 0.0000000000
60583  39.272  -26.319  46.316 0.0000000000
59611  38.677  -27.761  45.409 0.0000000000
58589  39.546  -28.608  46.322 0.0000000000
57476  39.141  -29.412  46.460 0.0000000000
57486  39.182  -29.458  46.037 0.0000000000
57488  38.061  -29.525  45.620 0.0000000000
58590  38.579  -29.406  46.317 0.0000000000
58548  40.780  -27.985  49.288 0.0000000000
59566  37.982  -26.483  48.181 0.0000000000
59581  38.658  -27.714  47.676 0.0000000000
57355  44.733  -29.074  58.811 0.0000000000
57370  44.419  -28.550  58.370 0.0000000000
58452  44.830  -28.045  57.860 0.0000000000
58453  44.129  -27.985  57.760 0.0000000000
55455  41.330  -29.701  61.556 0.0000000000
55438  41.459  -29.800  63.182 0.0000000000
55454  41.440  -29.523  62.105 0.0000000000
56404  41.696  -29.155  61.608 0.0000000000
56411  41.847  -29.316  60.984 0.0000000000
55485  38.383  -30.003  59.636 0.0000000000
141793  38.888  -29.805  59.336 0.0000000000
56450  40.558  -29.420  58.984 0.0000000000
56438  40.518  -29.517  59.596 0.0000000000
134204  41.366  -29.435  59.363 0.0000000000
56437  42.121  -29.393  59.647 0.0000000000
143276  41.942  -29.397  59.197 0.0000000000
139659  42.560  -29.443  59.151 0.0000000000
57358  42.052  -29.194  58.840 0.0000000000
58467  42.117  -27.486  57.055 0.0000000000
58466  42.981  -27.412  56.805 0.0000000000
59460  42.325  -26.686  55.225 0.0000000000
59461  41.464  -26.670  55.739 0.0000000000
59464  38.847  -26.472  55.341 0.0000000000
59476  39.354  -26.009  54.558 0.0000000000
60478  38.841  -25.751  53.697 0.0000000000
147784  38.779  -25.740  52.765 0.0000000000
60489  38.005  -25.802  53.113 0.0000000000
58488  36.417  -27.681  55.293 0.0000000000
58487  37.085  -27.213  55.348 0.0000000000
58498  36.626  -27.080  54.794 0.0000000000
59507  35.380  -26.180  52.791 0.0000000000
59492  36.573  -26.217  53.538 0.0000000000
60501  35.969  -25.747  52.186 0.0000000000
60512  36.203  -25.540  51.212 0.0000000000
140820  35.592  -25.478  50.837 0.0000000000
60527  33.266  -25.488  50.195 0.0000000000
58516  30.892  -27.733  51.966 0.0000000000
59526  31.094  -26.967  51.340 0.0000000000
58528  30.323  -27.504  51.061 0.0000000000
57444  28.957  -28.091  49.163 0.0000000000
58551  29.472  -27.599  49.629 0.0000000000
57459  29.056  -28.096  48.228 0.0000000000
134648  32.020  -32.942  55.220 0.0000000000
54528  31.887  -31.704  54.884 0.0000000000
53460  31.477  -32.868  54.431 0.0000000000
53468  30.389  -32.519  53.173 0.0000000000
135555  29.794  -32.156  52.598 0.0000000000
54541  29.215  -31.734  52.001 0.0000000000
51205  28.986  -34.609  50.590 0.0000000000
52378  29.755  -34.348  51.079 0.0000000000
53516  27.491  -32.714  49.030 0.0000000000
54571  27.883  -32.010  49.557 0.0000000000
45704  33.005  -38.979  63.172 0.0000000000
46636  33.462  -38.580  62.420 0.0000000000
46637  32.474  -38.369  62.626 0.0000000000
47734  31.372  -37.590  61.514 0.0000000000
47735  30.645  -37.454  61.193 0.0000000000
47744  30.894  -37.105  60.394 0.0000000000
46650  28.817  -38.356  61.806 0.0000000000
46660  28.320  -38.026  61.018 0.0000000000
144904  28.010  -37.051  59.107 0.0000000000
47756  28.345  -37.299  59.682 0.0000000000
48825  28.708  -36.826  59.108 0.0000000000
48824  29.618  -36.711  59.145 0.0000000000
48848  28.783  -36.113  57.903 0.0000000000
139569  28.217  -35.974  57.724 0.0000000000
49949  26.402  -35.481  56.904 0.0000000000
49965  26.495  -34.885  56.133 0.0000000000
44909  23.401  -40.981  59.196 0.0000000000
45735  23.272  -40.096  58.886 0.0000000000
46680  23.204  -39.096  58.490 0.0000000000
47774  23.512  -38.261  58.121 0.0000000000
47786  23.296  -37.692  57.498 0.0000000000
46714  21.371  -38.480  54.437 0.0000000000
47810  21.589  -37.897  55.121 0.0000000000
48883  22.641  -36.128  55.522 0.0000000000
47802  22.885  -36.624  56.339 0.0000000000
48867  23.811  -36.327  56.581 0.0000000000
48866  24.623  -36.055  56.802 0.0000000000
49952  24.169  -35.665  56.178 0.0000000000
51133  23.672  -34.491  54.300 0.0000000000
51121  24.029  -34.559  55.090 0.0000000000
70262  54.949  -15.843  37.865 0.0000000000
70248  49.546  -15.505  40.421 0.0000000000
70256  48.953  -15.305  39.827 0.0000000000
71205  48.169  -14.777  38.541 0.0000000000
124483  47.880  -14.408  37.136 0.0000000000
67175  38.958  -19.048  43.186 0.0000000000
67174  39.753  -18.687  43.149 0.0000000000
67184  38.997  -18.769  42.509 0.0000000000
42879  20.447  -42.824  75.030 0.0000000000
42852  20.455  -42.315  76.326 0.0000000000
42865  19.073  -42.676  76.101 0.0000000000
47669  35.123  -37.590  66.843 0.0000000000
48751  35.260  -36.770  66.719 0.0000000000
47686  35.376  -37.341  65.828 0.0000000000
48778  35.569  -36.738  64.763 0.0000000000
47700  36.104  -37.557  63.962 0.0000000000
48791  36.821  -37.160  63.123 0.0000000000
135760  36.254  -37.973  63.270 0.0000000000
46633  36.072  -38.161  61.871 0.0000000000
46643  35.513  -38.147  61.483 0.0000000000
140141  35.109  -37.977  60.577 0.0000000000
46644  34.930  -38.326  61.563 0.0000000000
46645  34.491  -37.945  61.120 0.0000000000
142818  33.932  -38.263  61.643 0.0000000000
68133  43.881  -17.606  43.872 0.0000000000
144570  43.193  -17.856  44.254 0.0000000000
67171  42.261  -18.169  43.333 0.0000000000
148224  41.635  -18.348  43.058 0.0000000000
44020  18.754  -41.253  64.708 0.0000000000
44021  17.804  -41.387  64.739 0.0000000000
41987  11.475  -43.180  67.251 0.0000000000
41063  10.702  -43.580  67.499 0.0000000000
44786  30.948  -40.252  72.408 0.0000000000
43920  30.404  -40.842  71.948 0.0000000000
43931  30.737  -41.089  71.216 0.0000000000
43956  30.514  -41.654  69.985 0.0000000000
42926  29.964  -41.834  70.467 0.0000000000
136640  29.678  -42.128  69.803 0.0000000000
126182  29.018  -42.437  69.803 0.0000000000
43979  21.227  -41.320  67.507 0.0000000000
44852  21.868  -40.750  67.331 0.0000000000
43993  20.928  -41.380  66.153 0.0000000000
44005  20.200  -41.292  65.236 0.0000000000
61514  37.606  -24.583  45.636 0.0000000000
61515  36.788  -24.404  45.266 0.0000000000
60602  35.130  -25.724  43.951 0.0000000000
59627  35.096  -26.382  43.412 0.0000000000
39284  7.705  -45.765  73.100 0.0000000000
66134  49.277  -19.775  52.413 0.0000000000
66148  48.742  -19.970  51.927 0.0000000000
66147  49.481  -20.252  52.159 0.0000000000
65259  49.029  -20.482  51.750 0.0000000000
64412  49.230  -21.188  51.614 0.0000000000
59473  44.933  -26.949  53.897 0.0000000000
58503  43.733  -27.381  53.378 0.0000000000
123949  42.972  -27.416  53.034 0.0000000000
58513  42.464  -27.417  52.281 0.0000000000
59502  42.473  -27.098  53.265 0.0000000000
59487  41.712  -26.649  53.801 0.0000000000
54511  35.206  -31.260  57.750 0.0000000000
54510  35.836  -30.620  58.123 0.0000000000
55518  35.147  -30.300  56.765 0.0000000000
56476  35.113  -29.346  55.833 0.0000000000
56478  33.689  -29.965  55.280 0.0000000000
56481  33.277  -29.500  54.680 0.0000000000
56486  32.074  -29.240  53.931 0.0000000000
55531  32.182  -30.605  54.677 0.0000000000
54529  31.415  -31.065  54.324 0.0000000000
44890  26.107  -41.067  61.973 0.0000000000
45712  26.144  -40.181  61.519 0.0000000000
70244  54.344  -16.018  40.307 0.0000000000
70245  52.573  -16.107  40.089 0.0000000000
140796  50.802  -15.568  39.826 0.0000000000
125875  19.811  -42.523  69.102 0.0000000000
42918  19.071  -43.020  70.486 0.0000000000
41930  18.489  -43.240  72.681 0.0000000000
126256  18.079  -43.100  71.962 0.0000000000
41954  15.689  -42.808  71.302 0.0000000000
43865  27.232  -41.581  75.682 0.0000000000
42874  27.479  -41.932  74.402 0.0000000000
42876  26.080  -41.928  74.241 0.0000000000
43907  25.393  -41.625  73.750 0.0000000000
126181  23.070  -41.393  73.030 0.0000000000
148152  22.394  -41.527  72.291 0.0000000000
43937  22.283  -41.294  71.081 0.0000000000
52214  36.321  -33.297  67.336 0.0000000000
53329  36.572  -32.502  67.678 0.0000000000
54389  40.255  -31.380  66.237 0.0000000000
53340  40.631  -32.248  65.840 0.0000000000
52231  40.522  -33.701  65.180 0.0000000000
139456  39.952  -34.033  64.144 0.0000000000
49910  37.787  -36.004  61.409 0.0000000000
49909  38.364  -35.671  61.922 0.0000000000
51097  36.348  -34.713  60.184 0.0000000000
52302  35.871  -33.901  60.120 0.0000000000
51098  35.759  -34.622  59.590 0.0000000000
51110  34.006  -34.919  56.959 0.0000000000
49944  33.699  -35.504  56.263 0.0000000000
129810  33.339  -37.042  57.923 0.0000000000
47801  32.718  -36.743  56.481 0.0000000000
47783  32.245  -36.534  57.044 0.0000000000
139515  31.555  -36.391  55.893 0.0000000000
48881  31.267  -36.247  55.239 0.0000000000
49945  30.517  -35.820  55.374 0.0000000000
49946  29.870  -35.518  56.293 0.0000000000
128788  29.174  -35.220  56.292 0.0000000000
42061  22.194  -43.432  58.773 0.0000000000
43099  21.393  -43.093  57.315 0.0000000000
69124  48.535  -15.980  42.997 0.0000000000
69136  47.020  -15.707  42.143 0.0000000000
69137  46.241  -15.951  41.967 0.0000000000
68155  42.690  -17.037  40.895 0.0000000000
147443  43.365  -16.785  40.901 0.0000000000
44897  15.712  -40.745  61.537 0.0000000000
42987  17.263  -42.229  67.352 0.0000000000
43004  16.863  -42.088  66.541 0.0000000000
43023  12.806  -42.198  65.293 0.0000000000
45613  33.065  -39.240  70.066 0.0000000000
46550  33.825  -38.839  69.565 0.0000000000
45633  34.212  -39.176  68.944 0.0000000000
46564  34.661  -38.663  68.530 0.0000000000
45651  34.349  -39.355  68.151 0.0000000000
148896  34.173  -40.459  66.170 0.0000000000
44857  33.943  -40.543  65.803 0.0000000000
44849  33.540  -40.620  66.460 0.0000000000
43997  32.319  -40.934  65.974 0.0000000000
42994  29.925  -42.250  66.971 0.0000000000
43989  29.822  -41.970  66.293 0.0000000000
147509  29.504  -42.238  66.656 0.0000000000
147690  28.002  -41.759  64.202 0.0000000000
43026  28.067  -42.086  65.024 0.0000000000
43933  26.818  -41.894  71.197 0.0000000000
42930  27.122  -42.057  70.286 0.0000000000
42946  26.452  -41.779  69.627 0.0000000000
42963  25.674  -42.284  68.151 0.0000000000
44002  23.601  -41.619  65.671 0.0000000000
43001  24.262  -42.072  65.935 0.0000000000
43015  24.148  -42.306  65.227 0.0000000000
42007  24.711  -42.711  64.404 0.0000000000
42015  24.196  -42.841  63.641 0.0000000000
145595  23.921  -42.978  63.116 0.0000000000
42024  23.410  -43.132  62.346 0.0000000000
44057  21.758  -42.243  61.586 0.0000000000
125711  20.056  -40.475  62.031 0.0000000000
44892  20.398  -40.462  61.234 0.0000000000
45720  19.684  -39.883  60.763 0.0000000000
45727  19.600  -39.684  59.856 0.0000000000
45737  19.385  -39.685  58.928 0.0000000000
44920  19.134  -40.040  57.973 0.0000000000
45738  18.528  -39.725  58.721 0.0000000000
45739  17.855  -39.954  58.688 0.0000000000
66197  39.542  -19.842  46.528 0.0000000000
66206  39.334  -19.454  45.697 0.0000000000
66207  38.447  -19.757  45.362 0.0000000000
65319  37.599  -20.263  45.309 0.0000000000
132123  36.075  -21.063  43.896 0.0000000000
61556  35.494  -24.791  41.317 0.0000000000
123272  35.213  -24.091  41.863 0.0000000000
41901  14.765  -43.762  75.386 0.0000000000
41014  14.565  -43.989  74.511 0.0000000000
41022  14.168  -43.946  73.407 0.0000000000
41032  12.632  -43.880  72.878 0.0000000000
41921  9.257  -43.024  73.573 0.0000000000
41920  10.018  -42.548  73.494 0.0000000000
41936  10.317  -42.834  72.612 0.0000000000
41948  10.122  -43.091  71.681 0.0000000000
142316  9.936  -43.127  70.994 0.0000000000
41973  9.617  -43.614  69.828 0.0000000000
148031  52.482  -14.945  45.870 0.0000000000
133032  52.013  -13.727  46.126 0.0000000000
72087  52.157  -14.720  46.301 0.0000000000
147232  51.747  -15.414  46.766 0.0000000000
70132  51.268  -15.077  48.846 0.0000000000
70133  51.099  -15.158  49.087 0.0000000000
70147  50.732  -15.206  48.829 0.0000000000
70162  49.438  -15.433  47.812 0.0000000000
69052  48.605  -15.647  47.212 0.0000000000
147985  48.694  -15.418  47.817 0.0000000000
137422  47.793  -15.468  48.022 0.0000000000
70150  46.698  -15.649  48.421 0.0000000000
70114  46.970  -15.779  51.183 0.0000000000
70125  46.679  -15.761  50.272 0.0000000000
147850  46.128  -16.370  50.328 0.0000000000
68075  44.920  -17.144  49.627 0.0000000000
68076  44.147  -17.633  49.219 0.0000000000
68077  43.532  -18.192  49.269 0.0000000000
67118  43.160  -18.834  49.714 0.0000000000
65278  44.278  -21.494  50.098 0.0000000000
64445  42.928  -22.259  49.154 0.0000000000
63581  41.171  -22.642  47.658 0.0000000000
63573  41.874  -22.726  48.133 0.0000000000
133026  41.520  -23.435  47.688 0.0000000000
124922  41.434  -24.242  47.621 0.0000000000
61465  47.429  -23.638  52.015 0.0000000000
61466  46.588  -24.020  51.617 0.0000000000
59532  44.225  -26.319  51.181 0.0000000000
145946  44.124  -26.059  50.719 0.0000000000
59533  43.649  -26.674  50.684 0.0000000000
59547  43.257  -26.456  49.831 0.0000000000
60535  42.820  -26.241  49.079 0.0000000000
60550  42.288  -26.033  48.510 0.0000000000
59564  41.792  -26.745  48.325 0.0000000000
58578  40.232  -28.077  46.994 0.0000000000
143154  39.982  -28.710  47.362 0.0000000000
57475  39.649  -28.895  47.211 0.0000000000
59536  39.967  -26.581  50.541 0.0000000000
59550  40.073  -26.885  49.555 0.0000000000
59551  39.165  -26.635  49.059 0.0000000000
60552  37.242  -25.962  47.859 0.0000000000
60536  37.239  -25.817  48.902 0.0000000000
60553  36.474  -25.564  48.338 0.0000000000
56433  44.884  -29.133  59.228 0.0000000000
57356  43.962  -29.139  58.723 0.0000000000
54441  41.096  -30.782  63.515 0.0000000000
55425  41.426  -30.437  63.746 0.0000000000
55440  40.867  -30.337  62.562 0.0000000000
55456  40.663  -30.090  61.558 0.0000000000
56451  38.039  -29.625  58.443 0.0000000000
129063  38.911  -29.649  58.888 0.0000000000
56459  39.002  -29.224  58.325 0.0000000000
56458  40.037  -29.024  58.460 0.0000000000
56457  40.819  -29.070  58.563 0.0000000000
57359  41.425  -28.807  58.431 0.0000000000
57374  40.544  -28.497  57.936 0.0000000000
58456  40.556  -27.672  57.173 0.0000000000
58484  40.424  -26.911  56.205 0.0000000000
58505  35.283  -27.277  54.087 0.0000000000
59494  34.886  -26.739  53.307 0.0000000000
59508  34.537  -26.313  52.516 0.0000000000
60502  35.153  -25.912  52.151 0.0000000000
60525  34.896  -25.502  50.943 0.0000000000
60540  32.635  -25.529  49.532 0.0000000000
59554  30.606  -26.571  49.571 0.0000000000
57415  29.606  -28.675  51.758 0.0000000000
149087  29.743  -28.093  51.214 0.0000000000
57421  29.109  -28.489  50.978 0.0000000000
57445  28.505  -28.704  49.588 0.0000000000
52345  31.355  -33.772  53.592 0.0000000000
52346  30.881  -33.660  52.837 0.0000000000
51221  27.867  -34.053  49.967 0.0000000000
52418  28.285  -33.907  49.998 0.0000000000
52419  27.675  -33.586  49.574 0.0000000000
46629  32.121  -38.725  63.430 0.0000000000
46638  31.491  -38.280  62.834 0.0000000000
143431  30.073  -37.740  61.673 0.0000000000
46669  27.134  -38.084  60.042 0.0000000000
47747  27.925  -37.782  60.255 0.0000000000
47770  27.335  -37.077  58.875 0.0000000000
48849  27.508  -36.141  57.771 0.0000000000
133261  26.843  -36.265  57.742 0.0000000000
48850  26.281  -36.072  57.477 0.0000000000
44918  22.424  -40.836  57.880 0.0000000000
45736  22.622  -39.981  58.322 0.0000000000
45745  22.282  -39.930  57.587 0.0000000000
46690  22.231  -39.048  57.306 0.0000000000
135660  21.800  -37.102  54.902 0.0000000000
147580  22.553  -35.818  55.039 0.0000000000
49969  22.935  -35.530  55.256 0.0000000000
70258  47.273  -15.332  39.296 0.0000000000
70268  47.969  -15.012  39.129 0.0000000000
66225  37.532  -19.570  42.124 0.0000000000
130781  38.276  -18.943  41.908 0.0000000000
66234  37.126  -19.798  41.367 0.0000000000
42904  20.631  -42.805  72.294 0.0000000000
41928  20.048  -42.904  73.022 0.0000000000
41929  19.262  -43.144  72.801 0.0000000000
41915  19.496  -43.151  73.782 0.0000000000
125896  18.071  -43.331  73.345 0.0000000000
124018  17.300  -43.403  73.534 0.0000000000
43889  23.490  -41.492  75.164 0.0000000000
43890  22.644  -41.807  75.288 0.0000000000
49776  35.044  -35.042  69.234 0.0000000000
50986  35.656  -34.696  68.511 0.0000000000
50994  35.673  -34.734  67.569 0.0000000000
143881  35.501  -35.414  67.252 0.0000000000
51003  36.048  -34.027  66.885 0.0000000000
146739  36.385  -33.806  66.195 0.0000000000
52234  37.018  -33.728  65.607 0.0000000000
51018  37.782  -34.242  64.839 0.0000000000
51017  38.832  -34.148  64.722 0.0000000000
133918  38.468  -34.982  64.298 0.0000000000
49881  38.256  -36.016  63.225 0.0000000000
48789  38.290  -36.170  62.599 0.0000000000
47723  37.167  -37.235  62.354 0.0000000000
48803  37.761  -36.700  62.170 0.0000000000
48812  37.592  -36.647  61.570 0.0000000000
48819  36.939  -36.912  60.321 0.0000000000
48823  36.430  -36.813  59.575 0.0000000000
48832  35.859  -36.710  58.909 0.0000000000
48843  34.961  -36.974  57.741 0.0000000000
47766  35.416  -37.213  58.646 0.0000000000
47779  34.831  -37.423  58.072 0.0000000000
46667  34.849  -37.812  59.568 0.0000000000
46668  34.172  -37.524  59.298 0.0000000000
47767  33.822  -37.315  58.466 0.0000000000
47768  33.074  -37.009  58.726 0.0000000000
43101  19.884  -42.537  56.683 0.0000000000
42072  20.286  -42.972  56.417 0.0000000000
42105  18.058  -43.903  54.074 0.0000000000
68123  46.346  -16.904  44.226 0.0000000000
69115  46.167  -16.567  43.402 0.0000000000
68131  45.420  -16.944  43.609 0.0000000000
68141  44.346  -16.991  42.492 0.0000000000
68142  43.606  -17.331  42.427 0.0000000000
123671  43.328  -17.661  43.074 0.0000000000
122845  42.019  -17.277  40.840 0.0000000000
127937  17.408  -39.832  60.714 0.0000000000
123393  18.073  -40.080  61.910 0.0000000000
132151  16.899  -40.496  62.117 0.0000000000
44886  16.215  -40.702  62.236 0.0000000000
144567  15.267  -41.169  62.952 0.0000000000
139257  15.317  -42.142  68.078 0.0000000000
42990  14.752  -42.101  67.447 0.0000000000
43007  13.523  -42.215  66.587 0.0000000000
42992  12.933  -42.598  67.019 0.0000000000
43008  12.772  -42.373  66.217 0.0000000000
42009  11.110  -42.935  64.212 0.0000000000
139586  31.669  -39.882  71.126 0.0000000000
45614  32.319  -39.554  70.600 0.0000000000
44823  32.773  -40.313  69.269 0.0000000000
43964  32.393  -40.984  68.069 0.0000000000
42958  31.072  -41.993  67.928 0.0000000000
42959  30.314  -42.294  68.224 0.0000000000
42979  29.798  -42.397  67.673 0.0000000000
42980  28.582  -42.525  67.484 0.0000000000
42981  27.867  -42.539  67.351 0.0000000000
44832  24.233  -40.654  69.065 0.0000000000
44851  22.492  -40.638  66.840 0.0000000000
43991  23.094  -40.942  66.259 0.0000000000
44016  22.619  -41.715  64.435 0.0000000000
44031  22.290  -41.831  63.732 0.0000000000
44018  20.483  -41.076  64.439 0.0000000000
44873  20.385  -40.486  62.878 0.0000000000
44883  19.458  -40.315  62.350 0.0000000000
44894  18.779  -40.070  61.798 0.0000000000
63588  38.387  -22.322  46.186 0.0000000000
131739  37.590  -21.979  45.664 0.0000000000
63589  36.998  -22.670  45.331 0.0000000000
62566  35.569  -23.217  44.446 0.0000000000
144787  35.911  -24.214  44.749 0.0000000000
62567  35.085  -24.007  44.175 0.0000000000
62579  34.713  -23.887  43.361 0.0000000000
61548  34.854  -24.947  42.247 0.0000000000
126753  9.017  -43.019  74.206 0.0000000000
41040  8.351  -44.608  71.322 0.0000000000
149078  8.321  -44.707  71.994 0.0000000000
39290  7.843  -46.029  72.237 0.0000000000
138341  46.632  -18.252  51.584 0.0000000000
67091  45.712  -18.658  51.074 0.0000000000
67090  46.395  -18.804  51.407 0.0000000000
66151  46.025  -19.415  51.204 0.0000000000
66161  46.371  -20.211  51.197 0.0000000000
65268  45.754  -20.855  50.837 0.0000000000
64431  45.217  -22.060  49.905 0.0000000000
63557  44.864  -22.558  49.697 0.0000000000
60485  47.558  -25.197  54.183 0.0000000000
60487  45.775  -25.842  53.179 0.0000000000
59516  44.945  -26.119  52.142 0.0000000000
59485  44.726  -26.847  53.209 0.0000000000
59501  44.518  -26.722  52.515 0.0000000000
59517  44.367  -26.567  51.833 0.0000000000
59518  43.811  -26.990  51.470 0.0000000000
58536  43.217  -27.476  51.102 0.0000000000
124056  42.132  -27.768  49.908 0.0000000000
58547  41.398  -28.051  49.379 0.0000000000
58538  41.767  -27.791  50.348 0.0000000000
59535  40.544  -26.901  50.934 0.0000000000
60510  38.534  -25.756  51.529 0.0000000000
54471  37.988  -30.995  60.949 0.0000000000
54485  37.794  -30.477  60.111 0.0000000000
55486  37.603  -30.211  59.393 0.0000000000
55497  37.361  -29.976  58.786 0.0000000000
55498  36.561  -30.227  58.469 0.0000000000
56460  37.623  -29.305  57.701 0.0000000000
57386  37.760  -28.572  57.135 0.0000000000
58470  37.842  -27.825  56.508 0.0000000000
142237  37.210  -28.403  56.639 0.0000000000
57395  36.110  -28.257  55.814 0.0000000000
58489  35.851  -28.076  55.167 0.0000000000
57400  35.230  -28.141  54.788 0.0000000000
143736  34.670  -27.865  54.261 0.0000000000
58507  33.658  -27.541  53.430 0.0000000000
58526  32.240  -26.822  52.024 0.0000000000
58514  32.175  -27.365  52.481 0.0000000000
58515  31.558  -27.694  52.435 0.0000000000
57413  31.186  -28.263  52.717 0.0000000000
57414  30.366  -28.606  52.361 0.0000000000
56494  29.759  -29.187  52.345 0.0000000000
56502  29.259  -29.477  51.962 0.0000000000
56503  28.754  -29.681  51.471 0.0000000000
50015  30.716  -35.616  52.376 0.0000000000
51168  30.400  -35.196  51.821 0.0000000000
51187  29.396  -34.806  50.942 0.0000000000
135078  28.232  -34.440  50.644 0.0000000000
51206  28.439  -34.345  50.445 0.0000000000
45707  28.577  -39.721  63.264 0.0000000000
46640  28.972  -38.861  62.828 0.0000000000
45709  28.050  -39.142  62.491 0.0000000000
46652  26.778  -38.833  61.387 0.0000000000
46670  26.232  -38.238  59.925 0.0000000000
44949  21.203  -40.173  54.975 0.0000000000
45771  21.266  -39.343  54.754 0.0000000000
46724  21.413  -38.218  53.280 0.0000000000
136334  54.384  -16.061  39.005 0.0000000000
123037  53.684  -16.090  39.527 0.0000000000
146440  53.785  -16.020  38.933 0.0000000000
70264  53.071  -15.514  38.382 0.0000000000
71203  51.909  -14.811  37.995 0.0000000000
71219  49.737  -14.215  36.621 0.0000000000
70285  43.503  -15.425  36.260 0.0000000000
42985  18.992  -42.350  67.571 0.0000000000
42986  18.139  -42.327  67.429 0.0000000000
140571  18.450  -42.486  68.101 0.0000000000
124605  16.731  -42.278  68.027 0.0000000000
42917  19.541  -43.048  71.226 0.0000000000
41953  18.234  -42.967  70.604 0.0000000000
42969  15.100  -42.311  68.827 0.0000000000
42970  14.283  -42.546  69.033 0.0000000000
41978  13.412  -42.956  69.298 0.0000000000
41969  12.885  -43.289  69.956 0.0000000000
43904  29.422  -41.508  73.804 0.0000000000
42887  29.003  -41.960  73.284 0.0000000000
42899  29.166  -42.137  72.467 0.0000000000
135277  28.862  -42.461  72.136 0.0000000000
42914  27.345  -42.062  71.858 0.0000000000
42902  27.181  -41.908  72.789 0.0000000000
43948  25.424  -41.167  70.771 0.0000000000
147733  25.087  -41.656  75.363 0.0000000000
138442  24.499  -41.078  72.852 0.0000000000
122875  23.895  -40.954  72.735 0.0000000000
43925  24.665  -40.866  72.120 0.0000000000
44815  24.605  -40.667  70.990 0.0000000000
44824  24.309  -40.721  70.015 0.0000000000
44817  23.631  -40.501  69.687 0.0000000000
44825  22.813  -40.550  69.497 0.0000000000
43968  21.586  -41.263  68.904 0.0000000000
59619  36.660  -27.933  43.886 0.0000000000
57537  35.559  -28.859  42.426 0.0000000000
62465  50.130  -23.365  53.780 0.0000000000
61442  49.571  -24.107  54.240 0.0000000000
61428  48.999  -24.773  54.664 0.0000000000
145603  48.289  -24.992  54.435 0.0000000000
60477  47.051  -25.784  54.578 0.0000000000
59471  46.560  -26.363  54.932 0.0000000000
59457  47.792  -26.366  56.152 0.0000000000
59458  46.908  -26.631  55.756 0.0000000000
59459  45.985  -26.821  55.339 0.0000000000
58481  44.642  -27.276  55.700 0.0000000000
54427  41.227  -31.194  64.256 0.0000000000
54428  40.908  -31.722  63.989 0.0000000000
54443  39.707  -31.733  62.895 0.0000000000
54458  38.265  -31.816  61.855 0.0000000000
51033  39.220  -34.876  64.202 0.0000000000
51048  39.620  -34.519  64.132 0.0000000000
51063  39.456  -34.520  63.444 0.0000000000
51079  38.787  -35.070  62.106 0.0000000000
137568  39.120  -34.620  62.654 0.0000000000
52267  39.355  -33.936  62.930 0.0000000000
53394  39.049  -33.323  62.613 0.0000000000
53405  38.496  -33.052  62.185 0.0000000000
54459  37.324  -31.896  61.309 0.0000000000
53437  35.700  -31.801  59.136 0.0000000000
136302  35.695  -33.131  59.855 0.0000000000
54499  35.501  -31.471  58.426 0.0000000000
142671  34.981  -32.031  58.102 0.0000000000
54520  33.541  -31.901  56.373 0.0000000000
54524  33.152  -31.741  55.893 0.0000000000
52330  32.637  -33.442  55.624 0.0000000000
52337  32.377  -34.152  54.829 0.0000000000
130273  32.287  -34.712  54.001 0.0000000000
51145  31.453  -35.464  52.867 0.0000000000
48844  34.342  -36.488  57.129 0.0000000000
49959  33.826  -35.828  56.411 0.0000000000
48878  33.203  -36.361  55.651 0.0000000000
47809  32.671  -36.677  55.894 0.0000000000
48879  32.608  -36.470  55.198 0.0000000000
48895  32.860  -36.112  54.986 0.0000000000
48909  32.132  -36.182  53.796 0.0000000000
49995  31.541  -35.986  53.151 0.0000000000
50014  31.095  -35.817  52.623 0.0000000000
49997  30.439  -35.608  52.642 0.0000000000
49981  29.711  -35.184  53.307 0.0000000000
51147  29.056  -34.694  53.142 0.0000000000
51148  28.135  -34.209  53.447 0.0000000000
44077  24.043  -41.597  60.063 0.0000000000
44090  22.559  -41.857  58.133 0.0000000000
43093  22.482  -42.883  58.384 0.0000000000
44936  21.389  -40.642  55.838 0.0000000000
42086  20.628  -42.989  56.485 0.0000000000
42094  21.005  -42.892  56.307 0.0000000000
43128  20.643  -42.384  55.670 0.0000000000
42103  19.820  -42.441  54.792 0.0000000000
44125  21.078  -40.960  55.197 0.0000000000
69122  51.539  -16.433  42.315 0.0000000000
133924  51.477  -16.337  41.468 0.0000000000
69134  50.726  -16.215  41.651 0.0000000000
70238  49.233  -15.565  41.192 0.0000000000
70249  48.628  -15.397  40.506 0.0000000000
128083  47.709  -15.446  40.613 0.0000000000
70259  46.522  -15.503  39.522 0.0000000000
70271  45.857  -15.557  39.144 0.0000000000
69127  45.683  -16.450  42.645 0.0000000000
69138  45.564  -16.218  41.634 0.0000000000
69149  43.895  -16.516  40.450 0.0000000000
69156  44.663  -16.267  39.902 0.0000000000
69162  44.267  -16.173  39.049 0.0000000000
44904  16.435  -40.410  60.149 0.0000000000
44008  17.649  -41.763  65.538 0.0000000000
44009  17.033  -41.485  65.084 0.0000000000
43019  16.907  -41.896  65.759 0.0000000000
44022  16.551  -41.402  64.429 0.0000000000
44039  14.688  -41.335  63.362 0.0000000000
138308  14.682  -41.997  66.213 0.0000000000
43021  14.561  -41.895  65.576 0.0000000000
43033  14.292  -41.766  64.804 0.0000000000
44040  13.876  -41.421  62.890 0.0000000000
48700  34.966  -36.097  70.040 0.0000000000
124749  34.783  -36.010  69.289 0.0000000000
129359  35.071  -37.014  68.365 0.0000000000
47656  35.229  -37.791  67.766 0.0000000000
46563  35.073  -38.278  68.210 0.0000000000
46579  35.038  -38.528  67.318 0.0000000000
135176  35.093  -38.196  66.860 0.0000000000
45687  35.390  -39.437  64.870 0.0000000000
45692  34.790  -39.391  63.989 0.0000000000
45702  34.622  -39.012  63.186 0.0000000000
45693  34.105  -39.527  63.951 0.0000000000
45694  33.332  -39.488  63.803 0.0000000000
45695  31.829  -39.389  64.002 0.0000000000
45696  30.828  -39.616  64.132 0.0000000000
45697  29.871  -39.925  64.084 0.0000000000
43987  31.973  -41.357  66.660 0.0000000000
43998  31.511  -41.356  66.056 0.0000000000
43999  30.634  -41.627  66.047 0.0000000000
44012  30.372  -41.354  65.402 0.0000000000
44880  27.229  -40.790  62.707 0.0000000000
44044  26.999  -41.537  63.161 0.0000000000
44881  26.580  -41.285  62.553 0.0000000000
44055  25.456  -41.802  61.872 0.0000000000
44056  24.734  -42.294  61.420 0.0000000000
42912  28.648  -42.316  71.379 0.0000000000
42928  28.644  -42.376  70.453 0.0000000000
123548  28.238  -42.503  69.712 0.0000000000
42944  27.582  -42.335  69.601 0.0000000000
131208  24.819  -41.410  68.379 0.0000000000
42982  25.842  -42.500  67.179 0.0000000000
140682  26.350  -42.652  66.839 0.0000000000
42998  26.620  -42.552  66.281 0.0000000000
42005  25.608  -42.593  64.097 0.0000000000
42014  24.608  -42.778  63.656 0.0000000000
138014  25.027  -42.745  63.696 0.0000000000
42013  25.337  -42.628  63.484 0.0000000000
43049  25.118  -42.679  62.864 0.0000000000
43057  24.998  -42.662  62.172 0.0000000000
43070  24.118  -42.735  60.926 0.0000000000
43071  23.531  -43.094  60.469 0.0000000000
42043  22.981  -43.296  60.067 0.0000000000
136674  22.865  -43.366  61.111 0.0000000000
42044  22.767  -43.310  60.415 0.0000000000
42052  22.341  -43.267  59.612 0.0000000000
129564  21.779  -43.420  58.871 0.0000000000
43094  21.351  -43.430  58.301 0.0000000000
43086  20.873  -42.976  58.294 0.0000000000
126551  21.774  -41.914  62.487 0.0000000000
44065  21.497  -42.059  60.716 0.0000000000
44079  21.252  -42.127  59.849 0.0000000000
134664  21.024  -42.221  59.052 0.0000000000
43100  20.469  -42.850  57.435 0.0000000000
44109  18.482  -41.990  56.315 0.0000000000
44930  18.571  -40.580  57.510 0.0000000000
44110  17.910  -41.734  56.524 0.0000000000
43116  17.656  -42.511  56.106 0.0000000000
135908  41.898  -18.251  45.754 0.0000000000
67168  40.780  -18.510  44.801 0.0000000000
66218  39.213  -19.174  43.897 0.0000000000
66215  38.492  -19.444  44.457 0.0000000000
66220  37.710  -19.651  43.154 0.0000000000
64472  36.695  -21.566  45.121 0.0000000000
142419  36.431  -21.099  44.590 0.0000000000
64488  35.438  -21.718  42.771 0.0000000000
63603  35.242  -22.526  42.396 0.0000000000
64493  35.643  -21.848  41.997 0.0000000000
59620  35.742  -26.655  43.889 0.0000000000
125155  35.127  -27.081  42.844 0.0000000000
124977  35.167  -27.079  42.115 0.0000000000
57560  35.760  -28.051  40.875 0.0000000000
44727  19.481  -41.520  76.429 0.0000000000
41885  18.273  -42.956  75.901 0.0000000000
41917  16.596  -43.675  74.201 0.0000000000
145984  16.268  -43.506  75.548 0.0000000000
41944  15.093  -43.305  71.994 0.0000000000
41945  14.370  -43.315  71.502 0.0000000000
41933  14.212  -43.684  72.287 0.0000000000
135674  12.124  -43.479  70.033 0.0000000000
41016  12.893  -43.825  74.873 0.0000000000
41024  12.687  -43.818  73.846 0.0000000000
41958  12.077  -43.647  70.678 0.0000000000
41059  10.153  -43.773  68.101 0.0000000000
41046  8.391  -44.587  70.516 0.0000000000
40209  8.144  -45.296  69.213 0.0000000000
70219  53.330  -15.818  43.216 0.0000000000
71182  53.343  -15.277  43.295 0.0000000000
69108  52.708  -16.329  43.421 0.0000000000
135755  51.949  -16.496  43.220 0.0000000000
69109  52.150  -16.430  43.922 0.0000000000
69110  51.338  -16.478  43.870 0.0000000000
69082  52.319  -16.138  45.222 0.0000000000
69111  50.292  -16.422  44.119 0.0000000000
126617  49.350  -16.423  44.335 0.0000000000
69100  48.563  -16.518  44.594 0.0000000000
69101  47.823  -16.658  44.805 0.0000000000
73010  51.167  -13.356  48.010 0.0000000000
72077  51.491  -14.605  47.764 0.0000000000
122915  51.383  -15.366  47.287 0.0000000000
70159  51.367  -15.181  48.067 0.0000000000
141918  51.014  -15.548  47.471 0.0000000000
70176  50.865  -15.809  46.910 0.0000000000
69085  49.563  -16.480  45.651 0.0000000000
126616  48.540  -16.576  45.262 0.0000000000
69102  47.024  -16.989  44.903 0.0000000000
68115  46.188  -17.238  45.042 0.0000000000
68116  45.357  -17.392  45.282 0.0000000000
147080  47.183  -16.407  46.444 0.0000000000
68100  45.999  -17.163  45.723 0.0000000000
68117  44.609  -17.495  45.588 0.0000000000
132268  43.941  -17.576  45.880 0.0000000000
71113  49.586  -14.908  50.939 0.0000000000
70149  47.294  -15.423  48.912 0.0000000000
69024  45.986  -16.058  49.654 0.0000000000
70137  45.893  -15.886  48.803 0.0000000000
69041  45.286  -16.354  48.266 0.0000000000
68103  43.760  -17.533  46.627 0.0000000000
137996  43.198  -17.698  46.144 0.0000000000
67144  42.328  -18.108  46.491 0.0000000000
67145  41.448  -18.503  46.433 0.0000000000
67128  42.351  -18.583  48.411 0.0000000000
67138  41.616  -18.605  47.183 0.0000000000
66196  40.249  -19.428  46.781 0.0000000000
65309  39.927  -20.298  47.190 0.0000000000
65310  39.240  -20.838  46.850 0.0000000000
67106  43.782  -18.968  50.309 0.0000000000
66170  42.524  -19.711  49.666 0.0000000000
65279  43.575  -20.977  50.259 0.0000000000
65280  42.760  -20.820  50.016 0.0000000000
65287  41.978  -20.621  49.380 0.0000000000
64448  40.955  -21.154  48.315 0.0000000000
65299  39.979  -21.292  47.301 0.0000000000
64468  38.829  -21.626  46.549 0.0000000000
62558  38.673  -23.294  46.276 0.0000000000
62557  39.544  -23.562  46.556 0.0000000000
61513  38.230  -24.780  46.027 0.0000000000
60585  38.012  -25.667  45.609 0.0000000000
64411  49.970  -21.440  52.064 0.0000000000
62515  49.179  -22.571  52.118 0.0000000000
63539  47.719  -21.999  51.121 0.0000000000
63540  46.920  -22.104  50.772 0.0000000000
63556  45.534  -22.498  50.020 0.0000000000
62546  44.457  -23.259  49.564 0.0000000000
61467  45.903  -24.418  51.232 0.0000000000
60520  44.626  -25.405  50.805 0.0000000000
60519  45.308  -24.691  50.908 0.0000000000
61475  45.683  -24.029  50.584 0.0000000000
61483  45.351  -23.723  50.156 0.0000000000
62547  43.671  -23.320  49.183 0.0000000000
61496  42.083  -24.047  47.974 0.0000000000
61498  41.005  -24.900  47.440 0.0000000000
60551  41.713  -25.898  48.083 0.0000000000
60575  39.912  -25.789  46.762 0.0000000000
133168  38.695  -26.589  45.793 0.0000000000
146124  38.164  -26.811  45.343 0.0000000000
59612  38.085  -27.791  44.884 0.0000000000
58608  38.498  -28.874  45.187 0.0000000000
57501  38.717  -29.438  45.588 0.0000000000
146719  40.928  -28.354  48.716 0.0000000000
58562  39.944  -28.547  48.060 0.0000000000
58563  39.427  -28.542  47.579 0.0000000000
59565  39.356  -27.673  48.214 0.0000000000
143384  37.853  -28.822  46.303 0.0000000000
58465  44.750  -27.591  56.846 0.0000000000
58482  43.855  -27.296  56.004 0.0000000000
57322  41.986  -28.700  61.213 0.0000000000
55470  39.647  -30.126  60.625 0.0000000000
55483  40.441  -29.677  60.227 0.0000000000
141268  39.683  -29.579  59.278 0.0000000000
56423  41.778  -29.394  60.431 0.0000000000
56422  42.441  -29.288  60.128 0.0000000000
139035  43.202  -29.220  59.998 0.0000000000
56435  43.729  -29.384  59.469 0.0000000000
56448  43.370  -29.490  59.001 0.0000000000
142764  43.331  -29.077  58.634 0.0000000000
57373  42.184  -28.620  58.351 0.0000000000
57372  42.946  -28.577  58.287 0.0000000000
58454  43.332  -28.013  57.683 0.0000000000
128578  43.039  -26.936  55.693 0.0000000000
59474  41.642  -26.482  54.768 0.0000000000
59462  40.788  -26.374  55.190 0.0000000000
59475  40.293  -26.133  54.488 0.0000000000
60488  39.534  -25.881  52.865 0.0000000000
60498  39.238  -25.722  51.961 0.0000000000
132899  37.569  -27.263  55.885 0.0000000000
59465  37.852  -26.674  55.239 0.0000000000
59478  37.615  -26.265  54.483 0.0000000000
59480  36.123  -26.761  54.239 0.0000000000
59479  36.881  -26.465  54.324 0.0000000000
59491  37.368  -26.035  53.785 0.0000000000
60500  37.512  -25.700  52.377 0.0000000000
60511  37.788  -25.630  51.565 0.0000000000
60524  36.154  -25.473  50.220 0.0000000000
60526  34.595  -25.411  50.352 0.0000000000
59540  30.751  -26.778  50.503 0.0000000000
58550  29.995  -27.035  49.162 0.0000000000
54525  32.602  -31.723  55.464 0.0000000000
54535  30.748  -31.683  53.876 0.0000000000
131126  29.591  -30.994  52.643 0.0000000000
55552  29.000  -30.512  51.946 0.0000000000
55553  28.527  -30.391  51.287 0.0000000000
52377  30.259  -34.464  51.540 0.0000000000
53490  29.948  -33.703  51.455 0.0000000000
53491  29.474  -33.393  50.976 0.0000000000
53503  28.620  -33.426  50.110 0.0000000000
53492  28.818  -32.682  50.601 0.0000000000
130407  29.141  -32.402  51.340 0.0000000000
46647  31.847  -37.913  62.023 0.0000000000
47733  32.078  -37.643  61.332 0.0000000000
47742  32.665  -37.492  60.613 0.0000000000
125909  31.896  -37.011  60.080 0.0000000000
47754  31.131  -36.811  59.582 0.0000000000
146750  29.508  -37.873  61.587 0.0000000000
47736  29.808  -37.545  61.114 0.0000000000
47746  28.706  -37.523  60.387 0.0000000000
47745  29.486  -37.347  60.485 0.0000000000
122941  30.104  -37.019  59.883 0.0000000000
48835  30.309  -36.238  58.391 0.0000000000
48847  29.607  -35.944  57.752 0.0000000000
49937  28.954  -35.601  57.151 0.0000000000
49947  28.368  -35.181  56.572 0.0000000000
123809  28.054  -34.790  56.105 0.0000000000
49964  27.398  -34.708  55.957 0.0000000000
51118  27.062  -34.435  55.370 0.0000000000
51130  26.695  -34.118  54.727 0.0000000000
44901  24.464  -40.875  60.361 0.0000000000
45725  24.347  -39.944  59.884 0.0000000000
45734  23.827  -39.406  59.240 0.0000000000
46672  24.614  -38.946  59.540 0.0000000000
123046  24.816  -37.603  58.652 0.0000000000
47787  22.359  -38.070  56.994 0.0000000000
128754  21.902  -37.428  55.592 0.0000000000
130765  22.826  -37.298  56.892 0.0000000000
47785  23.995  -37.191  57.521 0.0000000000
47784  24.767  -37.008  57.815 0.0000000000
146686  24.936  -36.393  57.353 0.0000000000
49968  23.683  -35.238  55.531 0.0000000000
49967  24.571  -35.032  55.694 0.0000000000
49966  25.507  -34.911  55.869 0.0000000000
132893  25.867  -34.117  54.679 0.0000000000
69145  50.964  -16.148  40.902 0.0000000000
70247  50.432  -15.696  40.355 0.0000000000
133504  48.557  -14.894  38.978 0.0000000000
70267  49.153  -15.001  39.244 0.0000000000
70266  49.963  -14.859  38.917 0.0000000000
71211  49.363  -14.464  37.516 0.0000000000
71220  48.782  -14.385  36.792 0.0000000000
125746  41.002  -18.483  44.096 0.0000000000
67173  40.839  -18.503  43.326 0.0000000000
67182  40.427  -18.447  42.580 0.0000000000
67192  38.952  -18.475  41.726 0.0000000000
41991  25.648  -42.616  65.721 0.0000000000
42863  20.628  -42.605  75.817 0.0000000000
43885  27.752  -41.512  75.206 0.0000000000
43886  27.334  -42.066  75.278 0.0000000000
44011  31.061  -41.232  65.660 0.0000000000
44856  34.462  -40.092  65.051 0.0000000000
44860  33.860  -40.156  64.908 0.0000000000
44908  23.935  -40.904  59.764 0.0000000000
45676  34.646  -40.013  66.291 0.0000000000
45691  35.287  -39.192  64.124 0.0000000000
46549  34.442  -38.408  69.140 0.0000000000
46597  35.326  -38.204  66.002 0.0000000000
46627  36.188  -38.218  62.569 0.0000000000
47630  34.738  -37.412  68.927 0.0000000000
47724  36.652  -37.756  62.021 0.0000000000
47732  36.528  -37.609  61.293 0.0000000000
47739  36.547  -37.449  60.526 0.0000000000
47765  36.026  -37.222  59.233 0.0000000000
47782  32.961  -36.858  57.190 0.0000000000
47798  33.522  -36.800  56.688 0.0000000000
47803  22.301  -37.357  56.282 0.0000000000
48777  36.355  -36.544  63.892 0.0000000000
48861  33.446  -36.565  56.254 0.0000000000
48896  32.427  -36.244  54.497 0.0000000000
49863  37.888  -35.603  63.836 0.0000000000
49882  37.332  -36.287  63.408 0.0000000000
49917  37.226  -36.176  60.654 0.0000000000
49924  35.636  -35.344  59.088 0.0000000000
51032  39.636  -34.287  64.435 0.0000000000
51080  38.054  -35.249  61.626 0.0000000000
51090  37.636  -34.693  61.312 0.0000000000
51105  35.229  -34.507  58.937 0.0000000000
52230  41.095  -33.700  65.072 0.0000000000
52242  40.201  -33.874  64.650 0.0000000000
52268  38.845  -34.115  62.249 0.0000000000
52290  37.202  -34.123  61.105 0.0000000000
52398  29.319  -34.249  50.624 0.0000000000
53379  41.178  -32.166  64.668 0.0000000000
53423  35.472  -32.804  59.287 0.0000000000
56447  44.197  -29.387  59.104 0.0000000000
57346  44.862  -28.990  59.617 0.0000000000
57456  41.042  -28.380  48.080 0.0000000000
57457  40.750  -28.468  48.184 0.0000000000
58540  29.573  -27.799  50.522 0.0000000000
58561  40.535  -28.407  48.379 0.0000000000
59490  38.027  -25.851  53.980 0.0000000000
59506  36.079  -26.028  52.984 0.0000000000
59521  39.992  -26.247  51.355 0.0000000000
59538  32.387  -26.048  51.064 0.0000000000
60515  33.079  -25.833  51.019 0.0000000000
60617  34.606  -25.417  42.855 0.0000000000
61484  44.813  -23.936  49.815 0.0000000000
61493  42.208  -25.013  48.240 0.0000000000
62552  42.236  -23.226  48.201 0.0000000000
62591  34.951  -23.457  42.481 0.0000000000
62625  35.809  -23.987  41.043 0.0000000000
63520  49.730  -21.883  52.011 0.0000000000
63541  46.183  -22.343  50.419 0.0000000000
63583  40.216  -22.121  47.161 0.0000000000
64403  50.606  -21.437  52.774 0.0000000000
64422  47.350  -21.356  51.018 0.0000000000
64477  35.956  -21.664  44.392 0.0000000000
64483  35.495  -21.636  43.657 0.0000000000
65288  41.362  -20.442  48.692 0.0000000000
65330  37.220  -20.147  43.684 0.0000000000
66195  40.913  -18.998  46.994 0.0000000000
66219  38.426  -19.359  43.581 0.0000000000
67117  43.919  -18.323  49.875 0.0000000000
67157  42.166  -18.112  45.009 0.0000000000
67158  41.391  -18.342  45.241 0.0000000000
67159  40.677  -18.622  45.574 0.0000000000
67181  41.189  -18.307  42.489 0.0000000000
68118  43.424  -17.687  45.412 0.0000000000
68134  42.971  -17.912  43.626 0.0000000000
69055  45.509  -16.551  47.265 0.0000000000
69065  50.403  -16.214  46.402 0.0000000000
69066  49.496  -16.303  46.289 0.0000000000
69068  48.036  -16.150  46.466 0.0000000000
69069  46.598  -16.820  46.131 0.0000000000
69107  53.231  -16.144  43.133 0.0000000000
69112  48.603  -16.330  43.893 0.0000000000
69123  49.616  -16.010  42.701 0.0000000000
69139  44.447  -16.633  41.673 0.0000000000
69143  52.921  -16.270  40.906 0.0000000000
69146  46.136  -15.834  41.105 0.0000000000
70160  51.172  -15.379  47.905 0.0000000000
70161  50.541  -15.457  47.935 0.0000000000
70175  51.702  -15.747  46.598 0.0000000000
70190  52.442  -15.852  45.707 0.0000000000
70191  52.142  -16.067  46.005 0.0000000000
70220  53.019  -16.088  43.885 0.0000000000
70240  47.409  -15.568  41.392 0.0000000000
70246  51.361  -15.922  40.264 0.0000000000
70252  54.847  -15.879  38.755 0.0000000000
70253  54.420  -16.029  39.558 0.0000000000
70274  54.647  -15.996  37.374 0.0000000000
70278  43.505  -15.696  37.372 0.0000000000
71122  51.349  -14.703  49.443 0.0000000000
71123  51.127  -14.931  49.677 0.0000000000
71125  50.008  -14.836  49.914 0.0000000000
71145  51.592  -15.129  47.381 0.0000000000
71158  52.129  -15.172  46.434 0.0000000000
71167  52.570  -15.099  45.493 0.0000000000
126528  52.556  -15.591  45.439 0.0000000000
127257  44.053  -17.594  45.287 0.0000000000
128524  28.937  -41.080  63.914 0.0000000000
128567  47.686  -14.689  38.013 0.0000000000
129919  50.541  -16.255  42.464 0.0000000000
130062  36.164  -34.251  66.014 0.0000000000
130492  37.357  -36.590  60.998 0.0000000000
133190  34.083  -40.264  66.864 0.0000000000
135284  34.523  -25.857  51.698 0.0000000000
135285  36.742  -25.888  52.666 0.0000000000
140349  33.789  -37.212  57.877 0.0000000000
140836  50.054  -14.567  38.044 0.0000000000
141239  33.686  -26.536  52.423 0.0000000000
141716  33.327  -40.146  68.774 0.0000000000
142260  48.513  -15.085  39.402 0.0000000000
142356  34.705  -26.108  42.960 0.0000000000
142987  53.118  -16.275  42.576 0.0000000000
143282  47.988  -16.512  44.252 0.0000000000
143879  36.738  -20.626  44.224 0.0000000000
144244  35.695  -26.828  40.874 0.0000000000
144253  49.081  -14.708  38.474 0.0000000000
144756  28.213  -42.383  66.085 0.0000000000
144872  40.393  -29.995  60.860 0.0000000000
146155  41.232  -33.078  65.162 0.0000000000
146417  33.998  -39.859  64.474 0.0000000000
146525  34.499  -38.342  61.648 0.0000000000
146849  45.005  -16.393  41.370 0.0000000000
147197  34.815  -35.607  68.913 0.0000000000
148169  53.920  -15.919  37.704 0.0000000000
148419  36.011  -34.002  69.560 0.0000000000
148752  22.296  -41.429  71.638 0.0000000000
