#!ascii label  , from subject sub-v1s6x0051364_ses-1 vox2ras=TkReg
789
128800  15.963  -24.213  -5.413 0.1428571492
61139  15.173  -25.181  -5.036 0.1428571492
63181  15.102  -23.510  -6.578 0.1428571492
62059  16.684  -24.227  -5.137 0.1428571492
63180  15.990  -23.276  -6.325 0.2857142985
62077  14.769  -23.973  -6.042 0.1428571492
63179  16.883  -23.096  -6.057 0.1428571492
64126  16.112  -22.221  -7.492 0.5714285970
64105  17.398  -22.381  -6.440 0.1428571492
64961  18.276  -21.027  -7.389 0.2857142985
64938  17.859  -21.583  -6.824 0.2857142985
65804  19.467  -20.422  -7.529 0.1428571492
65805  18.584  -20.514  -7.803 0.2857142985
67725  19.823  -18.144  -9.016 0.2857142985
67706  19.541  -18.800  -8.741 0.1428571492
66752  18.616  -18.980  -8.989 0.2857142985
70730  20.881  -15.622  -9.709 0.2857142985
133332  20.424  -17.119  -9.162 0.2857142985
71715  20.753  -14.519  -11.120 0.2857142985
70745  20.390  -15.208  -10.567 0.2857142985
73601  21.725  -13.101  -11.889 0.2857142985
75646  22.473  -10.632  -13.118 0.8571428657
74611  22.408  -11.514  -12.610 0.4285714328
72635  21.894  -13.472  -11.148 0.2857142985
77424  22.902  -8.673  -13.676 0.7142857313
76548  22.878  -9.343  -14.169 0.7142857313
148307  22.555  -9.716  -14.073 0.7142857313
75647  21.720  -11.054  -12.779 0.7142857313
78448  24.633  -7.526  -14.819 0.8571428657
140026  24.126  -7.820  -14.123 0.5714285970
78410  23.424  -7.774  -12.551 0.8571428657
77425  22.420  -9.394  -13.528 0.7142857313
148448  21.999  -9.819  -12.976 0.7142857313
80437  25.287  -5.787  -16.672 0.4285714328
79436  24.402  -6.833  -14.604 0.7142857313
78423  23.958  -7.334  -13.389 0.8571428657
81361  23.402  -4.709  -18.491 0.2857142985
81354  23.770  -4.190  -17.635 0.5714285970
80424  24.848  -5.342  -15.509 0.8571428657
80431  25.016  -5.056  -16.358 0.7142857313
123389  24.566  -6.141  -15.012 0.8571428657
81355  22.872  -3.942  -18.279 0.1428571492
80446  22.425  -4.714  -18.990 0.1428571492
81345  24.444  -4.299  -16.152 0.5714285970
140337  24.724  -4.671  -15.705 0.8571428657
83048  21.295  -2.823  -19.315 0.1428571492
81362  21.931  -4.109  -19.106 0.1428571492
149016  22.450  -3.651  -18.522 0.1428571492
82195  23.331  -3.409  -17.378 0.4285714328
81340  24.428  -4.110  -15.246 0.8571428657
83905  21.321  -1.430  -19.562 0.1428571492
83056  20.046  -2.032  -19.477 0.1428571492
83904  22.220  -1.578  -18.862 0.1428571492
82202  22.104  -3.373  -18.894 0.1428571492
83040  22.813  -2.386  -17.524 0.4285714328
82189  23.331  -3.086  -16.421 0.5714285970
82188  23.856  -3.612  -15.862 0.7142857313
81330  24.547  -4.358  -14.237 0.8571428657
84823  22.562  -0.862  -18.393 0.1428571492
85702  22.837  -0.152  -18.148 0.1428571492
83897  22.601  -1.629  -17.939 0.1428571492
136803  23.041  -1.637  -17.202 0.5714285970
82182  23.595  -3.065  -15.699 0.8571428657
146937  24.496  -3.710  -14.550 0.8571428657
82181  24.141  -3.394  -15.172 0.8571428657
85709  22.689  0.521  -18.880 0.1428571492
85701  23.321  0.535  -18.001 0.2857142985
134320  23.299  -0.186  -17.588 0.1428571492
85693  23.904  -0.125  -17.130 0.8571428657
83885  23.473  -1.617  -16.380 0.8571428657
83035  23.124  -2.373  -16.723 0.7142857313
83879  24.753  -1.283  -15.124 0.8571428657
87614  23.975  1.935  -17.817 0.1428571492
87630  24.043  2.660  -18.028 0.1428571492
135382  24.269  1.120  -16.934 0.4285714328
85673  25.527  0.985  -15.099 0.8571428657
85685  24.885  0.491  -15.948 0.8571428657
84802  24.177  -1.082  -15.948 0.8571428657
83864  25.295  -1.007  -14.433 0.8571428657
86656  24.533  1.768  -16.644 0.4285714328
85672  26.008  0.057  -14.415 0.8571428657
85684  25.327  0.198  -15.204 0.8571428657
85657  25.640  0.635  -13.800 0.8571428657
129749  24.452  2.931  -17.335 0.1428571492
88500  24.415  3.494  -17.730 0.2857142985
87601  24.681  2.753  -16.600 0.5714285970
88492  24.964  3.092  -15.705 0.8571428657
87591  24.956  2.227  -15.888 0.8571428657
86643  25.344  1.781  -15.333 0.8571428657
126311  25.721  1.087  -14.039 0.8571428657
86629  25.606  1.797  -14.649 0.8571428657
89348  24.759  4.237  -17.327 0.2857142985
89343  24.951  4.193  -16.505 0.7142857313
147873  24.852  3.512  -16.273 0.5714285970
88491  25.149  4.046  -15.569 0.8571428657
87584  25.505  2.611  -14.304 0.8571428657
88477  25.053  3.458  -13.113 0.8571428657
126508  25.493  1.859  -13.720 0.8571428657
89337  25.488  4.883  -15.253 0.8571428657
90145  25.515  5.439  -14.789 0.8571428657
88484  25.420  3.496  -13.888 0.8571428657
89324  24.492  4.682  -12.925 0.7142857313
89313  24.715  4.021  -12.881 0.7142857313
147901  25.571  5.474  -15.473 0.8571428657
90926  25.305  6.063  -14.433 0.8571428657
89323  25.140  4.371  -13.443 0.8571428657
90927  24.689  6.585  -14.140 0.8571428657
91664  24.354  7.279  -14.576 0.8571428657
90129  24.175  5.435  -13.117 0.7142857313
91682  25.452  7.476  -16.553 0.7142857313
91672  25.267  7.138  -15.705 0.8571428657
91683  24.943  8.025  -15.992 0.8571428657
92436  24.218  8.435  -15.540 0.8571428657
93211  23.637  9.360  -16.373 0.7142857313
90136  25.291  5.241  -13.985 0.8571428657
91673  24.677  7.634  -15.252 0.8571428657
93254  25.144  9.350  -20.660 0.1428571492
92449  24.424  8.872  -16.326 0.8571428657
93210  24.163  9.389  -16.958 0.7142857313
93221  23.510  9.840  -17.265 0.7142857313
92450  23.771  8.996  -15.791 0.8571428657
94034  24.333  10.848  -21.729 0.1428571492
133617  24.280  10.225  -18.558 0.5714285970
94009  24.168  11.134  -18.659 0.5714285970
128588  23.146  12.018  -18.699 0.5714285970
94808  24.020  11.373  -19.482 0.1428571492
94041  24.244  11.887  -23.592 0.1428571492
95568  22.102  12.659  -19.649 0.5714285970
94835  23.801  12.819  -22.506 0.1428571492
139612  23.111  12.350  -20.044 0.1428571492
95591  24.528  13.311  -22.822 0.1428571492
94809  23.392  11.965  -19.384 0.5714285970
96348  22.977  13.715  -22.227 0.1428571492
140502  23.664  14.430  -22.664 0.1428571492
96357  23.083  14.654  -22.778 0.1428571492
62042  15.985  -24.809  -4.919 0.1428571492
64106  16.490  -22.674  -6.807 0.2857142985
64082  17.735  -22.888  -5.685 0.1428571492
124699  20.425  -18.592  -8.599 0.2857142985
66735  20.155  -19.212  -8.264 0.2857142985
66736  19.195  -19.387  -8.417 0.1428571492
71727  21.195  -13.896  -11.748 0.2857142985
73609  21.406  -12.577  -12.305 0.5714285970
79443  25.409  -6.538  -15.908 0.2857142985
138238  21.839  -10.329  -12.887 0.7142857313
80438  24.991  -5.483  -17.296 0.1428571492
79437  24.396  -5.927  -13.813 0.8571428657
81346  23.925  -3.805  -16.757 0.7142857313
84830  22.106  -0.808  -19.245 0.1428571492
84815  23.450  -0.884  -17.132 0.8571428657
133696  24.863  -1.608  -14.555 0.8571428657
84777  25.737  -0.178  -14.095 0.8571428657
89342  25.388  4.951  -16.024 0.8571428657
90945  25.531  6.557  -16.320 0.8571428657
92448  25.143  8.311  -16.807 0.8571428657
93220  24.419  9.741  -17.756 0.7142857313
94021  24.424  10.603  -19.325 0.2857142985
94822  23.455  11.833  -20.326 0.1428571492
94831  24.020  11.935  -22.164 0.1428571492
95594  24.914  13.987  -24.856 0.1428571492
132059  14.688  -25.635  -4.731 0.1428571492
64125  17.006  -22.000  -7.258 0.4285714328
65806  17.735  -20.673  -8.097 0.2857142985
64962  17.404  -21.268  -7.678 0.4285714328
64963  16.529  -21.474  -7.896 0.2857142985
65827  18.853  -19.961  -8.093 0.1428571492
68641  20.647  -17.817  -8.824 0.2857142985
69757  20.619  -16.459  -9.403 0.2857142985
69758  19.774  -16.824  -9.674 0.2857142985
68661  19.340  -17.616  -9.579 0.2857142985
69771  20.046  -15.965  -10.075 0.2857142985
74612  21.654  -11.830  -12.528 0.7142857313
83049  19.921  -2.910  -19.476 0.1428571492
129191  19.924  -1.285  -19.966 0.1428571492
86676  23.198  1.264  -18.583 0.1428571492
86664  23.728  1.311  -17.951 0.2857142985
87631  23.596  1.959  -18.405 0.1428571492
85692  24.348  0.475  -16.754 0.8571428657
83028  23.977  -2.693  -15.251 0.8571428657
124511  24.658  -2.768  -13.739 1.0000000000
88501  24.037  3.427  -18.575 0.1428571492
132135  24.526  4.201  -18.182 0.1428571492
90155  25.097  5.069  -17.782 0.2857142985
88478  24.356  3.395  -12.639 0.8571428657
90154  25.492  5.788  -16.963 0.5714285970
90953  25.585  6.842  -17.362 0.5714285970
91696  25.353  7.595  -18.065 0.5714285970
92464  24.769  9.023  -17.237 0.7142857313
93244  24.646  9.735  -19.199 0.4285714328
92486  25.230  8.366  -19.438 0.2857142985
93243  25.155  9.203  -19.816 0.2857142985
127782  24.862  10.101  -20.156 0.1428571492
144977  24.410  10.803  -20.044 0.1428571492
94821  23.906  11.259  -20.623 0.1428571492
95578  21.603  13.161  -20.675 0.2857142985
132284  24.022  11.312  -21.372 0.1428571492
95584  23.306  12.936  -22.080 0.1428571492
96338  22.346  13.497  -21.410 0.1428571492
96349  22.266  14.262  -22.245 0.1428571492
94834  24.287  12.785  -23.127 0.1428571492
97100  23.834  14.956  -22.489 0.1428571492
147363  22.890  14.687  -24.077 0.1428571492
96356  24.388  14.587  -22.246 0.1428571492
90161  25.389  5.993  -17.837 0.4285714328
90963  25.336  6.617  -18.534 0.4285714328
91708  25.318  7.564  -19.013 0.4285714328
92474  25.213  8.368  -18.537 0.5714285970
92487  24.848  9.029  -18.954 0.5714285970
63158  16.392  -23.684  -5.670 0.1428571492
63159  15.526  -23.773  -5.819 0.1428571492
62060  15.126  -24.550  -5.525 0.1428571492
61140  14.355  -25.105  -5.259 0.1428571492
64107  15.518  -22.950  -7.194 0.4285714328
68660  19.984  -17.501  -9.199 0.2857142985
77426  22.000  -9.184  -12.166 0.7142857313
80423  24.925  -6.121  -15.660 0.8571428657
141569  24.231  -6.745  -13.824 0.8571428657
80439  24.213  -5.033  -17.870 0.5714285970
83047  22.318  -2.481  -18.553 0.2857142985
82203  20.954  -3.638  -19.401 0.1428571492
82196  22.772  -3.146  -18.013 0.1428571492
142741  23.591  0.248  -17.540 0.5714285970
83880  23.945  -1.918  -15.523 0.8571428657
84808  24.402  -0.269  -16.424 0.8571428657
86644  24.977  1.391  -15.894 0.8571428657
124301  25.354  3.370  -14.852 0.8571428657
87590  25.399  2.486  -15.156 0.8571428657
127843  25.299  2.666  -13.418 0.8571428657
89332  25.403  4.423  -14.506 0.8571428657
90937  25.515  6.231  -15.318 0.8571428657
90938  25.160  6.851  -14.863 0.8571428657
93255  24.802  10.087  -21.166 0.1428571492
94797  23.693  11.648  -18.819 0.5714285970
94010  23.431  11.312  -18.450 0.5714285970
94837  24.198  13.423  -24.359 0.1428571492
95577  22.680  12.916  -20.400 0.4285714328
94832  23.625  12.139  -21.443 0.1428571492
129039  24.370  13.763  -24.110 0.1428571492
95576  23.283  12.652  -20.880 0.1428571492
66734  21.147  -18.996  -8.158 0.1428571492
64981  16.960  -20.877  -8.379 0.4285714328
69772  19.385  -16.451  -10.545 0.5714285970
96339  21.611  13.805  -21.626 0.1428571492
69773  18.697  -17.021  -11.084 0.5714285970
68676  18.019  -17.722  -11.290 0.5714285970
68695  16.608  -17.692  -11.370 0.2857142985
144632  18.911  -15.894  -11.883 0.5714285970
69789  17.735  -16.583  -12.175 0.5714285970
66772  16.208  -19.053  -10.682 0.4285714328
69788  18.497  -16.464  -11.771 0.5714285970
143005  15.777  -17.401  -11.029 0.2857142985
69790  16.711  -16.801  -11.921 0.4285714328
71728  20.511  -14.510  -11.955 0.4285714328
71741  19.257  -14.513  -12.397 0.5714285970
70775  18.154  -15.272  -12.490 0.5714285970
70776  17.395  -15.180  -12.562 0.4285714328
72649  20.243  -13.423  -12.201 0.5714285970
72659  19.389  -13.613  -12.416 0.5714285970
71742  18.528  -14.737  -12.519 0.4285714328
73610  19.602  -12.688  -12.378 0.7142857313
73611  18.640  -12.881  -12.629 0.4285714328
74614  19.963  -11.898  -12.435 0.4285714328
69806  17.068  -15.957  -12.365 0.4285714328
69791  15.657  -16.648  -11.522 0.2857142985
69774  14.987  -17.167  -11.078 0.2857142985
134403  17.817  -14.565  -12.680 0.4285714328
123756  20.533  -12.653  -12.300 0.7142857313
132833  20.399  -11.220  -12.512 0.7142857313
137634  18.774  -10.994  -13.045 0.4285714328
76551  19.577  -9.681  -12.463 0.7142857313
76552  18.653  -9.631  -12.976 0.5714285970
77428  19.913  -8.939  -12.172 0.7142857313
77429  18.328  -8.887  -13.040 0.2857142985
137578  21.103  -11.336  -12.566 0.5714285970
75648  20.949  -10.544  -12.483 0.5714285970
75649  20.019  -10.431  -12.423 0.7142857313
143395  21.907  -8.388  -11.687 0.7142857313
78413  20.377  -7.387  -11.668 0.7142857313
79408  21.155  -6.804  -11.311 0.7142857313
79409  19.984  -6.693  -11.898 0.7142857313
78414  19.448  -7.429  -11.995 0.4285714328
80389  20.599  -5.947  -11.549 0.4285714328
77427  21.058  -8.852  -11.867 0.5714285970
78411  22.683  -8.382  -12.131 0.5714285970
126984  22.219  -7.419  -11.388 0.5714285970
148104  22.074  -6.546  -11.160 0.7142857313
79407  21.977  -5.653  -10.874 0.7142857313
81297  21.484  -4.556  -12.118 0.7142857313
126924  20.279  -5.316  -12.073 0.5714285970
82135  21.244  -3.733  -11.477 0.5714285970
80416  24.517  -5.230  -14.513 0.7142857313
80401  23.579  -6.160  -11.844 0.5714285970
79406  23.061  -6.320  -11.193 0.5714285970
81314  23.263  -5.165  -12.616 0.7142857313
80388  22.773  -5.279  -10.977 0.7142857313
82154  22.831  -4.114  -12.500 0.8571428657
82133  23.046  -3.220  -12.154 0.7142857313
145342  21.908  -3.521  -10.958 0.7142857313
143150  23.637  -1.964  -12.964 0.7142857313
136699  21.102  -3.107  -11.498 0.5714285970
82985  22.471  -2.431  -12.029 0.7142857313
80400  24.291  -5.632  -13.041 0.5714285970
82153  24.326  -3.519  -12.992 0.8571428657
83002  24.293  -2.710  -13.140 0.8571428657
82986  21.745  -2.214  -11.348 0.5714285970
122771  21.806  -0.476  -11.547 0.2857142985
82152  24.635  -3.513  -13.886 0.7142857313
82984  23.741  -2.024  -14.541 0.7142857313
139903  21.943  2.369  -11.796 0.7142857313
83015  24.672  -2.289  -14.258 0.7142857313
83834  23.626  -1.124  -13.405 0.8571428657
86600  24.916  1.701  -12.688 0.8571428657
83833  23.940  -0.974  -14.959 0.8571428657
122628  22.589  1.361  -13.084 0.5714285970
84761  24.016  1.122  -13.269 0.8571428657
86601  24.335  1.985  -12.170 0.8571428657
139843  22.967  2.466  -11.354 0.7142857313
83863  25.469  -0.540  -14.346 0.8571428657
85643  25.434  1.288  -13.406 0.8571428657
122504  23.677  2.124  -11.569 0.8571428657
87566  24.445  2.092  -12.259 0.8571428657
87574  24.751  2.691  -12.742 0.8571428657
122702  23.144  2.887  -11.526 0.7142857313
90917  23.850  6.272  -13.557 0.7142857313
90918  22.728  6.222  -13.552 0.7142857313
148438  23.933  6.970  -14.035 0.5714285970
90919  21.832  6.073  -13.765 0.7142857313
90928  23.110  6.916  -13.947 0.7142857313
91665  23.467  7.511  -14.383 0.7142857313
92437  23.466  8.579  -15.351 0.8571428657
92451  22.526  8.934  -16.157 0.7142857313
91667  21.812  7.305  -14.589 0.7142857313
141410  21.293  8.622  -17.766 0.7142857313
145664  20.731  7.970  -17.847 0.5714285970
93212  22.921  9.499  -16.567 0.7142857313
93223  21.773  9.646  -17.808 0.7142857313
93225  20.308  8.349  -18.322 0.5714285970
94002  21.453  10.081  -18.209 0.4285714328
93224  21.022  9.251  -18.365 0.5714285970
93232  20.279  9.241  -18.581 0.5714285970
93222  22.675  9.930  -17.344 0.5714285970
92465  19.558  7.603  -18.252 0.5714285970
94012  21.515  10.909  -18.337 0.5714285970
94013  20.582  10.150  -18.550 0.5714285970
131257  19.541  9.761  -18.780 0.5714285970
93233  19.633  8.953  -18.694 0.4285714328
92477  17.994  8.309  -18.688 0.5714285970
92466  18.495  7.606  -18.352 0.4285714328
94014  18.668  10.070  -19.249 0.5714285970
93234  18.599  9.150  -18.962 0.5714285970
94799  20.591  11.171  -18.771 0.5714285970
93235  17.300  8.905  -19.412 0.4285714328
91698  17.710  6.746  -18.247 0.4285714328
93245  17.870  9.538  -19.699 0.5714285970
94815  16.791  10.796  -19.283 0.4285714328
75645  23.194  -10.572  -13.126 0.2857142985
79405  23.914  -6.771  -11.834 0.5714285970
144929  16.754  10.178  -19.342 0.4285714328
93226  15.469  9.747  -18.413 0.2857142985
67745  17.759  -18.407  -10.683 0.5714285970
66771  16.735  -19.308  -10.209 0.5714285970
70759  20.152  -15.098  -11.628 0.2857142985
70746  19.725  -15.699  -10.960 0.4285714328
68677  17.286  -18.159  -11.288 0.5714285970
71729  19.879  -14.987  -12.147 0.5714285970
131267  15.957  -18.208  -10.866 0.2857142985
72661  17.526  -13.869  -12.746 0.4285714328
72660  18.387  -13.893  -12.600 0.5714285970
70764  15.236  -15.840  -12.016 0.2857142985
70777  16.565  -15.159  -12.483 0.2857142985
74615  18.965  -11.869  -12.912 0.5714285970
76563  23.620  -8.969  -14.043 0.2857142985
129056  17.270  -9.959  -13.626 0.2857142985
136476  19.000  -8.285  -12.369 0.7142857313
83851  25.000  -1.401  -14.508 0.8571428657
84762  22.851  0.004  -12.514 0.7142857313
89325  23.589  4.861  -12.674 0.7142857313
90130  23.200  5.626  -12.951 0.7142857313
122700  22.614  4.807  -12.762 0.7142857313
92452  21.754  8.452  -16.706 0.7142857313
92453  20.248  7.310  -17.846 0.5714285970
94001  22.271  10.535  -17.933 0.5714285970
94000  23.061  10.629  -17.883 0.5714285970
94022  18.589  10.869  -19.776 0.2857142985
123617  17.698  -13.146  -12.808 0.4285714328
76549  21.361  -9.716  -12.389 0.5714285970
80399  24.499  -4.895  -13.407 0.7142857313
81312  24.571  -4.213  -13.325 0.7142857313
81313  24.363  -4.608  -13.060 0.7142857313
84759  25.744  0.306  -14.019 0.7142857313
93199  23.174  9.111  -15.842 0.8571428657
74613  20.854  -11.943  -12.486 0.5714285970
148086  22.822  3.563  -11.802 0.7142857313
69787  19.155  -16.206  -11.402 0.5714285970
68693  18.122  -17.126  -11.770 0.5714285970
68694  17.465  -17.398  -11.739 0.5714285970
67746  17.017  -18.851  -10.851 0.5714285970
147043  16.194  -17.078  -11.316 0.4285714328
70760  19.511  -15.533  -11.781 0.5714285970
70761  18.336  -15.886  -12.146 0.5714285970
71730  18.976  -15.292  -12.225 0.5714285970
70762  17.757  -15.795  -12.382 0.4285714328
70763  16.142  -15.934  -12.142 0.4285714328
72650  20.090  -14.257  -12.238 0.5714285970
71743  16.937  -14.323  -12.697 0.4285714328
129262  19.582  -11.130  -12.700 0.5714285970
75650  19.138  -10.362  -12.854 0.5714285970
75658  18.114  -10.330  -13.246 0.4285714328
75651  17.998  -11.283  -13.121 0.4285714328
76550  20.493  -9.663  -12.252 0.7142857313
76564  17.803  -9.462  -13.409 0.2857142985
133836  20.140  -8.122  -11.809 0.7142857313
78412  21.155  -7.840  -11.545 0.7142857313
137569  23.268  -7.316  -11.626 0.5714285970
141684  21.820  -4.871  -10.825 0.7142857313
81298  21.314  -4.436  -11.238 0.7142857313
82134  21.652  -3.226  -11.902 0.7142857313
135124  20.863  -3.977  -11.933 0.2857142985
83835  22.111  -1.710  -11.851 0.5714285970
83836  21.451  -1.269  -11.415 0.2857142985
84760  24.780  0.996  -14.264 0.8571428657
91666  22.597  7.497  -14.386 0.7142857313
92438  22.834  8.516  -15.420 0.7142857313
93213  22.147  9.281  -16.972 0.8571428657
94800  19.579  10.621  -18.968 0.7142857313
94023  17.806  10.319  -19.926 0.5714285970
93236  16.439  9.640  -19.205 0.4285714328
71744  16.107  -14.442  -12.626 0.1428571492
130061  16.940  -13.458  -13.003 0.4285714328
64127  14.859  -22.793  -7.740 0.4285714328
71702  21.903  -14.702  -9.545 0.1428571492
70744  21.212  -14.761  -10.095 0.1428571492
133817  21.806  -14.323  -10.057 0.1428571492
73608  22.270  -12.340  -12.150 0.1428571492
74602  22.957  -11.870  -12.227 0.1428571492
71713  22.169  -13.862  -10.365 0.1428571492
71701  22.405  -14.307  -9.669 0.1428571492
74601  23.681  -11.573  -11.663 0.1428571492
73590  22.393  -12.835  -11.376 0.1428571492
72634  22.600  -13.252  -10.596 0.1428571492
74610  23.158  -11.190  -12.587 0.1428571492
77439  24.676  -8.383  -13.862 0.2857142985
78447  25.219  -7.323  -15.466 0.1428571492
139891  23.960  4.099  -12.613 0.5714285970
97809  23.712  15.745  -21.321 0.1428571492
122513  22.341  3.094  -11.527 0.4285714328
97811  22.489  16.101  -21.300 0.1428571492
97096  22.508  14.443  -23.962 0.1428571492
139876  21.878  4.917  -13.248 0.4285714328
90131  22.321  5.482  -13.354 0.5714285970
90138  21.142  5.717  -14.191 0.4285714328
97098  18.400  14.139  -21.846 0.2857142985
95580  18.930  12.544  -20.960 0.2857142985
125330  19.677  11.403  -19.475 0.2857142985
95586  19.336  13.281  -21.643 0.2857142985
122742  19.623  4.641  -14.654 0.1428571492
90930  21.478  6.523  -14.398 0.5714285970
92439  22.203  8.016  -15.907 0.5714285970
136095  17.890  12.591  -21.356 0.2857142985
94798  21.577  11.711  -18.709 0.4285714328
90932  19.734  5.850  -15.186 0.4285714328
91685  20.716  6.876  -17.065 0.5714285970
94823  18.173  12.191  -20.863 0.2857142985
90941  19.411  6.010  -16.011 0.4285714328
90946  18.934  6.303  -16.740 0.2857142985
94814  17.529  11.192  -19.991 0.1428571492
94813  17.988  11.322  -20.346 0.1428571492
94824  17.817  12.072  -20.715 0.1428571492
90947  17.748  5.976  -17.056 0.1428571492
94801  17.250  11.682  -18.901 0.1428571492
95571  17.470  12.261  -20.367 0.1428571492
96330  17.372  13.232  -20.464 0.1428571492
90954  17.335  6.186  -17.710 0.2857142985
94802  16.442  11.286  -18.344 0.2857142985
93983  16.819  11.018  -15.775 0.1428571492
95563  17.406  12.283  -19.261 0.1428571492
96324  17.451  13.166  -19.562 0.1428571492
132365  16.944  12.016  -17.948 0.1428571492
95557  17.475  12.184  -17.268 0.1428571492
138380  17.520  12.508  -18.194 0.1428571492
95551  18.341  12.561  -17.071 0.1428571492
64139  15.033  -22.220  -8.260 0.4285714328
65832  14.830  -21.173  -8.887 0.2857142985
70729  21.698  -15.313  -9.262 0.1428571492
133415  22.972  -12.639  -10.773 0.1428571492
75644  23.594  -10.214  -13.330 0.1428571492
122671  21.893  4.313  -13.148 0.2857142985
93999  23.749  10.433  -18.138 0.4285714328
95569  21.067  12.486  -19.891 0.2857142985
96341  17.191  13.434  -21.208 0.2857142985
96352  18.690  13.563  -22.293 0.2857142985
96325  17.225  14.145  -19.867 0.2857142985
64985  14.254  -21.515  -8.381 0.2857142985
65826  19.792  -19.814  -7.812 0.1428571492
68659  21.132  -17.046  -8.870 0.1428571492
69756  21.444  -16.174  -8.981 0.1428571492
78439  24.561  -7.855  -14.286 0.1428571492
76547  23.550  -9.633  -13.795 0.1428571492
90942  18.353  5.787  -16.324 0.1428571492
139894  22.232  3.862  -12.390 0.4285714328
90140  19.238  5.224  -15.109 0.2857142985
94810  22.363  12.151  -18.916 0.4285714328
97099  17.525  14.162  -21.443 0.2857142985
96360  18.685  13.823  -22.398 0.2857142985
95579  20.265  12.889  -20.721 0.2857142985
96351  19.463  13.930  -22.647 0.2857142985
97104  19.574  14.548  -23.191 0.2857142985
97829  19.559  15.330  -23.755 0.1428571492
126691  19.482  15.255  -22.052 0.1428571492
98497  21.404  15.733  -24.429 0.1428571492
97075  17.173  14.214  -19.058 0.2857142985
97093  16.686  14.736  -20.889 0.2857142985
97833  20.121  15.680  -24.305 0.1428571492
97827  21.612  16.192  -23.417 0.1428571492
96350  21.078  14.395  -22.766 0.1428571492
97107  20.467  14.944  -24.474 0.1428571492
78446  26.136  -7.006  -15.965 0.2857142985
97091  17.787  14.521  -21.295 0.2857142985
96340  20.572  13.600  -21.602 0.2857142985
96358  19.840  14.521  -23.842 0.1428571492
64964  15.708  -21.707  -8.044 0.4285714328
143315  15.416  -22.404  -7.761 0.4285714328
77440  23.858  -8.327  -14.039 0.4285714328
94011  22.567  11.456  -18.325 0.4285714328
140504  21.609  12.228  -19.219 0.2857142985
90132  21.487  5.348  -13.591 0.4285714328
90929  22.169  6.847  -14.013 0.5714285970
90939  21.153  6.805  -15.172 0.5714285970
128345  21.044  7.737  -17.327 0.5714285970
94811  20.734  11.897  -19.258 0.2857142985
93247  17.317  10.369  -19.559 0.4285714328
94003  15.795  10.776  -17.788 0.2857142985
122666  23.110  4.197  -12.274 0.5714285970
91684  21.370  7.571  -16.384 0.5714285970
91686  19.685  6.698  -17.402 0.5714285970
94812  18.707  11.690  -20.345 0.2857142985
73600  22.981  -12.233  -11.506 0.1428571492
72618  22.884  -13.757  -9.895 0.1428571492
75633  24.004  -10.748  -12.431 0.1428571492
139873  21.185  4.583  -13.586 0.2857142985
96353  18.127  13.354  -21.877 0.2857142985
95588  18.029  12.958  -21.814 0.2857142985
95570  19.899  12.178  -20.025 0.2857142985
90139  20.289  5.315  -14.609 0.2857142985
90931  20.808  6.008  -15.003 0.4285714328
130988  17.575  12.700  -21.065 0.1428571492
90146  18.863  5.420  -15.795 0.2857142985
90940  20.274  6.448  -15.556 0.5714285970
91678  19.976  6.541  -16.357 0.5714285970
91687  18.410  6.493  -17.581 0.4285714328
64128  14.362  -22.313  -8.021 0.2857142985
75643  24.567  -9.956  -12.923 0.1428571492
122668  21.226  3.710  -13.216 0.2857142985
96359  18.927  13.915  -22.860 0.2857142985
97108  19.751  15.045  -24.284 0.2857142985
97823  20.198  15.603  -22.834 0.1428571492
81299  20.608  -4.637  -12.000 0.4285714328
82987  21.062  -2.150  -11.454 0.2857142985
99064  16.782  17.512  -18.707 0.1428571492
97092  16.927  14.787  -21.178 0.1428571492
98483  17.677  18.108  -17.969 0.1428571492
96312  18.574  13.408  -16.928 0.1428571492
98476  17.251  17.824  -17.172 0.1428571492
98491  16.651  16.700  -19.170 0.1428571492
97803  16.823  16.277  -19.664 0.1428571492
128443  17.417  15.379  -17.748 0.1428571492
97053  18.607  14.797  -16.523 0.1428571492
97791  16.711  15.528  -18.670 0.1428571492
127594  18.568  16.254  -15.869 0.1428571492
98475  18.157  18.452  -16.906 0.1428571492
97076  16.675  15.237  -19.483 0.1428571492
97783  17.052  16.737  -17.545 0.1428571492
97037  19.768  15.770  -14.846 0.1428571492
97769  18.316  17.673  -15.709 0.1428571492
97052  19.271  15.172  -15.821 0.1428571492
97768  18.837  17.122  -14.813 0.1428571492
98482  18.575  17.223  -17.384 0.1428571492
73602  21.083  -13.364  -12.192 0.2857142985
97815  17.002  15.245  -20.239 0.1428571492
97084  18.297  14.632  -20.660 0.1428571492
98489  17.211  17.091  -18.708 0.1428571492
97802  17.688  15.657  -19.563 0.1428571492
96296  19.887  13.949  -15.752 0.1428571492
141164  20.744  -13.997  -12.126 0.4285714328
66754  17.156  -19.471  -9.743 0.4285714328
66753  17.824  -19.279  -9.430 0.2857142985
66737  18.286  -19.611  -8.743 0.1428571492
67727  18.230  -18.701  -9.861 0.2857142985
68662  18.574  -17.865  -10.311 0.2857142985
65829  17.246  -20.326  -8.749 0.2857142985
91697  19.116  6.940  -18.070 0.4285714328
68675  19.093  -17.106  -10.169 0.2857142985
126066  16.755  -19.786  -9.761 0.4285714328
67726  18.979  -18.339  -9.342 0.1428571492
67728  17.367  -18.935  -10.062 0.2857142985
65845  17.395  -19.835  -9.196 0.2857142985
65830  16.218  -20.367  -9.275 0.2857142985
64983  15.312  -21.442  -8.607 0.2857142985
65846  16.793  -20.104  -9.344 0.2857142985
65847  15.684  -20.089  -9.808 0.2857142985
132342  16.396  -20.021  -9.728 0.2857142985
74616  17.890  -12.225  -12.962 0.2857142985
74621  17.194  -11.679  -13.393 0.2857142985
136880  18.137  -8.104  -13.209 0.1428571492
78415  18.614  -7.405  -12.640 0.1428571492
142238  19.081  -6.772  -12.277 0.2857142985
81300  19.667  -4.870  -12.461 0.1428571492
83003  20.182  -1.712  -12.204 0.1428571492
122656  21.280  -0.526  -11.604 0.1428571492
139904  21.544  1.182  -11.633 0.1428571492
122651  21.612  0.293  -11.568 0.1428571492
122625  22.087  1.756  -11.362 0.1428571492
122496  20.610  1.514  -12.416 0.1428571492
139893  20.633  4.008  -13.840 0.1428571492
90133  20.861  5.144  -13.940 0.1428571492
122698  19.181  4.035  -14.816 0.1428571492
122848  20.444  4.575  -14.192 0.1428571492
91709  17.543  7.521  -18.583 0.1428571492
92467  16.069  7.957  -18.421 0.1428571492
90955  16.568  6.546  -17.785 0.1428571492
92479  16.112  8.783  -18.937 0.1428571492
134012  14.846  8.775  -18.171 0.1428571492
146858  16.674  -20.474  -8.895 0.1428571492
139846  22.746  2.270  -11.215 0.2857142985
122791  20.952  2.308  -12.313 0.1428571492
63194  14.206  -23.003  -7.302 0.2857142985
73612  17.058  -12.623  -13.246 0.2857142985
79410  18.456  -6.598  -12.865 0.1428571492
82137  20.002  -4.105  -12.457 0.1428571492
145274  20.386  -3.457  -12.166 0.1428571492
82136  21.128  -3.118  -11.390 0.1428571492
147415  19.417  -1.673  -12.907 0.1428571492
83837  20.978  -1.296  -11.612 0.1428571492
122495  20.429  -0.210  -12.236 0.1428571492
130414  20.902  0.223  -11.904 0.1428571492
122752  21.489  3.095  -12.227 0.1428571492
122521  19.921  3.854  -14.380 0.1428571492
91700  16.182  7.372  -17.902 0.1428571492
91699  16.834  7.175  -18.546 0.1428571492
73621  16.434  -12.077  -13.484 0.2857142985
64982  16.128  -21.010  -8.657 0.2857142985
80390  19.389  -5.872  -12.431 0.1428571492
139915  21.396  1.013  -12.165 0.1428571492
90948  16.687  5.929  -17.168 0.1428571492
72662  16.289  -13.691  -12.910 0.1428571492
122703  21.810  2.356  -11.438 0.1428571492
65831  15.516  -20.768  -9.157 0.2857142985
74622  16.561  -11.049  -13.617 0.1428571492
139879  21.287  0.951  -11.689 0.1428571492
83852  19.366  -0.995  -12.940 0.1428571492
140169  13.786  -22.467  -7.480 0.1428571492
64130  13.328  -22.066  -7.019 0.1428571492
64965  13.702  -21.863  -7.791 0.1428571492
79448  25.573  -6.429  -16.472 0.1428571492
78455  26.099  -7.011  -16.883 0.1428571492
90964  24.944  6.009  -19.290 0.1428571492
62078  14.269  -23.637  -6.572 0.1428571492
65833  14.209  -20.662  -8.759 0.1428571492
65848  14.887  -20.513  -9.458 0.1428571492
66773  15.517  -19.477  -10.448 0.1428571492
68679  15.137  -17.978  -10.904 0.1428571492
90162  25.083  5.635  -18.551 0.1428571492
90973  25.158  6.845  -19.545 0.1428571492
89353  24.660  4.870  -18.686 0.1428571492
63193  14.755  -23.235  -7.191 0.1428571492
79451  25.523  -6.256  -17.180 0.1428571492
67747  15.338  -18.832  -10.805 0.1428571492
70778  15.751  -15.144  -12.334 0.1428571492
64984  14.761  -21.773  -8.487 0.1428571492
64129  13.512  -22.761  -6.837 0.1428571492
143720  14.912  -19.172  -10.577 0.1428571492
63182  13.768  -23.385  -6.680 0.1428571492
66755  16.235  -19.671  -10.162 0.2857142985
68678  16.667  -18.498  -11.092 0.5714285970
76546  24.506  -9.195  -13.575 0.2857142985
77441  23.224  -8.756  -14.110 0.7142857313
78424  23.506  -8.189  -13.795 0.5714285970
78438  25.188  -7.751  -14.953 0.1428571492
79444  24.711  -6.937  -15.429 0.2857142985
80430  25.224  -5.807  -16.127 0.4285714328
81353  24.505  -4.598  -17.002 0.5714285970
81363  20.726  -4.481  -19.586 0.1428571492
82168  24.463  -3.004  -14.510 0.8571428657
82190  23.044  -2.877  -17.151 0.1428571492
82983  24.880  -1.230  -14.597 0.8571428657
83001  24.548  -2.154  -14.293 0.7142857313
83027  24.484  -2.160  -14.753 0.8571428657
83034  23.417  -2.474  -15.935 0.7142857313
83055  21.593  -2.110  -19.252 0.1428571492
83832  25.430  -0.396  -14.326 0.8571428657
84778  20.328  -0.823  -12.218 0.1428571492
84789  25.241  -0.337  -15.061 0.8571428657
84801  24.833  0.043  -15.803 0.8571428657
84809  23.885  -0.821  -16.629 0.8571428657
84816  22.917  -0.867  -17.680 0.1428571492
85644  24.809  1.516  -12.663 0.8571428657
85645  23.724  2.284  -12.138 0.8571428657
85700  23.891  0.730  -17.403 0.4285714328
86614  25.410  1.230  -13.198 0.8571428657
86663  24.112  1.518  -17.353 0.4285714328
87573  25.130  1.924  -12.869 0.8571428657
88496  24.722  3.506  -16.982 0.5714285970
89347  25.103  4.940  -16.830 0.8571428657
90128  24.864  5.137  -13.369 0.7142857313
90137  24.836  5.849  -13.666 0.7142857313
90151  25.506  5.751  -16.085 0.5714285970
91674  23.862  7.994  -14.918 0.7142857313
91675  22.333  7.905  -14.957 0.7142857313
91676  21.606  7.464  -15.422 0.5714285970
91677  20.777  7.042  -15.887 0.5714285970
91688  15.620  7.110  -17.330 0.1428571492
92431  23.046  8.137  -14.770 0.8571428657
92463  25.231  8.423  -17.649 0.5714285970
92475  25.075  9.174  -18.050 0.5714285970
92476  19.105  8.348  -18.526 0.4285714328
92478  16.929  7.924  -19.100 0.2857142985
93231  24.650  9.617  -18.490 0.7142857313
93246  17.323  9.746  -19.537 0.4285714328
94015  16.138  10.437  -18.750 0.4285714328
94028  24.356  10.685  -20.871 0.1428571492
95567  22.801  12.331  -19.435 0.5714285970
95581  18.140  12.613  -21.465 0.2857142985
95585  22.922  13.124  -21.416 0.1428571492
95587  18.492  12.926  -21.699 0.2857142985
95589  17.713  13.049  -21.568 0.2857142985
95592  23.894  13.721  -22.655 0.1428571492
96319  17.581  13.309  -18.436 0.1428571492
96331  16.781  14.119  -20.763 0.2857142985
96342  16.882  14.160  -21.284 0.2857142985
96354  17.594  13.604  -21.522 0.2857142985
96361  18.021  13.951  -21.723 0.2857142985
97085  16.921  14.952  -20.129 0.1428571492
97097  19.095  14.520  -22.728 0.2857142985
97101  23.029  15.105  -23.466 0.1428571492
97102  22.362  15.017  -24.524 0.1428571492
97103  21.270  14.746  -24.308 0.1428571492
97105  21.672  15.358  -24.555 0.1428571492
97106  21.318  14.906  -24.489 0.1428571492
97109  21.172  15.441  -24.505 0.1428571492
97110  20.909  14.938  -24.547 0.1428571492
97111  20.391  15.320  -24.502 0.1428571492
97770  17.604  17.648  -16.594 0.1428571492
97782  17.830  16.240  -16.599 0.1428571492
97784  16.658  16.674  -18.510 0.1428571492
97792  16.401  16.224  -19.233 0.1428571492
97804  16.638  15.897  -19.680 0.1428571492
97810  23.208  16.260  -21.325 0.1428571492
97814  17.261  15.095  -20.466 0.1428571492
97824  19.365  14.966  -22.737 0.1428571492
97828  20.381  16.211  -23.961 0.1428571492
97830  21.908  15.651  -24.446 0.1428571492
97831  21.305  16.150  -24.090 0.1428571492
97832  20.642  16.147  -24.107 0.1428571492
97834  20.834  15.489  -24.482 0.1428571492
98463  17.817  18.394  -16.792 0.1428571492
98477  16.672  17.808  -17.946 0.1428571492
98484  17.130  18.177  -18.424 0.1428571492
98485  16.682  17.184  -18.773 0.1428571492
98490  16.816  17.286  -18.836 0.1428571492
98498  21.014  15.837  -24.394 0.1428571492
98499  20.618  15.703  -24.410 0.1428571492
99049  17.502  18.476  -17.579 0.1428571492
99050  17.162  18.558  -17.823 0.1428571492
99051  16.749  18.054  -18.387 0.1428571492
99062  17.239  18.594  -18.057 0.1428571492
99063  16.956  18.242  -18.395 0.1428571492
122511  21.384  1.711  -11.782 0.1428571492
122693  23.963  2.744  -12.157 0.8571428657
125388  24.300  2.256  -17.301 0.1428571492
125515  20.917  16.120  -23.174 0.1428571492
126545  21.136  -5.141  -11.285 0.7142857313
126822  22.816  -10.046  -13.896 0.7142857313
128382  19.788  -3.660  -19.766 0.1428571492
128618  24.604  1.045  -16.461 0.8571428657
132374  22.239  -3.059  -11.258 0.7142857313
132924  22.286  -10.035  -13.724 0.7142857313
134174  25.468  7.763  -17.265 0.5714285970
136282  18.488  13.507  -22.046 0.2857142985
136858  22.521  -0.263  -18.846 0.1428571492
138880  23.734  0.220  -13.872 0.7142857313
139460  17.797  5.493  -15.896 0.1428571492
139592  18.851  -1.565  -13.299 0.1428571492
139853  23.500  3.488  -12.193 0.7142857313
140273  24.567  -4.740  -15.065 0.7142857313
141333  19.094  -9.082  -12.590 0.5714285970
144134  24.237  -6.274  -12.699 0.5714285970
145403  24.271  -7.317  -14.212 0.8571428657
146881  24.695  5.362  -19.149 0.1428571492
148378  25.382  5.367  -16.474 0.8571428657
