#!ascii label  , from subject sub-v1s6x0051366_ses-1 vox2ras=TkReg
400
78028  -21.874  -4.711  -4.798 0.0000000000
73141  -20.085  -8.713  -1.023 0.0000000000
74100  -25.527  -8.465  -2.629 0.0000000000
69303  -22.359  -13.631  -0.634 0.0000000000
89716  -20.276  8.944  -5.520 0.0000000000
87241  -22.669  5.935  -7.142 0.0000000000
81909  -18.097  -0.478  -2.443 0.0000000000
66354  -21.555  -16.832  2.200 0.0000000000
71246  -21.626  -11.648  -1.601 0.0000000000
69284  -20.323  -13.048  1.388 0.0000000000
88935  -21.060  7.543  -6.714 0.0000000000
86367  -19.760  4.636  -4.967 0.0000000000
77985  -18.668  -4.668  -1.793 0.0000000000
79941  -16.961  -2.740  -0.795 0.0000000000
79986  -19.375  -2.501  -3.677 0.0000000000
137180  -21.764  0.786  -5.314 0.0000000000
81022  -22.839  -1.798  -5.019 0.0000000000
78981  -24.403  -3.401  -3.469 0.0000000000
75971  -18.488  -6.959  0.029 0.0000000000
75056  -20.617  -7.197  -3.446 0.0000000000
76032  -23.404  -6.857  -5.290 0.0000000000
128191  -22.183  -9.635  -3.514 0.0000000000
71249  -24.179  -11.428  -1.903 0.0000000000
70257  -25.553  -12.643  0.038 0.0000000000
138046  -17.899  1.892  -2.288 0.0000000000
84551  -20.389  2.440  -5.164 0.0000000000
140952  -23.136  3.967  -5.995 0.0000000000
67334  -20.130  -15.051  2.998 0.0000000000
67359  -22.495  -15.490  0.688 0.0000000000
70244  -20.015  -12.224  1.390 0.0000000000
69283  -19.665  -12.852  1.857 0.0000000000
87229  -19.350  5.354  -4.386 0.0000000000
86355  -18.702  4.483  -3.346 0.0000000000
78002  -19.938  -4.901  -3.674 0.0000000000
78971  -19.089  -3.667  -2.765 0.0000000000
78989  -20.258  -3.316  -4.320 0.0000000000
140093  -21.487  -1.619  -5.406 0.0000000000
79005  -22.424  -3.259  -4.966 0.0000000000
129520  -23.913  -2.926  -3.924 0.0000000000
78015  -23.290  -4.277  -4.798 0.0000000000
74077  -19.413  -8.409  -0.673 0.0000000000
137582  -19.546  -7.089  -1.715 0.0000000000
74098  -20.408  -8.308  -2.444 0.0000000000
74110  -21.287  -8.486  -3.673 0.0000000000
73153  -21.245  -9.448  -2.643 0.0000000000
70276  -21.778  -12.451  -1.313 0.0000000000
71259  -22.434  -11.300  -2.229 0.0000000000
70266  -23.437  -12.586  -1.338 0.0000000000
70278  -24.521  -12.166  -1.417 0.0000000000
134501  -23.690  -13.343  -0.803 0.0000000000
130249  -19.803  7.942  -3.921 0.0000000000
90517  -19.640  9.318  -2.866 0.0000000000
90518  -20.137  9.408  -3.776 0.0000000000
136056  -20.120  10.953  -4.770 0.0000000000
89724  -20.762  9.060  -5.795 0.0000000000
88095  -21.770  6.835  -7.077 0.0000000000
80980  -17.517  -1.512  -1.387 0.0000000000
134987  -17.325  0.020  -1.116 0.0000000000
141426  -17.709  0.789  -2.077 0.0000000000
84542  -19.279  2.189  -4.088 0.0000000000
83647  -19.302  1.480  -4.000 0.0000000000
83659  -22.826  1.132  -4.627 0.0000000000
84561  -22.126  2.322  -5.455 0.0000000000
84554  -23.684  2.452  -4.079 0.0000000000
75058  -24.591  -7.528  -3.993 0.0000000000
76022  -25.184  -6.278  -3.119 0.0000000000
66346  -20.615  -16.609  3.066 0.0000000000
67336  -21.243  -16.030  2.154 0.0000000000
67345  -21.026  -15.354  1.857 0.0000000000
66364  -21.944  -16.377  1.523 0.0000000000
72179  -19.913  -10.008  -0.053 0.0000000000
72189  -20.752  -10.151  -1.278 0.0000000000
71233  -20.709  -11.404  -0.237 0.0000000000
70256  -20.997  -12.395  0.146 0.0000000000
69294  -21.350  -13.242  0.154 0.0000000000
88927  -19.954  7.155  -4.955 0.0000000000
136159  -20.559  8.245  -6.204 0.0000000000
88087  -19.938  6.522  -6.063 0.0000000000
87239  -20.597  5.760  -6.587 0.0000000000
136879  -21.482  4.903  -6.965 0.0000000000
77973  -17.640  -4.508  -0.299 0.0000000000
78964  -18.224  -3.882  -1.429 0.0000000000
79974  -18.401  -2.375  -2.530 0.0000000000
80996  -19.102  -1.466  -3.572 0.0000000000
136039  -20.093  0.205  -4.598 0.0000000000
81020  -20.878  -1.036  -5.277 0.0000000000
81931  -22.550  -0.216  -4.977 0.0000000000
82827  -23.803  0.065  -4.133 0.0000000000
81920  -24.296  -0.971  -3.742 0.0000000000
65377  -22.724  -18.011  2.908 0.0000000000
65395  -22.945  -17.182  1.885 0.0000000000
134919  -18.671  -6.030  -0.696 0.0000000000
77029  -19.643  -6.058  -2.542 0.0000000000
76030  -20.947  -6.127  -4.331 0.0000000000
142106  -22.594  -5.798  -5.359 0.0000000000
75068  -21.992  -7.787  -5.471 0.0000000000
74122  -23.284  -8.539  -4.755 0.0000000000
73167  -24.117  -9.327  -3.612 0.0000000000
72199  -21.666  -10.318  -2.443 0.0000000000
144204  -23.684  -10.655  -3.107 0.0000000000
73154  -24.624  -9.695  -2.953 0.0000000000
72192  -25.438  -10.577  -1.478 0.0000000000
71235  -25.584  -11.318  -0.946 0.0000000000
89725  -21.249  8.330  -6.331 0.0000000000
84541  -18.623  2.922  -3.388 0.0000000000
138368  -20.159  3.868  -5.412 0.0000000000
86377  -22.345  4.055  -7.123 0.0000000000
83670  -21.112  1.949  -5.562 0.0000000000
85479  -22.583  3.572  -6.747 0.0000000000
140451  -23.543  4.563  -6.871 0.0000000000
77054  -24.046  -5.164  -4.297 0.0000000000
143099  -25.184  -4.710  -2.780 0.0000000000
141195  -19.594  -13.995  2.794 0.0000000000
68318  -20.521  -14.063  1.373 0.0000000000
68328  -21.388  -14.065  0.615 0.0000000000
131396  -21.996  -14.373  0.203 0.0000000000
67348  -23.572  -15.837  1.182 0.0000000000
67360  -23.200  -15.449  0.610 0.0000000000
68342  -23.959  -14.057  -0.249 0.0000000000
85449  -18.016  3.322  -2.400 0.0000000000
78013  -20.433  -4.674  -4.188 0.0000000000
78012  -19.893  -3.994  -3.937 0.0000000000
78014  -21.119  -4.292  -4.541 0.0000000000
79004  -21.746  -3.012  -4.961 0.0000000000
132614  -21.799  -3.786  -4.760 0.0000000000
79006  -22.962  -3.845  -4.888 0.0000000000
78030  -22.985  -4.646  -5.044 0.0000000000
73129  -19.677  -9.153  -0.340 0.0000000000
73128  -19.255  -8.705  0.158 0.0000000000
74087  -19.819  -8.136  -1.357 0.0000000000
73151  -20.322  -8.454  -1.741 0.0000000000
73152  -20.736  -8.900  -2.235 0.0000000000
73142  -20.536  -9.203  -1.503 0.0000000000
70265  -21.991  -13.090  -0.904 0.0000000000
70277  -22.396  -12.568  -1.422 0.0000000000
69313  -22.804  -13.181  -0.943 0.0000000000
89709  -20.149  8.731  -4.453 0.0000000000
89708  -19.826  8.766  -3.510 0.0000000000
90527  -20.035  9.606  -4.900 0.0000000000
90535  -20.354  9.803  -5.365 0.0000000000
88096  -22.261  6.850  -7.002 0.0000000000
88097  -22.861  6.430  -6.361 0.0000000000
143793  -23.339  5.629  -6.853 0.0000000000
81889  -17.164  -0.849  -0.662 0.0000000000
81899  -17.548  -0.665  -1.647 0.0000000000
82801  -17.612  0.135  -1.938 0.0000000000
82802  -18.098  0.473  -2.475 0.0000000000
83634  -18.440  1.022  -2.980 0.0000000000
82814  -18.986  0.777  -3.630 0.0000000000
83660  -23.516  0.906  -4.149 0.0000000000
142339  -23.289  1.760  -4.341 0.0000000000
74114  -25.083  -8.043  -3.353 0.0000000000
75059  -25.199  -7.154  -3.286 0.0000000000
75046  -25.623  -7.607  -2.635 0.0000000000
65384  -21.269  -17.264  2.710 0.0000000000
131380  -20.839  -17.085  3.005 0.0000000000
66353  -21.028  -16.668  2.627 0.0000000000
134234  -20.756  -16.149  2.681 0.0000000000
72166  -19.687  -10.531  0.742 0.0000000000
72167  -20.202  -10.784  0.139 0.0000000000
70254  -20.285  -11.586  0.668 0.0000000000
70255  -20.529  -12.488  0.881 0.0000000000
69293  -20.885  -13.209  0.765 0.0000000000
88919  -19.226  6.952  -3.858 0.0000000000
88086  -19.652  6.224  -4.668 0.0000000000
87230  -19.863  5.517  -5.525 0.0000000000
86368  -20.464  4.615  -6.202 0.0000000000
77974  -18.268  -4.598  -0.960 0.0000000000
78979  -18.887  -2.886  -3.026 0.0000000000
79958  -18.540  -3.124  -2.363 0.0000000000
79985  -18.727  -2.160  -3.187 0.0000000000
140652  -19.593  -1.103  -4.153 0.0000000000
81005  -19.763  -1.780  -4.252 0.0000000000
81021  -22.162  -1.330  -5.498 0.0000000000
81007  -22.719  -0.926  -4.996 0.0000000000
81932  -23.302  -0.433  -4.547 0.0000000000
81933  -23.936  -0.673  -4.120 0.0000000000
81009  -23.956  -1.304  -4.023 0.0000000000
79987  -24.541  -2.467  -3.318 0.0000000000
78982  -24.889  -3.140  -2.933 0.0000000000
147433  -22.099  -18.575  3.313 0.0000000000
64423  -22.910  -18.223  3.781 0.0000000000
75986  -18.101  -6.167  -0.037 0.0000000000
75987  -18.877  -6.764  -0.669 0.0000000000
75055  -20.195  -7.382  -2.646 0.0000000000
76008  -19.795  -6.860  -2.260 0.0000000000
76019  -20.181  -6.603  -2.887 0.0000000000
76020  -20.555  -6.367  -3.729 0.0000000000
75066  -21.152  -6.988  -4.475 0.0000000000
75079  -21.778  -7.125  -5.396 0.0000000000
75067  -21.491  -7.628  -5.034 0.0000000000
74111  -22.168  -8.934  -4.044 0.0000000000
74121  -22.419  -8.512  -5.015 0.0000000000
73171  -22.933  -9.211  -4.531 0.0000000000
74112  -23.586  -9.099  -4.251 0.0000000000
73166  -23.411  -9.641  -3.861 0.0000000000
71245  -21.077  -11.066  -1.019 0.0000000000
72190  -21.429  -10.681  -1.755 0.0000000000
71260  -23.291  -11.249  -2.006 0.0000000000
72201  -23.054  -10.940  -2.936 0.0000000000
71261  -23.862  -10.994  -2.556 0.0000000000
72202  -24.313  -10.466  -2.789 0.0000000000
72203  -25.086  -10.124  -2.321 0.0000000000
72191  -24.637  -10.838  -2.089 0.0000000000
130121  -25.290  -12.011  -1.176 0.0000000000
125185  -25.652  -11.978  -0.455 0.0000000000
71236  -26.234  -11.312  -0.358 0.0000000000
88928  -20.278  7.449  -6.290 0.0000000000
78952  -16.586  -3.212  -0.192 0.0000000000
137220  -17.613  2.024  -1.706 0.0000000000
84526  -17.839  2.608  -2.228 0.0000000000
84527  -18.215  3.029  -2.687 0.0000000000
130603  -18.293  2.351  -2.762 0.0000000000
84550  -19.687  2.511  -4.597 0.0000000000
137312  -19.917  3.160  -4.896 0.0000000000
85477  -20.700  3.161  -5.685 0.0000000000
144460  -20.841  3.760  -6.227 0.0000000000
85478  -21.676  3.318  -6.468 0.0000000000
82839  -20.723  0.250  -5.224 0.0000000000
137545  -20.355  0.969  -4.879 0.0000000000
82840  -21.045  1.051  -5.434 0.0000000000
85470  -22.599  3.055  -5.465 0.0000000000
127538  -22.122  3.053  -6.057 0.0000000000
86369  -23.592  4.591  -5.566 0.0000000000
76043  -22.873  -6.233  -5.681 0.0000000000
77053  -23.477  -5.797  -5.121 0.0000000000
76033  -24.064  -6.202  -4.454 0.0000000000
77043  -25.153  -5.434  -2.927 0.0000000000
68301  -19.655  -14.442  3.211 0.0000000000
68311  -19.975  -14.403  2.271 0.0000000000
67346  -21.561  -15.584  1.438 0.0000000000
68319  -21.179  -14.822  1.329 0.0000000000
67358  -21.872  -15.037  0.744 0.0000000000
68329  -22.654  -14.860  0.227 0.0000000000
66365  -23.201  -16.541  1.538 0.0000000000
68330  -23.617  -14.791  0.218 0.0000000000
71223  -19.639  -11.371  1.391 0.0000000000
70243  -19.392  -12.095  1.863 0.0000000000
87217  -18.898  5.148  -3.688 0.0000000000
86356  -19.088  4.541  -4.122 0.0000000000
77992  -19.612  -5.152  -2.887 0.0000000000
77991  -19.172  -4.497  -2.483 0.0000000000
78972  -19.525  -4.290  -3.261 0.0000000000
78980  -19.412  -3.434  -3.470 0.0000000000
79996  -19.993  -2.580  -4.321 0.0000000000
132623  -20.631  -1.902  -4.802 0.0000000000
80004  -21.298  -2.482  -5.037 0.0000000000
125613  -22.115  -2.300  -5.332 0.0000000000
80005  -22.725  -2.610  -5.038 0.0000000000
128089  -23.483  -1.732  -4.383 0.0000000000
79998  -23.286  -2.531  -4.512 0.0000000000
78991  -23.423  -3.543  -4.515 0.0000000000
78992  -23.975  -3.683  -4.070 0.0000000000
74076  -19.140  -7.965  -0.087 0.0000000000
75025  -18.933  -7.420  -0.424 0.0000000000
75035  -19.214  -7.337  -1.148 0.0000000000
74086  -19.057  -7.951  -1.049 0.0000000000
133480  -19.657  -7.633  -1.568 0.0000000000
74108  -20.228  -7.849  -2.443 0.0000000000
74109  -20.505  -8.049  -3.146 0.0000000000
73163  -20.792  -8.757  -2.920 0.0000000000
73164  -21.491  -9.249  -3.331 0.0000000000
71234  -21.295  -12.020  -0.804 0.0000000000
71247  -22.051  -11.963  -1.883 0.0000000000
70286  -22.782  -11.949  -1.763 0.0000000000
71248  -23.641  -11.860  -1.687 0.0000000000
70267  -24.269  -12.850  -1.009 0.0000000000
70268  -25.096  -12.664  -0.793 0.0000000000
89700  -19.313  8.551  -2.726 0.0000000000
91305  -20.244  10.318  -3.989 0.0000000000
90536  -20.787  10.021  -5.658 0.0000000000
88936  -21.770  7.515  -6.779 0.0000000000
81888  -16.233  -0.513  -0.070 0.0000000000
137516  -16.959  0.028  -0.317 0.0000000000
82789  -17.471  0.746  -1.516 0.0000000000
83616  -17.633  1.361  -1.891 0.0000000000
142793  -18.307  1.676  -2.763 0.0000000000
83646  -18.721  1.869  -3.462 0.0000000000
83657  -19.856  1.729  -4.637 0.0000000000
82825  -22.335  0.536  -4.992 0.0000000000
83672  -22.196  1.400  -5.072 0.0000000000
84552  -22.634  2.046  -4.876 0.0000000000
84553  -23.085  2.535  -4.654 0.0000000000
136577  -23.362  3.238  -4.725 0.0000000000
75070  -24.122  -6.996  -4.469 0.0000000000
76021  -24.712  -6.656  -3.875 0.0000000000
67323  -20.298  -15.858  3.182 0.0000000000
67335  -20.563  -15.409  2.408 0.0000000000
68312  -20.577  -14.836  1.816 0.0000000000
67347  -22.093  -15.767  1.040 0.0000000000
73112  -19.399  -9.576  0.409 0.0000000000
73130  -20.230  -9.578  -0.782 0.0000000000
72180  -20.458  -10.501  -0.539 0.0000000000
70264  -21.425  -12.932  -0.657 0.0000000000
68339  -21.806  -13.651  -0.238 0.0000000000
88909  -18.914  7.571  -3.108 0.0000000000
88920  -20.075  8.128  -5.470 0.0000000000
88094  -20.838  6.754  -6.799 0.0000000000
87240  -21.731  5.939  -7.093 0.0000000000
130167  -22.659  4.974  -7.261 0.0000000000
78963  -17.654  -3.137  -1.239 0.0000000000
129750  -18.642  -3.862  -2.118 0.0000000000
142218  -18.134  -2.661  -1.800 0.0000000000
79957  -17.541  -2.309  -1.301 0.0000000000
79973  -17.945  -1.930  -1.965 0.0000000000
80990  -18.357  -1.479  -2.741 0.0000000000
81918  -18.637  -0.647  -3.264 0.0000000000
136040  -18.961  -0.034  -3.550 0.0000000000
81919  -19.275  -0.612  -3.783 0.0000000000
81930  -20.492  -0.433  -4.891 0.0000000000
81944  -21.363  0.140  -5.475 0.0000000000
136240  -21.613  -0.707  -5.569 0.0000000000
81945  -21.979  -0.049  -5.504 0.0000000000
82815  -24.193  0.683  -3.688 0.0000000000
81910  -24.372  -0.268  -3.550 0.0000000000
79999  -23.888  -2.059  -3.866 0.0000000000
73155  -25.365  -9.306  -2.514 0.0000000000
64430  -21.608  -17.955  2.874 0.0000000000
65385  -21.867  -17.475  2.416 0.0000000000
65394  -22.228  -17.067  1.930 0.0000000000
77010  -18.205  -5.320  -0.472 0.0000000000
77011  -18.799  -5.547  -1.311 0.0000000000
75997  -19.260  -6.807  -1.316 0.0000000000
75998  -19.308  -6.348  -1.827 0.0000000000
77028  -19.173  -5.415  -2.173 0.0000000000
77040  -20.106  -5.748  -3.222 0.0000000000
77041  -20.434  -5.529  -4.022 0.0000000000
77052  -21.201  -5.331  -4.506 0.0000000000
77064  -22.554  -5.080  -5.081 0.0000000000
76031  -21.620  -6.296  -4.822 0.0000000000
76042  -22.250  -6.422  -5.493 0.0000000000
75080  -22.465  -7.095  -5.878 0.0000000000
74120  -21.682  -8.202  -4.735 0.0000000000
75069  -22.900  -7.850  -5.437 0.0000000000
74113  -24.278  -8.492  -4.072 0.0000000000
74099  -24.874  -8.891  -3.201 0.0000000000
72198  -21.165  -9.692  -1.887 0.0000000000
72207  -21.845  -9.998  -3.039 0.0000000000
71258  -21.890  -11.223  -2.249 0.0000000000
72200  -22.230  -10.724  -2.726 0.0000000000
72208  -22.572  -10.290  -3.299 0.0000000000
72210  -23.901  -10.090  -3.346 0.0000000000
73143  -25.759  -9.697  -1.791 0.0000000000
71250  -24.992  -11.428  -1.556 0.0000000000
85450  -18.454  3.687  -2.981 0.0000000000
85463  -18.809  3.770  -3.794 0.0000000000
138369  -19.418  3.852  -4.557 0.0000000000
137311  -19.182  3.019  -4.161 0.0000000000
82824  -19.616  0.860  -4.330 0.0000000000
83658  -20.595  1.709  -5.243 0.0000000000
147218  -20.806  2.149  -5.499 0.0000000000
84560  -21.615  2.574  -5.720 0.0000000000
86378  -23.140  4.302  -7.165 0.0000000000
87242  -23.351  5.009  -7.151 0.0000000000
87231  -23.544  5.128  -6.446 0.0000000000
128077  -23.412  -4.938  -4.937 0.0000000000
78003  -24.251  -4.246  -3.747 0.0000000000
77042  -24.673  -5.774  -3.696 0.0000000000
129652  -24.658  -4.894  -3.363 0.0000000000
78004  -24.890  -3.992  -2.980 0.0000000000
69273  -19.581  -13.414  2.455 0.0000000000
147427  -19.925  -13.604  1.806 0.0000000000
68340  -22.454  -14.151  -0.233 0.0000000000
147488  -22.600  -16.706  1.532 0.0000000000
66372  -22.702  -16.119  1.037 0.0000000000
68341  -23.159  -14.397  -0.186 0.0000000000
127703  -23.064  -13.860  -0.593 0.0000000000
64431  -22.204  -18.014  2.719 0.0000000000
72209  -23.247  -10.309  -3.461 0.0000000000
73165  -22.797  -9.694  -3.844 0.0000000000
74097  -20.149  -7.919  -1.954 0.0000000000
74123  -23.780  -7.727  -4.702 0.0000000000
75045  -19.977  -7.458  -2.080 0.0000000000
75057  -21.185  -7.727  -4.055 0.0000000000
77063  -22.071  -5.634  -5.012 0.0000000000
77065  -23.002  -5.416  -5.352 0.0000000000
78016  -23.746  -4.313  -4.464 0.0000000000
78029  -22.471  -4.207  -4.866 0.0000000000
78988  -19.732  -3.180  -3.989 0.0000000000
78990  -21.053  -3.363  -4.646 0.0000000000
79997  -20.652  -2.736  -4.617 0.0000000000
80989  -17.838  -1.245  -2.057 0.0000000000
81006  -20.219  -1.127  -4.612 0.0000000000
81008  -23.420  -1.127  -4.549 0.0000000000
81929  -19.798  -0.502  -4.375 0.0000000000
81943  -20.988  -0.374  -5.424 0.0000000000
82777  -17.195  0.718  -0.723 0.0000000000
82826  -23.064  0.319  -4.559 0.0000000000
83633  -18.023  1.206  -2.403 0.0000000000
83671  -21.632  1.673  -5.425 0.0000000000
84559  -21.086  2.576  -5.748 0.0000000000
86376  -21.371  4.036  -6.815 0.0000000000
128815  -20.518  -3.932  -4.319 0.0000000000
136036  -19.442  0.109  -4.031 0.0000000000
136038  -18.503  0.182  -3.094 0.0000000000
137175  -19.069  -6.330  -1.159 0.0000000000
143208  -22.163  -0.650  -5.489 0.0000000000
146381  -18.944  2.529  -3.762 0.0000000000
147629  -18.281  -3.310  -1.762 0.0000000000
147995  -22.977  -3.152  -4.869 0.0000000000
