#!ascii label  , from subject sub-v1s6x0051366_ses-1 vox2ras=TkReg
1611
72998  48.640  -9.480  64.825 0.0000000000
51806  40.150  -31.363  70.508 0.0000000000
44833  25.581  -38.438  76.300 0.0000000000
43762  18.645  -39.755  81.251 0.0000000000
46833  36.330  -36.047  78.790 0.0000000000
48887  28.864  -33.904  70.593 0.0000000000
69139  46.591  -13.263  65.402 0.0000000000
74992  54.068  -6.753  58.494 0.0000000000
67104  44.412  -15.428  70.564 0.0000000000
142491  40.454  -24.906  64.348 0.0000000000
53947  31.886  -29.882  62.263 0.0000000000
45834  28.300  -37.522  81.767 0.0000000000
122090  21.836  -37.759  79.183 0.0000000000
45793  25.144  -37.582  84.430 0.0000000000
45881  30.750  -37.190  77.957 0.0000000000
72906  45.919  -9.268  72.896 0.0000000000
51753  43.783  -31.164  75.174 0.0000000000
55904  44.614  -27.900  71.367 0.0000000000
58935  43.853  -23.933  69.069 0.0000000000
54981  40.672  -28.960  67.187 0.0000000000
55007  37.697  -28.675  62.303 0.0000000000
52866  36.287  -30.062  66.558 0.0000000000
45966  23.609  -36.956  69.280 0.0000000000
49908  25.688  -33.810  65.795 0.0000000000
74966  50.909  -7.453  61.772 0.0000000000
74049  49.907  -8.836  57.086 0.0000000000
141242  22.340  -38.505  71.813 0.0000000000
44859  18.808  -38.109  74.141 0.0000000000
48830  38.491  -34.175  74.686 0.0000000000
139372  34.747  -32.873  70.839 0.0000000000
47814  33.094  -34.787  74.671 0.0000000000
46890  27.372  -36.418  73.581 0.0000000000
70115  49.489  -12.285  67.529 0.0000000000
45751  21.478  -37.792  87.238 0.0000000000
122504  16.079  -40.549  85.432 0.0000000000
76969  50.840  -4.943  64.725 0.0000000000
74896  48.954  -6.850  67.850 0.0000000000
71019  47.835  -10.808  69.363 0.0000000000
69115  44.176  -13.286  67.425 0.0000000000
65239  42.348  -17.667  65.049 0.0000000000
65175  47.243  -17.707  72.096 0.0000000000
124439  43.712  -20.531  67.540 0.0000000000
61772  39.708  -21.362  62.199 0.0000000000
58061  37.148  -25.303  59.507 0.0000000000
143754  30.843  -31.343  66.221 0.0000000000
45789  29.840  -37.402  84.608 0.0000000000
45823  25.990  -36.992  83.045 0.0000000000
45777  27.885  -37.296  85.880 0.0000000000
44754  31.066  -38.118  81.564 0.0000000000
51780  42.535  -31.609  72.994 0.0000000000
52809  42.384  -30.303  71.021 0.0000000000
54947  42.525  -28.387  69.524 0.0000000000
52840  40.463  -30.212  68.736 0.0000000000
52864  38.652  -30.090  66.586 0.0000000000
51840  38.471  -30.805  68.804 0.0000000000
134038  21.642  -38.656  68.102 0.0000000000
46006  22.330  -37.691  66.440 0.0000000000
73005  49.179  -9.000  63.299 0.0000000000
127246  49.069  -9.517  61.546 0.0000000000
72044  48.722  -10.651  62.581 0.0000000000
44856  24.059  -38.447  74.142 0.0000000000
45935  20.665  -37.652  72.884 0.0000000000
45910  22.140  -37.634  75.615 0.0000000000
142146  20.222  -38.543  80.664 0.0000000000
44809  18.865  -38.722  78.276 0.0000000000
43781  17.674  -39.837  79.392 0.0000000000
125987  16.111  -40.465  79.724 0.0000000000
49775  40.679  -33.766  76.561 0.0000000000
47792  38.287  -35.148  76.554 0.0000000000
48833  35.779  -34.537  74.193 0.0000000000
47795  34.776  -35.615  76.197 0.0000000000
145830  27.850  -38.202  77.011 0.0000000000
46869  28.459  -36.743  75.614 0.0000000000
44844  26.051  -38.221  74.889 0.0000000000
44872  24.614  -38.383  72.613 0.0000000000
69122  48.401  -13.017  66.785 0.0000000000
69136  50.036  -14.017  66.324 0.0000000000
124669  48.091  -14.102  64.029 0.0000000000
122407  14.603  -40.619  86.455 0.0000000000
122347  48.602  -8.709  69.381 0.0000000000
73901  47.762  -8.239  70.544 0.0000000000
70057  44.258  -12.570  71.537 0.0000000000
71022  44.706  -11.502  69.952 0.0000000000
68130  43.548  -14.312  69.240 0.0000000000
67155  43.133  -15.271  66.561 0.0000000000
142212  43.920  -17.037  67.629 0.0000000000
58964  41.982  -24.319  66.860 0.0000000000
60842  43.437  -22.400  67.977 0.0000000000
59928  41.929  -22.950  66.125 0.0000000000
61741  41.704  -21.586  65.016 0.0000000000
135379  40.353  -23.250  63.665 0.0000000000
135475  38.500  -23.835  61.357 0.0000000000
58032  38.949  -25.269  62.207 0.0000000000
55026  35.535  -28.750  60.549 0.0000000000
49876  31.605  -33.304  70.458 0.0000000000
51846  32.552  -31.960  68.581 0.0000000000
50886  30.094  -32.842  68.837 0.0000000000
49934  26.243  -33.282  63.657 0.0000000000
74054  55.222  -8.006  55.523 0.0000000000
74046  52.910  -7.954  56.506 0.0000000000
128762  27.028  -37.979  78.862 0.0000000000
128770  23.388  -37.702  78.123 0.0000000000
125393  25.266  -37.202  80.398 0.0000000000
44758  22.921  -37.645  82.036 0.0000000000
44736  21.910  -38.523  82.908 0.0000000000
45843  35.022  -36.777  80.173 0.0000000000
45878  33.952  -36.574  78.091 0.0000000000
44780  32.436  -37.723  80.091 0.0000000000
137886  29.790  -37.950  79.357 0.0000000000
75885  46.823  -6.591  72.179 0.0000000000
69046  45.190  -13.077  74.008 0.0000000000
56916  44.397  -26.063  70.269 0.0000000000
56935  42.246  -26.546  67.905 0.0000000000
55983  40.637  -27.062  65.526 0.0000000000
55999  39.429  -27.352  63.259 0.0000000000
53928  38.891  -29.161  64.285 0.0000000000
53921  36.840  -29.487  64.453 0.0000000000
53924  33.905  -29.834  64.354 0.0000000000
47857  26.194  -35.147  69.785 0.0000000000
49893  26.935  -33.691  68.084 0.0000000000
47872  24.422  -35.386  67.411 0.0000000000
74973  51.864  -7.141  60.532 0.0000000000
74023  51.438  -7.890  58.260 0.0000000000
74014  50.442  -8.228  59.387 0.0000000000
44837  20.141  -37.855  76.895 0.0000000000
49810  41.543  -32.916  74.721 0.0000000000
50824  39.410  -32.757  72.818 0.0000000000
50867  37.625  -31.807  70.907 0.0000000000
128286  36.397  -33.242  72.497 0.0000000000
49842  34.194  -33.759  72.075 0.0000000000
48864  31.131  -34.121  72.560 0.0000000000
46865  32.023  -35.633  76.229 0.0000000000
133067  29.899  -35.064  74.022 0.0000000000
47846  28.214  -34.939  71.724 0.0000000000
46901  25.389  -36.715  71.447 0.0000000000
44889  23.082  -38.223  70.780 0.0000000000
72020  49.332  -10.741  66.286 0.0000000000
71083  49.744  -11.566  64.547 0.0000000000
71076  50.263  -12.244  66.180 0.0000000000
146843  23.185  -38.077  86.134 0.0000000000
43745  20.654  -39.740  84.748 0.0000000000
42795  18.897  -40.259  86.155 0.0000000000
42821  17.262  -40.647  82.994 0.0000000000
76012  52.560  -5.703  61.672 0.0000000000
76001  51.422  -6.312  63.373 0.0000000000
74937  50.087  -7.336  64.278 0.0000000000
73959  48.814  -8.339  65.925 0.0000000000
72979  49.206  -10.025  67.585 0.0000000000
71060  49.095  -11.745  68.157 0.0000000000
70118  46.831  -12.241  67.332 0.0000000000
71953  46.786  -9.732  70.805 0.0000000000
70099  45.209  -11.832  68.115 0.0000000000
69125  45.283  -13.085  66.290 0.0000000000
68190  43.714  -14.824  64.873 0.0000000000
66205  42.638  -16.762  63.393 0.0000000000
66102  45.988  -16.428  71.871 0.0000000000
61715  46.405  -21.182  70.150 0.0000000000
63375  45.785  -19.425  69.292 0.0000000000
64280  44.822  -18.377  68.300 0.0000000000
63413  43.023  -19.081  66.253 0.0000000000
63459  41.055  -19.906  63.583 0.0000000000
134024  37.512  -27.081  60.706 0.0000000000
51843  35.467  -31.093  68.642 0.0000000000
52869  33.676  -30.574  66.559 0.0000000000
52886  31.685  -30.561  64.448 0.0000000000
50917  28.140  -32.417  66.182 0.0000000000
128972  28.827  -31.594  64.272 0.0000000000
45790  29.017  -37.440  84.871 0.0000000000
46742  29.147  -36.148  85.831 0.0000000000
51793  41.058  -31.640  71.365 0.0000000000
52802  42.648  -30.703  71.825 0.0000000000
51823  41.084  -30.870  70.300 0.0000000000
52825  41.339  -30.343  69.903 0.0000000000
52827  40.162  -30.588  69.243 0.0000000000
52841  39.841  -30.380  68.406 0.0000000000
51825  39.765  -30.947  69.803 0.0000000000
73973  49.058  -8.839  64.210 0.0000000000
123051  48.765  -9.834  62.923 0.0000000000
73006  48.662  -9.739  63.902 0.0000000000
122500  25.117  -38.441  75.627 0.0000000000
44857  23.074  -38.109  74.248 0.0000000000
123830  23.407  -37.844  75.897 0.0000000000
43770  19.037  -39.296  80.759 0.0000000000
43779  18.717  -39.174  79.986 0.0000000000
42855  17.765  -39.964  80.196 0.0000000000
142131  17.041  -40.259  79.767 0.0000000000
42849  17.363  -40.339  80.679 0.0000000000
47759  36.534  -35.073  79.692 0.0000000000
47767  37.356  -34.928  78.704 0.0000000000
47776  38.683  -34.777  77.502 0.0000000000
141608  37.225  -35.728  77.707 0.0000000000
47794  36.487  -35.595  76.319 0.0000000000
46840  35.677  -36.113  77.584 0.0000000000
123734  26.892  -38.403  76.723 0.0000000000
44831  27.119  -38.192  76.134 0.0000000000
122696  25.893  -38.416  75.560 0.0000000000
44854  25.304  -38.378  74.329 0.0000000000
69138  47.524  -13.441  65.374 0.0000000000
136107  48.262  -13.679  65.365 0.0000000000
69155  47.746  -13.716  64.655 0.0000000000
76908  48.078  -5.362  69.270 0.0000000000
141064  48.217  -6.981  69.766 0.0000000000
75914  47.425  -5.896  70.534 0.0000000000
131121  44.347  -13.334  72.078 0.0000000000
142375  43.994  -13.473  71.015 0.0000000000
68129  43.799  -14.822  69.916 0.0000000000
67137  43.519  -15.405  68.446 0.0000000000
67136  43.906  -16.061  68.809 0.0000000000
142252  41.070  -24.902  65.416 0.0000000000
59918  42.097  -23.476  66.657 0.0000000000
58980  41.282  -24.090  65.440 0.0000000000
136199  40.719  -23.180  64.291 0.0000000000
133095  40.480  -23.990  64.165 0.0000000000
59028  39.510  -24.134  62.890 0.0000000000
57992  39.705  -25.329  63.302 0.0000000000
49877  30.256  -33.528  70.573 0.0000000000
49882  31.288  -32.968  69.657 0.0000000000
49890  29.457  -33.209  69.304 0.0000000000
75014  54.758  -7.157  57.117 0.0000000000
75002  53.524  -7.325  58.030 0.0000000000
45858  26.944  -37.620  79.823 0.0000000000
45859  25.428  -37.436  79.486 0.0000000000
45847  26.537  -37.294  80.528 0.0000000000
122268  25.956  -37.265  84.051 0.0000000000
45824  25.309  -37.070  82.655 0.0000000000
45811  23.898  -37.634  83.155 0.0000000000
140138  22.634  -38.130  82.834 0.0000000000
44734  23.195  -38.124  83.573 0.0000000000
45832  34.015  -36.821  80.864 0.0000000000
122013  34.048  -37.237  80.377 0.0000000000
44764  33.124  -37.515  81.286 0.0000000000
44755  29.661  -37.990  81.491 0.0000000000
142208  30.327  -38.093  80.936 0.0000000000
44768  28.666  -37.903  80.364 0.0000000000
44785  27.719  -37.969  79.236 0.0000000000
54898  44.745  -28.960  72.422 0.0000000000
54887  45.797  -27.869  72.861 0.0000000000
56890  45.916  -26.559  71.943 0.0000000000
57890  45.976  -25.984  71.637 0.0000000000
55912  44.765  -27.070  71.136 0.0000000000
54968  41.459  -28.535  68.150 0.0000000000
55923  42.457  -27.705  69.022 0.0000000000
55954  41.478  -27.805  67.572 0.0000000000
56936  41.704  -26.870  67.346 0.0000000000
55968  40.662  -27.798  66.130 0.0000000000
54995  39.880  -28.136  64.832 0.0000000000
53910  39.900  -29.219  66.032 0.0000000000
52865  37.910  -30.105  66.543 0.0000000000
53913  38.109  -29.671  65.202 0.0000000000
53914  36.404  -29.578  65.144 0.0000000000
53922  35.223  -29.616  64.496 0.0000000000
52877  35.260  -29.778  65.665 0.0000000000
47858  25.451  -35.488  69.464 0.0000000000
47864  25.191  -35.191  68.649 0.0000000000
47865  24.552  -35.581  68.257 0.0000000000
74974  51.016  -7.543  60.831 0.0000000000
74983  51.149  -7.672  59.950 0.0000000000
74008  50.356  -8.173  60.262 0.0000000000
73038  49.093  -9.391  59.985 0.0000000000
44891  22.097  -38.549  70.644 0.0000000000
44884  20.739  -38.424  71.361 0.0000000000
44806  22.629  -37.716  78.654 0.0000000000
44823  21.638  -37.731  77.813 0.0000000000
121909  20.950  -37.844  77.949 0.0000000000
43791  17.536  -39.607  77.589 0.0000000000
43798  17.965  -38.873  76.109 0.0000000000
48826  39.634  -34.117  75.448 0.0000000000
49792  40.813  -33.684  75.861 0.0000000000
48825  40.251  -33.657  74.969 0.0000000000
49824  40.734  -32.885  73.897 0.0000000000
123472  39.432  -33.321  73.794 0.0000000000
50825  38.381  -32.817  72.684 0.0000000000
49826  37.507  -33.634  73.595 0.0000000000
48834  34.909  -34.610  74.225 0.0000000000
48845  35.151  -34.240  73.574 0.0000000000
145465  33.478  -34.263  73.427 0.0000000000
48875  32.930  -33.875  72.228 0.0000000000
48848  31.947  -34.266  73.217 0.0000000000
46843  32.203  -36.544  77.660 0.0000000000
46853  32.556  -35.925  76.874 0.0000000000
131187  30.918  -36.292  76.901 0.0000000000
46880  28.245  -36.363  74.822 0.0000000000
143616  29.756  -35.678  75.352 0.0000000000
46889  28.260  -35.942  73.901 0.0000000000
47840  29.555  -34.922  73.290 0.0000000000
46894  27.948  -35.755  73.012 0.0000000000
46899  26.973  -35.981  71.968 0.0000000000
46896  26.411  -36.668  72.479 0.0000000000
44874  23.592  -38.592  72.172 0.0000000000
44880  23.728  -38.090  71.457 0.0000000000
44881  23.203  -38.473  71.625 0.0000000000
71069  49.754  -11.422  66.889 0.0000000000
71077  49.832  -11.524  66.014 0.0000000000
70130  49.914  -12.634  67.117 0.0000000000
68172  50.702  -14.564  66.074 0.0000000000
127662  22.576  -38.160  86.405 0.0000000000
140065  22.098  -38.880  85.881 0.0000000000
123295  21.138  -39.346  86.140 0.0000000000
42798  16.419  -40.537  86.878 0.0000000000
42804  17.438  -40.495  85.816 0.0000000000
42812  18.377  -40.552  84.638 0.0000000000
122733  16.974  -40.641  84.312 0.0000000000
122503  16.382  -40.555  82.804 0.0000000000
42824  14.741  -40.398  83.286 0.0000000000
76017  52.919  -5.770  60.739 0.0000000000
140503  51.678  -5.208  63.456 0.0000000000
129654  51.177  -5.652  64.253 0.0000000000
74936  50.904  -6.883  63.945 0.0000000000
74928  50.534  -6.224  64.715 0.0000000000
74907  49.481  -5.961  66.730 0.0000000000
74921  49.283  -7.178  66.372 0.0000000000
73947  48.810  -8.182  66.747 0.0000000000
72980  48.786  -9.144  67.175 0.0000000000
72966  49.011  -9.215  68.028 0.0000000000
124771  48.585  -9.740  69.503 0.0000000000
71986  48.981  -10.472  68.995 0.0000000000
71041  48.595  -11.153  68.834 0.0000000000
70117  47.919  -12.270  67.613 0.0000000000
71042  47.681  -11.312  68.661 0.0000000000
73876  46.614  -7.651  72.781 0.0000000000
72917  46.931  -8.469  71.989 0.0000000000
71939  46.448  -9.380  71.848 0.0000000000
70100  44.427  -12.497  68.629 0.0000000000
71045  44.945  -11.607  68.981 0.0000000000
70120  44.629  -12.574  67.760 0.0000000000
69114  44.949  -12.805  67.001 0.0000000000
69126  44.410  -13.431  66.652 0.0000000000
68174  44.099  -14.090  65.359 0.0000000000
68164  43.883  -13.954  66.227 0.0000000000
128787  42.872  -17.012  66.092 0.0000000000
66175  42.852  -16.213  65.458 0.0000000000
66190  42.583  -16.819  64.338 0.0000000000
65258  42.122  -17.459  64.044 0.0000000000
65176  46.734  -17.596  71.506 0.0000000000
58918  44.925  -23.961  69.983 0.0000000000
60829  46.897  -22.498  70.898 0.0000000000
59883  44.897  -23.242  69.593 0.0000000000
61729  43.561  -21.410  67.692 0.0000000000
61722  45.189  -20.761  68.904 0.0000000000
62536  44.833  -20.132  68.450 0.0000000000
64279  45.240  -18.706  68.710 0.0000000000
63400  44.232  -19.385  67.784 0.0000000000
63401  43.790  -19.132  67.319 0.0000000000
123787  43.402  -19.496  66.784 0.0000000000
61761  40.821  -21.533  63.801 0.0000000000
61760  41.186  -20.703  64.043 0.0000000000
62601  40.656  -20.674  63.307 0.0000000000
63472  40.618  -19.853  62.758 0.0000000000
62630  39.762  -20.518  61.638 0.0000000000
61785  39.149  -21.211  61.193 0.0000000000
59056  38.161  -24.249  60.770 0.0000000000
60011  37.526  -23.676  59.203 0.0000000000
55006  38.449  -28.291  62.596 0.0000000000
56006  38.616  -27.097  61.977 0.0000000000
55013  37.260  -28.404  61.691 0.0000000000
56038  35.016  -27.951  59.322 0.0000000000
124149  35.861  -32.273  70.610 0.0000000000
51810  36.275  -31.701  70.061 0.0000000000
50882  35.308  -32.006  69.917 0.0000000000
131638  32.001  -31.763  67.848 0.0000000000
125243  32.869  -31.459  67.767 0.0000000000
51854  32.281  -31.226  67.015 0.0000000000
52880  32.689  -30.540  65.538 0.0000000000
51865  31.311  -31.006  65.821 0.0000000000
49900  26.644  -33.593  67.238 0.0000000000
50903  27.781  -32.819  66.866 0.0000000000
50912  26.849  -32.920  65.885 0.0000000000
51875  27.784  -31.996  63.870 0.0000000000
51879  28.953  -31.317  62.928 0.0000000000
74032  50.642  -8.374  57.644 0.0000000000
74047  51.820  -8.224  56.619 0.0000000000
71090  49.445  -11.583  63.433 0.0000000000
44732  29.222  -37.726  82.868 0.0000000000
139365  27.869  -37.301  82.448 0.0000000000
45808  28.399  -37.411  84.157 0.0000000000
141177  27.521  -37.295  84.382 0.0000000000
45778  26.573  -37.425  85.757 0.0000000000
44730  30.659  -37.938  83.222 0.0000000000
51770  43.277  -31.416  73.900 0.0000000000
51769  43.869  -30.939  74.019 0.0000000000
52793  43.575  -30.685  72.933 0.0000000000
52801  43.410  -30.319  72.223 0.0000000000
54908  43.565  -29.094  71.169 0.0000000000
54926  43.814  -28.346  70.868 0.0000000000
54928  42.537  -28.991  70.051 0.0000000000
53891  41.398  -29.296  68.728 0.0000000000
53899  40.391  -29.515  67.559 0.0000000000
53906  39.548  -29.662  66.463 0.0000000000
52853  39.502  -30.180  67.623 0.0000000000
52854  38.733  -30.306  67.291 0.0000000000
52844  36.999  -30.540  67.873 0.0000000000
45967  23.023  -37.382  68.883 0.0000000000
45985  22.894  -37.127  67.895 0.0000000000
44954  22.008  -38.201  66.946 0.0000000000
73978  50.080  -8.157  62.039 0.0000000000
73995  50.253  -8.137  61.139 0.0000000000
73012  49.277  -9.069  62.296 0.0000000000
73013  48.792  -10.014  62.047 0.0000000000
122697  23.287  -38.531  72.620 0.0000000000
122626  21.442  -38.170  72.089 0.0000000000
126818  21.749  -37.986  73.036 0.0000000000
45927  21.003  -37.543  73.736 0.0000000000
45920  20.305  -37.550  74.487 0.0000000000
44772  20.527  -38.374  80.025 0.0000000000
44808  20.397  -38.010  78.538 0.0000000000
44791  19.132  -38.708  79.381 0.0000000000
43785  18.381  -39.205  79.053 0.0000000000
146153  15.761  -40.786  79.147 0.0000000000
48813  39.573  -34.479  76.640 0.0000000000
146972  38.085  -34.677  75.166 0.0000000000
124755  37.327  -34.187  74.175 0.0000000000
47800  37.059  -35.158  75.526 0.0000000000
47813  35.537  -34.917  74.824 0.0000000000
127146  33.782  -34.987  75.209 0.0000000000
45883  29.053  -37.680  77.429 0.0000000000
46856  29.661  -36.595  76.537 0.0000000000
45897  28.544  -37.634  76.777 0.0000000000
45917  27.633  -37.100  75.246 0.0000000000
45918  27.024  -37.439  74.789 0.0000000000
45932  25.916  -37.458  72.919 0.0000000000
44853  25.613  -38.159  73.961 0.0000000000
44864  24.679  -38.417  73.260 0.0000000000
69113  49.058  -12.783  67.228 0.0000000000
70131  49.648  -12.897  67.121 0.0000000000
69121  49.322  -13.327  66.708 0.0000000000
68186  48.584  -13.991  64.897 0.0000000000
122509  15.796  -40.624  87.320 0.0000000000
42805  15.339  -40.534  85.863 0.0000000000
140077  14.261  -40.476  83.855 0.0000000000
42807  13.428  -40.649  85.046 0.0000000000
74883  48.729  -6.570  68.442 0.0000000000
73926  48.774  -8.101  68.495 0.0000000000
130845  48.501  -7.447  69.200 0.0000000000
73916  48.185  -7.979  69.898 0.0000000000
72943  48.092  -9.863  70.082 0.0000000000
70979  44.919  -10.947  72.569 0.0000000000
137770  45.044  -10.908  71.560 0.0000000000
71003  44.587  -11.659  71.009 0.0000000000
141344  43.923  -13.139  70.095 0.0000000000
69105  43.584  -13.878  68.605 0.0000000000
68165  43.485  -14.496  66.681 0.0000000000
130325  43.370  -15.183  67.919 0.0000000000
131456  43.226  -16.177  67.133 0.0000000000
136336  43.342  -17.029  66.832 0.0000000000
58949  42.884  -24.088  68.052 0.0000000000
59895  43.704  -23.175  68.527 0.0000000000
59907  43.113  -23.302  67.995 0.0000000000
60849  42.392  -22.811  66.844 0.0000000000
60854  42.259  -22.171  66.241 0.0000000000
62558  42.745  -20.536  66.288 0.0000000000
60861  41.735  -22.337  65.447 0.0000000000
60873  40.697  -22.474  63.963 0.0000000000
60896  39.868  -22.260  62.746 0.0000000000
60907  39.210  -22.151  61.929 0.0000000000
59965  39.201  -23.618  62.415 0.0000000000
59043  38.585  -24.680  61.603 0.0000000000
58048  38.171  -25.391  60.896 0.0000000000
53942  36.512  -29.310  62.496 0.0000000000
139895  36.631  -28.779  61.561 0.0000000000
53958  35.442  -29.138  61.183 0.0000000000
55027  33.967  -28.765  59.941 0.0000000000
55040  33.469  -28.517  58.977 0.0000000000
50870  32.911  -32.972  70.270 0.0000000000
50884  33.826  -32.346  69.560 0.0000000000
133328  32.065  -32.523  69.205 0.0000000000
50893  31.657  -32.242  68.497 0.0000000000
50900  30.658  -32.109  67.587 0.0000000000
49925  26.230  -33.235  64.530 0.0000000000
48951  25.348  -34.286  62.710 0.0000000000
74044  54.952  -7.472  56.293 0.0000000000
74055  54.299  -8.174  55.697 0.0000000000
74056  53.223  -8.371  55.780 0.0000000000
44820  25.814  -38.208  77.790 0.0000000000
143143  24.247  -37.883  77.445 0.0000000000
44804  24.970  -37.909  78.077 0.0000000000
45870  24.164  -37.505  79.222 0.0000000000
45862  23.017  -37.472  79.924 0.0000000000
45837  25.550  -37.102  81.256 0.0000000000
45838  24.165  -37.243  81.326 0.0000000000
45851  22.627  -37.640  80.654 0.0000000000
44760  21.367  -38.218  81.545 0.0000000000
44748  20.797  -38.714  82.135 0.0000000000
43754  20.400  -39.221  82.743 0.0000000000
124417  35.844  -36.362  79.336 0.0000000000
46834  35.696  -36.424  78.654 0.0000000000
133933  34.491  -37.046  79.511 0.0000000000
124766  33.009  -37.270  79.112 0.0000000000
45857  31.349  -37.441  78.681 0.0000000000
44753  31.849  -38.015  81.319 0.0000000000
122870  30.882  -38.025  79.937 0.0000000000
45868  30.374  -37.551  78.376 0.0000000000
44816  28.778  -37.955  77.912 0.0000000000
44801  27.202  -38.287  78.020 0.0000000000
68189  45.280  -13.974  64.182 0.0000000000
68188  46.248  -13.855  63.952 0.0000000000
141612  45.951  -14.776  62.823 0.0000000000
137062  47.094  -5.977  71.186 0.0000000000
126343  45.684  -9.122  73.812 0.0000000000
129389  45.013  -10.831  73.595 0.0000000000
69047  44.711  -12.420  73.316 0.0000000000
68088  44.781  -13.958  72.673 0.0000000000
130914  45.633  -25.041  70.877 0.0000000000
57928  44.266  -25.331  69.815 0.0000000000
127894  43.539  -27.064  69.830 0.0000000000
56917  43.723  -26.245  69.673 0.0000000000
57944  42.976  -25.522  68.602 0.0000000000
57956  42.499  -25.755  67.952 0.0000000000
57975  41.299  -25.541  65.931 0.0000000000
56959  40.566  -26.376  65.033 0.0000000000
56980  39.702  -26.339  63.423 0.0000000000
55992  40.258  -27.225  64.730 0.0000000000
55993  39.556  -28.029  63.944 0.0000000000
53929  38.409  -29.212  63.751 0.0000000000
53912  38.760  -29.697  65.409 0.0000000000
53919  38.444  -29.498  64.560 0.0000000000
53931  36.876  -29.465  63.178 0.0000000000
53932  35.876  -29.417  63.137 0.0000000000
53944  34.258  -29.538  62.815 0.0000000000
53935  32.898  -29.947  63.289 0.0000000000
48892  28.129  -34.005  70.172 0.0000000000
49885  28.000  -33.717  69.319 0.0000000000
48900  26.421  -34.249  68.581 0.0000000000
48907  26.153  -34.062  67.775 0.0000000000
144262  24.736  -34.769  66.361 0.0000000000
46930  23.376  -36.440  67.299 0.0000000000
47881  23.754  -35.672  65.733 0.0000000000
74981  53.001  -7.061  59.569 0.0000000000
75003  52.417  -7.544  58.086 0.0000000000
74994  52.237  -7.442  58.914 0.0000000000
74995  51.295  -7.804  59.105 0.0000000000
74025  49.698  -8.691  58.809 0.0000000000
74009  49.618  -8.731  60.555 0.0000000000
74015  49.654  -8.701  59.693 0.0000000000
44836  22.957  -37.724  76.800 0.0000000000
45901  20.754  -37.682  76.212 0.0000000000
44849  19.059  -38.022  74.940 0.0000000000
44825  19.577  -38.311  77.659 0.0000000000
44850  18.638  -38.369  75.684 0.0000000000
128552  42.815  -32.125  75.026 0.0000000000
129975  42.084  -32.362  74.136 0.0000000000
126267  41.348  -32.269  72.947 0.0000000000
50843  39.867  -32.162  71.827 0.0000000000
51807  39.273  -31.372  70.401 0.0000000000
50844  38.741  -32.351  71.955 0.0000000000
124326  37.133  -32.298  71.430 0.0000000000
49858  35.953  -33.022  71.866 0.0000000000
48843  36.720  -33.893  73.671 0.0000000000
128040  35.695  -33.488  72.393 0.0000000000
131394  34.642  -33.339  71.470 0.0000000000
49860  32.849  -33.603  71.514 0.0000000000
49861  31.874  -33.629  71.252 0.0000000000
48885  30.307  -33.841  71.299 0.0000000000
127353  34.047  -36.087  77.333 0.0000000000
47797  32.825  -35.495  76.170 0.0000000000
47804  32.964  -35.118  75.457 0.0000000000
142994  30.583  -35.855  76.074 0.0000000000
47816  31.165  -35.089  74.803 0.0000000000
47830  31.551  -34.660  74.091 0.0000000000
48849  30.947  -34.482  73.382 0.0000000000
48865  30.176  -34.431  72.721 0.0000000000
48880  28.967  -34.316  71.416 0.0000000000
47851  27.094  -35.083  70.852 0.0000000000
47852  26.413  -35.399  70.523 0.0000000000
46906  24.533  -36.841  70.336 0.0000000000
45940  24.991  -37.604  71.852 0.0000000000
45944  24.041  -37.426  70.926 0.0000000000
45952  23.923  -37.324  70.052 0.0000000000
44906  22.140  -38.334  69.539 0.0000000000
72021  48.645  -9.957  65.620 0.0000000000
72030  48.679  -10.327  64.514 0.0000000000
72029  49.234  -10.902  65.181 0.0000000000
69120  49.992  -13.305  66.830 0.0000000000
69135  50.546  -13.728  66.279 0.0000000000
68199  47.559  -14.369  63.417 0.0000000000
46720  28.234  -35.612  86.568 0.0000000000
45762  27.473  -37.055  86.286 0.0000000000
45779  25.656  -37.596  85.998 0.0000000000
45747  25.174  -37.124  86.387 0.0000000000
44715  24.210  -38.030  85.539 0.0000000000
142731  22.560  -38.917  84.933 0.0000000000
43750  20.902  -39.380  83.872 0.0000000000
43751  19.906  -39.733  83.309 0.0000000000
43718  20.059  -39.255  86.800 0.0000000000
42802  19.464  -40.183  85.606 0.0000000000
136452  18.651  -40.425  83.923 0.0000000000
124711  18.507  -40.291  82.605 0.0000000000
42838  16.819  -40.517  81.287 0.0000000000
122098  53.691  -6.069  59.392 0.0000000000
76022  53.303  -6.422  59.998 0.0000000000
76018  52.416  -6.458  60.989 0.0000000000
74965  51.791  -6.986  61.456 0.0000000000
76984  52.432  -4.514  62.123 0.0000000000
124500  52.176  -5.605  62.554 0.0000000000
74948  50.725  -7.357  62.842 0.0000000000
74949  50.189  -7.627  63.514 0.0000000000
73972  49.604  -8.188  63.754 0.0000000000
73967  48.898  -8.584  65.110 0.0000000000
74929  49.991  -6.765  65.137 0.0000000000
73958  49.417  -7.506  65.533 0.0000000000
142241  48.613  -9.140  65.557 0.0000000000
72012  48.905  -9.971  66.711 0.0000000000
72011  49.496  -10.744  67.199 0.0000000000
132128  49.638  -11.340  67.493 0.0000000000
72954  49.009  -9.608  68.799 0.0000000000
71040  49.291  -11.084  68.441 0.0000000000
71059  49.535  -11.562  67.848 0.0000000000
70132  48.387  -12.628  67.278 0.0000000000
70133  47.650  -12.644  66.975 0.0000000000
69124  46.276  -12.925  66.077 0.0000000000
73902  47.522  -7.385  71.231 0.0000000000
72916  47.362  -8.383  71.230 0.0000000000
143131  47.218  -10.073  70.214 0.0000000000
71002  45.311  -10.804  70.548 0.0000000000
71021  45.790  -10.728  69.456 0.0000000000
71020  46.874  -10.831  68.933 0.0000000000
71061  46.320  -11.736  67.930 0.0000000000
70135  45.930  -12.496  66.696 0.0000000000
69140  45.592  -13.322  65.549 0.0000000000
69158  44.938  -13.742  64.991 0.0000000000
143236  44.089  -14.756  64.091 0.0000000000
67162  43.174  -15.419  65.618 0.0000000000
145910  43.261  -15.579  64.881 0.0000000000
68087  45.554  -14.527  73.279 0.0000000000
67103  45.178  -16.053  71.258 0.0000000000
131415  47.321  -19.989  71.023 0.0000000000
61717  45.329  -21.741  69.375 0.0000000000
62524  45.803  -20.190  69.355 0.0000000000
64257  46.701  -18.791  70.533 0.0000000000
65205  46.156  -18.371  70.118 0.0000000000
65191  45.352  -17.134  69.979 0.0000000000
66131  44.689  -16.562  69.380 0.0000000000
66147  44.662  -17.495  68.349 0.0000000000
65224  43.710  -17.676  67.229 0.0000000000
64301  42.649  -18.463  65.733 0.0000000000
136713  42.510  -20.121  65.742 0.0000000000
63427  42.477  -19.327  65.544 0.0000000000
64302  42.155  -18.472  65.013 0.0000000000
64322  41.492  -18.446  63.250 0.0000000000
60924  38.304  -22.239  60.166 0.0000000000
137731  38.189  -22.343  58.708 0.0000000000
56981  39.207  -26.737  62.624 0.0000000000
57004  38.414  -26.310  61.403 0.0000000000
57022  37.403  -26.444  60.361 0.0000000000
55025  36.228  -28.306  60.549 0.0000000000
57023  36.883  -26.911  60.216 0.0000000000
51827  37.796  -31.101  69.543 0.0000000000
51842  36.383  -30.957  68.703 0.0000000000
52845  35.918  -30.665  67.993 0.0000000000
51831  34.104  -31.766  68.913 0.0000000000
51852  34.341  -31.039  67.852 0.0000000000
52868  34.526  -30.392  66.672 0.0000000000
52879  33.449  -30.411  65.788 0.0000000000
53925  33.096  -30.042  64.101 0.0000000000
52901  32.075  -30.109  63.053 0.0000000000
50896  28.617  -32.954  68.203 0.0000000000
50901  29.064  -32.592  67.560 0.0000000000
51860  29.486  -31.807  66.121 0.0000000000
50919  26.797  -32.787  65.012 0.0000000000
121922  28.820  -31.819  64.963 0.0000000000
51867  29.888  -31.480  65.500 0.0000000000
52888  30.010  -31.069  63.973 0.0000000000
52893  30.552  -30.663  63.319 0.0000000000
74030  52.639  -7.701  57.281 0.0000000000
74057  52.124  -8.567  55.854 0.0000000000
73081  52.528  -9.014  55.146 0.0000000000
72036  48.956  -11.064  64.033 0.0000000000
51804  41.388  -31.234  70.976 0.0000000000
51805  40.816  -31.349  70.691 0.0000000000
51824  40.472  -30.886  70.056 0.0000000000
44847  24.278  -38.228  75.719 0.0000000000
44834  24.725  -38.252  76.453 0.0000000000
43761  19.331  -39.437  81.566 0.0000000000
43771  18.376  -39.668  80.499 0.0000000000
42848  18.034  -40.114  80.957 0.0000000000
46824  36.627  -35.638  78.872 0.0000000000
48768  37.003  -34.740  79.312 0.0000000000
47778  37.167  -35.327  78.493 0.0000000000
47787  37.583  -35.438  77.864 0.0000000000
46850  36.299  -35.876  77.150 0.0000000000
46839  36.539  -35.998  77.942 0.0000000000
123043  26.099  -38.428  76.934 0.0000000000
44832  26.403  -38.415  76.153 0.0000000000
69156  46.859  -13.525  64.615 0.0000000000
75913  47.998  -5.685  69.715 0.0000000000
76898  47.721  -5.609  69.885 0.0000000000
68113  44.066  -14.506  70.814 0.0000000000
67116  44.130  -15.717  69.672 0.0000000000
145157  40.693  -25.092  64.926 0.0000000000
58995  40.796  -24.414  64.873 0.0000000000
59011  40.114  -24.735  63.707 0.0000000000
57991  40.154  -25.574  63.907 0.0000000000
49883  30.315  -33.175  69.694 0.0000000000
49878  29.534  -33.505  70.167 0.0000000000
75001  54.466  -6.971  57.841 0.0000000000
44757  28.048  -37.603  80.967 0.0000000000
45846  27.220  -37.385  80.726 0.0000000000
45810  25.251  -37.193  83.431 0.0000000000
45794  24.518  -37.565  83.721 0.0000000000
44733  23.918  -38.002  83.896 0.0000000000
46803  34.277  -36.426  80.838 0.0000000000
45845  33.719  -37.150  80.803 0.0000000000
45833  33.374  -37.133  81.313 0.0000000000
44756  28.860  -37.800  81.200 0.0000000000
44769  27.840  -37.786  80.116 0.0000000000
54906  45.103  -28.170  72.008 0.0000000000
54897  45.355  -28.375  72.607 0.0000000000
55897  45.757  -27.392  72.380 0.0000000000
55903  45.332  -27.298  71.708 0.0000000000
54980  41.133  -28.575  67.520 0.0000000000
54986  40.993  -28.249  66.905 0.0000000000
54991  40.164  -28.492  65.659 0.0000000000
54987  40.430  -28.728  66.449 0.0000000000
129483  37.162  -29.979  66.368 0.0000000000
52876  36.796  -29.731  65.831 0.0000000000
128184  35.927  -29.707  65.804 0.0000000000
52867  35.336  -30.023  66.302 0.0000000000
46912  24.297  -36.546  69.587 0.0000000000
46918  24.681  -35.780  69.140 0.0000000000
46919  24.046  -36.197  68.776 0.0000000000
44883  21.783  -38.534  71.253 0.0000000000
142359  21.988  -37.729  78.396 0.0000000000
44807  21.254  -37.785  78.553 0.0000000000
43795  17.478  -39.545  76.582 0.0000000000
48829  39.387  -33.805  74.688 0.0000000000
49811  40.182  -33.297  74.226 0.0000000000
48841  38.756  -33.698  74.174 0.0000000000
49825  38.461  -33.327  73.457 0.0000000000
48842  38.039  -33.890  74.150 0.0000000000
130316  33.979  -34.697  74.414 0.0000000000
48846  34.155  -34.331  73.594 0.0000000000
47828  33.335  -34.507  73.921 0.0000000000
48847  32.894  -34.254  73.373 0.0000000000
47829  32.474  -34.548  74.048 0.0000000000
45880  31.520  -36.977  78.100 0.0000000000
45894  31.197  -36.648  77.497 0.0000000000
46881  27.522  -36.736  74.429 0.0000000000
46888  28.815  -35.791  74.469 0.0000000000
46895  27.167  -36.189  72.753 0.0000000000
46891  26.588  -36.907  73.273 0.0000000000
44875  22.983  -38.607  72.000 0.0000000000
44882  22.565  -38.508  71.379 0.0000000000
70114  49.777  -11.945  67.341 0.0000000000
71068  50.027  -12.161  66.782 0.0000000000
44693  22.776  -37.590  86.761 0.0000000000
44694  22.153  -37.886  86.828 0.0000000000
121792  21.729  -38.471  86.632 0.0000000000
122507  16.737  -40.460  86.006 0.0000000000
122505  16.989  -40.712  85.125 0.0000000000
42814  16.102  -40.536  84.439 0.0000000000
42823  15.718  -40.464  83.481 0.0000000000
123460  15.038  -40.433  84.105 0.0000000000
77964  53.030  -4.350  60.536 0.0000000000
78891  52.581  -4.245  60.987 0.0000000000
76968  51.161  -4.752  64.287 0.0000000000
76975  51.278  -4.874  64.263 0.0000000000
145826  51.001  -5.117  64.589 0.0000000000
74908  49.073  -7.010  67.134 0.0000000000
73936  48.817  -8.115  67.581 0.0000000000
71018  48.351  -10.471  69.517 0.0000000000
124762  46.461  -8.586  72.710 0.0000000000
71940  45.564  -10.171  72.188 0.0000000000
69104  43.970  -13.231  68.255 0.0000000000
69127  43.745  -13.889  67.046 0.0000000000
66176  42.623  -16.935  65.271 0.0000000000
142448  47.101  -18.070  71.524 0.0000000000
59882  45.534  -23.472  70.160 0.0000000000
132483  44.455  -23.733  69.470 0.0000000000
125544  44.330  -20.882  68.230 0.0000000000
62544  44.302  -19.995  67.972 0.0000000000
62545  43.778  -19.789  67.395 0.0000000000
62557  43.315  -20.185  66.838 0.0000000000
61771  40.269  -21.432  62.993 0.0000000000
62615  40.191  -20.618  62.490 0.0000000000
59057  37.631  -24.640  59.977 0.0000000000
55012  38.092  -27.921  61.825 0.0000000000
135200  35.159  -32.520  70.539 0.0000000000
51855  31.371  -31.687  67.306 0.0000000000
51858  31.431  -31.305  66.549 0.0000000000
123183  25.694  -33.991  66.468 0.0000000000
49907  26.302  -33.513  66.369 0.0000000000
49915  26.235  -33.282  65.428 0.0000000000
45807  29.358  -37.601  83.882 0.0000000000
45821  28.488  -37.431  83.166 0.0000000000
45776  28.590  -37.209  85.573 0.0000000000
45791  28.183  -37.360  85.142 0.0000000000
45792  26.685  -37.313  84.734 0.0000000000
124673  27.373  -37.339  85.393 0.0000000000
45788  30.620  -37.299  84.386 0.0000000000
45805  31.065  -37.634  83.782 0.0000000000
45806  30.292  -37.672  83.910 0.0000000000
44731  29.925  -37.870  83.303 0.0000000000
51771  42.832  -31.617  73.552 0.0000000000
51779  43.189  -31.256  73.235 0.0000000000
52808  43.016  -30.173  71.531 0.0000000000
53850  43.556  -29.617  71.656 0.0000000000
53869  43.025  -29.657  71.070 0.0000000000
54927  43.125  -29.026  70.617 0.0000000000
53870  42.508  -29.620  70.497 0.0000000000
52839  41.079  -30.031  69.085 0.0000000000
53880  41.614  -29.749  69.559 0.0000000000
53892  40.721  -29.707  68.320 0.0000000000
52852  40.117  -29.975  67.966 0.0000000000
52842  39.084  -30.526  68.132 0.0000000000
52843  38.121  -30.564  67.990 0.0000000000
52855  37.877  -30.351  67.232 0.0000000000
44924  22.109  -38.248  68.735 0.0000000000
45968  22.502  -37.745  68.389 0.0000000000
44939  22.061  -38.161  67.849 0.0000000000
73979  49.817  -8.225  62.912 0.0000000000
44865  23.604  -38.446  73.399 0.0000000000
44866  22.728  -38.320  73.265 0.0000000000
44858  22.167  -37.702  74.868 0.0000000000
44867  22.057  -37.828  73.948 0.0000000000
45919  21.238  -37.538  74.661 0.0000000000
45911  21.399  -37.585  75.517 0.0000000000
44773  19.592  -38.752  80.193 0.0000000000
43780  18.144  -39.565  79.844 0.0000000000
43786  17.632  -39.693  78.533 0.0000000000
42861  16.998  -40.057  78.073 0.0000000000
42867  16.317  -40.490  77.612 0.0000000000
42856  17.103  -40.233  78.908 0.0000000000
42857  16.476  -40.586  79.067 0.0000000000
42047  15.028  -40.986  78.815 0.0000000000
49744  39.203  -33.695  78.237 0.0000000000
47786  38.218  -35.150  77.363 0.0000000000
47785  38.892  -34.807  76.952 0.0000000000
48827  38.583  -34.793  75.820 0.0000000000
47799  37.886  -35.130  75.773 0.0000000000
146214  37.594  -34.929  75.303 0.0000000000
133447  35.624  -35.552  76.009 0.0000000000
47801  36.073  -35.277  75.450 0.0000000000
47802  35.179  -35.271  75.497 0.0000000000
123301  34.631  -34.908  74.976 0.0000000000
47803  34.403  -35.223  75.587 0.0000000000
44817  28.351  -37.959  77.189 0.0000000000
44830  27.786  -37.944  76.582 0.0000000000
44843  26.998  -37.886  75.440 0.0000000000
45909  26.378  -37.823  74.523 0.0000000000
44855  24.742  -38.485  73.920 0.0000000000
122499  24.281  -38.478  73.462 0.0000000000
129150  48.345  -13.427  66.081 0.0000000000
132328  48.914  -14.454  64.345 0.0000000000
122508  15.101  -40.676  87.310 0.0000000000
122506  15.566  -40.603  86.671 0.0000000000
42806  14.442  -40.545  85.466 0.0000000000
142969  13.816  -40.650  85.889 0.0000000000
74872  48.398  -6.278  69.110 0.0000000000
74861  47.871  -7.151  70.443 0.0000000000
72942  48.228  -9.036  70.061 0.0000000000
70991  44.540  -11.755  72.021 0.0000000000
68114  43.744  -13.930  70.064 0.0000000000
69090  43.815  -13.349  69.226 0.0000000000
68148  43.426  -14.630  68.391 0.0000000000
66148  43.605  -15.976  67.914 0.0000000000
58950  42.470  -24.393  67.551 0.0000000000
60848  42.811  -21.961  67.117 0.0000000000
61740  42.094  -21.654  65.701 0.0000000000
60872  41.231  -22.700  64.739 0.0000000000
143470  40.246  -22.666  63.331 0.0000000000
59964  39.790  -23.248  63.000 0.0000000000
133950  39.363  -22.864  62.391 0.0000000000
58009  39.386  -24.936  62.775 0.0000000000
59042  39.042  -24.434  62.337 0.0000000000
58033  38.597  -25.570  61.634 0.0000000000
128233  35.294  -29.355  61.889 0.0000000000
53957  36.130  -29.188  61.753 0.0000000000
53974  32.944  -28.748  59.614 0.0000000000
50871  32.213  -32.987  69.952 0.0000000000
50885  30.741  -32.803  69.124 0.0000000000
122791  31.293  -32.598  68.988 0.0000000000
50894  30.805  -32.465  68.425 0.0000000000
145758  31.288  -32.071  67.935 0.0000000000
122142  29.974  -32.526  67.978 0.0000000000
75015  53.766  -7.496  57.231 0.0000000000
74045  53.992  -7.741  56.427 0.0000000000
44802  26.413  -38.103  78.351 0.0000000000
44803  25.603  -37.808  78.643 0.0000000000
45860  24.634  -37.320  79.736 0.0000000000
45861  23.836  -37.332  79.859 0.0000000000
45849  24.376  -37.227  80.514 0.0000000000
139333  26.859  -37.100  82.486 0.0000000000
122498  25.843  -37.046  82.107 0.0000000000
45826  23.872  -37.336  82.223 0.0000000000
122278  24.869  -37.100  81.929 0.0000000000
45839  23.488  -37.400  81.511 0.0000000000
45850  23.508  -37.389  80.713 0.0000000000
142469  22.967  -37.563  81.253 0.0000000000
44770  21.773  -37.924  80.697 0.0000000000
44759  22.279  -37.825  81.396 0.0000000000
44747  21.456  -38.452  82.357 0.0000000000
43753  21.182  -38.841  82.936 0.0000000000
46802  34.997  -36.329  80.449 0.0000000000
47749  35.796  -35.138  80.178 0.0000000000
47761  35.530  -35.919  80.186 0.0000000000
46813  35.824  -35.989  79.872 0.0000000000
46826  35.581  -36.394  79.834 0.0000000000
45853  35.233  -36.798  79.597 0.0000000000
129991  32.969  -37.488  79.764 0.0000000000
45855  33.800  -37.309  79.816 0.0000000000
45856  32.258  -37.508  79.271 0.0000000000
44741  31.778  -37.991  82.189 0.0000000000
126692  30.096  -38.055  80.049 0.0000000000
145381  30.596  -38.108  80.397 0.0000000000
44782  30.306  -37.913  79.438 0.0000000000
44797  30.748  -37.737  79.118 0.0000000000
44798  30.001  -37.808  78.836 0.0000000000
135047  29.537  -37.718  78.148 0.0000000000
44799  29.202  -37.955  78.829 0.0000000000
146147  27.672  -38.145  78.474 0.0000000000
44819  26.638  -38.364  77.507 0.0000000000
68201  45.648  -14.352  63.449 0.0000000000
71919  45.329  -9.939  74.157 0.0000000000
70039  45.088  -11.804  74.331 0.0000000000
69057  44.675  -13.146  72.974 0.0000000000
52774  44.272  -30.443  73.641 0.0000000000
56903  44.879  -26.305  70.864 0.0000000000
57911  45.554  -25.778  71.195 0.0000000000
57912  44.949  -25.546  70.569 0.0000000000
58904  44.923  -24.743  70.290 0.0000000000
54946  43.154  -28.358  70.149 0.0000000000
55914  43.673  -27.649  70.289 0.0000000000
55922  43.081  -27.681  69.647 0.0000000000
132667  42.387  -27.067  68.488 0.0000000000
56918  42.951  -26.845  69.232 0.0000000000
56929  42.700  -26.297  68.555 0.0000000000
56928  43.166  -26.067  69.063 0.0000000000
55982  41.013  -26.973  66.137 0.0000000000
56946  41.437  -26.342  66.554 0.0000000000
56958  40.973  -26.322  65.752 0.0000000000
54996  39.365  -28.779  64.488 0.0000000000
54997  39.023  -28.721  63.789 0.0000000000
53907  39.011  -29.884  66.138 0.0000000000
128183  37.282  -29.577  65.143 0.0000000000
53920  37.729  -29.562  64.341 0.0000000000
53930  37.701  -29.412  63.503 0.0000000000
143323  37.138  -29.476  63.826 0.0000000000
125204  36.405  -29.459  63.811 0.0000000000
53923  34.555  -29.739  64.596 0.0000000000
53933  34.774  -29.588  63.679 0.0000000000
53934  33.718  -29.732  63.497 0.0000000000
48889  26.891  -34.806  70.139 0.0000000000
48893  27.402  -34.224  69.755 0.0000000000
48894  26.679  -34.524  69.377 0.0000000000
47871  25.021  -34.977  67.819 0.0000000000
48901  25.681  -34.609  68.211 0.0000000000
48908  25.520  -34.459  67.432 0.0000000000
47879  24.890  -34.739  66.951 0.0000000000
46005  22.735  -37.032  66.911 0.0000000000
46961  23.255  -36.330  65.522 0.0000000000
47895  24.207  -35.220  65.396 0.0000000000
76023  52.687  -6.838  60.242 0.0000000000
74982  52.022  -7.281  59.706 0.0000000000
74024  50.536  -8.290  58.514 0.0000000000
73996  49.535  -8.802  61.398 0.0000000000
44876  20.298  -38.082  72.245 0.0000000000
137589  23.387  -37.775  77.341 0.0000000000
45885  21.050  -37.666  77.146 0.0000000000
45884  22.026  -37.628  77.020 0.0000000000
45902  19.939  -37.853  75.980 0.0000000000
130110  19.532  -38.407  78.619 0.0000000000
145063  19.977  -38.207  78.132 0.0000000000
44826  18.749  -38.665  77.339 0.0000000000
44839  18.529  -38.623  76.545 0.0000000000
43801  17.992  -38.744  75.166 0.0000000000
49758  40.450  -33.662  77.272 0.0000000000
49757  41.150  -33.291  76.932 0.0000000000
49791  41.431  -33.247  75.433 0.0000000000
49773  41.883  -32.917  75.739 0.0000000000
49790  41.951  -32.790  75.086 0.0000000000
146560  42.002  -32.608  74.688 0.0000000000
50800  42.433  -32.325  74.692 0.0000000000
49839  40.237  -32.868  73.451 0.0000000000
140422  40.886  -32.613  73.341 0.0000000000
121791  40.557  -32.397  72.587 0.0000000000
50842  40.679  -31.955  71.787 0.0000000000
138842  39.228  -32.005  71.523 0.0000000000
49840  37.657  -33.129  72.940 0.0000000000
50845  37.652  -32.598  72.192 0.0000000000
49857  36.721  -32.738  72.012 0.0000000000
48832  36.581  -34.407  74.212 0.0000000000
48861  34.601  -33.971  72.851 0.0000000000
48860  35.414  -33.832  72.973 0.0000000000
49841  34.993  -33.669  72.228 0.0000000000
130140  33.775  -33.500  71.426 0.0000000000
49843  33.480  -33.763  71.974 0.0000000000
48876  32.087  -33.952  72.162 0.0000000000
48877  31.209  -33.852  71.733 0.0000000000
146771  30.740  -33.827  71.495 0.0000000000
48878  30.547  -34.046  71.935 0.0000000000
46841  34.846  -36.399  77.895 0.0000000000
46852  33.402  -35.788  76.762 0.0000000000
123877  32.308  -35.259  75.674 0.0000000000
46868  29.290  -36.368  75.844 0.0000000000
47818  29.473  -35.468  74.610 0.0000000000
47817  30.261  -35.202  74.754 0.0000000000
122205  30.683  -34.863  74.088 0.0000000000
47831  30.251  -34.738  73.507 0.0000000000
47841  28.348  -35.240  72.508 0.0000000000
48866  29.103  -34.733  72.396 0.0000000000
144527  27.704  -34.893  71.097 0.0000000000
46900  26.169  -36.325  71.733 0.0000000000
47848  26.650  -35.648  71.269 0.0000000000
46904  25.862  -35.977  70.987 0.0000000000
46905  25.193  -36.418  70.638 0.0000000000
45926  25.539  -37.977  73.288 0.0000000000
45933  25.195  -37.986  72.575 0.0000000000
145567  24.379  -37.735  71.515 0.0000000000
45945  23.497  -37.777  70.660 0.0000000000
45953  23.212  -37.817  69.859 0.0000000000
44905  22.647  -38.262  70.108 0.0000000000
69154  51.179  -13.455  65.662 0.0000000000
68200  46.675  -14.406  63.182 0.0000000000
68187  47.193  -13.916  63.920 0.0000000000
68216  47.514  -14.924  62.822 0.0000000000
48669  28.570  -35.342  86.122 0.0000000000
46721  27.433  -36.143  86.835 0.0000000000
46745  27.082  -36.803  86.611 0.0000000000
45763  26.576  -37.213  86.239 0.0000000000
45746  26.232  -36.990  86.529 0.0000000000
44703  24.017  -37.790  85.993 0.0000000000
44714  24.793  -37.765  85.928 0.0000000000
44716  23.375  -38.290  85.684 0.0000000000
136951  23.152  -38.635  85.038 0.0000000000
43744  21.390  -39.497  84.963 0.0000000000
43746  20.051  -39.981  84.225 0.0000000000
42796  18.267  -40.174  86.722 0.0000000000
43720  18.450  -39.723  87.425 0.0000000000
43719  19.285  -39.505  87.043 0.0000000000
142821  19.621  -39.018  87.375 0.0000000000
43732  19.635  -39.851  86.331 0.0000000000
142536  17.457  -40.607  83.790 0.0000000000
42820  18.087  -40.560  83.269 0.0000000000
141557  18.755  -40.337  83.273 0.0000000000
134123  17.807  -40.468  82.380 0.0000000000
124451  17.023  -40.501  82.151 0.0000000000
123410  15.174  -40.450  81.757 0.0000000000
42825  13.788  -40.528  83.199 0.0000000000
77006  53.712  -5.643  59.257 0.0000000000
76016  53.466  -5.658  60.015 0.0000000000
129528  52.264  -6.333  61.901 0.0000000000
77957  52.281  -4.174  61.786 0.0000000000
77948  51.904  -4.376  62.654 0.0000000000
146427  51.753  -5.900  62.968 0.0000000000
74947  51.678  -6.628  62.447 0.0000000000
73966  49.483  -7.911  64.631 0.0000000000
75986  50.362  -5.424  65.512 0.0000000000
74920  49.880  -6.103  66.038 0.0000000000
72990  48.608  -9.151  66.276 0.0000000000
71998  49.529  -10.790  67.936 0.0000000000
70116  48.771  -12.279  67.698 0.0000000000
70134  46.812  -12.622  66.627 0.0000000000
75902  46.815  -6.286  71.747 0.0000000000
75901  47.123  -6.206  71.493 0.0000000000
74851  47.179  -6.720  71.858 0.0000000000
72927  47.087  -9.173  71.078 0.0000000000
71952  47.470  -9.755  70.387 0.0000000000
71044  45.972  -11.233  68.560 0.0000000000
71971  47.087  -10.426  69.714 0.0000000000
71043  46.858  -11.369  68.410 0.0000000000
67175  43.549  -15.385  64.032 0.0000000000
140233  43.262  -14.881  67.001 0.0000000000
66189  42.936  -16.141  64.586 0.0000000000
66204  43.066  -16.122  63.658 0.0000000000
67088  46.296  -16.071  72.704 0.0000000000
67089  45.586  -15.693  72.170 0.0000000000
66114  45.634  -16.826  70.956 0.0000000000
60834  46.109  -21.947  70.104 0.0000000000
61708  47.335  -21.699  71.212 0.0000000000
61709  46.759  -21.631  70.571 0.0000000000
62517  46.996  -20.850  70.625 0.0000000000
60841  44.150  -22.445  68.616 0.0000000000
60836  44.768  -22.473  69.205 0.0000000000
63374  46.283  -19.750  69.798 0.0000000000
64268  46.247  -19.049  69.834 0.0000000000
65216  45.254  -18.090  68.838 0.0000000000
65206  45.593  -17.914  69.645 0.0000000000
126790  45.097  -17.350  69.088 0.0000000000
146506  44.584  -16.813  68.718 0.0000000000
143070  43.441  -18.928  66.764 0.0000000000
64287  43.697  -18.398  67.170 0.0000000000
64294  43.172  -18.420  66.404 0.0000000000
62570  42.219  -20.865  65.545 0.0000000000
63442  41.543  -19.961  64.359 0.0000000000
62584  42.102  -20.054  65.086 0.0000000000
63441  41.887  -19.209  64.703 0.0000000000
64311  41.765  -18.309  64.167 0.0000000000
64312  41.430  -19.146  63.867 0.0000000000
123805  40.249  -19.814  61.921 0.0000000000
59976  38.799  -23.100  61.726 0.0000000000
60908  38.658  -22.191  61.026 0.0000000000
59977  38.274  -23.152  60.677 0.0000000000
60945  37.922  -22.769  59.497 0.0000000000
60961  37.811  -22.978  58.514 0.0000000000
56011  38.078  -27.135  61.257 0.0000000000
57021  37.931  -26.376  60.774 0.0000000000
55014  36.147  -28.896  61.067 0.0000000000
55024  36.775  -28.330  61.118 0.0000000000
56037  35.641  -27.375  59.416 0.0000000000
56036  36.273  -27.554  60.049 0.0000000000
57043  36.268  -26.638  59.508 0.0000000000
50866  38.671  -31.766  71.148 0.0000000000
51808  38.239  -31.375  70.328 0.0000000000
51809  37.203  -31.459  70.211 0.0000000000
51829  35.850  -31.391  69.359 0.0000000000
51828  36.785  -31.218  69.464 0.0000000000
52846  35.065  -30.821  67.965 0.0000000000
51832  33.215  -32.027  69.074 0.0000000000
51845  33.409  -31.629  68.390 0.0000000000
52860  33.217  -30.944  67.139 0.0000000000
51853  33.652  -31.227  67.756 0.0000000000
52859  33.998  -30.795  67.240 0.0000000000
52858  34.655  -30.688  67.403 0.0000000000
128309  34.063  -30.280  66.040 0.0000000000
52885  32.483  -30.358  64.702 0.0000000000
52891  32.291  -30.285  63.853 0.0000000000
52892  31.456  -30.465  63.599 0.0000000000
49892  27.855  -33.354  68.377 0.0000000000
49891  28.687  -33.294  68.901 0.0000000000
131083  28.445  -32.618  66.953 0.0000000000
50910  28.983  -32.270  66.607 0.0000000000
50928  26.784  -32.810  64.096 0.0000000000
51874  28.226  -31.921  64.409 0.0000000000
142554  29.300  -31.696  65.421 0.0000000000
51873  29.489  -31.453  64.670 0.0000000000
51872  30.328  -31.151  64.831 0.0000000000
123916  29.229  -31.328  63.747 0.0000000000
51887  29.272  -30.960  62.273 0.0000000000
52894  29.693  -30.967  63.091 0.0000000000
52902  31.208  -30.261  62.736 0.0000000000
74053  55.852  -7.908  55.255 0.0000000000
74031  51.595  -7.995  57.417 0.0000000000
45774  30.134  -36.951  84.966 0.0000000000
45775  29.367  -37.134  85.258 0.0000000000
45760  28.856  -36.735  85.763 0.0000000000
51781  41.824  -31.766  72.555 0.0000000000
51791  42.257  -31.279  72.179 0.0000000000
51792  41.615  -31.476  71.745 0.0000000000
51803  41.984  -30.981  71.379 0.0000000000
52810  41.670  -30.671  70.637 0.0000000000
52824  41.918  -30.067  70.266 0.0000000000
52826  40.784  -30.490  69.550 0.0000000000
51839  39.420  -30.706  68.964 0.0000000000
72037  48.694  -10.551  63.530 0.0000000000
44846  24.694  -38.445  74.811 0.0000000000
125200  23.755  -38.233  75.015 0.0000000000
44848  22.875  -37.805  75.283 0.0000000000
43769  19.716  -38.874  81.089 0.0000000000
42850  16.530  -40.422  80.468 0.0000000000
48786  38.010  -34.603  78.383 0.0000000000
48785  38.826  -34.450  77.932 0.0000000000
47777  37.992  -34.991  78.013 0.0000000000
123098  37.691  -35.509  77.208 0.0000000000
47793  37.468  -35.455  76.412 0.0000000000
46838  37.036  -35.741  77.149 0.0000000000
138123  35.617  -35.814  76.700 0.0000000000
135560  27.448  -38.231  76.685 0.0000000000
132169  26.555  -38.243  75.588 0.0000000000
44845  25.445  -38.407  75.011 0.0000000000
69123  47.382  -13.060  66.193 0.0000000000
122735  13.624  -40.697  86.611 0.0000000000
75928  48.244  -5.609  69.109 0.0000000000
133255  47.929  -6.133  69.995 0.0000000000
67117  43.558  -15.180  69.120 0.0000000000
58965  41.503  -24.658  66.064 0.0000000000
59919  41.692  -23.777  66.103 0.0000000000
59929  41.496  -23.227  65.429 0.0000000000
59942  41.004  -23.592  64.831 0.0000000000
59954  40.020  -23.986  63.423 0.0000000000
59012  39.717  -24.617  63.236 0.0000000000
133474  30.872  -33.308  70.270 0.0000000000
44786  26.240  -37.675  79.198 0.0000000000
122059  26.058  -37.384  80.031 0.0000000000
45848  25.980  -37.180  80.709 0.0000000000
45825  24.609  -37.244  82.840 0.0000000000
44745  23.308  -37.765  82.751 0.0000000000
44735  22.360  -38.566  83.593 0.0000000000
46815  34.705  -36.635  80.509 0.0000000000
45854  34.597  -37.099  80.092 0.0000000000
45844  34.408  -36.986  80.444 0.0000000000
44779  33.307  -37.499  80.513 0.0000000000
127287  30.375  -38.083  81.762 0.0000000000
44767  29.477  -38.000  80.629 0.0000000000
44783  29.294  -38.013  79.772 0.0000000000
44784  28.511  -38.003  79.483 0.0000000000
53828  44.462  -29.683  72.841 0.0000000000
53827  44.993  -29.134  72.932 0.0000000000
54888  45.404  -28.599  72.972 0.0000000000
56889  46.327  -26.438  72.421 0.0000000000
57889  46.418  -25.833  71.993 0.0000000000
56902  45.426  -26.499  71.438 0.0000000000
54967  41.947  -28.480  68.860 0.0000000000
55937  41.905  -27.792  68.359 0.0000000000
55953  41.952  -27.213  67.927 0.0000000000
55967  41.267  -27.360  66.742 0.0000000000
141678  40.338  -27.752  65.369 0.0000000000
54992  39.629  -28.980  65.264 0.0000000000
52874  38.416  -29.870  65.954 0.0000000000
52875  37.668  -29.802  65.848 0.0000000000
129487  36.010  -29.522  64.484 0.0000000000
53915  35.596  -29.642  65.129 0.0000000000
53916  34.875  -29.748  65.177 0.0000000000
47863  25.871  -34.776  69.060 0.0000000000
73024  49.082  -9.460  60.820 0.0000000000
45936  19.819  -37.793  72.984 0.0000000000
44822  22.563  -37.714  77.753 0.0000000000
43790  18.138  -39.098  78.008 0.0000000000
43794  18.067  -39.082  77.041 0.0000000000
48812  40.191  -34.111  76.281 0.0000000000
136434  40.254  -33.901  75.657 0.0000000000
126842  40.918  -33.492  75.189 0.0000000000
126903  40.882  -33.169  74.495 0.0000000000
49827  36.903  -33.412  73.072 0.0000000000
48862  33.555  -34.023  72.778 0.0000000000
48863  32.675  -34.061  72.757 0.0000000000
45879  33.055  -36.772  78.308 0.0000000000
46842  33.199  -36.229  77.509 0.0000000000
46854  31.685  -36.130  76.890 0.0000000000
46879  28.961  -35.990  75.171 0.0000000000
47832  29.136  -35.383  73.896 0.0000000000
47833  28.743  -35.312  73.161 0.0000000000
47847  27.392  -35.340  71.524 0.0000000000
47842  27.697  -35.574  72.231 0.0000000000
45934  24.558  -38.304  72.035 0.0000000000
44873  24.042  -38.565  72.105 0.0000000000
44890  22.652  -38.432  70.792 0.0000000000
140804  21.729  -38.584  70.073 0.0000000000
70145  50.289  -12.869  66.656 0.0000000000
143838  50.264  -14.593  65.794 0.0000000000
45749  23.479  -37.208  86.663 0.0000000000
121977  22.642  -38.444  86.039 0.0000000000
44705  22.121  -38.594  86.250 0.0000000000
43740  21.549  -39.304  85.711 0.0000000000
43741  20.799  -39.645  85.556 0.0000000000
135067  16.968  -40.382  87.372 0.0000000000
42797  17.400  -40.388  86.615 0.0000000000
122881  18.124  -40.385  85.997 0.0000000000
42803  18.692  -40.439  85.404 0.0000000000
123898  17.886  -40.634  85.254 0.0000000000
42813  17.628  -40.659  84.536 0.0000000000
42822  16.658  -40.579  83.634 0.0000000000
42828  15.419  -40.435  82.623 0.0000000000
76993  53.099  -4.987  60.671 0.0000000000
76994  52.697  -5.051  61.465 0.0000000000
77940  51.525  -4.523  63.576 0.0000000000
70097  48.315  -11.781  68.201 0.0000000000
70098  47.360  -11.804  68.034 0.0000000000
73888  47.128  -7.546  72.004 0.0000000000
70080  44.299  -12.428  69.540 0.0000000000
69141  44.650  -13.595  65.854 0.0000000000
68175  43.538  -14.609  65.858 0.0000000000
66166  42.914  -16.216  66.314 0.0000000000
143712  46.519  -16.632  72.329 0.0000000000
66113  46.331  -17.056  71.615 0.0000000000
59876  46.225  -23.788  70.679 0.0000000000
129917  46.693  -23.328  70.928 0.0000000000
60830  46.161  -22.959  70.392 0.0000000000
60835  45.466  -22.643  69.775 0.0000000000
61724  43.994  -21.746  68.289 0.0000000000
62535  45.354  -19.805  68.820 0.0000000000
63389  45.412  -19.162  68.854 0.0000000000
63390  44.840  -19.279  68.348 0.0000000000
64286  44.323  -18.750  67.797 0.0000000000
141837  41.345  -21.327  64.408 0.0000000000
62585  41.692  -20.755  64.740 0.0000000000
61805  38.624  -21.446  60.244 0.0000000000
59992  37.829  -23.672  60.043 0.0000000000
56005  38.923  -27.571  62.611 0.0000000000
145599  38.534  -27.738  62.230 0.0000000000
56022  37.471  -27.767  61.191 0.0000000000
121806  34.905  -28.594  59.926 0.0000000000
55039  35.619  -28.166  59.958 0.0000000000
50868  36.715  -32.001  70.740 0.0000000000
51830  34.988  -31.566  69.162 0.0000000000
52870  32.900  -30.744  66.370 0.0000000000
52871  32.095  -30.893  66.104 0.0000000000
52881  31.890  -30.654  65.289 0.0000000000
51866  31.105  -30.822  65.053 0.0000000000
49899  27.399  -33.191  67.499 0.0000000000
49906  27.070  -33.118  66.688 0.0000000000
50911  27.450  -32.737  66.235 0.0000000000
50936  26.698  -32.821  63.227 0.0000000000
131293  28.432  -31.641  63.574 0.0000000000
71089  50.242  -12.019  63.787 0.0000000000
45835  27.459  -37.291  81.611 0.0000000000
45822  27.644  -37.221  83.340 0.0000000000
45809  26.778  -37.136  83.631 0.0000000000
122136  25.837  -37.532  85.147 0.0000000000
44729  31.547  -37.833  83.033 0.0000000000
44742  30.920  -38.061  82.401 0.0000000000
44743  29.964  -38.009  82.453 0.0000000000
44744  29.080  -37.798  82.021 0.0000000000
51761  43.573  -31.389  74.531 0.0000000000
52775  43.723  -30.836  73.510 0.0000000000
52792  44.145  -30.307  73.193 0.0000000000
51790  42.947  -31.019  72.578 0.0000000000
52800  43.950  -30.142  72.748 0.0000000000
53849  44.063  -29.589  72.285 0.0000000000
54907  44.250  -28.821  71.674 0.0000000000
53879  42.109  -29.540  69.949 0.0000000000
53890  41.999  -29.091  69.442 0.0000000000
53898  40.971  -29.136  67.891 0.0000000000
53905  40.131  -29.372  66.807 0.0000000000
53900  39.807  -29.790  67.216 0.0000000000
52863  39.226  -30.000  66.870 0.0000000000
142695  38.317  -30.225  66.888 0.0000000000
130724  37.091  -30.247  66.978 0.0000000000
52856  36.322  -30.403  67.328 0.0000000000
46920  23.460  -36.657  68.362 0.0000000000
45986  22.425  -37.660  67.427 0.0000000000
144068  21.706  -38.623  67.343 0.0000000000
44955  21.617  -38.909  66.425 0.0000000000
122403  22.486  -38.424  72.429 0.0000000000
45928  20.095  -37.612  73.641 0.0000000000
45921  19.523  -37.774  74.335 0.0000000000
125370  21.357  -38.020  79.977 0.0000000000
44789  20.856  -37.934  79.311 0.0000000000
44790  19.980  -38.319  79.371 0.0000000000
147295  18.921  -38.705  78.861 0.0000000000
42866  16.993  -40.133  77.126 0.0000000000
42863  15.822  -40.725  78.379 0.0000000000
48797  39.338  -34.494  77.263 0.0000000000
48796  40.056  -34.205  76.937 0.0000000000
132418  39.687  -34.348  76.033 0.0000000000
144653  39.193  -34.485  75.801 0.0000000000
128865  38.904  -34.377  75.277 0.0000000000
48831  37.838  -34.371  74.588 0.0000000000
47811  37.280  -34.680  74.799 0.0000000000
47812  36.407  -34.861  74.794 0.0000000000
45882  29.851  -37.395  77.701 0.0000000000
45895  30.245  -36.749  77.237 0.0000000000
45896  29.330  -37.247  77.019 0.0000000000
45908  28.846  -37.064  76.345 0.0000000000
144950  27.416  -37.906  76.092 0.0000000000
45898  27.923  -37.499  76.053 0.0000000000
45924  26.771  -37.148  74.093 0.0000000000
45925  26.099  -37.626  73.699 0.0000000000
44863  25.105  -38.278  73.239 0.0000000000
135836  25.089  -38.392  73.727 0.0000000000
122683  24.069  -38.547  72.754 0.0000000000
69137  49.048  -13.759  65.772 0.0000000000
68173  49.454  -14.287  65.349 0.0000000000
42785  16.283  -40.501  87.845 0.0000000000
147341  16.044  -40.521  86.160 0.0000000000
42815  15.224  -40.499  84.982 0.0000000000
42816  14.304  -40.501  84.589 0.0000000000
42817  13.566  -40.610  84.102 0.0000000000
71970  47.780  -10.306  69.937 0.0000000000
71929  45.404  -10.085  73.166 0.0000000000
70069  44.203  -12.453  70.518 0.0000000000
69116  43.628  -13.885  67.864 0.0000000000
68158  43.412  -14.586  67.459 0.0000000000
67147  43.246  -15.338  67.342 0.0000000000
65238  42.781  -17.737  65.900 0.0000000000
130015  47.498  -18.449  71.958 0.0000000000
58936  43.311  -24.636  68.675 0.0000000000
131372  43.377  -23.821  68.461 0.0000000000
59908  42.528  -23.584  67.360 0.0000000000
133844  42.827  -22.800  67.479 0.0000000000
61734  43.100  -20.978  66.967 0.0000000000
61735  42.536  -21.350  66.307 0.0000000000
144751  41.495  -22.151  64.898 0.0000000000
61751  41.237  -21.972  64.464 0.0000000000
60885  40.398  -22.082  63.357 0.0000000000
137173  38.765  -23.934  61.940 0.0000000000
58049  37.572  -25.713  60.239 0.0000000000
53956  36.914  -28.968  62.092 0.0000000000
53973  34.746  -28.967  60.640 0.0000000000
49873  34.093  -33.068  70.814 0.0000000000
124810  34.476  -32.585  70.161 0.0000000000
50869  33.610  -32.836  70.179 0.0000000000
122790  32.918  -32.567  69.625 0.0000000000
146659  32.674  -32.254  69.134 0.0000000000
121914  30.706  -31.685  66.834 0.0000000000
48931  25.211  -34.236  64.470 0.0000000000
49916  25.665  -33.697  64.945 0.0000000000
49926  25.730  -33.737  64.064 0.0000000000
49935  25.736  -33.743  63.202 0.0000000000
49943  25.769  -33.750  62.370 0.0000000000
49942  26.189  -33.279  62.818 0.0000000000
73080  53.656  -8.855  55.097 0.0000000000
44821  25.236  -38.242  77.167 0.0000000000
44805  24.163  -37.660  78.472 0.0000000000
45869  24.819  -37.581  78.940 0.0000000000
44787  23.398  -37.621  79.082 0.0000000000
132554  22.609  -37.671  79.356 0.0000000000
45836  26.493  -37.144  81.336 0.0000000000
140866  24.847  -37.144  81.083 0.0000000000
44788  22.198  -37.714  79.954 0.0000000000
44771  20.919  -38.212  80.705 0.0000000000
44746  22.057  -38.044  82.202 0.0000000000
44761  20.486  -38.585  81.342 0.0000000000
43760  20.063  -39.114  81.873 0.0000000000
43755  19.642  -39.590  82.383 0.0000000000
46825  36.168  -35.922  79.428 0.0000000000
45865  34.714  -36.768  78.786 0.0000000000
45866  33.835  -36.975  78.927 0.0000000000
45867  32.213  -37.108  78.535 0.0000000000
44751  32.969  -37.469  81.732 0.0000000000
44765  32.605  -37.828  80.996 0.0000000000
44766  31.751  -37.965  80.429 0.0000000000
122910  31.081  -38.116  80.743 0.0000000000
44781  31.578  -37.757  79.561 0.0000000000
44800  28.344  -38.070  78.574 0.0000000000
131458  27.985  -38.181  77.709 0.0000000000
44818  27.374  -38.333  77.235 0.0000000000
69157  45.894  -13.535  64.730 0.0000000000
75886  46.419  -6.695  72.353 0.0000000000
74838  46.430  -7.054  72.823 0.0000000000
74825  46.204  -7.537  73.368 0.0000000000
72894  46.158  -8.237  73.522 0.0000000000
72895  45.661  -8.460  74.048 0.0000000000
70980  44.674  -11.726  73.004 0.0000000000
141754  45.232  -10.698  74.581 0.0000000000
70048  44.462  -12.521  72.471 0.0000000000
68102  44.403  -14.222  71.764 0.0000000000
58902  46.290  -24.530  71.105 0.0000000000
58903  45.606  -24.267  70.513 0.0000000000
58919  44.383  -24.413  69.637 0.0000000000
55913  44.233  -27.590  70.802 0.0000000000
56904  44.172  -26.860  70.417 0.0000000000
57943  43.529  -25.422  69.209 0.0000000000
58920  43.836  -24.745  69.310 0.0000000000
58937  42.700  -24.912  68.070 0.0000000000
57967  42.199  -25.114  67.423 0.0000000000
57957  41.913  -25.982  67.348 0.0000000000
57968  41.680  -25.317  66.727 0.0000000000
57976  40.812  -25.639  65.297 0.0000000000
57983  40.497  -25.665  64.605 0.0000000000
56970  40.226  -26.402  64.240 0.0000000000
55998  39.872  -27.173  63.972 0.0000000000
145779  39.884  -27.641  64.372 0.0000000000
55005  39.042  -28.140  63.204 0.0000000000
54998  38.595  -28.698  63.256 0.0000000000
53940  38.066  -29.046  62.968 0.0000000000
53911  39.321  -29.538  65.702 0.0000000000
53918  39.107  -29.389  64.915 0.0000000000
53941  37.323  -29.247  62.724 0.0000000000
53943  35.809  -29.368  62.338 0.0000000000
123682  35.105  -29.433  62.658 0.0000000000
146838  35.648  -29.508  63.912 0.0000000000
49884  28.760  -33.549  69.776 0.0000000000
48899  27.225  -33.960  68.916 0.0000000000
48915  25.942  -33.982  67.030 0.0000000000
146310  25.453  -34.323  66.828 0.0000000000
48916  25.203  -34.393  66.227 0.0000000000
46929  23.924  -35.960  67.873 0.0000000000
46942  23.860  -35.759  67.105 0.0000000000
144399  23.118  -36.556  66.428 0.0000000000
46943  23.582  -35.986  66.434 0.0000000000
47880  24.257  -35.281  66.420 0.0000000000
48917  24.682  -34.749  65.792 0.0000000000
48924  24.660  -34.705  64.913 0.0000000000
74993  53.234  -7.166  58.779 0.0000000000
44835  23.848  -37.926  76.585 0.0000000000
45899  22.519  -37.649  76.141 0.0000000000
45900  21.625  -37.615  76.293 0.0000000000
45912  20.525  -37.592  75.360 0.0000000000
45913  19.727  -37.718  75.137 0.0000000000
44824  20.365  -37.973  77.721 0.0000000000
44838  19.265  -38.217  76.543 0.0000000000
139178  19.315  -38.031  75.655 0.0000000000
134583  18.510  -38.334  74.828 0.0000000000
44860  18.077  -38.559  74.314 0.0000000000
49774  41.303  -33.343  76.146 0.0000000000
50786  42.803  -32.049  75.531 0.0000000000
127674  43.251  -31.736  75.078 0.0000000000
50799  43.002  -31.813  74.551 0.0000000000
50812  42.672  -31.893  74.071 0.0000000000
50823  41.965  -32.092  73.346 0.0000000000
49823  41.373  -32.601  73.861 0.0000000000
50841  41.199  -31.913  72.139 0.0000000000
51794  40.444  -31.705  71.177 0.0000000000
50865  39.656  -31.731  71.088 0.0000000000
144372  37.959  -32.151  71.541 0.0000000000
50846  36.289  -32.540  71.284 0.0000000000
50847  35.415  -32.841  71.198 0.0000000000
48859  36.160  -33.639  73.065 0.0000000000
48844  35.951  -34.106  73.639 0.0000000000
49859  35.325  -33.303  71.819 0.0000000000
49874  33.288  -33.173  70.845 0.0000000000
49875  32.465  -33.275  70.721 0.0000000000
49862  30.971  -33.625  70.997 0.0000000000
48886  29.618  -33.881  70.976 0.0000000000
46851  34.837  -35.989  77.049 0.0000000000
137788  34.138  -35.777  76.660 0.0000000000
47796  33.736  -35.414  76.010 0.0000000000
46855  30.423  -36.215  76.515 0.0000000000
46866  31.143  -35.833  76.232 0.0000000000
47805  30.670  -35.554  75.520 0.0000000000
143289  31.588  -35.347  75.556 0.0000000000
47815  32.147  -34.893  74.935 0.0000000000
48879  29.781  -34.199  71.797 0.0000000000
137486  28.242  -34.449  70.919 0.0000000000
48888  27.569  -34.570  70.495 0.0000000000
47853  25.718  -35.808  70.167 0.0000000000
46911  25.009  -36.178  69.873 0.0000000000
45939  25.672  -37.153  72.191 0.0000000000
45943  24.672  -37.065  71.166 0.0000000000
45954  22.561  -37.943  69.318 0.0000000000
44925  21.651  -38.634  68.912 0.0000000000
146473  49.755  -11.460  65.290 0.0000000000
123363  50.713  -12.748  65.808 0.0000000000
68198  48.374  -14.752  63.414 0.0000000000
47709  29.438  -35.573  85.666 0.0000000000
46743  28.412  -36.253  86.371 0.0000000000
46744  27.805  -36.578  86.608 0.0000000000
136496  27.207  -37.311  86.008 0.0000000000
44723  24.986  -37.823  85.431 0.0000000000
136164  25.754  -37.372  86.212 0.0000000000
44724  24.314  -38.050  84.669 0.0000000000
44725  23.529  -38.321  84.459 0.0000000000
44726  22.794  -38.615  84.342 0.0000000000
43743  22.060  -39.144  85.268 0.0000000000
43748  21.976  -39.044  84.387 0.0000000000
43749  21.676  -38.893  83.537 0.0000000000
43756  18.927  -39.880  82.064 0.0000000000
44695  21.046  -38.421  87.070 0.0000000000
44706  20.980  -39.031  86.659 0.0000000000
43731  20.497  -39.544  86.237 0.0000000000
42810  20.058  -39.965  85.109 0.0000000000
42811  19.249  -40.287  84.658 0.0000000000
42819  19.319  -40.178  83.706 0.0000000000
42836  18.260  -40.158  81.774 0.0000000000
42837  17.592  -40.378  81.510 0.0000000000
122502  16.123  -40.492  81.953 0.0000000000
42851  15.880  -40.458  81.111 0.0000000000
76030  54.160  -6.088  58.732 0.0000000000
76031  53.637  -6.550  59.167 0.0000000000
146032  52.897  -6.381  60.487 0.0000000000
76995  52.482  -5.080  62.197 0.0000000000
76985  52.056  -4.747  62.791 0.0000000000
72965  49.266  -10.087  68.206 0.0000000000
71985  49.244  -10.471  68.461 0.0000000000
74862  47.517  -6.431  71.041 0.0000000000
72926  47.640  -9.139  70.530 0.0000000000
70990  45.836  -10.093  71.152 0.0000000000
71954  46.333  -10.188  70.277 0.0000000000
70119  45.583  -12.171  67.394 0.0000000000
67174  44.433  -14.276  64.515 0.0000000000
69056  45.230  -13.770  73.461 0.0000000000
68101  45.143  -14.825  72.417 0.0000000000
67090  44.713  -15.155  71.514 0.0000000000
63353  47.595  -19.331  71.716 0.0000000000
63365  47.175  -19.209  70.937 0.0000000000
59894  44.296  -23.164  69.069 0.0000000000
61723  44.635  -21.667  68.754 0.0000000000
61716  45.858  -21.037  69.610 0.0000000000
62523  46.343  -20.497  69.943 0.0000000000
63366  46.732  -19.451  70.387 0.0000000000
64245  47.168  -18.644  71.245 0.0000000000
64246  46.666  -18.159  70.907 0.0000000000
65190  46.105  -17.588  70.647 0.0000000000
64269  45.663  -18.681  69.299 0.0000000000
66115  44.925  -16.289  70.254 0.0000000000
145825  44.192  -16.690  68.248 0.0000000000
65223  44.282  -17.963  67.734 0.0000000000
65230  43.300  -17.752  66.590 0.0000000000
63414  42.907  -19.789  66.252 0.0000000000
146325  42.029  -17.937  64.603 0.0000000000
124901  41.038  -19.119  63.015 0.0000000000
125671  39.338  -25.809  62.702 0.0000000000
56990  38.857  -26.139  62.086 0.0000000000
56023  36.876  -27.676  60.642 0.0000000000
51826  38.853  -31.047  69.618 0.0000000000
51841  37.412  -30.870  68.729 0.0000000000
50883  34.545  -32.054  69.534 0.0000000000
51844  34.666  -31.270  68.480 0.0000000000
137220  34.038  -31.401  68.265 0.0000000000
52857  35.426  -30.445  67.188 0.0000000000
52878  34.675  -30.006  65.857 0.0000000000
52883  34.107  -30.042  65.246 0.0000000000
52884  33.289  -30.183  64.953 0.0000000000
50895  29.320  -32.895  68.470 0.0000000000
50902  28.185  -32.857  67.615 0.0000000000
51856  29.869  -32.102  66.999 0.0000000000
51859  30.206  -31.590  66.239 0.0000000000
50918  27.493  -32.574  65.503 0.0000000000
50927  27.501  -32.409  64.530 0.0000000000
50926  28.183  -32.238  65.218 0.0000000000
51861  28.804  -31.969  65.784 0.0000000000
133151  30.605  -31.216  65.620 0.0000000000
52887  30.847  -30.800  64.200 0.0000000000
73073  50.142  -9.131  56.324 0.0000000000
71091  48.917  -11.214  63.055 0.0000000000
42801  20.115  -39.881  85.801 0.0000000000
42827  19.178  -40.026  82.888 0.0000000000
43730  21.626  -38.990  86.248 0.0000000000
43733  18.922  -39.917  86.720 0.0000000000
44717  22.632  -38.718  85.511 0.0000000000
45761  28.181  -36.949  86.170 0.0000000000
45764  24.978  -37.583  86.099 0.0000000000
46726  22.843  -36.840  87.197 0.0000000000
46814  35.296  -36.399  80.204 0.0000000000
46832  36.926  -35.708  78.274 0.0000000000
46867  30.017  -35.952  76.042 0.0000000000
47768  36.692  -35.341  79.206 0.0000000000
47769  36.274  -35.603  79.638 0.0000000000
48814  39.058  -34.687  76.317 0.0000000000
48923  25.184  -34.269  65.360 0.0000000000
50813  42.436  -31.903  73.618 0.0000000000
50935  27.270  -32.402  63.611 0.0000000000
52756  44.352  -30.559  74.122 0.0000000000
64236  47.470  -18.109  72.629 0.0000000000
73875  46.863  -7.155  72.452 0.0000000000
128948  23.750  -38.359  85.104 0.0000000000
129024  46.723  -20.090  70.333 0.0000000000
141041  27.983  -35.992  86.765 0.0000000000
145617  18.054  -40.555  84.028 0.0000000000
146016  38.090  -29.531  64.007 0.0000000000
146359  37.054  -33.014  72.567 0.0000000000
147168  28.570  -37.524  82.432 0.0000000000
