#!ascii label  , from subject sub-v1s6x0051366_ses-1 vox2ras=TkReg
1061
135307  33.937  -75.594  3.513 0.3000000119
17049  26.817  -71.339  4.940 0.6000000238
20627  24.945  -66.780  6.092 0.6999999881
21601  24.967  -66.042  6.002 0.6999999881
13293  33.545  -75.502  3.870 0.4000000060
16223  32.387  -71.605  7.440 0.4000000060
14026  34.785  -74.676  4.167 0.5000000000
14033  35.252  -75.177  3.712 0.5000000000
17048  27.805  -71.146  4.743 0.6999999881
17918  25.399  -69.888  6.190 0.6999999881
17034  26.017  -70.700  5.567 0.5000000000
19701  25.191  -67.714  6.685 0.6000000238
20625  25.202  -66.900  6.357 0.6000000238
21595  25.563  -66.045  6.199 0.6999999881
22510  25.852  -64.953  5.831 0.6999999881
14015  34.061  -74.817  5.471 0.5000000000
15486  33.376  -71.921  7.434 0.4000000060
14014  34.737  -74.430  5.042 0.6000000238
16242  30.566  -71.250  5.785 0.4000000060
16261  29.859  -70.781  4.466 0.5000000000
14753  35.316  -73.742  5.464 0.6000000238
128669  29.684  -71.336  4.864 0.6000000238
16262  28.887  -71.397  4.541 0.6000000238
14756  35.896  -73.954  4.551 0.6000000238
17032  27.984  -70.548  5.460 0.6000000238
18803  25.689  -69.390  6.960 0.6000000238
131223  25.407  -68.572  7.038 0.6000000238
22503  27.218  -64.543  6.123 0.6999999881
21594  26.187  -65.617  6.305 0.6999999881
21593  26.783  -64.953  5.937 0.6999999881
22509  26.728  -64.711  5.822 0.6999999881
24278  27.510  -63.173  5.720 0.6999999881
23404  28.501  -63.173  5.795 0.6999999881
139037  28.393  -63.120  5.705 0.6999999881
24277  28.370  -62.418  5.735 0.6999999881
24284  28.939  -62.723  5.788 0.6999999881
14003  33.923  -74.560  6.513 0.5000000000
141236  34.012  -73.521  7.523 0.5000000000
124911  33.794  -72.795  7.672 0.5000000000
16241  31.678  -71.043  6.375 0.4000000060
14742  34.877  -73.426  6.466 0.5000000000
16256  30.477  -70.880  4.744 0.5000000000
17062  29.342  -70.809  4.462 0.6000000238
15498  36.603  -72.300  5.229 0.6000000238
15499  35.748  -72.421  5.808 0.5000000000
16251  36.005  -71.369  5.463 0.5000000000
17916  27.329  -70.208  6.691 0.6999999881
17917  26.290  -70.143  6.488 0.6000000238
17033  26.993  -70.678  5.654 0.6999999881
20622  25.879  -67.001  7.427 0.6000000238
18795  25.959  -68.777  7.522 0.6000000238
21590  26.646  -65.195  6.485 0.6000000238
20624  25.630  -66.641  6.728 0.6000000238
129652  27.508  -64.117  6.603 0.6000000238
23405  27.851  -63.788  5.933 0.6999999881
133249  27.874  -61.570  6.097 0.6999999881
23401  28.467  -63.290  6.208 0.6000000238
25125  29.131  -62.252  5.777 0.6999999881
25119  28.826  -61.690  5.827 0.6999999881
24276  29.069  -62.737  5.920 0.6999999881
16255  31.964  -70.666  5.678 0.4000000060
14743  34.395  -73.845  7.028 0.5000000000
16239  33.729  -71.319  6.727 0.4000000060
17046  31.196  -70.482  4.748 0.5000000000
17941  30.175  -70.317  4.384 0.6000000238
16238  34.554  -71.566  6.432 0.4000000060
17047  28.770  -70.758  4.624 0.6000000238
15484  34.960  -72.564  6.507 0.4000000060
16253  34.015  -70.653  5.974 0.4000000060
16252  34.981  -70.911  5.770 0.4000000060
143475  34.394  -69.862  5.214 0.4000000060
17915  28.218  -70.151  6.274 0.6999999881
17892  26.599  -69.545  7.460 0.6000000238
22501  26.535  -65.389  7.334 0.6000000238
22500  26.993  -64.784  7.011 0.6000000238
26893  28.396  -60.156  6.523 0.6999999881
25981  29.004  -60.780  6.020 0.6999999881
25117  29.609  -61.785  6.202 0.6000000238
25118  29.435  -61.810  5.956 0.6000000238
16254  32.996  -70.577  5.916 0.4000000060
17045  32.152  -70.163  4.973 0.4000000060
17927  29.642  -70.268  4.554 0.6999999881
17044  33.235  -69.954  5.205 0.4000000060
17057  35.141  -69.313  4.754 0.5000000000
17904  27.387  -69.703  7.608 0.6999999881
18781  26.551  -68.881  8.203 0.6000000238
21587  26.407  -65.869  8.117 0.5000000000
19694  26.165  -67.904  8.009 0.6000000238
26883  27.521  -59.444  7.175 0.6999999881
24267  28.551  -62.399  7.216 0.6000000238
23402  27.783  -63.591  6.969 0.6000000238
26892  29.512  -60.178  6.501 0.8000000119
26882  28.605  -59.335  6.905 0.8000000119
25111  29.225  -62.050  6.664 0.6000000238
24271  29.427  -62.252  6.090 0.6000000238
17940  31.673  -69.622  4.471 0.5000000000
17926  30.490  -69.794  4.450 0.6000000238
17059  32.435  -69.598  4.640 0.5000000000
18810  33.735  -67.877  4.783 0.6999999881
17939  33.103  -69.013  4.509 0.4000000060
17903  28.092  -69.901  7.221 0.6999999881
17891  27.147  -69.283  8.287 0.6999999881
20605  26.577  -66.551  8.964 0.6000000238
140239  26.585  -68.293  8.753 0.6000000238
22497  26.579  -65.026  8.103 0.6000000238
27844  28.741  -58.596  7.300 0.6000000238
24273  28.188  -62.986  7.144 0.6000000238
27853  29.796  -59.152  6.824 0.6999999881
27843  29.491  -57.961  7.498 0.6999999881
25968  30.849  -60.282  6.909 0.6999999881
25973  30.009  -61.003  6.662 0.6999999881
26891  30.506  -60.026  6.647 0.6999999881
17925  31.508  -69.207  4.605 0.5000000000
18812  30.779  -69.248  5.082 0.6000000238
17914  29.855  -69.540  5.398 0.6000000238
19699  32.396  -68.090  6.193 0.6999999881
18800  32.227  -68.439  5.120 0.6000000238
127075  28.921  -69.714  6.473 0.6999999881
19698  33.429  -67.729  6.148 0.6999999881
18809  34.454  -67.652  4.801 0.6999999881
17890  27.932  -69.535  8.164 0.6999999881
18767  26.875  -68.070  9.369 0.6000000238
29636  27.767  -56.735  8.675 0.5000000000
135913  26.964  -63.759  8.937 0.6000000238
21571  26.632  -65.650  9.075 0.6000000238
28759  28.528  -57.295  8.240 0.6000000238
135661  28.752  -56.617  8.667 0.5000000000
25108  28.487  -61.646  7.813 0.6000000238
23398  27.432  -63.303  8.046 0.6000000238
28766  30.685  -57.930  7.232 0.6000000238
28758  29.458  -57.085  8.147 0.5000000000
30554  30.193  -56.084  8.544 0.5000000000
25970  28.972  -60.844  8.012 0.6999999881
25107  29.624  -61.435  7.019 0.6999999881
27842  31.258  -58.696  6.894 0.6999999881
138790  30.925  -57.209  7.528 0.5000000000
26876  31.325  -59.759  7.059 0.6999999881
27841  31.604  -58.744  7.116 0.6000000238
18794  29.810  -69.140  6.942 0.6000000238
18801  31.438  -68.664  5.554 0.6999999881
18802  30.628  -68.944  6.090 0.6000000238
19692  32.075  -67.903  7.355 0.6999999881
17889  28.839  -69.468  7.658 0.6999999881
18766  27.534  -68.445  9.536 0.6999999881
18779  28.677  -69.146  8.674 0.6999999881
19667  26.884  -67.222  9.595 0.6000000238
30544  28.463  -55.728  9.462 0.4000000060
21570  26.741  -65.440  9.989 0.5000000000
128045  29.943  -54.858  9.339 0.4000000060
140403  28.161  -61.014  8.721 0.6000000238
24268  27.703  -62.461  8.291 0.6000000238
29634  30.977  -56.484  7.951 0.5000000000
29635  30.217  -56.791  8.076 0.5000000000
28765  31.608  -57.843  7.253 0.5000000000
30572  31.651  -56.059  7.720 0.4000000060
26877  30.565  -59.985  7.568 0.6000000238
27838  31.435  -59.052  7.491 0.6999999881
27837  31.719  -58.528  7.304 0.6000000238
28763  32.537  -56.853  7.580 0.5000000000
19693  31.083  -68.245  7.766 0.6000000238
18777  30.278  -68.690  7.711 0.6999999881
19679  32.602  -67.282  8.100 0.6999999881
19681  31.146  -67.751  8.672 0.6999999881
18778  29.596  -68.964  8.165 0.6000000238
18765  28.445  -68.644  9.483 0.6000000238
22480  26.740  -64.630  10.221 0.6000000238
136001  26.716  -64.039  9.745 0.6000000238
25098  27.667  -61.608  9.062 0.6000000238
144048  27.248  -63.060  9.015 0.6000000238
30553  30.993  -55.827  8.275 0.4000000060
31502  30.562  -55.191  8.701 0.5000000000
31489  30.450  -54.288  8.991 0.4000000060
26878  29.473  -60.151  8.361 0.6000000238
31501  31.140  -54.479  8.350 0.4000000060
26863  30.902  -59.413  7.837 0.6000000238
28757  32.166  -57.764  7.736 0.5000000000
140295  30.335  -68.419  8.507 0.6999999881
18764  29.510  -68.557  9.199 0.6000000238
19662  31.193  -67.239  9.430 0.6999999881
19664  29.101  -68.143  10.037 0.6000000238
19680  32.174  -66.981  8.887 0.6999999881
19650  27.923  -67.364  10.507 0.5000000000
126144  27.113  -63.075  10.634 0.6000000238
127346  26.818  -63.875  10.473 0.6000000238
24258  27.269  -62.449  9.728 0.6000000238
25959  27.743  -60.836  9.590 0.5000000000
25958  28.426  -60.378  9.023 0.6000000238
27824  30.787  -58.711  8.677 0.6000000238
27823  31.705  -58.310  8.052 0.5000000000
19648  29.853  -67.369  10.367 0.6999999881
20571  27.401  -65.875  11.078 0.6000000238
22471  26.990  -64.530  11.063 0.5000000000
24245  27.325  -62.231  10.845 0.6000000238
25950  27.919  -60.095  9.954 0.6000000238
27826  29.004  -58.931  9.851 0.6000000238
28747  32.026  -57.564  8.531 0.5000000000
17055  37.490  -70.536  5.261 0.5000000000
17935  36.221  -69.275  4.931 0.5000000000
17911  37.423  -70.112  5.833 0.5000000000
17924  36.451  -69.364  5.246 0.5000000000
134410  34.968  -67.640  4.870 0.6999999881
18798  35.587  -68.319  5.923 0.6999999881
18797  36.081  -68.750  5.449 0.5000000000
17912  36.784  -69.485  5.817 0.5000000000
19697  34.074  -67.695  6.040 0.6999999881
18799  34.930  -67.935  6.183 0.6999999881
19691  32.953  -67.604  7.171 0.6999999881
13292  34.631  -75.617  3.504 0.3000000119
23406  27.188  -64.054  5.699 0.6999999881
25983  27.063  -60.961  6.528 0.6999999881
133635  34.309  -69.108  4.619 0.6000000238
22496  27.110  -64.166  7.805 0.6000000238
26890  31.107  -59.795  6.774 0.6999999881
138466  30.475  -58.612  6.953 0.6999999881
144844  30.144  -57.359  7.682 0.6000000238
26880  31.389  -59.391  6.881 0.6999999881
30555  29.242  -56.176  8.946 0.5000000000
31490  29.092  -54.965  9.814 0.5000000000
129905  32.097  -57.153  7.386 0.5000000000
144660  27.287  -67.067  10.197 0.5000000000
18763  30.391  -67.980  9.275 0.6999999881
20587  27.521  -66.544  10.720 0.5000000000
26865  28.756  -59.664  9.398 0.6000000238
26864  29.886  -59.337  8.761 0.6000000238
19649  28.813  -67.494  10.554 0.6000000238
25090  27.436  -61.512  10.166 0.6000000238
20586  28.429  -66.810  11.006 0.5000000000
17887  35.307  -69.072  7.573 0.6000000238
16985  35.113  -71.118  11.033 0.6000000238
16969  34.220  -70.501  12.193 0.4000000060
17011  34.885  -70.087  9.420 0.5000000000
18775  34.844  -68.377  7.560 0.6000000238
16258  28.233  -72.161  4.679 0.5000000000
130899  34.677  -70.842  13.046 0.4000000060
17063  28.399  -71.302  4.486 0.5000000000
16264  26.982  -72.158  4.380 0.5000000000
16189  35.344  -71.003  9.917 0.5000000000
16952  34.383  -70.517  13.638 0.4000000060
17064  27.451  -71.709  4.479 0.5000000000
17050  25.378  -71.012  5.145 0.5000000000
16999  34.676  -70.360  10.360 0.6000000238
132135  26.073  -71.394  4.907 0.5000000000
17880  35.078  -69.647  8.529 0.5000000000
18791  34.696  -67.942  7.123 0.6000000238
17796  33.965  -69.146  15.375 0.4000000060
17779  33.993  -69.029  15.878 0.4000000060
17859  33.816  -69.930  11.465 0.4000000060
142047  24.336  -71.465  5.205 0.5000000000
131998  34.411  -69.497  9.864 0.5000000000
17051  24.913  -71.244  5.071 0.5000000000
17930  24.042  -69.782  5.458 0.5000000000
123992  34.196  -68.113  8.686 0.6000000238
19660  33.883  -67.563  8.444 0.6000000238
19690  33.696  -67.589  7.129 0.6000000238
18804  24.958  -68.801  6.559 0.5000000000
133883  23.787  -68.272  5.997 0.5000000000
128827  23.505  -69.119  5.724 0.4000000060
18762  33.785  -67.743  9.273 0.5000000000
18751  33.899  -68.835  10.201 0.5000000000
19661  33.461  -66.857  8.993 0.6000000238
20600  33.192  -66.605  8.844 0.6000000238
19678  33.561  -67.239  8.225 0.6000000238
20601  32.811  -66.460  9.320 0.6000000238
20621  33.200  -67.143  8.103 0.6000000238
16953  33.836  -70.406  12.933 0.4000000060
18701  33.429  -69.255  14.818 0.4000000060
20628  24.389  -66.704  5.890 0.5000000000
19708  23.818  -67.344  5.891 0.5000000000
139861  22.749  -67.693  5.992 0.4000000060
19707  24.426  -67.541  6.050 0.6000000238
18814  22.891  -68.376  5.810 0.4000000060
128731  33.366  -68.491  10.758 0.6000000238
19646  33.322  -67.047  9.740 0.6000000238
20581  33.048  -66.460  9.524 0.6000000238
20582  32.439  -66.313  10.286 0.6000000238
19563  33.471  -68.147  16.182 0.4000000060
21602  24.234  -65.988  5.862 0.5000000000
21603  23.365  -65.870  6.090 0.4000000060
21604  22.257  -65.582  6.294 0.4000000060
18726  32.479  -68.744  12.147 0.6000000238
17846  33.018  -69.781  12.827 0.4000000060
19623  32.302  -67.681  11.656 0.6000000238
17873  33.661  -69.251  10.930 0.6000000238
19635  33.132  -67.499  10.515 0.5000000000
20566  32.379  -66.152  10.944 0.6000000238
19636  32.727  -67.009  10.983 0.5000000000
20602  32.004  -66.496  9.803 0.6000000238
18658  33.402  -68.384  16.512 0.4000000060
17829  32.979  -69.682  13.922 0.4000000060
22504  24.951  -64.266  6.157 0.6000000238
131168  23.910  -63.985  6.428 0.5000000000
23409  23.207  -63.471  6.664 0.5000000000
21597  22.105  -64.442  6.382 0.5000000000
18716  31.567  -68.491  13.624 0.4000000060
18703  31.625  -68.483  14.449 0.4000000060
18727  31.733  -68.089  12.551 0.5000000000
20555  31.600  -65.887  12.326 0.5000000000
21522  31.350  -65.209  12.260 0.5000000000
21535  32.080  -65.720  10.876 0.6000000238
21554  31.111  -65.399  11.110 0.6000000238
20603  30.980  -66.749  10.135 0.6000000238
20509  32.614  -66.665  16.924 0.4000000060
19578  33.297  -68.130  15.894 0.4000000060
19564  33.020  -67.518  16.532 0.4000000060
20508  32.968  -66.682  17.348 0.4000000060
25120  26.990  -61.948  6.182 0.6000000238
139431  31.436  -66.654  16.629 0.4000000060
122026  32.216  -67.888  15.817 0.4000000060
23408  24.212  -63.383  6.578 0.6000000238
24281  23.241  -62.688  6.969 0.5000000000
136027  22.432  -62.980  6.697 0.4000000060
19594  31.071  -68.034  14.149 0.4000000060
19624  31.561  -66.974  12.475 0.5000000000
22458  31.158  -64.811  12.342 0.5000000000
22459  30.841  -64.751  12.262 0.6000000238
20568  30.052  -65.895  11.394 0.6000000238
21457  32.063  -65.640  17.671 0.4000000060
143585  25.285  -62.462  6.674 0.6000000238
126809  24.745  -62.057  7.057 0.5000000000
25115  22.241  -61.206  7.284 0.5000000000
19566  30.734  -66.804  16.070 0.4000000060
19610  30.846  -67.391  13.882 0.4000000060
20545  31.189  -66.533  13.262 0.5000000000
146732  31.352  -64.862  13.014 0.5000000000
22460  30.120  -64.913  12.185 0.5000000000
21440  32.918  -65.665  18.087 0.4000000060
25112  26.208  -61.127  6.858 0.6000000238
25975  25.179  -60.684  7.336 0.5000000000
139265  24.385  -59.929  7.587 0.5000000000
21511  30.766  -65.869  13.837 0.5000000000
22433  31.294  -64.818  12.810 0.4000000060
22446  30.110  -64.297  12.623 0.4000000060
21523  29.238  -64.864  12.240 0.4000000060
21539  28.538  -65.460  11.804 0.6000000238
21540  27.563  -65.241  11.514 0.4000000060
22355  32.339  -64.476  18.841 0.4000000060
20495  31.715  -66.182  17.113 0.4000000060
26894  27.272  -60.196  6.833 0.6000000238
21458  30.876  -65.652  17.284 0.4000000060
27845  27.781  -58.685  7.466 0.5000000000
26884  26.470  -59.550  7.434 0.5000000000
26885  25.315  -59.651  7.623 0.5000000000
26886  24.241  -59.195  7.679 0.4000000060
27847  25.743  -58.870  7.861 0.4000000060
136761  30.524  -64.336  14.251 0.5000000000
131722  30.234  -63.696  14.087 0.5000000000
23332  29.791  -63.490  13.582 0.6000000238
22447  28.946  -64.135  12.570 0.4000000060
23359  27.477  -63.512  12.007 0.4000000060
23333  28.896  -63.133  13.296 0.5000000000
28768  27.066  -58.052  7.955 0.5000000000
27846  26.739  -58.763  7.639 0.6000000238
28760  27.421  -57.367  8.322 0.4000000060
124490  27.561  -62.693  12.332 0.5000000000
23368  27.135  -63.713  11.281 0.5000000000
24193  28.498  -62.105  14.199 0.5000000000
24192  29.051  -62.820  14.023 0.5000000000
24219  28.050  -62.877  12.937 0.5000000000
24208  27.744  -62.182  13.003 0.5000000000
22356  31.364  -64.351  18.570 0.4000000060
124916  27.319  -62.899  11.506 0.4000000060
130597  27.390  -62.071  11.747 0.5000000000
25045  27.903  -61.797  13.676 0.5000000000
146757  28.175  -61.497  14.206 0.5000000000
147772  27.501  -55.800  9.242 0.4000000060
27813  28.582  -58.741  10.937 0.4000000060
26847  28.055  -59.434  11.199 0.4000000060
25951  27.566  -60.714  10.536 0.5000000000
25940  27.527  -60.619  11.449 0.5000000000
131350  27.511  -61.902  12.427 0.5000000000
25061  27.453  -61.294  12.024 0.5000000000
25046  27.611  -61.288  12.941 0.5000000000
25920  27.737  -60.288  13.218 0.5000000000
26835  27.743  -59.827  12.455 0.4000000060
18813  24.441  -68.506  6.194 0.5000000000
22511  24.829  -65.285  6.004 0.6000000238
143606  25.186  -70.339  5.593 0.6000000238
140898  26.571  -63.533  5.874 0.6000000238
16257  28.923  -71.795  4.908 0.5000000000
20569  28.953  -66.172  11.503 0.6000000238
17929  24.639  -69.562  5.909 0.5000000000
134708  24.058  -69.088  5.934 0.5000000000
20629  23.657  -66.599  5.882 0.4000000060
131034  22.400  -67.168  6.122 0.4000000060
18740  32.821  -68.123  11.232 0.6000000238
22512  23.944  -65.396  6.063 0.6000000238
22506  23.134  -64.209  6.481 0.4000000060
19579  31.285  -68.107  14.970 0.4000000060
24279  26.219  -62.674  6.235 0.6000000238
23407  25.429  -63.296  6.296 0.6000000238
23411  21.438  -63.667  6.502 0.5000000000
20632  20.489  -65.900  6.706 0.5000000000
25123  22.670  -61.858  7.157 0.5000000000
25121  25.588  -61.752  6.849 0.5000000000
25114  23.307  -61.258  7.385 0.5000000000
25113  24.451  -61.395  7.314 0.5000000000
23343  30.300  -63.934  13.045 0.5000000000
21499  30.582  -65.250  14.548 0.5000000000
22448  27.974  -63.953  12.370 0.3000000119
26848  27.701  -59.896  11.722 0.4000000060
5236  30.935  -87.993  7.410 0.3000000119
5802  29.225  -86.360  5.866 0.3000000119
140600  30.270  -88.002  6.134 0.3000000119
4757  29.895  -88.041  4.491 0.3000000119
5266  29.811  -87.849  5.166 0.3000000119
4737  30.257  -88.450  5.182 0.3000000119
5295  29.747  -87.373  3.088 0.3000000119
4770  30.064  -87.877  3.528 0.3000000119
5250  33.322  -88.099  6.157 0.3000000119
4754  32.276  -88.815  5.092 0.3000000119
5278  31.938  -88.117  3.704 0.3000000119
4780  30.396  -87.687  3.266 0.3000000119
4753  33.079  -88.143  5.222 0.3000000119
5814  34.823  -85.987  5.192 0.3000000119
128858  33.616  -86.648  4.850 0.3000000119
139824  32.655  -87.420  3.824 0.4000000060
5833  31.914  -86.821  3.754 0.4000000060
6435  30.692  -85.564  3.614 0.4000000060
7076  30.497  -85.697  2.847 0.3000000119
7042  33.962  -84.557  5.836 0.3000000119
7055  33.507  -85.279  5.454 0.4000000060
7056  32.184  -85.188  5.663 0.4000000060
6434  31.097  -86.122  3.970 0.4000000060
7054  35.685  -84.420  5.663 0.3000000119
6420  30.801  -85.038  4.475 0.4000000060
8344  35.323  -82.881  7.011 0.4000000060
7687  34.939  -84.013  6.051 0.4000000060
136472  30.835  -84.181  2.935 0.4000000060
7721  31.051  -83.441  3.469 0.3000000119
7688  33.571  -83.795  6.519 0.4000000060
7043  32.746  -84.534  6.170 0.3000000119
7044  31.701  -84.319  6.216 0.4000000060
8362  34.551  -83.068  6.787 0.4000000060
7701  30.769  -83.429  5.676 0.5000000000
7058  30.766  -84.157  5.151 0.4000000060
122600  36.226  -74.410  4.346 0.5000000000
8334  35.139  -82.221  7.925 0.4000000060
7712  30.699  -83.513  4.772 0.4000000060
12533  35.109  -76.321  3.402 0.3000000119
13280  36.717  -76.198  4.179 0.4000000060
9836  33.846  -80.882  2.960 0.3000000119
16243  29.491  -71.709  5.876 0.4000000060
15501  28.513  -72.214  5.408 0.4000000060
17043  35.557  -70.228  5.174 0.4000000060
17056  36.933  -70.535  4.998 0.4000000060
8363  33.205  -82.814  7.137 0.4000000060
7689  32.257  -83.654  6.780 0.3000000119
7690  31.230  -83.344  6.497 0.5000000000
16250  36.888  -71.348  4.951 0.4000000060
14755  36.774  -73.357  4.858 0.4000000060
8345  34.337  -81.983  7.463 0.4000000060
14024  35.965  -75.281  3.880 0.4000000060
8377  30.964  -82.217  4.994 0.4000000060
14013  37.430  -75.054  4.856 0.5000000000
9155  31.734  -81.924  4.015 0.5000000000
12520  37.462  -77.270  4.489 0.4000000060
11783  35.318  -77.210  3.330 0.4000000060
9154  33.477  -81.329  3.037 0.3000000119
11782  36.366  -77.931  3.659 0.4000000060
15502  27.740  -72.637  5.073 0.4000000060
17937  34.726  -68.422  4.555 0.4000000060
8346  32.828  -81.786  7.545 0.4000000060
8364  31.882  -82.681  7.235 0.4000000060
15497  37.899  -72.263  5.138 0.4000000060
14754  37.382  -73.083  4.966 0.5000000000
8347  31.699  -81.796  7.379 0.4000000060
8365  31.019  -82.206  6.798 0.4000000060
137356  37.582  -73.979  5.085 0.5000000000
9101  32.204  -80.910  7.670 0.4000000060
9797  31.683  -80.369  7.311 0.4000000060
9807  31.302  -80.619  6.684 0.4000000060
9817  31.343  -80.803  5.782 0.5000000000
9816  32.022  -80.337  5.340 0.5000000000
15496  38.606  -72.423  5.558 0.4000000060
143779  37.833  -74.888  5.381 0.5000000000
10391  32.604  -79.130  7.938 0.4000000060
10432  33.644  -80.168  4.263 0.5000000000
13279  37.611  -76.333  4.737 0.4000000060
9826  34.430  -80.207  3.483 0.4000000060
10441  36.387  -78.985  4.174 0.4000000060
11064  36.311  -78.790  3.840 0.4000000060
11765  38.069  -78.145  4.894 0.4000000060
16249  38.231  -71.106  5.483 0.4000000060
16236  38.476  -71.117  5.986 0.3000000119
10412  31.651  -79.836  6.843 0.4000000060
10410  32.767  -78.832  6.247 0.4000000060
14740  38.701  -73.288  5.790 0.4000000060
20631  21.079  -66.601  6.502 0.4000000060
11010  33.043  -78.487  8.196 0.4000000060
11022  32.798  -78.465  7.509 0.4000000060
10421  33.231  -79.357  5.321 0.5000000000
121796  34.353  -79.711  4.401 0.5000000000
143118  38.545  -74.204  6.001 0.5000000000
147446  38.128  -76.196  5.654 0.4000000060
11713  33.743  -77.530  7.720 0.4000000060
10420  35.290  -79.442  4.378 0.4000000060
12507  38.155  -77.088  5.044 0.4000000060
11056  37.866  -78.438  4.888 0.4000000060
11744  38.063  -77.602  5.484 0.4000000060
17031  37.200  -69.997  6.333 0.4000000060
144633  38.764  -71.831  5.832 0.3000000119
11038  32.818  -78.468  6.846 0.4000000060
135756  33.498  -78.354  6.370 0.4000000060
15482  38.894  -72.801  6.509 0.3000000119
11712  34.465  -77.243  7.486 0.4000000060
11730  34.935  -77.561  6.690 0.4000000060
11037  34.624  -78.212  6.047 0.4000000060
11048  35.550  -78.886  5.114 0.5000000000
11693  34.183  -77.065  8.291 0.4000000060
12480  34.944  -76.728  8.022 0.4000000060
11728  37.752  -77.878  5.975 0.4000000060
11034  37.986  -78.241  5.221 0.4000000060
13256  38.337  -76.194  6.238 0.4000000060
17902  35.813  -68.889  6.659 0.4000000060
143938  35.851  -77.574  6.649 0.4000000060
8436  27.463  -82.373  0.897 0.3000000119
5785  34.778  -86.514  6.872 0.3000000119
6416  35.581  -85.020  5.534 0.3000000119
142162  36.103  -83.449  6.487 0.4000000060
145664  34.678  -81.026  8.225 0.4000000060
9100  33.708  -81.015  7.816 0.4000000060
145089  33.752  -80.081  8.987 0.4000000060
10382  33.373  -79.072  9.406 0.4000000060
16220  38.389  -71.579  6.736 0.3000000119
11694  33.700  -77.509  8.572 0.4000000060
17021  37.452  -70.629  6.829 0.4000000060
136415  38.584  -72.372  7.058 0.4000000060
14728  38.851  -73.914  7.337 0.4000000060
12459  35.559  -76.375  8.649 0.4000000060
12479  36.015  -76.750  7.834 0.4000000060
12478  37.311  -77.088  7.517 0.4000000060
11709  38.176  -77.525  7.021 0.4000000060
13241  39.351  -75.756  7.814 0.3000000119
14000  38.920  -74.868  7.278 0.4000000060
133209  36.920  -76.360  8.503 0.4000000060
127427  36.999  -74.096  4.608 0.4000000060
17022  36.576  -70.190  7.229 0.4000000060
140893  28.748  -85.745  5.134 0.3000000119
4736  30.733  -89.037  5.806 0.3000000119
5296  29.269  -87.084  3.678 0.3000000119
8446  26.990  -83.275  0.311 0.3000000119
8445  27.815  -83.439  0.743 0.3000000119
4768  31.144  -88.693  4.168 0.3000000119
5263  34.240  -86.483  5.281 0.3000000119
5265  32.799  -87.967  4.290 0.4000000060
5846  31.095  -86.968  3.393 0.4000000060
5831  33.328  -86.456  4.606 0.3000000119
6418  34.098  -85.840  5.033 0.3000000119
6433  32.427  -86.519  4.232 0.4000000060
7057  31.235  -84.762  5.476 0.4000000060
7041  36.322  -84.356  5.872 0.3000000119
8335  35.378  -82.518  7.875 0.4000000060
9119  30.756  -82.157  5.898 0.4000000060
9828  32.919  -80.740  4.121 0.5000000000
10431  35.030  -79.689  3.557 0.3000000119
9829  31.922  -81.115  4.677 0.5000000000
9785  33.286  -79.861  8.560 0.4000000060
11035  37.468  -78.516  5.282 0.4000000060
12493  38.461  -77.115  6.844 0.4000000060
16188  36.449  -71.991  9.526 0.4000000060
17009  35.930  -71.300  9.143 0.4000000060
16168  36.332  -72.282  11.462 0.4000000060
127312  35.071  -71.122  12.174 0.3000000119
17010  35.485  -70.493  8.837 0.4000000060
17016  35.716  -69.983  7.896 0.4000000060
13101  29.601  -75.401  15.225 0.3000000119
13901  30.215  -74.826  14.757 0.3000000119
15360  32.188  -72.151  16.126 0.3000000119
16116  34.031  -71.408  15.659 0.3000000119
16923  34.174  -70.588  15.678 0.3000000119
17827  34.400  -70.248  14.407 0.3000000119
13882  30.686  -73.969  15.147 0.3000000119
132111  30.930  -73.217  15.741 0.3000000119
15361  31.257  -72.520  16.228 0.3000000119
13884  29.278  -75.333  16.076 0.3000000119
14634  29.445  -74.420  16.400 0.3000000119
16103  33.517  -70.871  16.183 0.3000000119
134991  33.389  -70.103  16.461 0.3000000119
14622  30.421  -72.984  16.357 0.3000000119
145814  30.773  -71.733  17.140 0.3000000119
16104  32.562  -71.397  16.449 0.3000000119
16085  29.025  -71.880  18.925 0.3000000119
16093  29.452  -71.796  18.008 0.3000000119
16870  30.110  -70.165  18.328 0.3000000119
141225  29.363  -71.197  18.703 0.3000000119
17750  29.644  -69.818  18.979 0.3000000119
14607  28.884  -73.441  17.817 0.3000000119
16888  31.531  -70.293  17.425 0.3000000119
17765  31.916  -69.145  17.493 0.3000000119
19548  32.971  -67.025  17.559 0.3000000119
16082  28.914  -71.212  19.524 0.3000000119
17766  30.850  -69.739  17.930 0.3000000119
18641  32.264  -67.546  18.069 0.3000000119
17733  29.345  -69.650  19.746 0.3000000119
18631  30.212  -68.438  19.649 0.3000000119
18643  30.462  -68.578  18.897 0.3000000119
19514  31.285  -67.407  19.750 0.3000000119
20493  33.060  -66.125  17.781 0.3000000119
18659  32.936  -68.021  17.252 0.3000000119
20480  33.058  -65.802  18.292 0.3000000119
22354  33.213  -64.618  18.910 0.3000000119
23234  31.792  -63.691  19.118 0.3000000119
23232  33.569  -63.261  19.235 0.3000000119
24120  32.572  -62.829  19.268 0.3000000119
138377  35.746  -71.728  12.558 0.3000000119
16169  35.752  -71.707  10.757 0.4000000060
16922  34.380  -70.069  15.341 0.3000000119
17764  32.979  -68.920  16.912 0.3000000119
15426  36.921  -72.831  11.192 0.5000000000
14633  30.120  -73.739  15.923 0.3000000119
16105  31.537  -71.744  16.711 0.3000000119
16117  33.193  -71.859  16.003 0.3000000119
16125  35.065  -71.259  14.516 0.3000000119
16124  35.479  -71.460  13.960 0.3000000119
15362  30.672  -72.291  16.782 0.3000000119
141396  29.363  -73.300  17.239 0.3000000119
16905  32.620  -69.908  16.921 0.3000000119
16084  29.841  -70.925  18.110 0.3000000119
17717  29.648  -68.924  20.111 0.3000000119
145229  30.602  -67.913  19.937 0.3000000119
17748  30.991  -68.845  18.180 0.3000000119
17718  29.355  -69.658  20.653 0.3000000119
19528  31.646  -67.422  18.890 0.3000000119
13986  39.347  -74.852  7.974 0.3000000119
13227  39.387  -75.617  8.598 0.4000000060
13211  38.541  -75.597  10.284 0.4000000060
127468  39.004  -75.608  10.056 0.4000000060
14719  38.693  -73.572  8.318 0.3000000119
13940  38.337  -74.638  11.333 0.4000000060
123031  37.657  -75.196  11.422 0.3000000119
13974  38.910  -74.171  9.046 0.4000000060
14699  38.510  -74.099  10.555 0.4000000060
13929  38.080  -74.164  11.928 0.3000000119
14710  38.201  -73.396  8.997 0.3000000119
138525  38.590  -73.928  9.800 0.4000000060
14689  37.966  -73.804  11.689 0.4000000060
16187  37.064  -72.313  8.988 0.3000000119
15438  37.070  -72.767  10.085 0.4000000060
15414  37.451  -73.285  11.842 0.4000000060
15449  37.779  -72.551  8.501 0.3000000119
16208  36.629  -71.549  8.603 0.3000000119
16222  36.970  -71.050  7.698 0.3000000119
16221  37.741  -71.320  7.257 0.3000000119
15425  37.531  -73.404  11.011 0.4000000060
137831  39.281  -74.999  9.392 0.4000000060
7673  36.558  -83.733  6.784 0.3000000119
12458  38.751  -76.620  8.303 0.3000000119
8323  38.508  -82.665  10.121 0.3000000119
7009  37.975  -83.837  8.884 0.3000000119
7664  37.250  -84.105  7.639 0.3000000119
7666  35.985  -83.262  7.273 0.3000000119
12433  39.148  -76.296  8.686 0.3000000119
126622  38.111  -81.681  11.209 0.3000000119
7645  36.270  -83.439  9.454 0.3000000119
133009  37.238  -83.032  9.972 0.3000000119
7646  35.284  -83.354  9.399 0.3000000119
128413  34.818  -81.647  8.203 0.3000000119
131317  38.214  -76.381  8.954 0.3000000119
9751  38.214  -80.751  12.608 0.3000000119
9036  36.829  -81.647  12.080 0.3000000119
9752  37.287  -81.051  12.577 0.3000000119
8308  35.572  -83.237  10.271 0.3000000119
121824  36.757  -82.648  10.641 0.3000000119
8325  34.486  -82.962  9.379 0.3000000119
9753  36.081  -81.223  12.834 0.3000000119
9037  35.539  -81.700  12.367 0.3000000119
8294  34.553  -82.797  10.977 0.3000000119
8284  34.966  -82.279  11.786 0.3000000119
9071  33.893  -81.035  9.152 0.3000000119
10383  33.230  -79.754  9.712 0.3000000119
11681  33.633  -77.571  9.497 0.3000000119
9741  37.320  -80.381  13.360 0.3000000119
8310  33.594  -82.550  9.994 0.3000000119
8295  33.631  -82.581  10.840 0.3000000119
9072  33.030  -80.875  9.737 0.3000000119
12435  37.275  -76.008  9.594 0.3000000119
9742  35.495  -80.785  13.440 0.3000000119
9730  36.087  -80.367  13.905 0.3000000119
9038  34.423  -81.787  12.360 0.3000000119
9048  33.854  -82.351  11.595 0.3000000119
9058  32.366  -81.278  10.562 0.3000000119
10367  33.264  -79.017  9.998 0.3000000119
12438  34.412  -76.605  9.700 0.3000000119
12436  36.112  -76.022  9.425 0.3000000119
12412  36.563  -75.774  10.293 0.3000000119
12476  38.636  -76.813  7.679 0.3000000119
9744  33.443  -80.802  13.490 0.3000000119
9050  32.296  -81.635  11.276 0.3000000119
10368  32.679  -79.459  10.354 0.3000000119
11670  33.857  -77.055  10.041 0.3000000119
142559  36.260  -83.554  8.882 0.3000000119
8307  38.363  -82.820  10.012 0.3000000119
7657  37.685  -83.492  9.187 0.3000000119
4755  31.451  -89.151  5.027 0.3000000119
4756  30.810  -89.015  5.057 0.3000000119
4767  31.975  -88.663  4.364 0.4000000060
4769  30.511  -88.198  3.764 0.3000000119
4779  31.026  -88.147  3.593 0.3000000119
5237  30.496  -87.252  7.181 0.3000000119
5264  33.662  -87.281  5.387 0.3000000119
5277  33.235  -87.020  4.134 0.4000000060
5279  29.714  -87.720  3.825 0.3000000119
5293  31.980  -87.329  3.573 0.4000000060
5294  31.116  -87.647  3.452 0.3000000119
5799  35.326  -85.592  5.547 0.3000000119
5815  34.205  -86.071  4.995 0.3000000119
5816  29.561  -87.220  5.521 0.3000000119
5817  29.174  -86.657  5.017 0.3000000119
5832  32.764  -86.917  3.876 0.4000000060
6417  34.884  -85.638  5.217 0.3000000119
6419  31.603  -85.667  4.902 0.4000000060
6447  30.583  -86.344  3.148 0.4000000060
6992  38.252  -83.269  9.615 0.3000000119
7656  38.058  -83.541  9.285 0.3000000119
7658  35.791  -83.345  8.381 0.3000000119
7665  36.942  -83.936  7.407 0.3000000119
7685  36.521  -83.839  6.314 0.3000000119
7686  36.076  -83.740  5.883 0.4000000060
7691  30.749  -82.755  6.082 0.5000000000
8292  37.932  -82.236  10.529 0.3000000119
8293  35.765  -82.583  11.197 0.3000000119
8296  32.861  -82.155  10.689 0.3000000119
8306  38.664  -82.375  10.409 0.3000000119
8309  34.424  -83.065  10.201 0.3000000119
8324  38.304  -83.103  9.711 0.3000000119
8361  35.525  -83.378  6.447 0.4000000060
8378  30.722  -82.819  5.370 0.5000000000
8393  31.057  -82.762  4.244 0.4000000060
9026  34.990  -81.262  12.953 0.3000000119
9027  33.925  -81.328  12.942 0.3000000119
9039  33.345  -81.829  12.211 0.3000000119
9047  36.995  -82.165  11.279 0.3000000119
9049  32.987  -82.164  11.460 0.3000000119
9057  33.064  -81.792  9.935 0.3000000119
9070  34.342  -80.888  8.441 0.4000000060
9084  34.111  -80.764  8.507 0.4000000060
9099  34.615  -81.340  8.291 0.4000000060
9102  31.330  -81.241  7.158 0.4000000060
9118  30.971  -81.412  6.353 0.4000000060
9137  31.192  -81.581  5.310 0.5000000000
9768  32.466  -80.365  10.322 0.3000000119
9795  33.242  -80.426  8.098 0.4000000060
9796  32.438  -79.974  7.814 0.4000000060
9827  33.901  -80.720  3.284 0.3000000119
10390  33.305  -79.041  8.771 0.4000000060
10398  32.025  -79.657  7.371 0.4000000060
10411  32.236  -79.026  6.974 0.4000000060
10419  36.219  -79.132  4.428 0.4000000060
10422  32.152  -79.542  6.020 0.4000000060
10423  31.598  -80.178  6.178 0.5000000000
10430  35.711  -79.458  3.914 0.4000000060
10998  33.378  -78.290  9.841 0.3000000119
11009  33.432  -78.202  8.929 0.4000000060
11021  33.252  -77.966  7.986 0.4000000060
11036  36.000  -78.226  5.829 0.5000000000
11047  37.046  -78.728  4.704 0.4000000060
11049  34.208  -78.903  5.344 0.5000000000
11057  37.078  -78.585  4.518 0.4000000060
11680  34.009  -77.020  9.151 0.4000000060
11692  38.386  -77.040  7.572 0.4000000060
11708  38.255  -77.389  7.019 0.4000000060
11710  37.559  -77.666  6.778 0.4000000060
11711  36.458  -77.328  7.077 0.4000000060
11726  38.073  -77.407  6.338 0.4000000060
11727  37.855  -77.706  5.947 0.4000000060
11729  36.914  -77.917  6.266 0.4000000060
11731  33.994  -77.671  6.875 0.4000000060
11745  38.125  -78.124  5.061 0.4000000060
11764  38.256  -77.743  5.011 0.4000000060
11781  37.221  -78.119  4.354 0.4000000060
12411  37.657  -75.603  10.561 0.4000000060
12434  38.885  -76.133  9.422 0.3000000119
12457  39.206  -76.401  8.109 0.3000000119
12460  34.638  -76.612  8.855 0.3000000119
12475  38.867  -76.521  7.459 0.3000000119
12477  38.163  -76.817  8.087 0.3000000119
12506  38.118  -76.985  5.428 0.4000000060
12519  38.180  -77.470  4.963 0.4000000060
12531  36.638  -77.128  3.957 0.4000000060
12532  35.859  -76.743  3.557 0.3000000119
13116  30.670  -75.187  14.086 0.3000000119
13171  38.256  -75.171  11.149 0.4000000060
13190  39.126  -75.139  10.153 0.4000000060
13191  38.708  -75.154  10.661 0.4000000060
13192  36.881  -75.433  11.075 0.3000000119
13210  39.200  -75.749  9.486 0.3000000119
13212  38.248  -75.991  9.800 0.4000000060
13255  38.780  -75.900  7.072 0.3000000119
13267  37.959  -76.079  5.278 0.4000000060
13290  36.131  -76.175  3.747 0.4000000060
13291  35.481  -75.814  3.597 0.4000000060
13873  29.107  -75.109  16.957 0.3000000119
13883  29.786  -74.576  15.530 0.3000000119
13941  37.872  -74.634  11.881 0.3000000119
13950  38.703  -74.587  10.702 0.4000000060
13961  38.986  -74.450  10.017 0.4000000060
14001  38.562  -75.012  6.493 0.4000000060
14002  34.582  -74.132  6.070 0.5000000000
14012  38.231  -75.251  5.805 0.4000000060
14023  36.775  -75.165  4.382 0.5000000000
14025  35.442  -74.645  4.041 0.5000000000
14027  34.156  -74.977  4.475 0.4000000060
14034  34.298  -75.167  3.841 0.3000000119
14614  29.103  -74.145  17.275 0.3000000119
14623  29.686  -73.527  16.646 0.3000000119
14700  38.115  -73.872  11.025 0.4000000060
14718  39.074  -74.103  8.113 0.3000000119
14729  33.443  -73.559  8.005 0.5000000000
14739  38.761  -73.731  6.436 0.5000000000
14741  35.446  -73.090  6.018 0.5000000000
14750  39.009  -72.604  5.972 0.3000000119
14751  38.105  -73.135  5.316 0.4000000060
14752  36.128  -73.152  5.400 0.6000000238
14757  35.277  -74.296  4.543 0.6000000238
15343  28.868  -72.721  18.425 0.3000000119
15351  29.350  -72.665  17.588 0.3000000119
15363  29.891  -72.771  16.941 0.3000000119
15371  34.588  -71.738  15.099 0.3000000119
15372  33.770  -72.349  15.392 0.3000000119
15415  36.926  -72.792  12.027 0.4000000060
15437  37.907  -73.525  10.120 0.4000000060
15463  38.729  -73.258  7.518 0.3000000119
15464  38.115  -72.016  7.620 0.3000000119
15465  34.459  -73.090  7.198 0.5000000000
15483  38.831  -71.957  6.203 0.3000000119
15485  34.239  -72.215  7.148 0.4000000060
15500  35.263  -71.813  6.044 0.4000000060
15508  38.344  -71.698  5.381 0.4000000060
15509  37.231  -72.195  4.975 0.4000000060
15510  27.391  -72.456  4.619 0.4000000060
16091  31.159  -71.150  17.291 0.3000000119
16092  30.051  -72.081  17.303 0.3000000119
16115  34.605  -70.856  15.191 0.3000000119
16153  35.711  -71.716  11.732 0.3000000119
16207  37.412  -71.770  8.123 0.3000000119
16237  38.089  -70.954  6.514 0.3000000119
16240  32.741  -71.126  6.688 0.4000000060
16260  37.615  -71.323  5.078 0.5000000000
16263  27.875  -71.868  4.464 0.5000000000
16854  28.925  -70.393  20.130 0.3000000119
16858  29.264  -70.399  19.357 0.3000000119
16871  29.578  -70.540  18.725 0.3000000119
16889  30.590  -70.611  17.748 0.3000000119
16904  34.031  -69.856  15.977 0.4000000060
16906  32.047  -70.895  16.925 0.3000000119
16939  34.607  -70.454  14.751 0.3000000119
16986  34.469  -70.491  11.308 0.6000000238
17015  36.194  -70.769  8.222 0.3000000119
17023  35.978  -69.509  7.177 0.4000000060
17030  37.861  -70.503  6.122 0.3000000119
17041  37.836  -70.575  5.644 0.5000000000
17042  36.408  -70.584  5.080 0.4000000060
17052  24.123  -70.567  5.257 0.5000000000
17058  33.526  -69.354  4.722 0.4000000060
17060  31.406  -70.028  4.396 0.5000000000
17061  30.606  -70.339  4.385 0.5000000000
17065  26.557  -71.899  4.447 0.5000000000
17066  25.710  -71.804  4.663 0.5000000000
17732  29.812  -69.060  19.312 0.3000000119
17749  30.248  -69.347  18.570 0.3000000119
17780  33.577  -69.200  16.396 0.3000000119
17795  34.135  -69.501  15.514 0.4000000060
17809  34.357  -69.709  15.037 0.3000000119
17810  33.986  -69.622  14.661 0.4000000060
17828  33.723  -70.172  13.734 0.4000000060
17845  33.585  -70.033  12.235 0.4000000060
17860  33.207  -69.229  11.634 0.6000000238
17881  34.233  -68.635  9.346 0.5000000000
17888  34.635  -68.764  8.384 0.6000000238
17901  36.469  -69.459  6.499 0.4000000060
17913  36.225  -68.893  6.018 0.5000000000
17923  37.173  -69.991  5.444 0.5000000000
17928  28.935  -70.188  5.304 0.6999999881
17934  36.760  -69.898  5.089 0.5000000000
17936  35.606  -68.835  4.774 0.5000000000
17938  33.854  -68.667  4.487 0.6000000238
18620  30.262  -68.381  20.439 0.3000000119
18630  30.827  -67.947  19.284 0.3000000119
18642  31.256  -68.100  18.543 0.3000000119
18660  31.793  -68.309  17.880 0.3000000119
18677  33.745  -68.584  15.879 0.4000000060
18690  33.313  -68.771  15.355 0.4000000060
18691  32.262  -68.484  15.148 0.4000000060
18702  32.408  -69.033  14.380 0.4000000060
18715  32.211  -69.111  13.195 0.4000000060
18776  34.413  -68.010  7.959 0.6000000238
18780  27.683  -69.105  8.964 0.6999999881
18790  35.249  -68.320  6.855 0.6999999881
18792  31.357  -68.427  6.684 0.6000000238
18793  30.611  -68.679  7.033 0.6999999881
18807  35.864  -68.664  4.969 0.5000000000
18808  35.454  -68.095  5.110 0.5000000000
18811  32.861  -68.366  4.783 0.6999999881
18817  35.244  -68.067  4.747 0.6999999881
18818  34.737  -67.761  4.668 0.6999999881
18819  34.173  -67.964  4.551 0.6999999881
18820  33.368  -68.396  4.510 0.6999999881
18821  32.419  -68.994  4.502 0.5000000000
19547  33.103  -67.635  16.749 0.4000000060
19565  31.759  -67.242  16.320 0.4000000060
19580  30.976  -67.493  15.544 0.4000000060
19595  30.730  -67.509  14.614 0.4000000060
19609  31.240  -67.662  13.316 0.5000000000
19647  32.837  -66.627  10.308 0.6000000238
19663  30.423  -67.513  9.815 0.6999999881
19665  28.180  -68.080  10.134 0.5000000000
19666  27.401  -67.750  9.966 0.5000000000
19682  26.511  -67.517  8.857 0.6000000238
19689  34.132  -67.651  7.589 0.6000000238
19696  35.125  -67.795  5.350 0.6999999881
19700  25.621  -67.789  7.234 0.6000000238
19703  34.601  -67.644  5.431 0.6999999881
19704  33.966  -67.663  5.295 0.6999999881
19705  33.140  -67.943  5.320 0.6999999881
19706  24.853  -67.679  6.307 0.5000000000
20494  32.820  -66.157  17.491 0.4000000060
20510  30.736  -66.199  16.585 0.4000000060
20546  30.653  -66.830  14.104 0.4000000060
20554  31.951  -66.314  11.666 0.5000000000
20567  31.717  -65.609  11.417 0.6000000238
20570  27.999  -66.108  11.389 0.5000000000
20583  31.680  -65.872  10.633 0.6000000238
20584  30.555  -66.231  10.749 0.6000000238
20585  29.417  -66.760  11.014 0.6000000238
20604  26.885  -66.352  9.924 0.5000000000
20617  32.914  -66.661  8.680 0.6000000238
20618  26.228  -66.805  8.067 0.5000000000
20630  22.803  -66.492  6.127 0.4000000060
21441  32.159  -65.068  18.284 0.4000000060
21510  31.399  -65.227  12.952 0.5000000000
21536  31.217  -65.218  11.712 0.6000000238
21537  30.636  -65.196  11.743 0.5000000000
21538  29.596  -65.436  11.855 0.4000000060
21555  26.994  -65.293  10.780 0.6000000238
21591  26.177  -66.037  7.130 0.6000000238
21596  23.152  -65.047  6.328 0.4000000060
21598  21.293  -64.872  6.440 0.5000000000
21600  26.210  -65.305  5.948 0.6999999881
22376  31.038  -65.046  17.967 0.4000000060
22434  31.071  -64.701  13.310 0.5000000000
22445  30.936  -64.330  12.757 0.5000000000
22461  27.482  -64.316  11.776 0.4000000060
22481  26.699  -64.685  9.142 0.6000000238
22505  23.997  -64.689  6.254 0.6000000238
22508  27.282  -64.260  5.841 0.6999999881
22513  21.209  -64.196  6.468 0.5000000000
23233  32.837  -63.863  19.155 0.4000000060
23319  30.368  -63.768  14.887 0.5000000000
23331  30.524  -64.014  13.390 0.4000000060
23344  29.526  -63.658  12.974 0.4000000060
23345  28.540  -63.455  12.775 0.5000000000
23346  27.837  -63.311  12.499 0.5000000000
23383  26.937  -63.364  9.795 0.6000000238
23410  22.312  -63.601  6.522 0.4000000060
23413  27.869  -63.613  5.774 0.6999999881
23414  26.199  -64.198  5.854 0.6999999881
24207  28.286  -62.502  13.555 0.5000000000
24272  28.951  -62.656  6.391 0.6000000238
24280  24.471  -62.648  6.826 0.6000000238
24282  21.953  -62.329  6.778 0.5000000000
24283  29.324  -62.301  5.931 0.6000000238
25078  27.424  -61.398  11.146 0.5000000000
25110  29.812  -62.005  6.446 0.6000000238
25122  23.833  -61.995  7.206 0.5000000000
25929  27.572  -60.517  12.308 0.4000000060
25969  30.110  -60.671  7.247 0.6999999881
25972  30.730  -60.311  6.873 0.6999999881
25974  26.258  -60.370  7.188 0.6000000238
25976  23.891  -60.576  7.519 0.5000000000
25980  29.871  -61.007  6.518 0.6000000238
25982  28.103  -60.908  6.294 0.6999999881
26855  28.277  -59.437  10.373 0.4000000060
26856  27.730  -59.987  10.874 0.5000000000
26875  31.540  -59.319  6.988 0.6000000238
26881  31.257  -59.812  6.922 0.6999999881
27825  29.810  -58.636  9.488 0.6000000238
27852  30.893  -59.331  6.718 0.6999999881
28764  31.970  -57.748  7.480 0.5000000000
28767  28.164  -57.972  7.789 0.5000000000
30543  29.655  -55.550  9.196 0.4000000060
30552  31.398  -55.273  8.103 0.4000000060
30556  28.046  -56.252  9.081 0.4000000060
122661  34.383  -67.740  6.554 0.6000000238
123875  29.840  -67.998  9.801 0.6999999881
124276  31.117  -70.858  5.379 0.4000000060
124719  37.603  -74.030  12.390 0.3000000119
124730  33.049  -66.325  17.931 0.3000000119
125030  34.117  -69.744  10.667 0.6000000238
125237  33.282  -78.015  7.205 0.4000000060
125313  30.924  -69.918  4.257 0.6000000238
125462  36.371  -72.229  10.491 0.4000000060
125524  32.825  -70.659  16.598 0.3000000119
126154  38.411  -72.819  7.995 0.3000000119
126469  38.188  -74.086  5.606 0.5000000000
127396  30.688  -84.239  4.145 0.4000000060
127827  31.836  -67.651  8.180 0.6999999881
128432  36.815  -83.751  8.128 0.3000000119
128683  28.171  -59.172  11.996 0.4000000060
128947  23.130  -67.183  5.959 0.4000000060
129740  36.423  -80.754  13.242 0.3000000119
130188  29.237  -86.865  3.042 0.3000000119
130630  23.284  -67.782  5.964 0.4000000060
132068  35.548  -78.252  3.355 0.4000000060
132197  30.273  -71.374  17.562 0.3000000119
132304  35.094  -83.146  8.790 0.4000000060
132647  32.915  -86.039  5.016 0.4000000060
132916  21.184  -65.746  6.449 0.4000000060
133197  30.894  -88.850  6.588 0.3000000119
133532  30.606  -84.928  3.474 0.3000000119
133681  27.058  -65.915  10.524 0.5000000000
134377  32.906  -65.064  18.528 0.3000000119
134664  24.660  -70.443  5.353 0.5000000000
134972  36.633  -78.921  5.024 0.4000000060
135004  38.195  -77.067  6.209 0.4000000060
135101  38.594  -76.723  6.864 0.4000000060
135542  35.368  -77.134  7.298 0.4000000060
136127  31.443  -73.433  15.306 0.3000000119
136304  34.826  -85.005  5.315 0.3000000119
136418  29.422  -87.339  4.548 0.3000000119
138265  26.987  -68.758  8.939 0.6000000238
138442  30.424  -88.475  4.412 0.3000000119
138515  33.348  -87.349  4.714 0.3000000119
138905  35.919  -71.677  9.948 0.5000000000
139215  27.922  -63.681  6.328 0.6000000238
139281  31.510  -67.271  20.453 0.3000000119
139486  32.325  -66.771  11.364 0.5000000000
139767  34.630  -69.344  9.114 0.5000000000
139913  32.049  -66.904  19.205 0.3000000119
140156  34.150  -81.859  9.058 0.3000000119
140778  25.550  -65.519  5.978 0.6999999881
140988  32.716  -81.489  3.562 0.5000000000
141384  32.507  -57.183  7.723 0.5000000000
141864  33.565  -67.982  10.052 0.5000000000
142174  32.730  -79.991  5.053 0.5000000000
142420  30.994  -84.031  5.894 0.4000000060
142544  35.005  -79.815  3.864 0.3000000119
143392  30.064  -88.142  3.952 0.3000000119
143427  28.214  -64.722  12.125 0.3000000119
143488  31.628  -65.494  11.092 0.6000000238
143815  36.132  -69.756  4.916 0.4000000060
143968  34.862  -74.966  3.781 0.3000000119
144147  39.002  -72.266  6.017 0.3000000119
144815  29.584  -56.548  8.473 0.5000000000
145023  38.300  -74.216  11.285 0.4000000060
145140  37.726  -81.450  11.961 0.3000000119
145165  39.026  -76.565  8.176 0.3000000119
145234  37.555  -72.925  9.326 0.4000000060
145442  33.875  -68.297  9.730 0.5000000000
146044  36.016  -82.115  11.839 0.3000000119
146383  33.745  -68.562  16.084 0.4000000060
146385  34.170  -80.616  3.091 0.3000000119
146538  33.334  -78.785  5.849 0.5000000000
146768  32.205  -68.705  4.661 0.6000000238
146779  28.627  -56.223  9.072 0.5000000000
146806  37.709  -78.435  4.748 0.4000000060
146813  29.298  -70.834  19.068 0.3000000119
147028  39.280  -74.757  8.624 0.4000000060
147160  33.559  -81.949  9.549 0.3000000119
147238  36.745  -78.424  4.113 0.4000000060
147396  31.891  -67.219  11.896 0.5000000000
147722  34.033  -87.046  6.344 0.3000000119
