#!ascii label  , from subject sub-v1s6x0051373_ses-1 vox2ras=TkReg
1365
144643  -9.642  -31.075  85.324 0.0000000000
59667  -33.872  -23.134  70.769 0.0000000000
66601  -30.609  -15.835  70.462 0.0000000000
60592  -27.371  -20.720  76.098 0.0000000000
74875  -38.872  -7.800  59.061 0.0000000000
142738  -32.214  -8.986  63.221 0.0000000000
57561  -34.734  -22.714  77.454 0.0000000000
163047  -29.025  -24.309  72.742 0.0000000000
77789  -45.367  -4.589  62.160 0.0000000000
83592  -47.747  1.327  60.275 0.0000000000
84581  -51.176  2.295  56.398 0.0000000000
72572  -31.637  -9.145  73.565 0.0000000000
69690  -29.864  -11.828  66.942 0.0000000000
73751  -34.520  -7.940  69.646 0.0000000000
157147  -38.260  -9.131  66.610 0.0000000000
140957  -19.468  -21.383  76.807 0.0000000000
48320  -7.066  -33.352  88.658 0.0000000000
63517  -34.358  -19.289  71.537 0.0000000000
68592  -32.446  -12.946  76.474 0.0000000000
161686  -22.226  -19.372  73.087 0.0000000000
59681  -26.765  -21.933  69.995 0.0000000000
82738  -49.387  0.420  50.996 0.0000000000
146969  -53.181  3.992  53.203 0.0000000000
70760  -37.059  -10.910  61.035 0.0000000000
73831  -42.583  -8.493  63.679 0.0000000000
52432  -12.564  -29.654  81.531 0.0000000000
43557  -5.143  -38.537  86.627 0.0000000000
80747  -46.472  -1.363  61.282 0.0000000000
73717  -33.141  -8.276  71.652 0.0000000000
58596  -17.585  -23.827  75.971 0.0000000000
49264  -8.300  -32.452  86.865 0.0000000000
60678  -35.187  -21.637  68.791 0.0000000000
60652  -35.202  -21.179  70.790 0.0000000000
141432  -24.865  -19.863  74.420 0.0000000000
61642  -24.493  -20.242  71.288 0.0000000000
60616  -27.110  -20.674  72.844 0.0000000000
57646  -31.973  -24.511  71.479 0.0000000000
58668  -29.546  -23.854  70.172 0.0000000000
143885  -32.034  -23.094  69.027 0.0000000000
157621  -25.405  -20.406  78.753 0.0000000000
135996  -23.242  -19.653  76.288 0.0000000000
81750  -43.272  -0.276  55.646 0.0000000000
82728  -47.340  0.390  52.054 0.0000000000
152611  -53.319  1.815  55.037 0.0000000000
71690  -30.356  -10.483  64.748 0.0000000000
72736  -34.718  -9.474  61.812 0.0000000000
71684  -40.570  -9.937  65.701 0.0000000000
56429  -15.926  -25.204  79.689 0.0000000000
55425  -14.618  -25.944  80.689 0.0000000000
144683  -13.833  -27.069  82.724 0.0000000000
52470  -13.179  -28.687  79.723 0.0000000000
155864  -5.857  -37.831  85.601 0.0000000000
57609  -34.498  -23.801  74.144 0.0000000000
60619  -35.503  -20.713  74.418 0.0000000000
62566  -35.482  -20.017  78.050 0.0000000000
58575  -28.872  -21.741  77.687 0.0000000000
58610  -29.112  -22.412  74.011 0.0000000000
57575  -30.553  -23.294  75.175 0.0000000000
56545  -31.585  -25.343  74.727 0.0000000000
164123  -41.890  -5.531  60.898 0.0000000000
78769  -42.555  -3.144  59.639 0.0000000000
81722  -44.747  -0.466  58.277 0.0000000000
83605  -46.200  1.416  57.257 0.0000000000
147813  -47.873  2.037  55.102 0.0000000000
84570  -49.447  2.592  58.655 0.0000000000
68666  -30.555  -12.852  72.333 0.0000000000
68709  -29.953  -13.719  68.770 0.0000000000
151026  -30.502  -10.666  70.312 0.0000000000
136765  -31.724  -8.896  68.285 0.0000000000
73784  -33.826  -8.040  66.961 0.0000000000
150262  -35.217  -9.079  65.065 0.0000000000
74768  -37.183  -6.863  68.321 0.0000000000
142309  -18.071  -21.176  78.710 0.0000000000
57524  -16.674  -24.001  78.048 0.0000000000
145429  -50.682  6.372  48.717 0.0000000000
47346  -5.983  -34.629  89.394 0.0000000000
62647  -34.944  -19.916  68.708 0.0000000000
65490  -32.255  -18.497  71.322 0.0000000000
64452  -34.566  -18.489  74.872 0.0000000000
65445  -32.772  -17.088  74.713 0.0000000000
67586  -31.218  -14.372  73.492 0.0000000000
70630  -31.696  -11.666  75.590 0.0000000000
59666  -28.261  -23.030  71.407 0.0000000000
61554  -22.476  -19.348  78.268 0.0000000000
61601  -20.756  -20.567  75.050 0.0000000000
83659  -49.688  1.164  53.209 0.0000000000
83683  -51.088  1.280  51.187 0.0000000000
86614  -50.666  4.863  50.855 0.0000000000
89345  -52.690  7.301  52.348 0.0000000000
48375  -9.100  -32.513  82.716 0.0000000000
48373  -7.323  -33.804  83.796 0.0000000000
72760  -37.552  -8.778  59.615 0.0000000000
71705  -37.413  -9.517  63.587 0.0000000000
72716  -38.812  -9.520  62.661 0.0000000000
74840  -39.870  -7.866  61.232 0.0000000000
75820  -43.805  -6.239  62.784 0.0000000000
50296  -10.892  -30.549  83.113 0.0000000000
47380  -6.722  -34.350  85.983 0.0000000000
45402  -5.804  -36.155  87.225 0.0000000000
45401  -4.420  -36.305  87.741 0.0000000000
153195  -9.169  -31.146  86.020 0.0000000000
59685  -33.421  -22.663  70.091 0.0000000000
60650  -33.905  -22.030  70.047 0.0000000000
59687  -35.012  -22.156  70.827 0.0000000000
61596  -25.928  -20.317  75.851 0.0000000000
61618  -25.800  -20.175  74.032 0.0000000000
60601  -27.299  -20.448  74.974 0.0000000000
58652  -32.682  -24.057  70.916 0.0000000000
58651  -31.931  -24.217  70.682 0.0000000000
59684  -32.737  -23.103  69.807 0.0000000000
141782  -32.536  -22.862  68.367 0.0000000000
59588  -27.385  -21.002  78.446 0.0000000000
153885  -27.082  -20.624  79.129 0.0000000000
60578  -26.093  -20.109  77.266 0.0000000000
61584  -25.522  -20.054  76.617 0.0000000000
82727  -46.394  0.332  52.372 0.0000000000
64518  -31.535  -17.981  69.659 0.0000000000
65510  -30.602  -17.383  69.414 0.0000000000
71704  -31.064  -9.892  63.474 0.0000000000
71737  -31.456  -10.617  62.012 0.0000000000
72712  -33.263  -9.155  62.016 0.0000000000
54472  -15.062  -27.178  78.620 0.0000000000
56428  -15.456  -25.498  80.314 0.0000000000
54462  -14.765  -27.018  79.361 0.0000000000
54448  -13.680  -27.583  80.365 0.0000000000
52471  -13.906  -29.047  79.036 0.0000000000
57593  -34.645  -22.848  75.855 0.0000000000
58614  -35.126  -21.896  75.823 0.0000000000
59603  -36.617  -21.465  77.781 0.0000000000
58549  -29.952  -22.542  78.623 0.0000000000
57543  -29.722  -23.017  76.818 0.0000000000
57527  -31.075  -23.339  78.418 0.0000000000
56486  -34.231  -23.396  77.630 0.0000000000
55474  -32.423  -23.698  76.644 0.0000000000
56526  -33.457  -23.943  75.910 0.0000000000
57590  -33.965  -24.261  74.707 0.0000000000
76847  -43.527  -5.187  61.104 0.0000000000
77810  -42.496  -4.667  60.571 0.0000000000
77812  -44.195  -4.333  61.075 0.0000000000
81704  -47.110  0.024  60.530 0.0000000000
80772  -45.626  -1.361  59.827 0.0000000000
81724  -45.906  0.432  59.169 0.0000000000
82675  -45.941  0.403  58.176 0.0000000000
142474  -46.887  1.401  58.868 0.0000000000
138481  -48.083  2.502  58.047 0.0000000000
84565  -48.756  2.344  60.087 0.0000000000
71601  -30.890  -10.448  73.151 0.0000000000
70662  -30.489  -11.854  71.100 0.0000000000
71609  -31.279  -10.545  72.255 0.0000000000
73718  -33.706  -8.255  70.897 0.0000000000
72627  -32.101  -8.414  69.721 0.0000000000
72628  -33.090  -8.461  69.468 0.0000000000
72653  -32.303  -8.549  67.557 0.0000000000
151192  -34.081  -8.129  68.073 0.0000000000
73785  -34.927  -7.133  66.980 0.0000000000
73772  -36.332  -7.600  69.145 0.0000000000
61563  -19.518  -20.083  77.787 0.0000000000
61540  -19.226  -19.881  79.611 0.0000000000
60576  -19.126  -20.985  77.467 0.0000000000
58583  -17.409  -23.649  76.793 0.0000000000
89360  -52.338  7.536  49.840 0.0000000000
90229  -52.867  8.526  48.805 0.0000000000
47347  -6.557  -34.384  89.129 0.0000000000
61666  -34.811  -20.104  69.807 0.0000000000
149351  -35.175  -20.300  68.955 0.0000000000
162055  -34.425  -19.200  70.139 0.0000000000
63535  -34.109  -18.801  69.940 0.0000000000
64491  -33.142  -18.705  71.623 0.0000000000
63487  -35.753  -18.896  76.817 0.0000000000
63497  -34.886  -18.942  75.198 0.0000000000
64441  -34.488  -18.275  76.231 0.0000000000
68575  -32.981  -13.809  77.517 0.0000000000
66536  -32.831  -15.421  76.474 0.0000000000
67568  -32.493  -14.533  76.221 0.0000000000
66546  -31.840  -15.603  74.591 0.0000000000
67567  -31.977  -13.971  75.581 0.0000000000
148058  -31.397  -13.015  74.397 0.0000000000
142712  -32.295  -12.109  76.210 0.0000000000
61654  -26.027  -20.591  70.739 0.0000000000
58624  -29.119  -23.406  73.562 0.0000000000
58623  -28.631  -22.914  73.198 0.0000000000
136337  -28.807  -23.892  71.939 0.0000000000
58688  -29.687  -23.486  69.158 0.0000000000
61544  -23.600  -19.530  79.549 0.0000000000
142571  -22.992  -19.689  74.728 0.0000000000
61592  -21.581  -20.193  75.540 0.0000000000
155842  -21.297  -20.183  73.824 0.0000000000
60615  -20.282  -21.385  73.051 0.0000000000
136904  -49.535  1.930  55.988 0.0000000000
83643  -48.561  1.498  54.472 0.0000000000
83645  -50.311  1.914  54.859 0.0000000000
83663  -53.137  2.086  53.809 0.0000000000
161969  -51.834  1.681  53.467 0.0000000000
85596  -51.985  2.816  52.442 0.0000000000
85601  -50.535  3.334  51.283 0.0000000000
86611  -51.806  4.480  51.641 0.0000000000
88522  -51.788  6.277  51.450 0.0000000000
158235  -52.900  5.278  52.841 0.0000000000
136466  -29.643  -12.902  68.339 0.0000000000
147469  -29.586  -14.781  67.367 0.0000000000
71784  -37.516  -10.568  59.867 0.0000000000
71767  -37.422  -10.531  60.975 0.0000000000
72678  -36.776  -8.756  65.757 0.0000000000
72688  -36.194  -8.310  64.589 0.0000000000
71681  -37.535  -9.168  65.377 0.0000000000
71696  -41.627  -9.515  64.796 0.0000000000
71707  -39.449  -9.963  63.652 0.0000000000
71708  -40.688  -9.882  63.017 0.0000000000
72739  -39.824  -8.916  62.167 0.0000000000
73842  -41.639  -8.840  62.469 0.0000000000
147565  -42.643  -7.073  62.161 0.0000000000
73832  -43.078  -7.752  63.304 0.0000000000
53453  -13.620  -28.490  81.930 0.0000000000
52413  -12.511  -28.986  83.019 0.0000000000
52393  -11.713  -29.397  84.150 0.0000000000
51337  -11.573  -30.142  82.754 0.0000000000
50318  -10.464  -31.524  81.731 0.0000000000
50319  -11.149  -31.164  81.219 0.0000000000
143884  -7.169  -35.391  83.447 0.0000000000
141335  -7.006  -34.456  85.050 0.0000000000
46414  -6.701  -35.261  84.442 0.0000000000
43558  -5.569  -38.213  86.282 0.0000000000
44453  -5.659  -37.335  86.405 0.0000000000
44452  -5.377  -37.672  86.925 0.0000000000
155267  -4.944  -36.364  87.910 0.0000000000
43549  -5.013  -37.823  87.106 0.0000000000
56448  -32.066  -23.571  78.817 0.0000000000
77791  -46.889  -3.960  63.168 0.0000000000
79778  -46.052  -2.803  61.946 0.0000000000
159533  -48.161  -2.231  62.636 0.0000000000
73676  -31.805  -8.782  72.905 0.0000000000
153105  -19.092  -22.181  75.429 0.0000000000
59611  -18.992  -21.997  76.355 0.0000000000
152194  -8.282  -31.519  88.533 0.0000000000
49248  -7.380  -32.733  88.095 0.0000000000
59723  -34.584  -22.296  68.469 0.0000000000
61655  -34.619  -20.833  70.109 0.0000000000
62625  -35.136  -19.891  71.308 0.0000000000
70617  -32.447  -12.085  77.762 0.0000000000
61616  -23.409  -19.520  73.947 0.0000000000
61628  -23.893  -19.955  72.091 0.0000000000
164371  -25.227  -19.816  72.949 0.0000000000
61631  -26.444  -20.357  72.381 0.0000000000
60635  -26.800  -20.762  70.928 0.0000000000
57645  -30.846  -24.535  71.794 0.0000000000
58649  -29.524  -24.197  71.154 0.0000000000
58650  -31.049  -24.372  70.832 0.0000000000
58670  -31.397  -23.632  69.438 0.0000000000
58708  -31.914  -23.358  67.823 0.0000000000
60556  -24.944  -20.403  78.980 0.0000000000
154716  -23.792  -19.839  77.752 0.0000000000
61567  -24.128  -19.959  77.372 0.0000000000
61594  -24.210  -19.409  76.067 0.0000000000
80812  -42.353  -1.290  55.983 0.0000000000
82736  -48.032  -0.081  51.514 0.0000000000
85568  -53.165  3.434  57.152 0.0000000000
83636  -52.276  2.124  55.436 0.0000000000
70704  -30.055  -11.228  66.286 0.0000000000
71765  -35.315  -10.840  60.792 0.0000000000
142150  -35.881  -10.265  61.340 0.0000000000
71650  -40.097  -9.615  67.915 0.0000000000
71672  -39.563  -9.793  66.606 0.0000000000
71663  -41.309  -10.191  67.764 0.0000000000
58545  -16.247  -23.686  79.990 0.0000000000
57491  -15.717  -23.901  81.139 0.0000000000
56407  -14.703  -25.182  82.166 0.0000000000
55401  -14.128  -26.696  82.130 0.0000000000
53466  -13.503  -28.120  81.000 0.0000000000
52450  -12.534  -29.442  80.510 0.0000000000
51371  -12.064  -30.147  79.933 0.0000000000
51390  -12.679  -30.234  79.388 0.0000000000
58632  -34.053  -23.678  71.927 0.0000000000
145534  -35.527  -22.380  72.779 0.0000000000
59644  -35.801  -22.403  73.834 0.0000000000
61597  -35.531  -20.269  76.591 0.0000000000
59601  -28.365  -21.336  77.384 0.0000000000
59623  -28.279  -21.215  75.721 0.0000000000
147822  -29.072  -22.074  76.173 0.0000000000
57574  -29.884  -23.114  74.718 0.0000000000
57588  -30.109  -24.096  74.338 0.0000000000
56482  -31.450  -23.515  77.225 0.0000000000
159489  -30.824  -24.686  74.857 0.0000000000
162480  -30.206  -25.154  73.722 0.0000000000
57606  -31.820  -24.974  73.126 0.0000000000
57629  -33.218  -24.256  72.621 0.0000000000
59580  -28.484  -21.726  79.296 0.0000000000
75852  -39.723  -6.524  60.136 0.0000000000
134941  -39.357  -6.601  58.045 0.0000000000
76859  -40.398  -5.282  59.460 0.0000000000
161185  -40.569  -3.966  58.637 0.0000000000
80782  -41.879  -2.107  58.323 0.0000000000
79789  -44.883  -2.346  61.080 0.0000000000
79810  -44.024  -1.655  59.322 0.0000000000
80795  -42.582  -1.144  57.487 0.0000000000
81740  -43.972  -0.033  56.570 0.0000000000
82691  -44.391  0.597  56.234 0.0000000000
83629  -45.647  1.300  55.683 0.0000000000
83656  -46.804  1.300  53.958 0.0000000000
83631  -47.290  1.783  55.841 0.0000000000
83608  -48.951  2.441  57.254 0.0000000000
84574  -50.406  2.821  57.044 0.0000000000
85551  -50.211  3.773  60.430 0.0000000000
86572  -51.969  4.541  58.238 0.0000000000
67612  -30.565  -14.134  71.622 0.0000000000
147750  -30.535  -14.903  70.175 0.0000000000
68687  -30.409  -13.567  70.361 0.0000000000
148703  -29.962  -12.024  69.667 0.0000000000
70686  -29.983  -11.332  68.511 0.0000000000
72610  -31.551  -9.535  70.975 0.0000000000
71636  -30.860  -9.790  69.439 0.0000000000
157651  -30.384  -10.077  68.214 0.0000000000
72651  -30.652  -9.818  67.020 0.0000000000
72676  -31.247  -9.028  65.893 0.0000000000
73810  -32.941  -8.042  65.066 0.0000000000
73830  -33.578  -8.252  63.888 0.0000000000
156882  -34.139  -8.264  65.740 0.0000000000
73799  -35.987  -7.176  66.411 0.0000000000
74783  -37.779  -7.444  67.912 0.0000000000
73755  -39.009  -7.734  69.109 0.0000000000
72641  -39.745  -8.994  68.247 0.0000000000
59578  -17.381  -21.894  79.239 0.0000000000
59598  -18.068  -22.172  77.465 0.0000000000
59597  -17.404  -22.669  77.829 0.0000000000
58546  -16.703  -22.863  79.284 0.0000000000
57523  -16.277  -24.621  78.529 0.0000000000
63534  -32.304  -18.305  70.347 0.0000000000
65488  -31.456  -16.977  71.172 0.0000000000
60628  -35.701  -21.033  72.821 0.0000000000
62613  -35.097  -19.678  72.679 0.0000000000
149662  -33.857  -19.283  73.636 0.0000000000
152409  -33.460  -17.533  74.862 0.0000000000
65467  -33.380  -17.834  73.238 0.0000000000
65466  -32.338  -17.078  72.878 0.0000000000
66565  -31.494  -16.343  72.957 0.0000000000
66576  -31.116  -15.534  71.705 0.0000000000
68653  -30.910  -13.890  73.129 0.0000000000
156226  -31.315  -11.982  74.201 0.0000000000
71585  -31.417  -10.397  74.427 0.0000000000
71573  -32.049  -10.484  77.198 0.0000000000
72555  -32.120  -9.661  76.577 0.0000000000
60617  -27.711  -21.311  73.380 0.0000000000
60627  -27.636  -21.368  72.296 0.0000000000
59682  -27.582  -22.041  70.309 0.0000000000
58648  -28.844  -23.567  70.799 0.0000000000
58667  -28.750  -23.191  69.702 0.0000000000
61542  -20.928  -19.496  79.026 0.0000000000
61564  -20.455  -19.972  77.431 0.0000000000
61566  -22.869  -19.850  77.594 0.0000000000
61580  -21.418  -20.107  76.493 0.0000000000
60599  -20.151  -21.045  75.445 0.0000000000
59631  -19.732  -21.865  74.140 0.0000000000
83657  -47.820  1.105  53.726 0.0000000000
82719  -48.041  0.947  52.756 0.0000000000
83681  -49.352  0.725  51.588 0.0000000000
136068  -51.060  1.431  54.172 0.0000000000
83672  -51.086  0.822  52.131 0.0000000000
83682  -49.952  0.667  51.507 0.0000000000
84625  -49.785  2.394  51.032 0.0000000000
135827  -49.506  2.807  49.936 0.0000000000
157114  -48.828  4.175  49.192 0.0000000000
87590  -50.080  5.313  49.454 0.0000000000
159540  -51.829  6.588  50.633 0.0000000000
49302  -8.961  -31.873  83.709 0.0000000000
49290  -8.503  -32.318  84.649 0.0000000000
49301  -8.371  -32.679  83.512 0.0000000000
66613  -29.798  -15.771  68.687 0.0000000000
73888  -37.875  -8.229  59.594 0.0000000000
72700  -35.215  -8.548  63.471 0.0000000000
138037  -36.062  -8.873  62.934 0.0000000000
135303  -37.063  -9.795  62.086 0.0000000000
71693  -38.369  -9.625  64.537 0.0000000000
151797  -38.273  -9.724  63.325 0.0000000000
71743  -37.413  -9.974  61.750 0.0000000000
72737  -38.214  -9.082  61.122 0.0000000000
73872  -38.118  -8.186  60.566 0.0000000000
74860  -39.182  -7.196  60.288 0.0000000000
75835  -41.056  -6.881  61.294 0.0000000000
75837  -42.864  -6.080  61.868 0.0000000000
76817  -44.505  -5.445  62.484 0.0000000000
51309  -10.921  -29.977  85.398 0.0000000000
138628  -11.117  -29.818  84.494 0.0000000000
159822  -10.650  -30.302  83.997 0.0000000000
50303  -10.365  -31.249  82.674 0.0000000000
49329  -10.180  -32.405  81.378 0.0000000000
48345  -7.754  -33.051  85.187 0.0000000000
141929  -7.084  -33.834  86.408 0.0000000000
47367  -6.678  -34.171  87.622 0.0000000000
45414  -6.000  -36.882  85.485 0.0000000000
46398  -6.185  -35.672  86.888 0.0000000000
47358  -6.235  -34.852  88.314 0.0000000000
45397  -5.787  -35.688  88.581 0.0000000000
45388  -4.637  -36.025  89.209 0.0000000000
139622  -4.303  -39.060  86.212 0.0000000000
43555  -4.070  -38.085  86.206 0.0000000000
50268  -9.888  -30.730  86.181 0.0000000000
59686  -34.243  -22.473  70.435 0.0000000000
59668  -34.603  -22.858  71.170 0.0000000000
60591  -26.376  -20.365  76.332 0.0000000000
61606  -26.615  -19.855  75.052 0.0000000000
60600  -26.853  -20.558  75.703 0.0000000000
58653  -33.525  -23.757  71.286 0.0000000000
58672  -33.061  -23.351  70.508 0.0000000000
144945  -26.985  -20.046  76.939 0.0000000000
60579  -26.755  -20.630  77.715 0.0000000000
82726  -45.859  0.040  52.769 0.0000000000
65498  -30.960  -16.730  70.692 0.0000000000
151933  -30.907  -17.337  70.193 0.0000000000
65497  -30.480  -16.588  69.983 0.0000000000
72710  -31.624  -9.498  62.985 0.0000000000
71715  -31.277  -10.268  62.787 0.0000000000
71716  -31.660  -9.890  62.338 0.0000000000
72711  -32.256  -9.238  62.295 0.0000000000
72734  -32.623  -9.509  61.372 0.0000000000
140825  -32.991  -8.843  63.073 0.0000000000
53479  -14.645  -27.656  79.068 0.0000000000
57577  -34.108  -23.075  76.405 0.0000000000
58588  -35.226  -22.136  77.367 0.0000000000
57547  -35.758  -22.461  77.692 0.0000000000
57513  -30.596  -23.081  79.557 0.0000000000
57526  -30.723  -22.602  78.071 0.0000000000
57514  -30.965  -23.585  79.113 0.0000000000
56487  -34.644  -23.116  77.680 0.0000000000
56504  -33.875  -23.454  76.978 0.0000000000
56505  -34.026  -23.339  76.986 0.0000000000
56548  -34.059  -23.934  75.536 0.0000000000
57502  -30.670  -22.870  80.350 0.0000000000
77797  -44.183  -4.962  61.359 0.0000000000
77796  -43.878  -4.931  60.930 0.0000000000
77798  -44.708  -4.449  61.519 0.0000000000
81705  -47.743  0.547  60.841 0.0000000000
81717  -46.701  0.250  60.055 0.0000000000
82666  -47.124  0.799  60.145 0.0000000000
82671  -46.556  0.862  59.513 0.0000000000
83596  -47.405  1.455  59.437 0.0000000000
83601  -48.199  1.943  58.870 0.0000000000
83597  -48.194  1.824  59.712 0.0000000000
71592  -31.246  -9.915  73.612 0.0000000000
72583  -31.301  -9.557  72.849 0.0000000000
73734  -34.570  -8.103  70.508 0.0000000000
73733  -33.825  -8.418  70.022 0.0000000000
73750  -33.768  -8.042  69.159 0.0000000000
73770  -34.422  -7.669  68.917 0.0000000000
142388  -35.288  -7.425  69.116 0.0000000000
73752  -35.470  -7.851  70.026 0.0000000000
90212  -52.846  8.073  49.746 0.0000000000
89363  -52.285  7.737  49.101 0.0000000000
90220  -53.554  8.682  49.609 0.0000000000
49240  -7.457  -32.731  88.769 0.0000000000
48312  -7.155  -33.114  89.166 0.0000000000
48311  -6.693  -33.501  89.343 0.0000000000
47348  -6.915  -33.925  88.951 0.0000000000
62619  -34.660  -19.899  70.876 0.0000000000
63536  -34.609  -19.481  70.151 0.0000000000
63527  -34.380  -19.712  70.926 0.0000000000
63526  -33.866  -19.289  70.855 0.0000000000
64492  -33.855  -18.875  71.954 0.0000000000
64434  -34.958  -18.660  76.500 0.0000000000
65418  -34.284  -17.594  77.648 0.0000000000
68593  -32.570  -13.700  76.871 0.0000000000
68612  -32.436  -13.564  76.216 0.0000000000
154687  -32.321  -13.128  75.870 0.0000000000
61626  -21.599  -20.248  72.244 0.0000000000
135877  -22.235  -20.299  71.838 0.0000000000
57605  -29.220  -24.232  73.313 0.0000000000
58631  -28.705  -23.854  72.862 0.0000000000
61615  -22.294  -19.493  73.783 0.0000000000
61603  -22.061  -20.140  74.662 0.0000000000
157966  -21.640  -19.663  72.981 0.0000000000
61625  -20.883  -20.487  72.787 0.0000000000
82746  -49.680  0.570  50.007 0.0000000000
84580  -50.298  2.075  56.449 0.0000000000
83633  -49.835  1.765  55.587 0.0000000000
83617  -50.851  1.883  56.083 0.0000000000
84614  -53.372  3.034  53.573 0.0000000000
84613  -52.627  2.528  53.253 0.0000000000
85597  -52.663  3.519  52.903 0.0000000000
85603  -52.338  3.931  52.081 0.0000000000
86606  -52.733  4.589  52.692 0.0000000000
140248  -52.378  4.864  52.053 0.0000000000
86607  -53.282  4.719  53.269 0.0000000000
69681  -29.716  -12.372  67.646 0.0000000000
68722  -29.624  -13.180  67.524 0.0000000000
69689  -29.821  -12.800  66.633 0.0000000000
71766  -36.320  -10.907  60.845 0.0000000000
70781  -36.638  -11.373  60.332 0.0000000000
70782  -37.140  -11.276  60.331 0.0000000000
72667  -37.206  -8.868  66.687 0.0000000000
156483  -38.042  -9.459  65.856 0.0000000000
136426  -41.749  -9.425  63.974 0.0000000000
72702  -41.316  -9.625  63.293 0.0000000000
72703  -41.930  -9.146  63.213 0.0000000000
72719  -41.219  -9.462  62.664 0.0000000000
73843  -42.361  -8.394  62.913 0.0000000000
145835  -43.104  -7.966  64.130 0.0000000000
52414  -13.067  -29.154  82.225 0.0000000000
51338  -12.263  -29.634  82.440 0.0000000000
51354  -11.774  -30.326  81.685 0.0000000000
73678  -33.583  -7.967  73.464 0.0000000000
58598  -18.708  -22.877  75.018 0.0000000000
50244  -8.767  -31.822  87.240 0.0000000000
50236  -9.035  -31.050  88.167 0.0000000000
50235  -8.489  -31.616  87.855 0.0000000000
49249  -7.789  -32.089  88.290 0.0000000000
49256  -8.073  -32.260  87.610 0.0000000000
59705  -33.859  -22.468  69.377 0.0000000000
60651  -34.478  -21.696  70.233 0.0000000000
60664  -34.453  -21.669  69.646 0.0000000000
155602  -34.843  -20.305  70.482 0.0000000000
61657  -35.270  -20.333  71.102 0.0000000000
61617  -24.222  -19.772  73.960 0.0000000000
62604  -23.973  -19.516  73.053 0.0000000000
142716  -24.938  -19.881  73.426 0.0000000000
61619  -26.467  -20.277  73.261 0.0000000000
60626  -27.005  -20.718  71.781 0.0000000000
58671  -32.203  -23.655  70.093 0.0000000000
164527  -31.492  -24.013  70.167 0.0000000000
58690  -31.314  -23.590  68.530 0.0000000000
152382  -26.192  -20.364  78.940 0.0000000000
60558  -26.544  -20.557  79.823 0.0000000000
60557  -25.618  -20.343  79.552 0.0000000000
61556  -25.012  -20.309  78.342 0.0000000000
61595  -25.073  -20.090  75.963 0.0000000000
61583  -24.638  -19.920  76.791 0.0000000000
138052  -24.771  -19.667  75.316 0.0000000000
61604  -24.005  -19.572  74.880 0.0000000000
81749  -42.849  -0.737  55.979 0.0000000000
71679  -30.264  -10.470  65.737 0.0000000000
70712  -29.922  -11.405  65.234 0.0000000000
70721  -30.193  -11.282  64.181 0.0000000000
71740  -34.103  -10.056  61.383 0.0000000000
71741  -34.963  -10.198  61.398 0.0000000000
159590  -35.427  -9.632  61.746 0.0000000000
71651  -41.081  -10.232  68.112 0.0000000000
71662  -40.611  -10.091  67.704 0.0000000000
72680  -42.985  -9.018  66.094 0.0000000000
57512  -16.120  -24.538  79.347 0.0000000000
57501  -15.929  -24.699  80.263 0.0000000000
57500  -15.205  -24.834  80.997 0.0000000000
56416  -14.697  -25.119  81.494 0.0000000000
55402  -14.534  -25.999  82.601 0.0000000000
55414  -13.933  -26.391  81.093 0.0000000000
53477  -13.359  -28.156  80.113 0.0000000000
53467  -13.664  -27.441  81.116 0.0000000000
52451  -12.939  -28.680  80.261 0.0000000000
52469  -12.645  -29.352  79.820 0.0000000000
57630  -34.084  -23.774  72.871 0.0000000000
59656  -35.380  -22.826  73.359 0.0000000000
58626  -35.569  -22.941  74.258 0.0000000000
60580  -36.475  -20.919  77.640 0.0000000000
161412  -35.173  -21.133  76.179 0.0000000000
61585  -35.967  -20.397  77.539 0.0000000000
59613  -28.630  -21.341  76.451 0.0000000000
58585  -28.825  -22.140  76.916 0.0000000000
57559  -30.287  -23.315  76.294 0.0000000000
57558  -29.985  -22.785  75.789 0.0000000000
57587  -29.528  -23.828  73.927 0.0000000000
56465  -32.256  -24.461  78.207 0.0000000000
56464  -31.850  -24.488  78.176 0.0000000000
138555  -31.902  -25.250  75.469 0.0000000000
56524  -31.550  -24.775  75.871 0.0000000000
141849  -31.208  -25.129  75.235 0.0000000000
56544  -30.807  -25.173  74.456 0.0000000000
56565  -31.172  -25.209  73.880 0.0000000000
161242  -30.950  -25.017  73.139 0.0000000000
56566  -32.163  -25.121  74.035 0.0000000000
57608  -33.614  -24.284  73.640 0.0000000000
57648  -33.596  -24.021  72.031 0.0000000000
58548  -29.138  -22.097  78.979 0.0000000000
58547  -28.751  -21.522  78.579 0.0000000000
59589  -28.073  -21.379  78.160 0.0000000000
75853  -40.592  -6.356  60.561 0.0000000000
75865  -40.123  -5.890  59.855 0.0000000000
76844  -41.076  -5.596  60.294 0.0000000000
77825  -42.770  -4.058  60.136 0.0000000000
77824  -41.159  -4.170  59.341 0.0000000000
137540  -41.824  -3.647  59.524 0.0000000000
79799  -41.708  -2.839  58.745 0.0000000000
79808  -42.585  -2.434  58.999 0.0000000000
151698  -46.472  -2.177  61.708 0.0000000000
79777  -45.770  -2.117  61.232 0.0000000000
80786  -45.030  -0.701  59.253 0.0000000000
80771  -44.682  -1.390  59.630 0.0000000000
80785  -44.337  -1.049  58.815 0.0000000000
80784  -43.483  -1.304  58.389 0.0000000000
80796  -43.991  -0.743  57.968 0.0000000000
81730  -43.454  -0.674  57.105 0.0000000000
81731  -44.482  -0.379  57.399 0.0000000000
82683  -45.653  0.817  57.332 0.0000000000
82682  -44.925  0.153  56.916 0.0000000000
83612  -45.750  1.349  56.532 0.0000000000
82692  -44.973  1.085  55.982 0.0000000000
83630  -46.458  1.488  55.744 0.0000000000
83613  -46.657  1.723  56.635 0.0000000000
83602  -48.851  2.410  58.303 0.0000000000
135807  -48.164  2.260  57.200 0.0000000000
163269  -49.708  2.537  56.913 0.0000000000
144514  -50.153  2.887  58.145 0.0000000000
85560  -51.058  4.072  58.555 0.0000000000
68678  -30.500  -13.324  71.665 0.0000000000
158337  -30.502  -13.648  71.048 0.0000000000
70669  -30.661  -10.865  70.893 0.0000000000
150320  -30.233  -12.198  70.326 0.0000000000
70668  -30.280  -11.334  70.190 0.0000000000
70677  -29.832  -11.758  69.013 0.0000000000
155952  -30.133  -11.278  69.331 0.0000000000
73698  -32.621  -8.604  72.346 0.0000000000
72584  -32.198  -9.305  72.128 0.0000000000
156297  -32.603  -8.754  71.712 0.0000000000
72626  -31.404  -9.161  70.066 0.0000000000
72637  -31.603  -9.118  69.133 0.0000000000
71649  -30.910  -9.591  68.622 0.0000000000
71659  -30.380  -10.260  67.513 0.0000000000
72652  -30.812  -9.404  67.754 0.0000000000
73783  -32.884  -8.270  66.815 0.0000000000
72666  -31.948  -8.591  66.591 0.0000000000
73796  -32.853  -8.445  65.903 0.0000000000
72677  -32.143  -8.576  65.503 0.0000000000
159013  -33.670  -8.491  65.287 0.0000000000
73797  -33.627  -8.175  66.100 0.0000000000
73771  -36.382  -6.883  68.069 0.0000000000
74793  -35.950  -6.506  66.744 0.0000000000
74782  -37.070  -6.620  67.746 0.0000000000
73787  -36.996  -8.036  67.294 0.0000000000
73737  -39.166  -7.634  70.090 0.0000000000
73756  -39.872  -7.767  69.300 0.0000000000
73773  -39.680  -8.149  68.659 0.0000000000
72642  -40.995  -8.889  68.667 0.0000000000
60555  -18.675  -20.552  79.159 0.0000000000
60554  -17.758  -20.898  79.613 0.0000000000
59622  -18.527  -22.661  75.871 0.0000000000
59610  -18.393  -22.448  76.753 0.0000000000
58584  -17.897  -23.114  76.300 0.0000000000
57542  -16.946  -24.194  77.292 0.0000000000
58573  -17.192  -23.455  77.588 0.0000000000
58561  -16.837  -23.191  78.342 0.0000000000
58560  -16.445  -23.805  78.889 0.0000000000
57541  -16.583  -24.843  77.777 0.0000000000
152894  -5.218  -34.450  89.233 0.0000000000
60679  -35.610  -21.124  68.379 0.0000000000
63525  -33.244  -18.771  70.548 0.0000000000
143955  -33.371  -18.557  69.689 0.0000000000
65489  -31.763  -17.844  71.065 0.0000000000
139631  -31.680  -17.607  71.718 0.0000000000
59657  -35.831  -21.748  73.325 0.0000000000
59670  -35.496  -21.666  72.295 0.0000000000
155042  -35.589  -20.597  73.825 0.0000000000
64453  -34.824  -18.875  74.876 0.0000000000
62605  -34.877  -19.749  73.541 0.0000000000
64466  -34.356  -19.227  74.364 0.0000000000
63511  -34.842  -19.614  72.775 0.0000000000
64465  -33.998  -18.804  74.363 0.0000000000
66548  -32.758  -16.519  75.410 0.0000000000
65446  -33.180  -17.102  75.403 0.0000000000
65456  -33.329  -17.724  74.159 0.0000000000
140441  -32.767  -17.223  73.627 0.0000000000
149392  -33.034  -17.506  72.850 0.0000000000
67587  -31.487  -14.984  74.001 0.0000000000
66556  -31.620  -15.978  73.784 0.0000000000
66555  -31.207  -15.342  73.292 0.0000000000
158208  -31.474  -16.108  72.169 0.0000000000
66564  -31.121  -15.463  72.519 0.0000000000
67599  -30.892  -14.621  72.870 0.0000000000
69609  -31.353  -12.255  75.113 0.0000000000
70638  -31.234  -11.318  74.734 0.0000000000
160905  -31.308  -11.391  74.062 0.0000000000
71586  -31.433  -10.642  75.398 0.0000000000
71568  -32.408  -10.231  78.127 0.0000000000
149648  -32.296  -11.137  77.670 0.0000000000
153678  -32.146  -8.891  76.074 0.0000000000
61641  -23.588  -20.399  71.235 0.0000000000
61652  -24.078  -20.547  70.587 0.0000000000
59632  -28.402  -21.849  74.857 0.0000000000
60609  -27.803  -21.226  74.435 0.0000000000
59643  -28.466  -21.899  73.761 0.0000000000
59655  -28.310  -23.161  72.350 0.0000000000
59654  -28.124  -22.198  72.785 0.0000000000
59665  -27.856  -22.347  71.866 0.0000000000
143954  -27.774  -22.375  71.067 0.0000000000
159050  -30.171  -24.282  70.674 0.0000000000
61553  -21.383  -19.148  78.215 0.0000000000
61552  -20.302  -19.435  78.181 0.0000000000
61565  -20.982  -19.324  77.570 0.0000000000
136193  -23.121  -20.136  77.083 0.0000000000
61591  -20.739  -20.520  75.987 0.0000000000
60607  -20.233  -21.108  74.462 0.0000000000
83642  -47.015  1.627  54.897 0.0000000000
162031  -47.589  1.497  54.446 0.0000000000
162023  -49.319  1.320  54.056 0.0000000000
83658  -48.745  1.149  53.483 0.0000000000
83670  -49.062  1.114  52.402 0.0000000000
83637  -53.032  1.880  55.522 0.0000000000
83646  -51.781  2.085  54.791 0.0000000000
151326  -52.136  1.513  54.113 0.0000000000
83673  -51.496  1.774  52.554 0.0000000000
158853  -51.203  0.992  51.673 0.0000000000
136146  -50.842  0.626  51.586 0.0000000000
136178  -50.046  1.361  51.228 0.0000000000
84619  -50.123  2.429  51.233 0.0000000000
85610  -50.040  4.042  50.772 0.0000000000
85609  -49.794  3.225  50.790 0.0000000000
85615  -48.893  3.927  50.077 0.0000000000
86618  -49.960  4.693  50.103 0.0000000000
87586  -50.690  5.449  50.279 0.0000000000
151316  -51.958  6.231  52.178 0.0000000000
88523  -52.078  6.909  52.018 0.0000000000
89349  -52.627  7.581  51.664 0.0000000000
156364  -8.499  -33.224  82.713 0.0000000000
67637  -30.323  -14.417  69.436 0.0000000000
146906  -30.271  -15.519  69.524 0.0000000000
67651  -29.988  -14.790  68.753 0.0000000000
72766  -38.234  -9.256  58.886 0.0000000000
73822  -34.625  -8.430  64.126 0.0000000000
72699  -34.323  -8.545  63.614 0.0000000000
72689  -36.769  -9.000  64.170 0.0000000000
145103  -36.022  -8.528  63.842 0.0000000000
72701  -36.619  -9.093  63.472 0.0000000000
72715  -36.260  -9.598  62.035 0.0000000000
71717  -36.894  -9.454  62.788 0.0000000000
150752  -40.059  -9.896  66.116 0.0000000000
160389  -38.995  -9.739  64.957 0.0000000000
136110  -39.877  -9.875  65.094 0.0000000000
71720  -39.443  -9.950  63.018 0.0000000000
160877  -38.968  -9.754  63.370 0.0000000000
159573  -38.776  -9.734  63.025 0.0000000000
71719  -38.153  -9.688  62.625 0.0000000000
71744  -38.197  -9.610  62.024 0.0000000000
151998  -37.709  -9.792  61.397 0.0000000000
73859  -39.477  -8.460  61.563 0.0000000000
151740  -38.789  -8.575  61.231 0.0000000000
73873  -39.067  -7.984  60.760 0.0000000000
74859  -38.259  -7.692  60.219 0.0000000000
161014  -39.543  -7.533  60.749 0.0000000000
74861  -40.103  -7.156  60.793 0.0000000000
74826  -43.374  -7.014  62.787 0.0000000000
74843  -43.381  -6.246  62.301 0.0000000000
75838  -43.887  -5.640  62.303 0.0000000000
75821  -44.397  -5.943  63.036 0.0000000000
51322  -11.325  -29.912  83.620 0.0000000000
50295  -10.138  -30.886  83.517 0.0000000000
49330  -10.740  -32.018  80.872 0.0000000000
48360  -7.647  -33.070  84.101 0.0000000000
48344  -7.170  -33.701  85.606 0.0000000000
48333  -7.358  -33.774  87.084 0.0000000000
47374  -6.910  -34.399  86.839 0.0000000000
44462  -6.295  -37.927  84.601 0.0000000000
45421  -6.450  -36.954  84.450 0.0000000000
45406  -5.824  -36.432  86.541 0.0000000000
46389  -6.487  -34.965  87.286 0.0000000000
147017  -5.922  -35.521  87.672 0.0000000000
45396  -5.095  -36.098  88.694 0.0000000000
45395  -4.260  -36.307  88.844 0.0000000000
46381  -3.910  -35.974  89.153 0.0000000000
50256  -8.609  -31.610  86.361 0.0000000000
61605  -25.608  -19.739  75.158 0.0000000000
60608  -27.071  -20.445  74.020 0.0000000000
57647  -32.950  -24.273  71.734 0.0000000000
59704  -33.046  -22.958  69.160 0.0000000000
144860  -27.967  -21.043  79.140 0.0000000000
60568  -26.721  -20.750  78.326 0.0000000000
60567  -25.809  -20.498  78.158 0.0000000000
61568  -25.083  -20.064  77.566 0.0000000000
82708  -43.979  0.297  54.489 0.0000000000
64519  -32.605  -18.360  69.344 0.0000000000
71691  -30.859  -9.721  64.313 0.0000000000
71703  -30.552  -10.484  63.844 0.0000000000
70744  -30.992  -11.079  62.596 0.0000000000
72735  -33.230  -9.592  61.085 0.0000000000
136861  -33.931  -9.463  61.798 0.0000000000
56442  -15.587  -25.728  79.451 0.0000000000
55434  -15.200  -26.462  79.182 0.0000000000
142290  -15.297  -26.147  80.016 0.0000000000
54450  -14.626  -26.632  80.169 0.0000000000
54449  -13.896  -26.993  80.701 0.0000000000
54461  -14.202  -27.270  79.865 0.0000000000
53478  -13.817  -28.027  79.591 0.0000000000
52484  -13.291  -29.634  79.235 0.0000000000
145630  -35.565  -23.064  74.993 0.0000000000
58613  -34.884  -22.336  75.950 0.0000000000
138713  -35.080  -21.732  76.887 0.0000000000
61558  -37.077  -20.654  78.060 0.0000000000
58562  -29.572  -21.878  78.050 0.0000000000
58576  -29.300  -22.482  77.230 0.0000000000
57525  -29.948  -22.598  77.647 0.0000000000
57544  -30.250  -23.190  77.216 0.0000000000
55463  -32.449  -23.867  77.254 0.0000000000
55476  -33.587  -23.562  77.235 0.0000000000
55489  -32.871  -23.739  76.309 0.0000000000
56546  -32.500  -25.241  74.934 0.0000000000
56567  -33.103  -24.820  74.312 0.0000000000
56547  -33.354  -24.664  75.180 0.0000000000
144915  -29.559  -22.399  79.515 0.0000000000
76846  -42.677  -5.186  61.007 0.0000000000
76845  -41.853  -5.035  60.474 0.0000000000
135373  -43.165  -4.645  60.839 0.0000000000
77811  -43.609  -3.976  60.731 0.0000000000
78770  -43.314  -3.445  60.088 0.0000000000
81703  -46.771  -0.564  60.965 0.0000000000
80759  -46.111  -1.448  60.388 0.0000000000
138198  -46.649  -0.476  60.192 0.0000000000
81715  -45.730  -0.398  59.457 0.0000000000
81723  -45.390  -0.069  58.734 0.0000000000
81732  -45.243  -0.004  57.777 0.0000000000
82676  -46.405  0.967  58.633 0.0000000000
82677  -46.927  1.467  58.193 0.0000000000
83606  -46.839  1.709  57.467 0.0000000000
83600  -47.485  1.819  58.547 0.0000000000
83598  -48.833  2.199  59.146 0.0000000000
136256  -30.637  -12.192  72.945 0.0000000000
69646  -30.655  -12.001  72.066 0.0000000000
70657  -30.740  -11.270  72.673 0.0000000000
70663  -30.975  -11.202  71.725 0.0000000000
71616  -31.260  -10.388  71.404 0.0000000000
72598  -32.741  -8.537  71.038 0.0000000000
72612  -32.942  -8.428  70.289 0.0000000000
72638  -32.453  -8.714  68.903 0.0000000000
157473  -32.596  -8.600  68.244 0.0000000000
72654  -33.150  -8.369  67.742 0.0000000000
73786  -35.113  -7.575  68.167 0.0000000000
62546  -19.856  -19.317  80.031 0.0000000000
61551  -19.427  -20.076  78.721 0.0000000000
60566  -18.652  -20.489  78.124 0.0000000000
60565  -18.170  -21.212  77.737 0.0000000000
89359  -51.806  7.206  49.474 0.0000000000
88536  -50.986  6.887  48.280 0.0000000000
89362  -51.613  7.385  48.681 0.0000000000
90228  -52.025  8.166  48.311 0.0000000000
90237  -52.370  9.169  47.979 0.0000000000
60665  -34.865  -20.833  69.441 0.0000000000
62633  -34.724  -19.719  69.609 0.0000000000
62632  -34.564  -19.240  69.502 0.0000000000
62588  -34.853  -19.755  75.608 0.0000000000
62594  -35.216  -19.748  74.823 0.0000000000
63493  -34.734  -18.976  76.187 0.0000000000
64442  -34.664  -18.675  75.606 0.0000000000
66525  -33.146  -15.344  77.203 0.0000000000
67557  -32.817  -14.498  77.031 0.0000000000
66540  -32.616  -15.675  75.778 0.0000000000
66547  -32.348  -16.139  75.066 0.0000000000
66557  -32.222  -16.503  74.221 0.0000000000
67576  -32.098  -15.119  75.409 0.0000000000
67575  -31.602  -14.608  74.820 0.0000000000
68632  -31.450  -14.023  74.138 0.0000000000
68611  -31.649  -13.104  75.323 0.0000000000
69610  -32.172  -12.454  75.749 0.0000000000
72544  -32.310  -9.207  78.307 0.0000000000
61581  -22.290  -19.860  76.411 0.0000000000
61593  -22.590  -19.771  75.552 0.0000000000
153386  -20.802  -20.560  74.322 0.0000000000
61614  -20.557  -20.811  73.682 0.0000000000
60624  -20.509  -21.399  72.212 0.0000000000
83632  -48.858  2.149  55.434 0.0000000000
83644  -49.496  1.708  54.793 0.0000000000
147409  -50.077  1.349  54.098 0.0000000000
83662  -52.545  1.719  53.763 0.0000000000
83684  -51.381  1.993  51.697 0.0000000000
84620  -51.015  2.352  51.320 0.0000000000
85602  -51.482  3.322  51.625 0.0000000000
86610  -50.950  4.206  51.250 0.0000000000
86615  -51.346  4.962  51.317 0.0000000000
87587  -51.271  5.564  51.095 0.0000000000
87584  -51.841  5.493  51.815 0.0000000000
87581  -52.428  5.602  52.389 0.0000000000
87582  -52.902  5.984  52.707 0.0000000000
49328  -9.444  -32.828  81.680 0.0000000000
48389  -8.769  -33.355  81.906 0.0000000000
67672  -29.642  -14.307  68.105 0.0000000000
68723  -29.609  -13.580  68.069 0.0000000000
70802  -36.997  -11.446  59.291 0.0000000000
72753  -37.460  -9.135  60.443 0.0000000000
149492  -36.102  -8.491  66.064 0.0000000000
151597  -35.975  -8.178  64.873 0.0000000000
73813  -36.247  -8.294  65.165 0.0000000000
135529  -36.924  -8.726  64.907 0.0000000000
136107  -37.534  -9.364  64.394 0.0000000000
153929  -40.853  -9.917  64.973 0.0000000000
137503  -40.089  -10.097  64.156 0.0000000000
71695  -40.920  -9.919  63.885 0.0000000000
143243  -40.124  -10.143  63.332 0.0000000000
72717  -39.587  -9.482  62.601 0.0000000000
72738  -38.933  -9.011  62.068 0.0000000000
163404  -40.499  -9.048  62.129 0.0000000000
73861  -41.259  -8.387  61.931 0.0000000000
74841  -40.710  -7.718  61.504 0.0000000000
73862  -42.015  -7.971  62.379 0.0000000000
73844  -42.744  -7.688  62.668 0.0000000000
75810  -44.004  -6.720  63.411 0.0000000000
53444  -13.740  -27.992  82.313 0.0000000000
53443  -13.196  -28.448  82.818 0.0000000000
52395  -12.713  -28.652  83.493 0.0000000000
51323  -11.901  -29.458  83.291 0.0000000000
50304  -10.968  -30.749  82.177 0.0000000000
47391  -6.952  -34.452  84.086 0.0000000000
48359  -7.356  -33.787  84.715 0.0000000000
46408  -6.552  -35.123  85.473 0.0000000000
44446  -5.580  -36.891  87.146 0.0000000000
44439  -5.421  -36.178  87.784 0.0000000000
44445  -5.256  -37.086  87.424 0.0000000000
44444  -4.707  -37.136  87.477 0.0000000000
56433  -31.716  -23.395  79.402 0.0000000000
56453  -35.069  -23.752  79.145 0.0000000000
77790  -46.136  -4.260  62.694 0.0000000000
78746  -45.773  -3.720  62.073 0.0000000000
78734  -46.645  -3.388  62.516 0.0000000000
79766  -46.715  -2.575  62.226 0.0000000000
79779  -47.184  -1.890  62.087 0.0000000000
82655  -48.494  0.757  61.407 0.0000000000
161607  -48.188  1.209  60.839 0.0000000000
83594  -48.965  2.267  60.923 0.0000000000
72573  -32.124  -8.824  74.155 0.0000000000
162057  -32.130  -8.613  73.533 0.0000000000
142860  -32.705  -8.250  73.870 0.0000000000
73699  -33.497  -8.107  72.496 0.0000000000
136368  -34.066  -7.837  71.787 0.0000000000
73719  -34.669  -8.115  71.331 0.0000000000
73736  -36.102  -7.785  70.736 0.0000000000
60589  -19.566  -21.530  75.927 0.0000000000
48326  -7.015  -33.418  87.878 0.0000000000
61656  -34.760  -19.885  70.491 0.0000000000
154444  -34.983  -19.583  71.500 0.0000000000
69598  -32.294  -12.663  77.079 0.0000000000
62603  -22.920  -19.413  73.168 0.0000000000
62612  -23.264  -19.688  72.550 0.0000000000
61629  -24.930  -20.035  72.403 0.0000000000
61630  -25.673  -20.028  72.948 0.0000000000
61643  -25.474  -20.297  71.303 0.0000000000
61644  -26.326  -20.413  71.441 0.0000000000
60649  -26.989  -21.455  70.574 0.0000000000
57626  -29.747  -24.328  72.131 0.0000000000
57644  -30.241  -24.465  71.273 0.0000000000
58669  -30.598  -23.878  69.869 0.0000000000
58689  -30.619  -23.679  68.929 0.0000000000
61545  -24.402  -19.965  79.214 0.0000000000
138742  -24.466  -20.006  78.413 0.0000000000
163582  -24.511  -19.974  77.939 0.0000000000
61582  -23.845  -19.960  76.811 0.0000000000
155793  -23.415  -19.540  75.520 0.0000000000
80803  -41.873  -1.589  56.723 0.0000000000
82737  -48.758  0.218  51.241 0.0000000000
159914  -52.347  3.578  56.994 0.0000000000
83618  -51.781  2.021  56.031 0.0000000000
84582  -52.207  2.389  56.333 0.0000000000
140717  -53.051  2.349  56.432 0.0000000000
86599  -53.756  4.855  53.771 0.0000000000
69705  -30.110  -12.128  65.990 0.0000000000
72656  -39.288  -9.476  67.807 0.0000000000
71660  -39.082  -9.471  67.047 0.0000000000
71661  -39.836  -9.849  67.412 0.0000000000
71673  -40.252  -10.096  67.048 0.0000000000
70705  -40.735  -10.011  66.530 0.0000000000
71685  -41.222  -9.897  65.971 0.0000000000
138549  -42.259  -9.219  65.657 0.0000000000
159474  -42.717  -8.816  65.409 0.0000000000
72691  -42.797  -8.487  64.677 0.0000000000
73823  -43.606  -8.035  64.711 0.0000000000
54427  -13.925  -27.450  82.213 0.0000000000
54437  -13.858  -27.110  81.515 0.0000000000
53454  -13.899  -27.827  81.725 0.0000000000
52433  -13.177  -28.976  81.272 0.0000000000
51355  -12.181  -30.150  80.882 0.0000000000
42648  -5.084  -39.692  86.496 0.0000000000
157003  -34.182  -23.362  71.441 0.0000000000
58633  -34.796  -23.143  72.300 0.0000000000
59645  -35.874  -21.856  74.357 0.0000000000
58612  -35.802  -22.511  74.870 0.0000000000
59646  -35.532  -21.348  74.914 0.0000000000
61607  -34.931  -20.437  75.831 0.0000000000
63488  -35.937  -19.353  76.796 0.0000000000
61557  -36.109  -20.517  79.003 0.0000000000
59612  -27.886  -20.503  77.060 0.0000000000
58599  -28.751  -21.961  75.594 0.0000000000
139852  -28.841  -22.499  74.877 0.0000000000
58586  -29.388  -22.501  76.413 0.0000000000
58600  -29.284  -22.548  75.407 0.0000000000
58611  -29.416  -22.855  74.293 0.0000000000
140829  -29.662  -24.795  73.800 0.0000000000
56447  -31.543  -23.720  78.626 0.0000000000
56463  -31.470  -24.068  78.094 0.0000000000
56499  -30.682  -23.933  75.896 0.0000000000
56501  -31.513  -23.993  76.527 0.0000000000
160167  -30.986  -24.545  75.663 0.0000000000
56523  -30.767  -24.094  74.883 0.0000000000
57589  -30.206  -25.024  74.277 0.0000000000
138548  -29.641  -24.560  73.163 0.0000000000
57627  -30.431  -24.709  72.711 0.0000000000
57628  -31.434  -24.776  72.379 0.0000000000
142807  -32.399  -24.627  72.377 0.0000000000
57607  -32.723  -24.659  73.312 0.0000000000
139359  -27.807  -22.068  79.901 0.0000000000
59600  -27.410  -21.122  77.883 0.0000000000
74870  -39.281  -6.834  59.708 0.0000000000
74876  -39.329  -7.237  58.800 0.0000000000
75864  -39.560  -6.403  59.245 0.0000000000
76858  -39.738  -5.801  58.872 0.0000000000
76860  -41.161  -4.884  59.769 0.0000000000
77823  -40.512  -4.611  59.034 0.0000000000
77833  -39.954  -4.230  58.151 0.0000000000
78758  -44.661  -3.496  61.162 0.0000000000
78757  -44.097  -3.492  60.859 0.0000000000
79788  -44.259  -2.573  60.636 0.0000000000
80758  -45.371  -1.705  60.648 0.0000000000
159955  -44.311  -1.914  60.003 0.0000000000
79801  -43.837  -2.288  59.931 0.0000000000
79809  -43.308  -1.977  59.176 0.0000000000
80794  -41.733  -1.692  57.653 0.0000000000
81738  -42.664  -0.947  56.556 0.0000000000
81739  -43.273  -0.353  56.284 0.0000000000
82707  -43.643  0.216  55.282 0.0000000000
82701  -44.253  0.682  55.410 0.0000000000
153671  -44.603  0.711  54.549 0.0000000000
82709  -45.333  0.772  54.206 0.0000000000
82710  -46.056  0.752  53.956 0.0000000000
83641  -46.089  1.177  54.803 0.0000000000
83614  -47.576  2.118  56.740 0.0000000000
139421  -48.002  2.454  55.842 0.0000000000
84579  -49.563  2.222  56.425 0.0000000000
84566  -49.357  2.700  60.469 0.0000000000
85550  -49.663  3.221  59.992 0.0000000000
157645  -50.456  3.379  58.546 0.0000000000
85566  -50.850  3.494  57.650 0.0000000000
84575  -51.611  3.072  56.850 0.0000000000
86579  -52.512  4.055  57.586 0.0000000000
67626  -30.689  -15.267  70.987 0.0000000000
67625  -30.557  -14.351  70.808 0.0000000000
143998  -30.443  -14.144  70.049 0.0000000000
68697  -30.247  -13.560  69.591 0.0000000000
69652  -30.388  -12.858  70.848 0.0000000000
69660  -30.197  -12.827  69.957 0.0000000000
69670  -29.817  -12.686  69.150 0.0000000000
140654  -29.732  -12.080  68.464 0.0000000000
141459  -29.892  -11.553  67.826 0.0000000000
72596  -31.935  -9.991  71.849 0.0000000000
71624  -30.829  -10.038  70.430 0.0000000000
72611  -32.115  -8.805  70.608 0.0000000000
71623  -30.416  -10.578  69.742 0.0000000000
71635  -30.370  -10.607  68.817 0.0000000000
71648  -30.111  -10.804  68.045 0.0000000000
70695  -30.129  -11.038  67.216 0.0000000000
145585  -30.353  -10.438  66.675 0.0000000000
71670  -30.656  -9.712  66.244 0.0000000000
139805  -31.558  -8.888  67.439 0.0000000000
71680  -30.767  -9.722  65.290 0.0000000000
72685  -31.536  -9.169  64.919 0.0000000000
72696  -31.695  -9.109  63.891 0.0000000000
72697  -32.653  -8.437  63.862 0.0000000000
73820  -33.037  -7.960  64.390 0.0000000000
73811  -34.454  -9.149  65.074 0.0000000000
141697  -34.790  -8.158  65.843 0.0000000000
142886  -34.447  -7.730  66.280 0.0000000000
73798  -35.384  -7.294  66.410 0.0000000000
73812  -35.697  -8.415  65.776 0.0000000000
73800  -36.401  -8.132  66.594 0.0000000000
73788  -37.876  -8.640  67.357 0.0000000000
73753  -36.541  -7.864  69.874 0.0000000000
74757  -37.224  -7.632  69.090 0.0000000000
161853  -38.451  -7.790  70.423 0.0000000000
135414  -38.323  -7.711  69.877 0.0000000000
74758  -38.178  -7.389  69.030 0.0000000000
74770  -38.279  -7.726  68.538 0.0000000000
72640  -38.886  -8.761  68.276 0.0000000000
72655  -38.602  -9.129  67.578 0.0000000000
159087  -40.387  -9.123  68.335 0.0000000000
150694  -40.772  -9.818  68.155 0.0000000000
59599  -18.777  -21.757  77.128 0.0000000000
58574  -17.745  -22.948  77.126 0.0000000000
59587  -17.561  -21.816  78.157 0.0000000000
59586  -17.195  -22.508  78.568 0.0000000000
56443  -15.789  -25.155  78.906 0.0000000000
56458  -16.136  -25.424  78.233 0.0000000000
56457  -15.634  -25.909  78.660 0.0000000000
90230  -53.594  8.879  48.844 0.0000000000
91210  -53.248  9.220  48.258 0.0000000000
65499  -31.467  -17.563  70.611 0.0000000000
66587  -31.069  -16.100  71.140 0.0000000000
59669  -35.147  -22.353  71.747 0.0000000000
60637  -35.329  -21.702  71.374 0.0000000000
60638  -35.404  -20.911  71.794 0.0000000000
61633  -35.404  -20.156  73.772 0.0000000000
61632  -35.418  -19.953  72.749 0.0000000000
61645  -35.461  -20.246  71.888 0.0000000000
62620  -35.321  -19.641  72.014 0.0000000000
63519  -35.055  -19.413  72.129 0.0000000000
63510  -34.432  -19.282  72.462 0.0000000000
65438  -34.016  -17.704  76.086 0.0000000000
65437  -33.475  -17.071  76.013 0.0000000000
65457  -34.000  -18.044  74.695 0.0000000000
64464  -33.622  -18.476  73.865 0.0000000000
64479  -33.659  -18.720  72.929 0.0000000000
64478  -33.250  -18.264  72.491 0.0000000000
65479  -32.339  -18.028  72.300 0.0000000000
66566  -32.093  -16.645  73.484 0.0000000000
65478  -31.763  -17.005  72.297 0.0000000000
66577  -31.477  -16.503  71.674 0.0000000000
144923  -30.796  -14.748  72.132 0.0000000000
68667  -30.641  -13.829  72.450 0.0000000000
141169  -30.767  -13.141  73.073 0.0000000000
152462  -31.245  -13.484  73.604 0.0000000000
69632  -31.147  -12.538  73.595 0.0000000000
70650  -30.937  -11.461  73.501 0.0000000000
154466  -31.270  -10.844  73.929 0.0000000000
72568  -31.700  -9.587  74.252 0.0000000000
70623  -31.894  -11.623  76.920 0.0000000000
70631  -32.041  -11.336  75.989 0.0000000000
72550  -32.274  -9.530  77.480 0.0000000000
72562  -31.748  -9.593  75.621 0.0000000000
72569  -31.910  -9.132  74.780 0.0000000000
60602  -27.716  -21.022  75.323 0.0000000000
60636  -27.356  -21.534  71.230 0.0000000000
59683  -28.258  -22.653  70.395 0.0000000000
158632  -28.173  -22.486  69.796 0.0000000000
62556  -20.577  -19.255  79.671 0.0000000000
60577  -19.953  -20.720  77.165 0.0000000000
61555  -23.580  -19.590  78.476 0.0000000000
157152  -21.886  -19.414  77.491 0.0000000000
138903  -22.140  -19.980  77.012 0.0000000000
149456  -21.268  -19.858  77.109 0.0000000000
61579  -20.675  -20.401  76.790 0.0000000000
60590  -20.070  -20.930  76.373 0.0000000000
60598  -19.650  -21.672  74.973 0.0000000000
148528  -20.085  -21.420  73.738 0.0000000000
82717  -46.316  0.610  53.274 0.0000000000
82718  -47.089  0.841  53.005 0.0000000000
82729  -48.402  0.659  51.902 0.0000000000
83635  -51.360  2.143  55.501 0.0000000000
147714  -50.986  2.152  54.957 0.0000000000
83660  -50.552  1.323  53.121 0.0000000000
83661  -51.283  1.533  53.282 0.0000000000
83671  -50.340  0.577  52.053 0.0000000000
151395  -49.799  0.948  50.964 0.0000000000
83691  -49.953  1.485  50.272 0.0000000000
156393  -49.868  2.072  49.762 0.0000000000
87594  -50.077  5.869  48.782 0.0000000000
88526  -50.850  6.041  49.504 0.0000000000
145225  -51.352  6.087  50.498 0.0000000000
88527  -51.548  6.605  49.874 0.0000000000
89354  -52.110  7.054  50.233 0.0000000000
89355  -52.677  7.632  50.617 0.0000000000
90207  -53.793  8.365  51.194 0.0000000000
50281  -9.306  -31.550  84.637 0.0000000000
48374  -8.030  -33.705  83.170 0.0000000000
47403  -7.555  -34.562  83.234 0.0000000000
65509  -30.062  -16.540  69.172 0.0000000000
68749  -29.840  -13.666  66.011 0.0000000000
73881  -38.183  -7.881  59.627 0.0000000000
72698  -33.748  -8.932  63.121 0.0000000000
72713  -34.375  -9.093  62.654 0.0000000000
72687  -35.631  -8.448  64.284 0.0000000000
72714  -35.350  -9.128  62.407 0.0000000000
71742  -36.770  -10.368  61.524 0.0000000000
71682  -38.353  -9.562  65.305 0.0000000000
71692  -37.711  -9.313  64.904 0.0000000000
71694  -39.252  -9.816  64.353 0.0000000000
163210  -38.073  -9.643  63.978 0.0000000000
71718  -37.589  -9.684  62.689 0.0000000000
72752  -36.958  -7.625  59.749 0.0000000000
74856  -36.503  -7.410  59.497 0.0000000000
74868  -37.646  -7.629  60.008 0.0000000000
74869  -38.697  -7.423  59.783 0.0000000000
75854  -41.520  -6.159  60.991 0.0000000000
74842  -41.627  -7.476  61.808 0.0000000000
75836  -42.041  -6.613  61.579 0.0000000000
75855  -42.396  -5.815  61.358 0.0000000000
76828  -43.234  -5.478  61.452 0.0000000000
76830  -44.128  -5.204  61.977 0.0000000000
76831  -44.608  -4.976  62.047 0.0000000000
74811  -44.283  -7.522  64.618 0.0000000000
51295  -10.283  -30.516  85.365 0.0000000000
51308  -10.581  -30.231  84.763 0.0000000000
50282  -9.969  -30.767  84.501 0.0000000000
50294  -9.537  -31.299  83.869 0.0000000000
49303  -9.732  -31.687  83.109 0.0000000000
49315  -9.760  -31.945  82.150 0.0000000000
51370  -11.627  -30.751  80.580 0.0000000000
50333  -10.951  -31.482  80.097 0.0000000000
49277  -8.887  -31.631  85.439 0.0000000000
49276  -8.010  -32.142  85.808 0.0000000000
49263  -7.512  -33.046  86.319 0.0000000000
48327  -7.738  -33.013  87.331 0.0000000000
45415  -6.412  -36.038  84.925 0.0000000000
46407  -6.114  -35.792  85.960 0.0000000000
46399  -6.497  -35.040  86.446 0.0000000000
47359  -6.621  -34.029  88.516 0.0000000000
158527  -6.671  -34.645  88.896 0.0000000000
46375  -6.227  -35.253  89.079 0.0000000000
45389  -5.522  -35.839  89.069 0.0000000000
46374  -5.361  -35.348  89.218 0.0000000000
46373  -4.399  -35.298  89.176 0.0000000000
139501  -4.958  -39.088  86.634 0.0000000000
42647  -4.837  -39.819  86.485 0.0000000000
43556  -4.754  -38.418  86.701 0.0000000000
44451  -4.295  -37.753  87.062 0.0000000000
44443  -3.974  -37.085  87.311 0.0000000000
55451  -33.120  -24.346  77.968 0.0000000000
55462  -32.083  -23.695  76.800 0.0000000000
55464  -33.115  -24.158  77.648 0.0000000000
55475  -32.969  -23.395  76.963 0.0000000000
56449  -32.605  -23.181  79.058 0.0000000000
56450  -33.292  -23.254  79.451 0.0000000000
56469  -34.639  -23.429  78.331 0.0000000000
56481  -30.689  -23.501  76.794 0.0000000000
56483  -31.829  -23.938  77.416 0.0000000000
56485  -33.709  -23.553  77.357 0.0000000000
56500  -30.956  -23.982  76.347 0.0000000000
56502  -31.960  -24.034  76.436 0.0000000000
56503  -33.596  -23.475  76.581 0.0000000000
56506  -34.286  -23.222  77.412 0.0000000000
56525  -32.216  -24.525  76.033 0.0000000000
56527  -33.945  -23.511  76.372 0.0000000000
57545  -31.093  -23.067  77.617 0.0000000000
57546  -35.110  -22.756  77.718 0.0000000000
57560  -34.283  -22.893  77.068 0.0000000000
57562  -35.163  -22.498  77.556 0.0000000000
57576  -34.432  -23.282  75.758 0.0000000000
57578  -34.453  -22.531  76.524 0.0000000000
57591  -34.717  -23.693  75.147 0.0000000000
57592  -35.097  -23.181  75.388 0.0000000000
57610  -35.200  -23.361  74.660 0.0000000000
58587  -34.661  -22.457  77.165 0.0000000000
58601  -34.802  -22.053  76.577 0.0000000000
58602  -35.130  -21.592  76.167 0.0000000000
58625  -34.953  -23.299  73.618 0.0000000000
59602  -36.438  -22.010  77.818 0.0000000000
59614  -35.749  -21.843  77.389 0.0000000000
59615  -35.757  -21.245  77.361 0.0000000000
59624  -35.186  -21.335  76.466 0.0000000000
59625  -35.355  -21.054  76.749 0.0000000000
59633  -35.586  -21.944  75.153 0.0000000000
59634  -35.211  -21.259  75.761 0.0000000000
60570  -37.199  -20.933  77.901 0.0000000000
60593  -35.623  -20.746  77.068 0.0000000000
60603  -35.248  -20.632  76.350 0.0000000000
60610  -35.222  -20.800  75.425 0.0000000000
60618  -35.746  -21.106  73.844 0.0000000000
61569  -36.275  -20.539  77.825 0.0000000000
61570  -36.963  -20.743  77.791 0.0000000000
61586  -35.916  -20.520  77.362 0.0000000000
61602  -21.280  -20.345  74.656 0.0000000000
61620  -35.322  -20.217  74.793 0.0000000000
62559  -36.123  -19.895  79.382 0.0000000000
62572  -35.948  -19.782  77.252 0.0000000000
62582  -35.943  -19.920  76.735 0.0000000000
62589  -34.955  -20.141  76.269 0.0000000000
62602  -22.376  -19.734  72.519 0.0000000000
62606  -35.146  -19.847  74.073 0.0000000000
62614  -35.128  -19.845  73.324 0.0000000000
63494  -34.716  -19.416  75.845 0.0000000000
63498  -35.131  -19.412  74.964 0.0000000000
63503  -34.779  -19.448  74.421 0.0000000000
63504  -35.002  -19.641  74.345 0.0000000000
63518  -34.670  -19.352  71.663 0.0000000000
63553  -33.239  -18.584  68.908 0.0000000000
64433  -34.886  -18.142  76.959 0.0000000000
65447  -33.812  -17.594  75.388 0.0000000000
66541  -33.032  -16.336  75.936 0.0000000000
67671  -29.629  -13.961  67.425 0.0000000000
68633  -31.415  -13.767  74.935 0.0000000000
69599  -32.657  -13.274  77.339 0.0000000000
69645  -30.515  -12.582  71.601 0.0000000000
70696  -40.843  -10.082  67.268 0.0000000000
70697  -41.449  -9.913  66.922 0.0000000000
70733  -30.875  -10.593  63.204 0.0000000000
71580  -31.791  -10.546  76.271 0.0000000000
71671  -38.768  -9.527  66.151 0.0000000000
71683  -39.268  -9.711  65.671 0.0000000000
71686  -41.926  -9.555  66.278 0.0000000000
71706  -38.746  -9.711  63.874 0.0000000000
71721  -40.093  -9.982  62.822 0.0000000000
71738  -31.960  -9.989  61.595 0.0000000000
72561  -31.580  -9.896  74.892 0.0000000000
72597  -32.237  -9.202  71.391 0.0000000000
72639  -33.200  -8.426  68.617 0.0000000000
72643  -41.448  -9.749  68.439 0.0000000000
72665  -31.139  -9.256  66.841 0.0000000000
72686  -32.354  -8.514  64.617 0.0000000000
72690  -42.213  -9.020  64.791 0.0000000000
72718  -40.462  -9.491  62.461 0.0000000000
72750  -36.568  -7.753  59.498 0.0000000000
72751  -36.734  -7.596  59.647 0.0000000000
73677  -32.670  -8.427  73.113 0.0000000000
73789  -38.246  -8.592  67.981 0.0000000000
73821  -33.932  -8.770  64.855 0.0000000000
73841  -40.993  -9.112  62.085 0.0000000000
73860  -40.409  -8.531  61.770 0.0000000000
73870  -36.625  -7.490  59.920 0.0000000000
73871  -37.304  -7.939  60.417 0.0000000000
73880  -36.913  -7.629  59.693 0.0000000000
74769  -37.707  -7.030  68.338 0.0000000000
74781  -35.773  -6.648  67.421 0.0000000000
74794  -36.506  -6.633  66.894 0.0000000000
74818  -43.722  -7.436  63.959 0.0000000000
74857  -36.852  -7.482  59.914 0.0000000000
74858  -37.243  -7.697  60.225 0.0000000000
76818  -45.131  -5.259  62.627 0.0000000000
76829  -43.794  -5.313  61.452 0.0000000000
77809  -41.907  -4.456  59.944 0.0000000000
78735  -47.391  -3.432  62.926 0.0000000000
78745  -45.380  -3.123  61.466 0.0000000000
78771  -43.805  -3.107  60.329 0.0000000000
78776  -41.091  -3.500  58.693 0.0000000000
79800  -43.296  -2.732  59.719 0.0000000000
79802  -44.830  -1.809  60.301 0.0000000000
79807  -41.298  -2.360  57.842 0.0000000000
80773  -46.423  -1.023  59.842 0.0000000000
80783  -42.509  -1.693  58.355 0.0000000000
81716  -46.339  -0.074  59.758 0.0000000000
82684  -46.407  1.039  57.868 0.0000000000
82690  -43.650  0.315  55.959 0.0000000000
82702  -45.099  1.071  55.121 0.0000000000
83584  -48.722  1.573  61.235 0.0000000000
83593  -48.378  1.808  60.525 0.0000000000
83607  -47.477  2.071  57.718 0.0000000000
83615  -48.674  2.448  56.375 0.0000000000
83616  -50.125  1.638  56.093 0.0000000000
83619  -52.665  1.993  56.039 0.0000000000
83634  -50.537  1.884  55.607 0.0000000000
83647  -52.723  1.892  54.854 0.0000000000
83674  -51.991  2.166  53.139 0.0000000000
84568  -49.323  2.650  59.555 0.0000000000
84573  -49.579  2.624  57.712 0.0000000000
84576  -52.699  2.941  56.683 0.0000000000
85567  -51.675  3.969  57.511 0.0000000000
86617  -49.109  4.699  49.418 0.0000000000
87589  -49.494  5.294  48.872 0.0000000000
88517  -52.390  6.482  52.415 0.0000000000
88518  -52.906  6.720  52.677 0.0000000000
88528  -52.203  6.979  51.110 0.0000000000
88531  -51.276  6.715  49.064 0.0000000000
90213  -53.354  8.290  50.491 0.0000000000
91202  -54.076  9.009  49.164 0.0000000000
135830  -32.711  -24.763  75.615 0.0000000000
136033  -45.155  0.814  56.577 0.0000000000
138753  -42.272  -8.971  64.030 0.0000000000
139872  -29.714  -16.581  68.475 0.0000000000
140110  -30.467  -23.294  78.883 0.0000000000
140394  -37.545  -9.152  66.033 0.0000000000
141350  -36.832  -7.565  59.874 0.0000000000
142429  -34.395  -18.078  75.403 0.0000000000
144794  -34.024  -23.427  77.200 0.0000000000
144795  -45.263  -3.993  61.540 0.0000000000
145180  -43.458  -5.659  61.886 0.0000000000
145652  -14.705  -25.375  80.988 0.0000000000
145702  -35.243  -22.729  75.511 0.0000000000
146120  -35.108  -19.688  76.383 0.0000000000
147463  -36.402  -6.510  67.224 0.0000000000
148332  -30.695  -14.824  71.474 0.0000000000
149780  -35.534  -20.482  72.496 0.0000000000
150263  -35.306  -21.409  77.035 0.0000000000
152224  -31.676  -24.526  77.961 0.0000000000
152286  -35.609  -20.503  73.250 0.0000000000
152815  -30.155  -22.877  79.286 0.0000000000
154071  -35.226  -19.305  76.491 0.0000000000
155061  -34.466  -19.634  73.519 0.0000000000
156640  -35.342  -22.279  75.505 0.0000000000
157765  -41.617  -9.591  65.527 0.0000000000
158676  -37.385  -7.691  59.802 0.0000000000
160579  -25.773  -20.245  72.077 0.0000000000
160780  -40.922  -2.902  58.072 0.0000000000
160939  -43.561  -7.213  63.342 0.0000000000
161126  -25.570  -20.345  80.089 0.0000000000
161145  -43.371  -0.953  57.709 0.0000000000
161438  -35.285  -21.594  75.496 0.0000000000
161499  -41.803  -10.004  67.414 0.0000000000
161517  -30.081  -11.255  68.876 0.0000000000
161882  -46.478  -1.003  60.431 0.0000000000
162190  -28.164  -20.801  76.290 0.0000000000
162636  -35.081  -20.169  75.410 0.0000000000
