#!ascii label  , from subject sub-v1s6x0051373_ses-1 vox2ras=TkReg
1300
146158  -52.147  34.984  49.171 0.0000000000
121243  -44.737  49.926  31.560 0.0000000000
147133  -45.048  44.723  42.275 0.0000000000
115339  -53.235  38.620  37.529 0.0000000000
115968  -48.006  40.740  29.529 0.0000000000
116537  -50.658  41.985  34.451 0.0000000000
111923  -52.457  33.688  32.488 0.0000000000
157058  -48.588  37.472  36.890 0.0000000000
109745  -47.121  30.530  53.287 0.0000000000
113201  -48.387  36.818  53.125 0.0000000000
124920  -43.580  56.282  34.622 0.0000000000
124399  -49.574  54.347  30.578 0.0000000000
117892  -51.694  43.823  27.747 0.0000000000
116450  -50.886  42.488  47.255 0.0000000000
119569  -44.062  46.763  35.814 0.0000000000
117130  -49.960  42.467  39.970 0.0000000000
113978  -52.610  37.499  43.783 0.0000000000
111177  -50.952  32.834  39.385 0.0000000000
111172  -45.102  34.036  39.884 0.0000000000
138883  -50.667  34.879  46.295 0.0000000000
137207  -49.582  35.804  27.877 0.0000000000
112686  -51.217  35.294  30.450 0.0000000000
110574  -49.689  32.007  29.409 0.0000000000
112673  -48.497  34.916  31.961 0.0000000000
111071  -48.383  34.058  52.649 0.0000000000
112509  -45.965  36.189  51.983 0.0000000000
124315  -39.432  54.568  37.102 0.0000000000
161345  -50.507  49.561  30.522 0.0000000000
115857  -48.109  41.151  46.342 0.0000000000
117732  -48.615  44.554  44.868 0.0000000000
123693  -43.175  53.394  34.015 0.0000000000
120128  -42.801  47.304  32.727 0.0000000000
116528  -52.199  41.165  35.127 0.0000000000
117792  -51.203  43.834  36.065 0.0000000000
115899  -50.444  40.625  38.399 0.0000000000
115315  -49.708  39.653  41.260 0.0000000000
114696  -52.823  38.248  40.225 0.0000000000
111870  -53.751  34.203  41.604 0.0000000000
113307  -52.937  36.299  38.998 0.0000000000
114001  -47.010  36.833  40.242 0.0000000000
119030  -46.548  45.284  30.953 0.0000000000
117833  -45.899  43.604  33.208 0.0000000000
115948  -48.110  40.144  31.623 0.0000000000
114124  -52.672  37.707  32.346 0.0000000000
114098  -53.275  37.302  34.845 0.0000000000
114064  -51.239  37.170  36.533 0.0000000000
113350  -49.907  36.499  34.451 0.0000000000
114093  -46.695  37.561  34.533 0.0000000000
109049  -49.134  30.454  54.212 0.0000000000
111790  -50.927  34.324  54.117 0.0000000000
113211  -52.171  36.963  51.769 0.0000000000
124288  -41.542  55.145  39.234 0.0000000000
125485  -44.943  57.231  37.462 0.0000000000
124934  -45.705  55.665  33.354 0.0000000000
122420  -47.070  51.648  31.689 0.0000000000
120682  -49.124  48.411  31.200 0.0000000000
159182  -50.482  41.913  28.194 0.0000000000
114182  -50.502  37.592  24.949 0.0000000000
145195  -49.941  41.008  24.168 0.0000000000
114620  -47.646  38.275  49.339 0.0000000000
115248  -49.991  40.210  50.930 0.0000000000
114622  -51.973  38.846  49.350 0.0000000000
118965  -45.646  45.176  39.096 0.0000000000
118428  -46.673  44.630  35.739 0.0000000000
119541  -49.488  47.044  38.098 0.0000000000
118929  -48.604  45.771  42.355 0.0000000000
116494  -49.249  42.046  42.981 0.0000000000
114664  -50.704  39.240  45.367 0.0000000000
113258  -53.342  36.710  46.986 0.0000000000
111859  -52.883  33.766  44.064 0.0000000000
110501  -50.573  31.281  40.966 0.0000000000
109861  -49.063  30.941  38.305 0.0000000000
113295  -49.632  36.488  40.156 0.0000000000
111885  -48.102  34.340  40.233 0.0000000000
110521  -46.843  31.517  37.044 0.0000000000
111817  -51.846  34.476  49.901 0.0000000000
111815  -50.760  34.312  49.365 0.0000000000
112549  -51.813  34.751  47.891 0.0000000000
145754  -49.401  34.819  26.628 0.0000000000
111959  -49.951  33.523  28.181 0.0000000000
110590  -48.941  32.085  27.795 0.0000000000
138123  -47.484  32.815  29.785 0.0000000000
118345  -47.327  44.922  43.306 0.0000000000
122414  -43.402  51.516  32.146 0.0000000000
115344  -52.657  39.298  36.217 0.0000000000
115904  -51.777  40.266  36.910 0.0000000000
115336  -52.758  39.321  37.866 0.0000000000
115329  -52.078  39.328  39.175 0.0000000000
114703  -52.687  38.588  39.173 0.0000000000
114022  -53.404  37.240  39.203 0.0000000000
114041  -53.156  37.303  38.416 0.0000000000
117860  -47.783  43.121  30.051 0.0000000000
146664  -47.059  41.840  31.121 0.0000000000
115955  -47.982  39.893  30.819 0.0000000000
111944  -52.472  34.334  31.280 0.0000000000
113391  -51.658  36.588  31.215 0.0000000000
113394  -53.360  35.307  32.230 0.0000000000
114112  -53.638  37.258  33.401 0.0000000000
112648  -53.213  34.804  33.517 0.0000000000
113352  -52.232  36.249  34.655 0.0000000000
112646  -51.148  35.138  33.561 0.0000000000
113363  -47.714  36.685  33.313 0.0000000000
112503  -48.519  35.827  53.189 0.0000000000
111072  -49.373  33.509  53.533 0.0000000000
111782  -50.269  35.418  54.081 0.0000000000
148941  -51.260  35.133  53.770 0.0000000000
113203  -50.703  36.749  53.832 0.0000000000
124318  -41.907  55.046  36.136 0.0000000000
154603  -43.014  55.827  37.157 0.0000000000
159778  -44.777  57.331  35.862 0.0000000000
124909  -46.622  56.973  35.492 0.0000000000
126084  -47.008  58.290  34.728 0.0000000000
124971  -48.388  56.490  31.757 0.0000000000
124370  -48.334  55.183  32.264 0.0000000000
123051  -49.165  52.508  32.115 0.0000000000
121246  -48.519  49.885  31.654 0.0000000000
150960  -50.105  51.082  31.913 0.0000000000
119604  -52.110  46.331  29.589 0.0000000000
119048  -51.176  45.635  29.834 0.0000000000
117237  -51.749  43.087  28.027 0.0000000000
146811  -50.747  39.924  26.889 0.0000000000
115995  -50.906  40.620  26.518 0.0000000000
115423  -50.627  39.538  24.861 0.0000000000
116633  -50.814  42.118  26.048 0.0000000000
139716  -44.793  38.303  45.612 0.0000000000
113958  -44.168  37.339  46.547 0.0000000000
114645  -45.664  37.617  47.213 0.0000000000
137022  -46.020  37.547  49.391 0.0000000000
114647  -46.969  38.880  47.338 0.0000000000
116440  -49.485  41.810  47.663 0.0000000000
161846  -49.116  40.505  48.756 0.0000000000
116435  -50.664  42.121  48.859 0.0000000000
115814  -51.070  40.420  50.242 0.0000000000
115830  -51.454  41.146  48.849 0.0000000000
119559  -43.003  47.378  36.642 0.0000000000
118986  -43.698  45.894  37.601 0.0000000000
118988  -45.641  46.506  37.416 0.0000000000
117175  -47.456  42.093  33.658 0.0000000000
117808  -46.494  43.277  34.504 0.0000000000
117810  -48.652  42.899  35.260 0.0000000000
117787  -50.048  43.454  38.680 0.0000000000
118991  -50.363  46.416  37.532 0.0000000000
118403  -50.577  45.248  39.808 0.0000000000
118968  -49.409  46.335  39.971 0.0000000000
143737  -50.313  44.666  41.283 0.0000000000
117769  -49.807  44.743  43.291 0.0000000000
117124  -49.280  42.400  41.730 0.0000000000
114683  -51.301  38.763  42.479 0.0000000000
115307  -49.973  39.437  43.925 0.0000000000
114674  -51.254  38.460  44.402 0.0000000000
142489  -51.600  38.265  45.902 0.0000000000
113967  -52.942  37.572  45.109 0.0000000000
112561  -53.278  35.734  45.236 0.0000000000
138479  -53.843  35.802  44.218 0.0000000000
111889  -52.533  33.305  40.343 0.0000000000
110504  -52.922  32.319  40.564 0.0000000000
110511  -52.396  31.167  38.909 0.0000000000
109841  -50.192  30.885  39.706 0.0000000000
110524  -50.676  31.273  38.240 0.0000000000
145033  -49.607  37.397  37.009 0.0000000000
163331  -50.197  37.086  38.366 0.0000000000
114036  -48.716  37.540  38.997 0.0000000000
112596  -45.872  35.581  40.709 0.0000000000
112597  -46.827  35.538  40.759 0.0000000000
111173  -46.662  33.764  39.763 0.0000000000
111189  -47.386  32.743  38.711 0.0000000000
111199  -45.838  32.460  38.108 0.0000000000
111198  -45.102  32.604  37.477 0.0000000000
146724  -51.422  31.636  51.277 0.0000000000
111847  -49.458  34.510  44.775 0.0000000000
114155  -48.874  37.528  28.582 0.0000000000
114150  -48.871  36.908  29.863 0.0000000000
112697  -49.727  35.300  29.200 0.0000000000
111953  -50.819  33.830  29.861 0.0000000000
110562  -51.127  32.831  31.082 0.0000000000
111921  -49.879  34.190  32.101 0.0000000000
111220  -49.061  33.044  30.565 0.0000000000
110416  -47.673  31.277  53.250 0.0000000000
111084  -47.140  33.669  51.506 0.0000000000
155195  -47.559  36.269  52.569 0.0000000000
124336  -41.423  54.492  34.676 0.0000000000
122426  -50.390  51.941  30.654 0.0000000000
120154  -51.234  47.227  28.731 0.0000000000
119078  -51.766  45.542  27.241 0.0000000000
115281  -47.246  39.501  46.337 0.0000000000
117073  -48.400  42.528  45.658 0.0000000000
117074  -49.874  43.841  46.034 0.0000000000
119571  -42.591  46.716  34.263 0.0000000000
116539  -52.047  41.775  34.404 0.0000000000
117811  -51.330  43.450  35.198 0.0000000000
150181  -52.190  42.781  35.323 0.0000000000
116506  -50.291  41.560  37.672 0.0000000000
116502  -49.604  41.628  39.359 0.0000000000
152771  -49.308  40.579  40.926 0.0000000000
144585  -50.668  39.801  39.653 0.0000000000
115321  -51.391  39.112  40.602 0.0000000000
113987  -52.866  37.576  41.804 0.0000000000
113273  -53.381  36.245  42.607 0.0000000000
159865  -53.550  36.769  40.682 0.0000000000
112603  -53.155  35.023  40.343 0.0000000000
137366  -51.697  34.464  40.322 0.0000000000
114035  -47.817  37.657  39.142 0.0000000000
118398  -43.764  44.750  40.923 0.0000000000
120673  -45.367  48.334  31.440 0.0000000000
119583  -44.796  46.674  31.674 0.0000000000
119024  -45.873  45.246  31.446 0.0000000000
117186  -47.046  41.782  32.927 0.0000000000
115938  -49.612  40.237  33.148 0.0000000000
114798  -49.088  38.063  31.071 0.0000000000
114775  -50.465  38.880  32.204 0.0000000000
115361  -51.858  40.281  33.294 0.0000000000
115362  -53.114  39.572  33.593 0.0000000000
115351  -53.276  39.225  34.399 0.0000000000
114746  -53.527  38.066  35.950 0.0000000000
114051  -52.537  37.164  37.274 0.0000000000
114081  -52.192  37.159  35.962 0.0000000000
114080  -50.909  37.023  35.786 0.0000000000
114078  -48.852  37.472  35.474 0.0000000000
112644  -49.153  35.715  32.989 0.0000000000
114111  -48.100  37.056  33.997 0.0000000000
110418  -49.010  32.285  53.917 0.0000000000
110419  -50.585  31.841  54.063 0.0000000000
110420  -51.465  32.189  53.388 0.0000000000
111087  -51.900  33.484  52.842 0.0000000000
141284  -52.391  34.826  51.600 0.0000000000
112520  -52.482  35.681  50.952 0.0000000000
124873  -45.622  56.266  39.452 0.0000000000
124882  -43.973  56.785  38.775 0.0000000000
124320  -46.222  56.301  37.550 0.0000000000
124330  -45.352  55.414  35.706 0.0000000000
124359  -44.139  54.322  33.189 0.0000000000
123047  -44.774  52.475  31.790 0.0000000000
126090  -46.053  58.435  33.606 0.0000000000
125537  -47.544  57.711  33.535 0.0000000000
123719  -45.914  53.727  31.790 0.0000000000
122419  -46.044  51.698  31.529 0.0000000000
121245  -46.776  49.322  31.440 0.0000000000
156279  -47.628  46.745  30.553 0.0000000000
117861  -48.465  43.687  29.712 0.0000000000
120683  -50.252  48.441  31.140 0.0000000000
119047  -50.006  45.603  29.745 0.0000000000
116596  -48.926  41.269  28.500 0.0000000000
114824  -49.905  38.381  27.459 0.0000000000
114172  -50.231  37.034  26.452 0.0000000000
113454  -48.935  36.419  24.005 0.0000000000
115433  -49.390  38.796  23.744 0.0000000000
117917  -50.772  43.589  25.944 0.0000000000
113904  -46.390  37.543  51.273 0.0000000000
135587  -48.017  37.550  51.743 0.0000000000
115262  -47.993  39.293  48.102 0.0000000000
115253  -49.007  39.613  49.948 0.0000000000
138305  -49.373  38.350  52.663 0.0000000000
114609  -50.682  39.174  52.051 0.0000000000
150540  -51.966  38.087  50.642 0.0000000000
113924  -52.956  37.332  49.309 0.0000000000
118400  -45.504  44.971  41.121 0.0000000000
119016  -44.383  45.421  32.679 0.0000000000
119007  -44.253  45.284  34.515 0.0000000000
119001  -45.528  46.058  35.754 0.0000000000
119004  -49.617  45.237  36.374 0.0000000000
118995  -48.245  46.367  36.582 0.0000000000
119554  -47.125  47.316  36.919 0.0000000000
163956  -47.032  46.459  38.641 0.0000000000
135409  -47.263  45.841  40.430 0.0000000000
118927  -47.326  45.779  42.453 0.0000000000
148320  -48.272  45.149  43.492 0.0000000000
117733  -49.925  44.658  44.695 0.0000000000
116465  -51.100  42.763  45.458 0.0000000000
115877  -47.364  40.140  42.433 0.0000000000
116479  -49.855  41.280  43.873 0.0000000000
115858  -51.436  41.166  46.175 0.0000000000
115283  -51.558  39.789  47.161 0.0000000000
113951  -52.519  37.837  47.912 0.0000000000
113257  -52.978  35.978  48.100 0.0000000000
112550  -52.444  35.132  47.260 0.0000000000
111844  -51.607  34.983  45.066 0.0000000000
153626  -50.479  33.899  43.528 0.0000000000
111144  -53.226  33.778  43.188 0.0000000000
164336  -51.272  32.991  42.367 0.0000000000
111148  -49.688  33.162  42.751 0.0000000000
110500  -49.318  31.565  40.943 0.0000000000
162978  -48.554  30.525  39.261 0.0000000000
114039  -52.070  36.785  38.015 0.0000000000
113305  -51.111  36.167  39.445 0.0000000000
112601  -50.519  35.102  40.529 0.0000000000
114002  -47.867  36.913  40.296 0.0000000000
112599  -48.636  35.417  40.491 0.0000000000
111176  -49.847  33.080  39.473 0.0000000000
110523  -48.819  31.493  38.055 0.0000000000
109870  -47.619  30.681  37.142 0.0000000000
155408  -51.531  34.724  49.106 0.0000000000
111830  -51.104  34.594  48.549 0.0000000000
112545  -52.023  34.794  48.481 0.0000000000
111977  -48.279  33.954  26.004 0.0000000000
111275  -48.806  33.311  26.645 0.0000000000
111261  -47.596  32.673  26.950 0.0000000000
117768  -46.153  44.502  43.177 0.0000000000
118360  -45.847  44.869  42.585 0.0000000000
122417  -44.096  51.343  31.812 0.0000000000
121824  -43.573  50.738  31.886 0.0000000000
146778  -44.168  49.195  31.646 0.0000000000
150539  -53.055  39.109  37.140 0.0000000000
115338  -52.372  39.625  37.023 0.0000000000
156090  -52.548  39.162  38.577 0.0000000000
114712  -53.014  38.673  38.305 0.0000000000
114704  -53.209  37.960  38.705 0.0000000000
114713  -53.219  37.922  37.948 0.0000000000
117222  -47.900  42.179  29.785 0.0000000000
116578  -47.548  41.466  30.620 0.0000000000
115384  -47.967  39.995  29.792 0.0000000000
111224  -52.457  33.823  31.612 0.0000000000
112674  -53.057  34.954  31.903 0.0000000000
111933  -53.336  34.453  32.534 0.0000000000
112662  -53.556  34.866  32.572 0.0000000000
111915  -52.938  34.074  33.098 0.0000000000
112647  -52.304  34.849  33.617 0.0000000000
111914  -51.777  34.131  33.012 0.0000000000
144787  -49.398  35.347  53.637 0.0000000000
112504  -49.360  36.169  53.658 0.0000000000
113198  -50.105  36.344  54.133 0.0000000000
113202  -49.584  37.142  53.717 0.0000000000
124907  -42.863  55.557  34.999 0.0000000000
124896  -42.851  55.543  36.139 0.0000000000
124908  -43.864  56.549  35.713 0.0000000000
164268  -45.815  57.841  35.453 0.0000000000
125511  -45.646  57.885  34.890 0.0000000000
158091  -48.639  55.214  30.237 0.0000000000
124986  -48.036  56.503  30.653 0.0000000000
124386  -49.019  54.810  30.994 0.0000000000
124372  -49.246  54.460  31.948 0.0000000000
123722  -49.718  53.607  32.085 0.0000000000
159333  -49.950  51.956  32.158 0.0000000000
123052  -50.121  52.769  32.079 0.0000000000
119063  -52.096  45.520  29.035 0.0000000000
118478  -51.929  44.828  29.032 0.0000000000
115987  -50.974  41.565  26.965 0.0000000000
116610  -51.147  42.375  27.297 0.0000000000
116004  -50.904  41.411  26.261 0.0000000000
117264  -51.119  42.770  26.896 0.0000000000
114672  -44.329  39.174  44.864 0.0000000000
114663  -45.521  38.378  45.797 0.0000000000
114654  -45.703  37.920  46.492 0.0000000000
114646  -46.253  38.098  47.179 0.0000000000
116449  -49.960  42.519  47.159 0.0000000000
115835  -49.954  41.859  48.442 0.0000000000
116442  -51.061  42.286  48.347 0.0000000000
116436  -51.279  42.077  49.044 0.0000000000
116451  -51.402  42.150  47.530 0.0000000000
150551  -42.879  46.886  35.144 0.0000000000
119560  -43.808  46.954  36.459 0.0000000000
119551  -44.276  46.568  36.955 0.0000000000
119561  -44.678  46.797  36.302 0.0000000000
117176  -48.350  41.853  34.112 0.0000000000
117161  -47.940  42.397  34.517 0.0000000000
117162  -48.973  42.238  34.917 0.0000000000
117782  -50.330  43.434  39.700 0.0000000000
117783  -50.485  44.380  39.320 0.0000000000
117779  -50.621  44.430  40.283 0.0000000000
118402  -50.375  45.349  40.558 0.0000000000
117778  -50.409  43.490  40.653 0.0000000000
117776  -50.096  43.594  41.582 0.0000000000
117128  -49.766  42.428  40.894 0.0000000000
114680  -52.260  38.092  43.151 0.0000000000
114679  -51.406  38.471  43.410 0.0000000000
113977  -51.893  37.919  43.997 0.0000000000
113973  -52.040  38.123  44.963 0.0000000000
113968  -53.209  37.214  44.443 0.0000000000
113267  -53.596  36.484  44.322 0.0000000000
113979  -53.329  36.996  43.706 0.0000000000
148265  -52.842  31.885  39.585 0.0000000000
111178  -52.088  32.245  39.322 0.0000000000
109863  -51.416  30.903  38.468 0.0000000000
111192  -50.597  32.079  38.592 0.0000000000
114049  -48.937  37.431  37.901 0.0000000000
111883  -45.660  34.526  40.352 0.0000000000
138911  -46.423  34.817  40.579 0.0000000000
152348  -45.818  33.620  39.178 0.0000000000
111187  -44.928  33.473  38.879 0.0000000000
110436  -51.259  32.464  50.960 0.0000000000
146968  -49.167  34.458  46.243 0.0000000000
111842  -49.849  34.686  45.725 0.0000000000
114156  -49.585  37.535  27.897 0.0000000000
113420  -49.335  36.643  28.398 0.0000000000
150390  -49.473  35.791  28.696 0.0000000000
111251  -50.111  32.779  28.576 0.0000000000
144959  -50.324  33.364  28.978 0.0000000000
111241  -50.489  32.845  29.645 0.0000000000
110576  -50.811  32.791  30.577 0.0000000000
110566  -50.011  32.268  30.226 0.0000000000
111221  -49.943  32.461  30.850 0.0000000000
111231  -49.499  32.408  30.224 0.0000000000
111942  -46.972  33.087  30.401 0.0000000000
110427  -46.592  32.689  51.263 0.0000000000
143516  -46.475  36.627  52.214 0.0000000000
123692  -40.123  53.844  34.777 0.0000000000
120691  -50.722  47.830  29.133 0.0000000000
120153  -50.280  47.630  28.315 0.0000000000
120152  -48.438  47.988  28.006 0.0000000000
117109  -47.691  43.728  44.190 0.0000000000
137840  -47.322  42.665  44.254 0.0000000000
117087  -48.195  43.377  45.054 0.0000000000
117088  -48.946  43.639  45.794 0.0000000000
117727  -49.230  44.227  45.461 0.0000000000
123694  -43.415  53.718  34.898 0.0000000000
119574  -42.561  46.862  33.414 0.0000000000
116540  -52.395  41.181  34.379 0.0000000000
116527  -52.227  42.323  34.850 0.0000000000
116517  -52.132  41.856  35.629 0.0000000000
115900  -51.017  40.630  37.309 0.0000000000
116511  -50.928  41.825  36.699 0.0000000000
116505  -49.825  41.622  38.613 0.0000000000
115891  -49.664  40.876  39.756 0.0000000000
115892  -50.232  40.370  39.270 0.0000000000
114702  -52.046  38.895  39.968 0.0000000000
114695  -52.139  38.813  40.950 0.0000000000
114688  -51.982  38.647  41.851 0.0000000000
114689  -52.578  38.259  41.317 0.0000000000
157440  -53.409  37.120  41.449 0.0000000000
114004  -53.279  37.663  40.899 0.0000000000
113308  -53.430  36.391  39.493 0.0000000000
112608  -53.063  35.662  39.602 0.0000000000
112602  -52.399  35.051  40.014 0.0000000000
113306  -52.252  35.722  39.307 0.0000000000
120139  -46.139  47.088  31.075 0.0000000000
150641  -45.538  46.615  31.332 0.0000000000
146939  -46.284  44.706  31.282 0.0000000000
116567  -47.398  41.214  31.599 0.0000000000
117199  -47.052  41.856  31.959 0.0000000000
116558  -47.471  41.131  32.551 0.0000000000
116559  -48.474  40.677  33.022 0.0000000000
115369  -48.819  40.035  32.332 0.0000000000
113402  -49.739  36.385  30.388 0.0000000000
114143  -49.368  37.246  30.732 0.0000000000
114144  -50.437  36.850  31.104 0.0000000000
114134  -52.207  37.142  31.762 0.0000000000
114133  -51.242  37.479  31.572 0.0000000000
114791  -51.883  38.113  32.052 0.0000000000
115370  -50.679  39.414  32.659 0.0000000000
164461  -52.221  39.383  32.829 0.0000000000
114765  -52.442  39.963  33.250 0.0000000000
164447  -52.880  39.194  33.021 0.0000000000
114099  -53.543  37.174  34.054 0.0000000000
114767  -53.645  37.961  33.646 0.0000000000
114758  -53.516  37.852  34.352 0.0000000000
114757  -53.456  38.156  35.014 0.0000000000
114082  -53.295  37.463  35.804 0.0000000000
113341  -52.794  36.884  35.146 0.0000000000
113351  -51.024  36.292  34.635 0.0000000000
113340  -51.628  36.681  35.217 0.0000000000
114097  -50.412  36.779  35.077 0.0000000000
114079  -49.805  37.191  35.619 0.0000000000
163019  -49.134  34.295  31.833 0.0000000000
112660  -49.933  34.916  32.731 0.0000000000
154081  -48.596  35.519  32.460 0.0000000000
114110  -47.213  37.257  33.848 0.0000000000
110417  -48.268  32.143  52.996 0.0000000000
141052  -48.643  33.017  52.929 0.0000000000
111073  -50.513  33.461  54.158 0.0000000000
146955  -49.992  32.551  54.177 0.0000000000
163443  -50.934  32.665  54.070 0.0000000000
109748  -50.958  31.350  53.434 0.0000000000
111086  -51.731  32.873  52.820 0.0000000000
111074  -51.378  33.302  53.702 0.0000000000
112505  -51.513  35.951  53.399 0.0000000000
142405  -52.108  34.996  52.879 0.0000000000
112511  -52.198  35.909  52.311 0.0000000000
156092  -41.131  54.386  39.389 0.0000000000
123636  -41.949  54.250  39.592 0.0000000000
124289  -42.481  55.234  39.454 0.0000000000
124290  -43.820  55.161  39.663 0.0000000000
124872  -43.081  55.982  39.295 0.0000000000
124305  -38.966  54.870  37.785 0.0000000000
124306  -40.010  54.857  37.837 0.0000000000
124890  -43.695  56.484  37.968 0.0000000000
157615  -44.790  57.108  38.335 0.0000000000
124883  -45.263  57.001  38.807 0.0000000000
125477  -45.608  57.242  37.845 0.0000000000
124319  -45.825  55.509  36.681 0.0000000000
160812  -46.339  56.934  36.828 0.0000000000
124921  -45.970  56.300  34.268 0.0000000000
124348  -44.812  55.012  33.639 0.0000000000
151647  -44.798  54.671  32.836 0.0000000000
123713  -44.165  53.812  32.599 0.0000000000
123714  -45.110  54.097  32.215 0.0000000000
125524  -47.330  58.258  33.476 0.0000000000
125538  -48.173  58.045  33.018 0.0000000000
149884  -47.605  53.245  31.846 0.0000000000
124369  -47.088  54.449  32.019 0.0000000000
123049  -46.803  52.512  31.650 0.0000000000
150474  -46.444  50.996  31.563 0.0000000000
150475  -46.409  50.141  31.518 0.0000000000
121827  -47.289  50.823  31.674 0.0000000000
120676  -48.784  49.137  31.476 0.0000000000
120681  -47.968  48.473  31.215 0.0000000000
120145  -48.159  47.610  30.748 0.0000000000
119032  -48.237  45.169  30.185 0.0000000000
119592  -48.727  46.852  30.464 0.0000000000
145422  -50.595  50.015  30.871 0.0000000000
121249  -50.562  49.683  31.119 0.0000000000
121251  -50.660  49.276  30.864 0.0000000000
117863  -51.086  44.177  28.969 0.0000000000
118477  -50.261  44.815  29.492 0.0000000000
117875  -50.203  43.379  28.884 0.0000000000
117223  -49.315  42.775  28.850 0.0000000000
117235  -49.542  41.989  28.500 0.0000000000
152612  -49.211  39.820  27.972 0.0000000000
115985  -50.078  40.045  27.453 0.0000000000
114831  -50.797  38.543  26.267 0.0000000000
114166  -50.431  37.941  26.558 0.0000000000
113438  -50.359  37.098  25.554 0.0000000000
113437  -49.751  36.314  25.502 0.0000000000
113446  -49.491  36.336  24.533 0.0000000000
114192  -50.227  37.285  24.159 0.0000000000
116009  -50.498  40.510  24.963 0.0000000000
114846  -49.978  38.559  23.745 0.0000000000
115428  -49.684  39.483  23.585 0.0000000000
148012  -48.810  38.929  23.951 0.0000000000
118508  -51.456  44.067  26.832 0.0000000000
113920  -45.423  37.426  50.057 0.0000000000
113937  -46.812  37.799  49.113 0.0000000000
113921  -46.123  37.749  50.279 0.0000000000
113922  -47.138  37.732  50.181 0.0000000000
113905  -47.543  37.700  51.090 0.0000000000
114614  -48.014  38.182  50.302 0.0000000000
115282  -47.763  40.324  46.572 0.0000000000
115271  -47.725  39.754  47.321 0.0000000000
142588  -48.584  40.086  47.973 0.0000000000
115264  -49.342  40.389  49.523 0.0000000000
115247  -49.472  39.610  50.894 0.0000000000
160431  -49.281  38.957  51.829 0.0000000000
115242  -49.895  39.942  51.842 0.0000000000
114608  -49.967  39.134  52.360 0.0000000000
162522  -50.188  39.876  52.017 0.0000000000
115255  -51.598  39.883  50.136 0.0000000000
114616  -51.668  38.768  50.233 0.0000000000
113908  -52.441  37.313  50.150 0.0000000000
113938  -52.876  38.095  48.894 0.0000000000
118964  -44.835  45.211  38.555 0.0000000000
118410  -44.812  44.829  39.463 0.0000000000
119017  -45.175  45.087  32.154 0.0000000000
119023  -44.733  45.867  32.039 0.0000000000
118438  -44.678  44.588  32.981 0.0000000000
162247  -46.822  43.824  35.212 0.0000000000
118434  -45.449  44.383  34.488 0.0000000000
118427  -45.849  44.997  35.321 0.0000000000
119008  -44.957  45.011  35.034 0.0000000000
119002  -46.434  45.741  36.072 0.0000000000
117799  -51.028  43.901  35.812 0.0000000000
117798  -50.510  43.787  35.682 0.0000000000
118425  -50.212  44.642  36.604 0.0000000000
119543  -50.349  46.747  38.123 0.0000000000
118990  -50.148  46.776  37.005 0.0000000000
119556  -49.303  47.210  37.181 0.0000000000
119564  -47.631  47.178  36.926 0.0000000000
119555  -48.237  47.253  37.140 0.0000000000
119540  -47.734  46.690  37.911 0.0000000000
119530  -48.617  46.821  38.677 0.0000000000
118935  -48.741  46.008  41.599 0.0000000000
118967  -48.351  46.305  39.837 0.0000000000
118948  -48.036  46.294  41.144 0.0000000000
118947  -47.097  45.855  41.585 0.0000000000
118934  -47.931  46.183  42.039 0.0000000000
118362  -47.673  45.544  43.001 0.0000000000
118363  -48.488  45.496  42.956 0.0000000000
148181  -49.889  43.460  43.061 0.0000000000
117750  -50.425  44.334  44.025 0.0000000000
117734  -50.414  44.164  44.951 0.0000000000
116480  -50.585  42.585  44.477 0.0000000000
144300  -48.155  39.923  41.527 0.0000000000
115886  -47.568  40.336  41.560 0.0000000000
115312  -48.929  39.730  42.356 0.0000000000
115301  -50.237  39.577  44.968 0.0000000000
159578  -49.972  40.323  44.225 0.0000000000
143259  -50.696  40.649  45.341 0.0000000000
115293  -50.948  40.030  45.721 0.0000000000
163302  -51.551  40.574  47.122 0.0000000000
163686  -51.420  39.534  46.534 0.0000000000
113961  -53.044  37.258  46.431 0.0000000000
114656  -52.516  38.123  46.604 0.0000000000
113952  -53.020  37.682  47.129 0.0000000000
152877  -52.902  36.861  47.674 0.0000000000
153457  -53.223  35.961  47.441 0.0000000000
112555  -53.082  35.443  47.163 0.0000000000
157613  -53.289  35.931  46.878 0.0000000000
112564  -52.912  35.127  44.703 0.0000000000
112560  -52.384  35.271  45.174 0.0000000000
137599  -51.207  34.612  44.503 0.0000000000
152679  -50.838  34.255  43.964 0.0000000000
111858  -51.860  34.263  43.803 0.0000000000
136686  -53.802  35.547  42.012 0.0000000000
137950  -53.110  35.316  42.985 0.0000000000
111863  -53.621  33.867  42.413 0.0000000000
110502  -51.746  31.327  40.669 0.0000000000
110489  -51.819  32.303  41.561 0.0000000000
110488  -50.717  32.405  41.902 0.0000000000
110487  -49.591  32.212  42.023 0.0000000000
109851  -49.878  30.576  38.665 0.0000000000
109840  -49.030  30.677  39.690 0.0000000000
162098  -48.823  30.587  38.622 0.0000000000
109850  -48.093  30.431  38.798 0.0000000000
109860  -48.269  30.528  37.732 0.0000000000
152509  -52.106  37.164  36.733 0.0000000000
114050  -51.399  37.019  37.334 0.0000000000
114021  -50.278  36.880  38.966 0.0000000000
157889  -50.658  36.578  39.277 0.0000000000
113304  -50.222  36.598  39.754 0.0000000000
113296  -50.380  36.008  40.201 0.0000000000
145375  -49.838  35.856  40.400 0.0000000000
156254  -47.080  37.650  39.172 0.0000000000
111884  -47.213  34.550  40.474 0.0000000000
112598  -47.790  35.376  40.614 0.0000000000
139044  -48.358  34.921  40.520 0.0000000000
111886  -49.010  34.372  40.287 0.0000000000
111175  -48.738  33.025  39.323 0.0000000000
110522  -47.763  31.580  37.478 0.0000000000
111807  -52.118  33.989  50.896 0.0000000000
111816  -50.891  33.802  50.283 0.0000000000
111115  -49.483  33.815  48.301 0.0000000000
113431  -49.621  35.856  26.725 0.0000000000
112714  -49.581  34.906  27.401 0.0000000000
111969  -49.531  33.799  27.178 0.0000000000
111263  -49.247  32.710  27.380 0.0000000000
110581  -49.342  31.917  28.636 0.0000000000
137174  -49.090  31.883  29.072 0.0000000000
140994  -48.498  32.140  28.429 0.0000000000
117748  -47.076  43.995  43.543 0.0000000000
117749  -48.008  44.622  43.915 0.0000000000
123039  -43.045  52.985  33.200 0.0000000000
121822  -42.796  50.854  32.310 0.0000000000
120668  -42.863  48.179  32.349 0.0000000000
115917  -52.455  39.988  35.083 0.0000000000
115908  -52.098  40.389  36.081 0.0000000000
115335  -51.932  39.878  37.635 0.0000000000
115334  -51.379  39.985  38.158 0.0000000000
115328  -51.186  39.767  38.952 0.0000000000
141587  -52.120  39.589  38.437 0.0000000000
114697  -53.237  37.921  39.437 0.0000000000
114005  -53.517  37.482  39.999 0.0000000000
113316  -53.230  36.806  38.841 0.0000000000
113315  -52.879  36.787  38.400 0.0000000000
117851  -47.288  43.747  30.443 0.0000000000
117850  -46.704  43.538  30.923 0.0000000000
117212  -47.319  42.363  30.498 0.0000000000
115954  -47.724  40.661  31.199 0.0000000000
113403  -50.957  36.074  30.658 0.0000000000
113404  -52.032  35.721  30.976 0.0000000000
113392  -52.528  36.155  31.529 0.0000000000
114135  -52.886  36.646  32.138 0.0000000000
114125  -53.287  37.263  32.610 0.0000000000
113382  -53.554  35.739  32.684 0.0000000000
113353  -53.600  36.273  33.500 0.0000000000
152781  -53.243  36.351  34.425 0.0000000000
112639  -52.772  35.476  34.183 0.0000000000
112638  -51.670  35.621  34.207 0.0000000000
113366  -50.491  35.850  34.053 0.0000000000
112658  -47.979  35.709  32.104 0.0000000000
111788  -48.914  34.769  53.267 0.0000000000
111789  -49.963  34.486  53.967 0.0000000000
155069  -50.743  35.935  54.010 0.0000000000
113204  -51.538  36.900  52.985 0.0000000000
124287  -40.793  54.824  38.984 0.0000000000
124317  -41.226  54.910  36.720 0.0000000000
124307  -40.771  55.079  37.548 0.0000000000
124895  -42.115  55.441  36.967 0.0000000000
124897  -43.846  56.498  36.817 0.0000000000
125498  -44.926  57.343  36.469 0.0000000000
124899  -46.763  57.721  36.398 0.0000000000
125500  -46.986  58.001  36.338 0.0000000000
124922  -47.199  58.009  35.052 0.0000000000
124935  -46.792  57.108  33.954 0.0000000000
125573  -48.145  57.340  31.471 0.0000000000
124970  -48.439  56.251  32.421 0.0000000000
124371  -48.741  55.410  31.965 0.0000000000
151260  -48.856  54.690  32.202 0.0000000000
123050  -47.881  52.493  31.887 0.0000000000
122421  -48.113  51.555  31.868 0.0000000000
121829  -49.333  50.498  31.816 0.0000000000
121247  -49.501  49.766  31.611 0.0000000000
119595  -51.999  47.056  30.078 0.0000000000
119594  -51.306  47.139  30.289 0.0000000000
119049  -51.947  45.667  29.537 0.0000000000
149040  -51.231  43.221  28.437 0.0000000000
116598  -51.253  42.358  28.035 0.0000000000
116608  -50.711  41.608  27.696 0.0000000000
115986  -50.776  40.958  27.156 0.0000000000
153635  -50.919  39.811  26.404 0.0000000000
115415  -51.018  39.269  25.943 0.0000000000
114847  -50.417  38.017  24.236 0.0000000000
139324  -50.905  40.081  25.823 0.0000000000
116003  -50.833  40.797  25.796 0.0000000000
142268  -50.445  41.400  25.196 0.0000000000
115299  -43.889  39.719  44.428 0.0000000000
114662  -44.235  38.579  45.268 0.0000000000
113965  -44.219  37.899  45.740 0.0000000000
113966  -44.944  37.782  46.086 0.0000000000
113936  -45.473  37.269  48.888 0.0000000000
113950  -45.940  37.600  47.922 0.0000000000
114632  -46.639  38.017  48.047 0.0000000000
114633  -47.398  38.546  48.310 0.0000000000
116448  -48.904  41.919  46.864 0.0000000000
115845  -48.458  40.887  47.267 0.0000000000
115828  -49.847  41.317  49.105 0.0000000000
146582  -50.013  40.729  49.944 0.0000000000
115813  -50.445  40.432  50.606 0.0000000000
115820  -50.703  40.824  49.740 0.0000000000
115821  -51.268  40.659  49.600 0.0000000000
158118  -51.589  39.854  49.057 0.0000000000
119550  -43.246  46.823  37.190 0.0000000000
118987  -44.766  45.945  37.648 0.0000000000
118979  -45.610  45.792  38.209 0.0000000000
117174  -46.753  42.439  33.252 0.0000000000
117822  -46.257  42.961  33.696 0.0000000000
117160  -46.987  42.613  34.126 0.0000000000
117809  -47.503  43.156  35.140 0.0000000000
118429  -47.579  44.182  35.830 0.0000000000
142434  -50.255  43.563  37.657 0.0000000000
117790  -50.329  44.515  37.076 0.0000000000
117788  -50.374  44.472  38.266 0.0000000000
118412  -50.498  45.294  38.894 0.0000000000
118982  -50.306  46.507  38.785 0.0000000000
119531  -49.473  46.791  39.161 0.0000000000
118951  -50.343  45.857  39.992 0.0000000000
118936  -49.676  45.642  41.147 0.0000000000
118383  -49.484  45.381  41.950 0.0000000000
118382  -49.189  45.177  42.765 0.0000000000
146962  -49.952  44.646  42.263 0.0000000000
150312  -49.735  43.649  42.395 0.0000000000
117121  -49.017  42.193  42.322 0.0000000000
147512  -50.447  39.291  42.190 0.0000000000
141125  -49.790  39.316  43.083 0.0000000000
114682  -50.499  38.878  43.257 0.0000000000
114678  -50.614  38.891  44.152 0.0000000000
114673  -50.514  38.876  44.939 0.0000000000
115294  -51.235  39.264  45.966 0.0000000000
113960  -52.379  37.687  45.811 0.0000000000
163761  -53.086  37.103  45.781 0.0000000000
113263  -53.311  36.323  46.166 0.0000000000
113264  -53.399  36.669  45.127 0.0000000000
112562  -53.584  35.996  44.641 0.0000000000
111850  -53.240  34.451  44.298 0.0000000000
111890  -53.301  33.344  40.730 0.0000000000
111159  -53.276  32.937  40.884 0.0000000000
111179  -52.969  32.366  40.320 0.0000000000
110512  -52.868  31.562  39.782 0.0000000000
109842  -51.375  30.855  39.691 0.0000000000
109852  -51.015  30.632  38.670 0.0000000000
109862  -50.443  30.917  38.423 0.0000000000
138467  -49.843  31.212  38.251 0.0000000000
149762  -50.532  37.293  37.004 0.0000000000
143137  -50.154  37.225  37.766 0.0000000000
114037  -49.604  37.272  38.623 0.0000000000
114020  -49.359  37.051  39.574 0.0000000000
113292  -46.457  36.264  40.590 0.0000000000
113293  -47.341  36.286  40.596 0.0000000000
111174  -47.679  33.507  39.532 0.0000000000
111188  -46.725  32.582  38.334 0.0000000000
137231  -45.839  31.699  37.054 0.0000000000
111197  -44.244  33.077  38.298 0.0000000000
114812  -48.484  38.339  28.785 0.0000000000
115390  -48.213  39.214  29.187 0.0000000000
113412  -49.338  36.181  29.368 0.0000000000
113413  -50.216  35.685  29.942 0.0000000000
112705  -49.623  35.040  28.338 0.0000000000
112706  -49.998  34.258  28.914 0.0000000000
112698  -50.516  34.843  29.732 0.0000000000
111954  -51.785  34.119  30.745 0.0000000000
111232  -51.654  33.205  31.166 0.0000000000
111223  -51.888  33.234  31.600 0.0000000000
111922  -51.622  33.369  32.246 0.0000000000
141072  -50.491  32.765  31.268 0.0000000000
111930  -49.677  33.336  31.417 0.0000000000
111920  -48.534  34.056  31.130 0.0000000000
111230  -48.633  32.724  29.881 0.0000000000
111943  -48.067  33.481  30.170 0.0000000000
109760  -46.815  31.347  52.784 0.0000000000
163465  -46.738  31.971  52.081 0.0000000000
110428  -47.303  32.300  52.309 0.0000000000
111085  -47.924  33.265  52.254 0.0000000000
111796  -47.489  34.538  52.035 0.0000000000
111787  -47.934  35.231  52.607 0.0000000000
123669  -39.077  54.029  36.289 0.0000000000
124326  -40.630  54.427  36.017 0.0000000000
124335  -40.766  54.183  35.117 0.0000000000
124337  -42.187  54.872  34.321 0.0000000000
123057  -50.390  52.851  30.822 0.0000000000
138433  -50.096  49.409  29.789 0.0000000000
120150  -51.632  47.474  29.825 0.0000000000
120155  -52.034  46.850  29.403 0.0000000000
119071  -51.619  45.456  28.165 0.0000000000
118498  -51.679  44.778  27.498 0.0000000000
119610  -51.558  46.569  28.273 0.0000000000
120159  -51.106  46.976  27.603 0.0000000000
116478  -47.658  42.103  44.957 0.0000000000
116464  -48.506  41.958  46.127 0.0000000000
117069  -49.313  42.877  46.394 0.0000000000
117070  -50.397  43.091  46.519 0.0000000000
120111  -42.215  47.209  34.842 0.0000000000
159167  -43.496  46.667  35.330 0.0000000000
116538  -51.680  42.069  34.416 0.0000000000
152586  -50.138  42.607  34.760 0.0000000000
117165  -52.032  42.807  34.710 0.0000000000
117150  -52.171  43.156  34.960 0.0000000000
117140  -51.330  43.040  36.280 0.0000000000
115907  -51.718  41.212  36.466 0.0000000000
117135  -50.444  42.650  37.096 0.0000000000
117133  -49.986  42.553  38.157 0.0000000000
117132  -49.649  42.521  39.034 0.0000000000
116500  -49.476  41.429  40.246 0.0000000000
115888  -49.940  40.177  40.080 0.0000000000
115319  -49.559  39.941  40.809 0.0000000000
135419  -51.363  39.398  39.789 0.0000000000
115320  -50.450  39.559  40.412 0.0000000000
156901  -50.683  39.212  41.111 0.0000000000
115316  -51.441  39.005  41.542 0.0000000000
114684  -52.335  38.056  42.241 0.0000000000
113981  -53.019  37.582  42.887 0.0000000000
158806  -53.249  36.823  43.038 0.0000000000
113982  -53.330  37.033  42.242 0.0000000000
113279  -53.601  36.438  41.660 0.0000000000
136937  -53.602  35.784  41.140 0.0000000000
142819  -53.634  36.810  39.849 0.0000000000
113298  -53.607  36.063  40.258 0.0000000000
112604  -53.593  34.976  40.853 0.0000000000
159345  -53.373  34.292  40.767 0.0000000000
147955  -52.784  34.257  40.504 0.0000000000
111888  -51.295  33.881  40.325 0.0000000000
114048  -47.899  37.597  37.557 0.0000000000
114711  -47.105  37.927  38.317 0.0000000000
114017  -46.637  37.287  39.602 0.0000000000
114000  -46.114  36.770  40.044 0.0000000000
113291  -45.560  36.292  40.499 0.0000000000
138912  -45.130  35.281  40.686 0.0000000000
111882  -44.748  34.684  40.448 0.0000000000
149929  -45.004  49.150  31.529 0.0000000000
120672  -44.473  48.432  31.649 0.0000000000
120138  -45.403  47.364  31.360 0.0000000000
119584  -45.335  45.917  31.556 0.0000000000
118447  -46.121  43.810  32.284 0.0000000000
118458  -46.362  44.061  31.444 0.0000000000
117843  -46.522  43.324  31.794 0.0000000000
117834  -46.367  43.084  32.755 0.0000000000
116548  -48.831  41.174  33.864 0.0000000000
116549  -49.986  41.129  34.197 0.0000000000
115385  -48.083  39.188  30.175 0.0000000000
154075  -48.307  39.177  30.927 0.0000000000
114788  -48.818  38.782  31.439 0.0000000000
114789  -49.768  38.511  31.688 0.0000000000
115379  -49.507  39.242  32.157 0.0000000000
154046  -49.852  39.736  32.770 0.0000000000
115939  -50.855  40.070  33.195 0.0000000000
116550  -51.208  41.296  34.052 0.0000000000
116551  -52.028  41.340  33.875 0.0000000000
154878  -52.419  40.977  33.879 0.0000000000
115923  -52.933  40.255  34.062 0.0000000000
114778  -53.402  38.652  33.289 0.0000000000
162149  -52.994  39.559  34.656 0.0000000000
146976  -53.236  38.911  35.432 0.0000000000
114732  -53.381  38.489  36.610 0.0000000000
114052  -53.295  37.674  37.182 0.0000000000
114066  -53.332  37.773  36.461 0.0000000000
114065  -52.897  37.317  36.590 0.0000000000
114063  -50.218  37.315  36.353 0.0000000000
114062  -49.244  37.557  36.210 0.0000000000
142559  -48.331  37.735  36.070 0.0000000000
140966  -50.752  34.089  32.522 0.0000000000
112645  -50.097  35.437  33.396 0.0000000000
113365  -49.500  36.158  33.769 0.0000000000
113380  -48.244  36.119  32.794 0.0000000000
113364  -48.603  36.450  33.503 0.0000000000
113349  -48.974  36.786  34.213 0.0000000000
139840  -48.498  31.302  54.092 0.0000000000
152677  -49.535  31.471  54.298 0.0000000000
109747  -50.205  30.832  54.129 0.0000000000
109761  -51.454  31.226  52.432 0.0000000000
110429  -51.647  32.242  52.101 0.0000000000
159597  -51.614  33.192  51.502 0.0000000000
111075  -51.706  34.210  53.373 0.0000000000
111797  -52.224  34.032  52.201 0.0000000000
136184  -52.380  34.678  50.555 0.0000000000
112532  -52.422  35.072  49.924 0.0000000000
124298  -41.326  55.374  38.799 0.0000000000
124888  -41.496  55.468  37.737 0.0000000000
124880  -41.807  55.885  38.690 0.0000000000
124871  -42.138  56.115  39.184 0.0000000000
157027  -44.329  56.346  39.278 0.0000000000
124884  -45.990  56.558  39.017 0.0000000000
124308  -46.269  55.727  38.428 0.0000000000
123683  -44.897  54.426  36.221 0.0000000000
123682  -44.154  54.155  35.619 0.0000000000
124329  -44.232  54.562  34.987 0.0000000000
124898  -46.580  57.009  36.294 0.0000000000
124338  -45.052  55.360  34.646 0.0000000000
123705  -43.571  53.703  33.249 0.0000000000
143819  -43.552  53.207  32.669 0.0000000000
123046  -44.101  52.047  31.956 0.0000000000
122418  -44.953  51.663  31.620 0.0000000000
125521  -44.334  56.990  34.270 0.0000000000
126083  -46.611  58.407  34.591 0.0000000000
125523  -47.174  58.182  34.183 0.0000000000
124952  -46.893  56.387  33.234 0.0000000000
124361  -47.405  55.642  32.550 0.0000000000
158929  -46.175  54.594  32.168 0.0000000000
124360  -45.836  55.164  32.639 0.0000000000
123048  -45.717  52.657  31.628 0.0000000000
121826  -45.502  50.719  31.515 0.0000000000
121244  -45.857  49.237  31.426 0.0000000000
158706  -46.198  48.679  31.346 0.0000000000
119591  -46.838  46.808  30.794 0.0000000000
149431  -47.746  49.238  31.473 0.0000000000
120140  -47.048  47.711  30.974 0.0000000000
145772  -47.007  46.010  30.650 0.0000000000
118468  -47.608  44.457  30.314 0.0000000000
117852  -47.907  43.882  30.114 0.0000000000
163522  -48.099  41.759  29.355 0.0000000000
153067  -50.460  51.287  31.473 0.0000000000
121248  -50.231  49.717  31.425 0.0000000000
120146  -49.553  47.694  30.823 0.0000000000
120147  -50.672  47.826  30.616 0.0000000000
119593  -50.070  47.004  30.432 0.0000000000
119033  -49.234  45.995  30.187 0.0000000000
118476  -49.195  44.246  29.559 0.0000000000
149682  -48.508  42.079  28.911 0.0000000000
115979  -48.471  40.268  28.687 0.0000000000
115400  -48.785  39.160  28.380 0.0000000000
114813  -49.211  38.318  28.148 0.0000000000
139450  -49.746  36.734  27.451 0.0000000000
115407  -50.356  39.174  27.171 0.0000000000
114165  -50.050  37.703  27.129 0.0000000000
112720  -49.236  35.326  25.828 0.0000000000
114191  -49.877  37.580  23.792 0.0000000000
114190  -49.167  37.190  23.807 0.0000000000
158960  -51.156  43.369  26.670 0.0000000000
117276  -50.710  42.858  25.993 0.0000000000
117275  -50.296  42.251  25.050 0.0000000000
113208  -45.699  36.902  52.032 0.0000000000
113219  -45.726  37.209  51.731 0.0000000000
113892  -46.271  37.153  52.069 0.0000000000
113893  -47.248  37.284  51.839 0.0000000000
113210  -48.075  37.284  52.437 0.0000000000
162616  -47.508  39.121  47.726 0.0000000000
154864  -48.040  38.864  48.788 0.0000000000
115263  -48.598  39.671  48.931 0.0000000000
114621  -48.354  38.877  49.601 0.0000000000
113906  -48.423  38.120  51.283 0.0000000000
113894  -48.656  37.983  52.246 0.0000000000
113885  -48.921  37.596  53.007 0.0000000000
113895  -50.052  38.382  52.959 0.0000000000
113896  -50.688  38.523  52.704 0.0000000000
113888  -51.382  37.725  52.606 0.0000000000
115243  -50.742  39.774  51.529 0.0000000000
113897  -51.580  38.141  51.724 0.0000000000
113220  -52.500  36.646  50.617 0.0000000000
113236  -52.590  36.459  49.709 0.0000000000
112533  -52.489  35.600  49.318 0.0000000000
118409  -43.833  44.793  39.804 0.0000000000
118399  -44.678  44.804  40.528 0.0000000000
118380  -45.639  44.867  41.940 0.0000000000
120136  -44.086  47.868  31.880 0.0000000000
162436  -43.598  46.365  32.734 0.0000000000
118439  -45.296  44.113  33.576 0.0000000000
119012  -44.138  45.159  33.492 0.0000000000
119578  -43.130  46.518  32.968 0.0000000000
119011  -43.515  45.604  34.060 0.0000000000
119000  -43.945  46.109  35.073 0.0000000000
146294  -44.781  46.479  35.799 0.0000000000
117163  -50.543  43.268  35.134 0.0000000000
118430  -49.622  44.352  35.899 0.0000000000
146556  -48.697  44.966  36.053 0.0000000000
118424  -49.964  45.343  36.654 0.0000000000
140391  -49.074  45.872  36.409 0.0000000000
119003  -47.547  45.385  36.245 0.0000000000
118994  -47.081  46.483  36.463 0.0000000000
118993  -46.233  46.589  36.270 0.0000000000
119562  -45.655  46.805  36.319 0.0000000000
119553  -46.168  47.062  36.793 0.0000000000
118989  -46.499  46.536  37.803 0.0000000000
118980  -46.357  45.878  38.827 0.0000000000
135722  -47.142  46.111  39.452 0.0000000000
118966  -46.449  45.292  39.740 0.0000000000
118401  -46.366  45.309  40.742 0.0000000000
157873  -46.248  45.211  41.551 0.0000000000
118381  -46.506  45.323  42.263 0.0000000000
118361  -46.730  45.331  42.919 0.0000000000
118341  -48.725  45.163  44.243 0.0000000000
118346  -49.142  45.314  43.750 0.0000000000
118338  -49.405  44.652  45.053 0.0000000000
117728  -49.849  44.286  45.355 0.0000000000
157406  -50.309  43.968  45.659 0.0000000000
136930  -51.167  42.806  46.309 0.0000000000
116499  -49.045  41.304  41.303 0.0000000000
116498  -48.033  41.000  41.869 0.0000000000
116490  -48.708  41.035  43.081 0.0000000000
115306  -49.366  39.910  43.194 0.0000000000
115878  -48.935  40.427  43.121 0.0000000000
116491  -49.819  41.994  43.652 0.0000000000
115870  -50.659  41.577  44.899 0.0000000000
159657  -51.387  41.933  45.778 0.0000000000
115846  -51.555  42.131  46.666 0.0000000000
115847  -51.633  41.388  47.102 0.0000000000
115836  -51.684  40.870  47.792 0.0000000000
115272  -51.790  39.925  48.125 0.0000000000
140193  -51.705  38.907  46.609 0.0000000000
114648  -52.245  38.735  47.397 0.0000000000
114634  -52.041  38.793  48.395 0.0000000000
113939  -52.836  37.052  48.388 0.0000000000
113249  -52.815  36.253  48.858 0.0000000000
112546  -52.612  35.272  48.428 0.0000000000
139211  -52.543  34.873  47.952 0.0000000000
112553  -51.130  35.056  47.085 0.0000000000
135301  -53.000  35.397  46.359 0.0000000000
112554  -51.821  34.995  46.154 0.0000000000
111848  -50.370  34.528  44.764 0.0000000000
111857  -50.012  34.241  44.107 0.0000000000
113269  -53.646  36.119  43.651 0.0000000000
139856  -53.446  34.372  43.353 0.0000000000
111132  -53.314  33.890  43.946 0.0000000000
110491  -53.172  32.888  41.546 0.0000000000
111151  -52.855  33.046  42.548 0.0000000000
111142  -52.533  33.686  43.185 0.0000000000
111141  -51.363  33.809  43.055 0.0000000000
111147  -48.827  32.975  42.899 0.0000000000
110486  -48.558  32.233  42.193 0.0000000000
114040  -52.998  37.134  37.777 0.0000000000
113314  -52.155  36.339  38.725 0.0000000000
114038  -50.864  36.846  38.164 0.0000000000
113313  -51.183  36.588  38.749 0.0000000000
113297  -51.336  35.356  39.948 0.0000000000
111887  -50.152  34.212  40.358 0.0000000000
149194  -48.083  37.642  38.421 0.0000000000
113294  -48.222  36.226  40.476 0.0000000000
135776  -49.091  36.062  40.340 0.0000000000
112600  -49.525  35.247  40.522 0.0000000000
111191  -49.796  31.941  38.443 0.0000000000
111190  -48.091  32.421  38.502 0.0000000000
109871  -48.233  30.832  37.525 0.0000000000
109843  -52.403  30.965  39.604 0.0000000000
109853  -51.900  30.715  38.853 0.0000000000
110490  -52.624  32.490  41.520 0.0000000000
110503  -52.589  31.642  40.490 0.0000000000
110525  -51.483  31.589  38.515 0.0000000000
110561  -50.590  32.555  30.910 0.0000000000
110565  -49.305  32.140  29.654 0.0000000000
110567  -50.519  32.526  30.569 0.0000000000
110573  -48.317  32.578  29.249 0.0000000000
110575  -50.225  32.337  29.913 0.0000000000
110582  -49.992  32.166  29.015 0.0000000000
110589  -48.108  32.312  27.630 0.0000000000
111143  -53.030  33.510  43.374 0.0000000000
111149  -50.505  33.441  42.791 0.0000000000
111150  -52.175  32.942  42.510 0.0000000000
111152  -53.260  33.349  42.488 0.0000000000
111160  -53.539  33.413  41.612 0.0000000000
111217  -52.063  33.246  32.008 0.0000000000
111218  -52.582  33.669  32.102 0.0000000000
111222  -51.279  32.999  31.472 0.0000000000
111242  -51.281  33.341  30.584 0.0000000000
111250  -49.611  32.332  28.175 0.0000000000
111262  -48.496  32.529  27.078 0.0000000000
111264  -49.774  32.986  27.840 0.0000000000
111843  -50.904  34.755  45.433 0.0000000000
111849  -52.216  34.754  44.400 0.0000000000
111851  -53.668  34.559  44.058 0.0000000000
111891  -53.551  33.772  41.070 0.0000000000
111916  -53.488  34.366  32.933 0.0000000000
111924  -53.085  34.050  32.571 0.0000000000
111931  -50.658  33.311  31.857 0.0000000000
111932  -52.983  34.348  32.151 0.0000000000
111945  -52.813  34.483  31.712 0.0000000000
111958  -49.761  34.284  27.942 0.0000000000
111978  -48.943  34.333  26.250 0.0000000000
112521  -52.426  35.851  50.054 0.0000000000
112551  -53.022  35.223  47.759 0.0000000000
112565  -53.599  35.299  44.380 0.0000000000
112569  -53.922  35.176  43.926 0.0000000000
112576  -53.728  34.635  42.298 0.0000000000
112583  -53.777  34.997  41.555 0.0000000000
112609  -53.460  35.669  40.080 0.0000000000
112640  -53.379  35.525  33.851 0.0000000000
112649  -53.617  35.169  33.192 0.0000000000
112659  -49.147  34.928  32.403 0.0000000000
112661  -50.720  34.789  33.033 0.0000000000
112675  -53.326  34.777  32.258 0.0000000000
112687  -52.212  34.894  30.911 0.0000000000
112688  -52.753  34.808  31.465 0.0000000000
112699  -51.308  34.576  30.387 0.0000000000
113209  -47.285  36.869  52.345 0.0000000000
113381  -53.318  36.200  32.383 0.0000000000
113393  -52.976  35.663  32.015 0.0000000000
113405  -52.713  35.337  31.428 0.0000000000
113411  -48.807  36.921  29.031 0.0000000000
113447  -50.062  36.867  24.667 0.0000000000
113455  -49.632  36.729  23.956 0.0000000000
113886  -49.635  37.923  53.308 0.0000000000
113887  -50.539  37.762  53.379 0.0000000000
113907  -52.364  37.488  51.013 0.0000000000
113923  -52.372  38.073  49.717 0.0000000000
113974  -52.494  37.630  44.433 0.0000000000
114018  -47.474  37.320  39.764 0.0000000000
114126  -53.529  36.806  32.890 0.0000000000
114132  -50.130  37.767  31.354 0.0000000000
114142  -48.607  37.751  30.231 0.0000000000
114149  -48.478  37.600  29.278 0.0000000000
114173  -50.679  37.770  25.912 0.0000000000
114196  -49.454  37.992  23.722 0.0000000000
114610  -51.332  38.882  51.185 0.0000000000
114615  -48.793  38.835  50.601 0.0000000000
114665  -51.029  38.567  45.300 0.0000000000
114671  -43.627  38.907  44.819 0.0000000000
114766  -53.493  38.643  33.998 0.0000000000
114776  -51.490  38.963  32.456 0.0000000000
114777  -52.418  38.681  32.560 0.0000000000
114779  -53.593  37.810  33.031 0.0000000000
114790  -50.849  38.303  31.902 0.0000000000
114797  -48.459  38.559  30.604 0.0000000000
114803  -48.229  38.415  29.664 0.0000000000
114825  -50.400  38.513  26.888 0.0000000000
114840  -50.766  38.505  25.238 0.0000000000
114845  -48.736  37.993  23.944 0.0000000000
115249  -50.294  40.190  51.479 0.0000000000
115250  -51.015  40.182  50.935 0.0000000000
115254  -49.559  40.156  50.253 0.0000000000
115290  -45.037  39.001  45.276 0.0000000000
115305  -48.191  39.916  42.675 0.0000000000
115310  -46.577  39.910  42.088 0.0000000000
115311  -47.178  39.700  42.206 0.0000000000
115314  -46.762  39.908  41.827 0.0000000000
115371  -51.650  39.709  32.959 0.0000000000
115378  -48.475  39.509  31.595 0.0000000000
115401  -49.583  39.129  27.715 0.0000000000
115408  -50.748  39.210  26.623 0.0000000000
115427  -49.187  39.584  23.555 0.0000000000
115429  -50.147  39.320  23.977 0.0000000000
115827  -49.334  40.934  48.074 0.0000000000
115829  -51.134  41.412  49.321 0.0000000000
115859  -51.376  40.254  46.514 0.0000000000
115885  -46.649  40.247  41.901 0.0000000000
115898  -49.848  41.027  39.034 0.0000000000
115930  -49.417  40.674  33.633 0.0000000000
115931  -50.460  40.623  33.688 0.0000000000
115932  -52.253  40.664  33.555 0.0000000000
115933  -52.645  40.339  33.646 0.0000000000
115967  -47.816  40.698  30.332 0.0000000000
115980  -49.451  40.601  28.003 0.0000000000
116008  -49.989  40.132  23.902 0.0000000000
116430  -50.686  41.542  49.276 0.0000000000
116437  -51.465  41.787  48.157 0.0000000000
116441  -50.429  42.345  48.076 0.0000000000
116493  -47.736  40.739  42.297 0.0000000000
116516  -51.886  42.428  35.985 0.0000000000
116536  -49.465  41.760  34.480 0.0000000000
116547  -47.840  41.397  33.379 0.0000000000
116588  -47.895  41.374  29.795 0.0000000000
116589  -48.220  41.284  29.028 0.0000000000
116597  -49.915  41.346  28.102 0.0000000000
116609  -51.056  41.978  27.427 0.0000000000
116622  -50.979  42.050  26.785 0.0000000000
117075  -50.709  43.553  46.036 0.0000000000
117089  -50.771  43.557  45.231 0.0000000000
117110  -50.292  43.080  43.746 0.0000000000
117111  -50.620  43.610  44.479 0.0000000000
117141  -51.880  43.189  35.524 0.0000000000
117149  -49.593  43.474  35.519 0.0000000000
117164  -51.357  42.966  34.713 0.0000000000
117185  -46.732  42.534  32.306 0.0000000000
117198  -46.769  42.622  31.205 0.0000000000
117211  -47.091  43.065  30.538 0.0000000000
117236  -50.376  42.582  28.493 0.0000000000
117251  -51.514  43.021  27.567 0.0000000000
117793  -51.669  43.397  35.297 0.0000000000
117797  -48.591  43.809  35.632 0.0000000000
117800  -51.887  43.279  34.888 0.0000000000
117807  -45.743  43.539  34.122 0.0000000000
117862  -49.244  43.509  29.286 0.0000000000
117876  -51.645  43.953  28.436 0.0000000000
117905  -51.439  43.434  27.224 0.0000000000
118342  -49.294  45.069  44.535 0.0000000000
118347  -49.795  45.009  44.148 0.0000000000
118417  -50.447  45.470  37.896 0.0000000000
118421  -50.315  45.548  37.159 0.0000000000
118431  -50.181  44.447  36.279 0.0000000000
118433  -44.753  44.684  33.988 0.0000000000
118435  -46.196  44.148  34.797 0.0000000000
118446  -45.505  44.242  32.658 0.0000000000
118457  -45.879  44.510  31.862 0.0000000000
118467  -46.826  44.429  30.793 0.0000000000
118469  -48.388  44.407  29.953 0.0000000000
118488  -51.623  44.724  28.386 0.0000000000
118928  -47.995  45.903  42.597 0.0000000000
118949  -48.997  46.191  40.732 0.0000000000
118950  -49.876  46.002  40.378 0.0000000000
118969  -50.066  46.411  39.488 0.0000000000
118970  -50.427  45.970  39.306 0.0000000000
118981  -47.723  46.621  38.976 0.0000000000
118983  -50.458  46.151  38.443 0.0000000000
118996  -49.840  46.272  36.684 0.0000000000
118997  -50.186  46.012  36.937 0.0000000000
119015  -43.655  45.877  33.127 0.0000000000
119031  -47.305  45.196  30.520 0.0000000000
119046  -49.161  45.046  29.834 0.0000000000
119542  -50.105  46.875  38.511 0.0000000000
119552  -45.235  46.726  36.800 0.0000000000
119557  -50.095  47.070  37.472 0.0000000000
119563  -46.589  47.031  36.717 0.0000000000
119565  -48.800  47.069  37.309 0.0000000000
119566  -49.740  47.049  36.923 0.0000000000
119572  -43.165  46.277  34.591 0.0000000000
119575  -43.047  46.233  33.692 0.0000000000
119579  -44.118  46.311  32.381 0.0000000000
119602  -50.686  46.327  30.151 0.0000000000
119603  -51.806  46.408  30.072 0.0000000000
119611  -52.074  46.121  28.794 0.0000000000
119618  -51.627  46.033  27.767 0.0000000000
120104  -41.976  47.435  36.597 0.0000000000
120114  -41.552  47.654  34.558 0.0000000000
120130  -44.129  47.166  32.047 0.0000000000
120137  -44.679  47.627  31.625 0.0000000000
120148  -51.257  47.692  30.148 0.0000000000
120674  -46.152  47.955  31.232 0.0000000000
120675  -46.978  48.577  31.285 0.0000000000
120677  -49.824  49.096  31.423 0.0000000000
120678  -50.505  49.125  31.160 0.0000000000
120684  -50.752  48.504  30.661 0.0000000000
120687  -51.069  48.171  30.093 0.0000000000
121242  -43.864  49.959  31.711 0.0000000000
121255  -50.644  48.874  30.324 0.0000000000
121825  -44.452  50.734  31.639 0.0000000000
121828  -48.319  50.677  31.784 0.0000000000
121830  -50.037  50.279  31.698 0.0000000000
121831  -50.427  50.414  31.342 0.0000000000
121834  -50.585  51.045  30.858 0.0000000000
122413  -42.757  51.631  32.716 0.0000000000
122422  -49.204  51.352  32.017 0.0000000000
122423  -50.316  51.991  31.842 0.0000000000
122424  -50.572  51.995  31.235 0.0000000000
123043  -43.319  52.401  32.502 0.0000000000
123044  -44.155  52.944  32.161 0.0000000000
123053  -50.400  52.759  31.551 0.0000000000
123718  -45.009  53.199  31.895 0.0000000000
123720  -47.984  54.138  32.085 0.0000000000
123721  -48.834  53.685  32.184 0.0000000000
123723  -50.157  53.454  31.638 0.0000000000
123724  -50.330  53.263  31.251 0.0000000000
123733  -50.067  53.757  30.855 0.0000000000
124316  -40.340  54.630  36.945 0.0000000000
124325  -39.910  54.185  36.246 0.0000000000
124327  -41.328  54.639  35.646 0.0000000000
124328  -42.082  54.961  35.299 0.0000000000
124373  -49.688  54.100  31.426 0.0000000000
124385  -48.497  55.699  30.931 0.0000000000
124881  -42.749  56.426  38.899 0.0000000000
124889  -42.429  55.935  37.967 0.0000000000
124891  -45.993  56.917  38.276 0.0000000000
124910  -47.183  57.879  35.984 0.0000000000
124953  -48.220  57.007  33.071 0.0000000000
124954  -48.322  57.323  32.419 0.0000000000
125478  -46.087  57.165  37.169 0.0000000000
125486  -46.104  57.462  36.779 0.0000000000
125499  -45.810  57.688  35.971 0.0000000000
125510  -44.716  57.300  35.238 0.0000000000
125512  -46.951  58.320  35.512 0.0000000000
125522  -45.209  57.751  33.974 0.0000000000
126091  -46.941  58.430  34.117 0.0000000000
136632  -44.642  45.745  35.301 0.0000000000
138406  -47.686  32.743  28.830 0.0000000000
139518  -51.585  40.745  33.571 0.0000000000
140053  -48.489  42.925  29.401 0.0000000000
140166  -43.377  47.160  35.906 0.0000000000
141291  -49.213  46.617  36.711 0.0000000000
143789  -50.445  38.796  24.331 0.0000000000
143796  -49.068  33.847  43.348 0.0000000000
149143  -50.779  43.650  36.726 0.0000000000
150159  -48.714  47.005  37.726 0.0000000000
150265  -47.902  40.585  32.079 0.0000000000
150602  -47.494  50.012  31.618 0.0000000000
150709  -46.780  53.446  31.717 0.0000000000
150841  -47.965  45.990  30.341 0.0000000000
152044  -42.331  47.989  32.766 0.0000000000
152050  -46.160  46.128  31.104 0.0000000000
153021  -51.276  39.516  50.826 0.0000000000
153556  -43.977  54.254  34.084 0.0000000000
154033  -52.059  33.738  31.108 0.0000000000
155305  -40.232  54.049  35.509 0.0000000000
156031  -46.021  55.030  37.429 0.0000000000
156383  -50.002  43.993  29.298 0.0000000000
156530  -51.432  45.044  29.364 0.0000000000
156647  -45.505  49.847  31.494 0.0000000000
156761  -50.226  40.913  27.600 0.0000000000
158233  -53.146  38.281  32.817 0.0000000000
158435  -51.388  42.611  27.720 0.0000000000
158991  -51.866  38.440  42.616 0.0000000000
159222  -46.224  37.583  48.633 0.0000000000
159356  -49.582  42.867  35.191 0.0000000000
159445  -43.540  46.858  32.519 0.0000000000
159554  -43.115  56.466  38.851 0.0000000000
161497  -48.174  33.043  26.516 0.0000000000
161935  -48.405  45.625  36.324 0.0000000000
162295  -46.789  40.196  42.142 0.0000000000
162934  -44.573  53.481  32.198 0.0000000000
163644  -48.732  44.047  45.379 0.0000000000
163795  -47.375  47.220  30.718 0.0000000000
