#!ascii label  , from subject sub-v1s6x0051373_ses-1 vox2ras=TkReg
2183
4744  17.320  -83.439  7.493 0.6999999881
4746  15.431  -83.242  7.423 0.8000000119
4723  15.154  -83.424  9.178 0.8000000119
4724  14.772  -83.997  9.399 0.6999999881
153533  16.847  -83.867  5.253 0.6000000238
145654  16.005  -83.426  6.690 0.6000000238
4735  14.753  -83.717  8.428 0.6000000238
4256  17.250  -84.114  4.574 0.6000000238
5224  15.802  -82.838  9.069 0.8000000119
4718  15.007  -83.938  10.338 0.6999999881
4712  15.115  -83.725  11.297 0.6999999881
4184  14.684  -85.293  11.940 0.6999999881
4226  17.307  -83.932  6.056 0.6000000238
147559  16.021  -82.901  8.196 0.6999999881
4196  14.391  -85.123  10.336 0.6999999881
4278  18.264  -84.702  3.736 0.6000000238
3739  18.580  -85.051  3.118 0.6000000238
3741  17.060  -85.076  3.006 0.6000000238
3773  17.140  -85.518  0.064 0.6000000238
3762  17.204  -85.858  1.635 0.6000000238
5199  15.891  -82.754  10.753 0.8000000119
5173  15.471  -82.448  12.427 0.8000000119
5174  14.921  -83.008  13.009 0.6999999881
5162  14.608  -82.750  14.002 0.6999999881
5163  13.983  -83.088  14.214 0.6999999881
147610  16.198  -82.683  9.835 0.8000000119
5188  15.329  -82.950  11.570 0.6999999881
4699  14.435  -83.562  13.677 0.6999999881
159606  16.567  -82.732  8.882 0.6999999881
5200  15.329  -83.394  10.630 0.8000000119
141987  14.876  -84.319  12.072 0.6999999881
4732  17.830  -83.364  8.259 0.6999999881
4239  17.748  -84.074  5.293 0.6999999881
4277  19.103  -84.821  3.490 0.6000000238
159044  18.967  -84.594  4.233 0.6000000238
149103  17.460  -85.778  0.934 0.6000000238
3751  17.659  -85.614  2.355 0.6000000238
3780  16.874  -85.091  -0.914 0.6000000238
2875  17.196  -86.916  -1.805 0.6999999881
3800  16.238  -86.174  -1.868 0.6000000238
2459  18.000  -88.406  -0.713 0.5000000000
166439  16.688  -87.890  -1.403 0.6000000238
2065  18.017  -89.176  -0.147 0.5000000000
5668  15.840  -81.821  13.060 0.8999999762
5161  15.224  -82.309  13.521 0.8000000119
5654  14.123  -81.467  14.917 0.6999999881
5198  16.655  -82.214  10.385 0.6999999881
5186  16.362  -82.066  11.245 0.8999999762
141012  13.256  -82.379  14.210 0.6999999881
143208  18.335  -83.079  8.805 0.8000000119
5209  17.680  -82.313  9.591 0.8000000119
4742  19.426  -83.585  7.602 0.8000000119
4236  20.253  -84.142  5.259 0.6999999881
4755  18.791  -84.009  6.923 0.6999999881
4237  19.597  -84.448  4.814 0.8000000119
4254  19.750  -84.568  3.966 0.8000000119
141424  19.619  -84.525  2.216 0.6999999881
3760  18.955  -85.085  1.856 0.6999999881
4312  17.607  -84.789  -0.406 0.6000000238
3799  16.822  -85.828  -2.176 0.6999999881
2463  17.879  -87.810  -1.164 0.6999999881
5683  16.796  -81.531  11.812 0.8999999762
5653  15.451  -81.628  13.984 0.8000000119
5655  13.258  -81.334  14.572 0.6999999881
5707  18.301  -81.907  9.900 0.8000000119
5697  17.226  -81.803  11.008 0.8000000119
138036  18.374  -82.564  9.368 0.6999999881
156817  20.790  -82.955  6.069 0.6999999881
4741  20.381  -83.259  7.363 0.6000000238
4754  19.877  -83.828  6.825 0.8000000119
151169  20.606  -83.729  4.186 0.8000000119
4789  20.319  -83.903  2.652 0.8000000119
4304  19.248  -84.347  1.285 0.6999999881
4315  18.056  -84.135  -0.855 0.8000000119
4305  18.612  -85.028  1.092 0.6999999881
4811  17.911  -84.035  -1.710 0.8000000119
3304  18.795  -86.544  -1.996 0.6999999881
3798  17.506  -85.644  -2.364 0.6999999881
4316  17.403  -84.540  -1.334 0.6999999881
3298  18.910  -87.160  -1.526 0.6999999881
157999  18.037  -87.071  -1.688 0.6999999881
6366  14.936  -80.537  0.212 0.6000000238
7560  15.225  -79.091  -0.485 0.6000000238
148583  13.745  -78.737  -1.324 0.6000000238
144484  12.924  -76.877  -0.591 0.6999999881
5652  16.168  -81.214  13.647 0.8999999762
5641  13.591  -80.654  15.131 0.6999999881
5221  20.032  -82.409  9.074 0.6000000238
147435  20.848  -82.565  6.803 0.6000000238
5231  20.633  -82.467  7.757 0.6000000238
5240  20.799  -82.932  5.345 0.6999999881
146974  20.886  -82.201  2.752 0.6999999881
5253  20.962  -82.478  3.460 0.6999999881
7440  14.870  -78.741  11.195 0.6999999881
7454  13.203  -78.116  10.285 0.6999999881
5260  20.761  -82.976  2.660 0.8000000119
4781  20.756  -83.414  3.470 0.8000000119
7452  15.346  -79.287  10.468 0.6000000238
7453  14.559  -79.366  10.033 0.6000000238
6805  13.605  -78.728  9.158 0.6999999881
4790  19.864  -83.899  1.855 0.6999999881
6816  15.286  -80.119  8.771 0.5000000000
6817  14.475  -79.608  8.494 0.6999999881
4810  18.495  -83.427  -1.355 0.8000000119
4806  19.265  -83.729  0.393 0.8000000119
6804  15.367  -79.801  9.574 0.5000000000
6814  16.218  -79.887  8.038 0.5000000000
3797  18.523  -85.628  -2.414 0.6999999881
7476  16.209  -78.863  7.663 0.5000000000
8159  15.969  -77.764  6.764 0.6000000238
7486  16.437  -79.221  6.350 0.5000000000
151818  16.551  -79.819  5.928 0.6000000238
155678  15.992  -80.771  5.202 0.6999999881
5765  15.384  -80.832  2.934 0.6999999881
7511  16.479  -78.943  4.724 0.5000000000
6859  16.632  -79.770  4.218 0.6000000238
6299  15.936  -80.874  3.543 0.6000000238
6895  15.730  -80.244  1.267 0.6000000238
8172  15.910  -77.436  5.739 0.6000000238
6869  16.521  -79.548  3.246 0.6000000238
7540  16.266  -79.050  1.545 0.6000000238
8181  16.245  -78.088  4.353 0.5000000000
7520  16.554  -78.848  3.901 0.5000000000
7550  15.909  -78.862  0.587 0.6000000238
8257  14.286  -78.313  -0.817 0.6000000238
154021  13.659  -77.329  -0.704 0.6999999881
10448  11.358  -75.232  1.532 0.6000000238
9687  10.955  -75.339  1.498 0.6999999881
7528  16.426  -78.846  2.515 0.6000000238
8230  16.043  -78.143  1.082 0.6000000238
149458  15.176  -77.570  -0.643 0.6000000238
8974  14.676  -77.232  -0.624 0.6999999881
11268  12.563  -74.040  1.278 0.5000000000
6207  15.467  -80.745  14.515 0.8999999762
5208  19.290  -82.082  9.619 0.6000000238
5695  18.188  -81.558  10.777 0.6999999881
6199  13.723  -79.649  15.367 0.8000000119
6777  11.670  -79.704  13.092 0.6999999881
7400  12.370  -78.438  14.131 0.6999999881
6761  13.828  -78.584  15.247 0.8000000119
5746  20.724  -82.021  5.049 0.6999999881
7425  14.309  -77.926  12.105 0.8000000119
7426  12.845  -77.625  11.933 0.6000000238
141089  15.123  -78.318  11.533 0.6999999881
8115  15.873  -78.263  10.830 0.6000000238
4809  19.242  -83.078  -0.501 0.8000000119
160267  20.041  -82.222  0.693 0.8000000119
5284  18.857  -82.647  -1.443 0.8000000119
151269  15.985  -78.373  10.075 0.5000000000
5286  18.608  -82.816  -1.872 0.8000000119
7464  16.172  -79.307  8.696 0.5000000000
9590  15.185  -76.135  8.542 0.5000000000
139057  15.657  -76.823  7.237 0.6000000238
8147  15.848  -77.774  7.615 0.6000000238
148413  15.680  -76.558  6.264 0.6000000238
8874  15.707  -76.665  5.398 0.6000000238
12023  10.415  -72.534  2.485 0.5000000000
8192  16.265  -78.029  3.598 0.5000000000
11254  11.878  -73.643  1.877 0.5000000000
11238  10.527  -74.055  2.147 0.6000000238
8203  16.011  -77.322  2.422 0.6000000238
8241  15.599  -77.374  -0.283 0.6999999881
8973  15.667  -76.025  -1.071 0.6999999881
9715  13.764  -76.101  0.028 0.6999999881
8901  15.781  -76.470  2.819 0.6000000238
10467  14.634  -75.547  -1.086 0.6000000238
9686  16.091  -75.786  0.991 0.6999999881
8953  16.068  -76.020  -0.931 0.6000000238
9755  15.084  -75.083  -2.221 0.5000000000
5682  17.667  -81.305  11.620 0.6999999881
5666  17.235  -81.040  12.416 0.6999999881
6206  16.453  -80.458  14.132 0.6999999881
6197  15.809  -79.783  14.766 0.8000000119
6758  15.908  -78.786  14.766 0.6999999881
7410  15.023  -77.425  14.026 0.6999999881
7398  14.463  -77.971  14.656 0.6999999881
14498  9.956  -69.837  1.791 0.5000000000
10354  14.950  -74.419  7.563 0.5000000000
8863  15.665  -75.929  6.947 0.6000000238
13610  10.040  -70.860  2.219 0.5000000000
10371  15.290  -74.680  6.236 0.5000000000
11199  14.825  -73.687  7.082 0.5000000000
143179  15.580  -75.900  5.502 0.6000000238
8889  15.676  -76.611  3.889 0.6000000238
10447  13.326  -74.362  0.451 0.5000000000
11198  15.199  -73.724  6.209 0.5000000000
9629  15.501  -75.072  5.560 0.6000000238
9660  15.570  -75.753  3.434 0.6000000238
10398  15.553  -74.398  4.556 0.6000000238
6222  17.917  -80.656  12.160 0.6999999881
159475  17.711  -79.836  13.334 0.6999999881
6765  16.692  -79.600  14.405 0.6999999881
10430  15.940  -75.070  0.804 0.5000000000
11989  14.946  -72.917  6.625 0.5000000000
9736  15.972  -74.944  -1.950 0.5000000000
11216  15.528  -73.557  4.810 0.5000000000
10418  15.551  -74.007  2.713 0.5000000000
138867  15.690  -74.971  1.876 0.5000000000
9698  16.090  -75.562  -0.008 0.5000000000
11266  15.804  -73.737  0.452 0.5000000000
11277  16.386  -73.555  -1.533 0.5000000000
12012  15.552  -72.275  2.960 0.5000000000
11253  15.569  -73.280  1.352 0.5000000000
10466  16.221  -74.551  -0.937 0.5000000000
11998  15.445  -72.665  5.049 0.5000000000
162627  15.473  -73.346  2.172 0.5000000000
138057  15.606  -73.987  1.847 0.5000000000
138268  15.311  -72.841  5.893 0.5000000000
11226  15.527  -73.435  3.520 0.5000000000
12787  15.689  -71.604  1.649 0.5000000000
16225  7.351  -68.032  1.948 0.6000000238
14501  7.461  -69.358  1.225 0.6000000238
16223  8.409  -67.482  1.777 0.5000000000
16193  6.592  -67.630  3.436 0.6999999881
15365  6.899  -68.572  2.315 0.6000000238
13597  6.565  -70.222  1.758 0.6000000238
13581  7.181  -70.708  3.542 0.6999999881
15333  7.118  -68.240  4.554 0.6000000238
14451  6.869  -69.210  3.667 0.6999999881
13582  6.886  -69.953  3.225 0.6999999881
137999  6.658  -70.718  2.616 0.6999999881
12748  8.088  -71.053  4.597 0.8000000119
16169  7.660  -67.274  5.204 0.5000000000
17104  6.560  -66.629  4.174 0.5000000000
144533  7.683  -69.903  4.525 0.8000000119
152015  7.690  -68.811  4.899 0.6000000238
11999  9.118  -72.523  5.607 0.6999999881
17083  8.072  -65.843  5.888 0.5000000000
18018  7.407  -65.641  5.152 0.5000000000
13554  8.862  -70.585  5.480 0.6999999881
12005  8.510  -72.533  4.900 0.6999999881
14434  8.554  -69.791  5.414 0.6999999881
16168  8.330  -67.581  5.625 0.6999999881
11188  9.501  -73.467  7.145 0.6999999881
12739  9.954  -71.436  6.393 0.6999999881
16161  8.813  -67.142  6.135 0.6000000238
14416  9.114  -69.258  5.765 0.8000000119
16976  8.573  -65.959  13.431 0.6999999881
16105  9.006  -67.862  12.207 0.8000000119
18888  9.613  -64.349  8.364 0.4000000060
11967  9.739  -72.783  8.674 0.6999999881
18903  9.292  -64.788  7.745 0.5000000000
12730  10.182  -71.984  7.176 0.6999999881
18002  9.251  -65.930  6.794 0.6000000238
16147  10.081  -66.988  6.942 0.6000000238
14433  9.192  -70.049  5.683 0.6999999881
151607  8.968  -67.846  5.997 0.8000000119
14415  9.979  -69.159  6.166 0.8000000119
25014  4.689  -57.632  16.515 0.5000000000
25015  3.898  -58.030  16.520 0.5000000000
24999  3.943  -59.001  16.871 0.5000000000
19780  4.414  -63.077  14.139 0.5000000000
138127  6.785  -65.505  15.988 0.6000000238
18796  5.727  -63.783  15.238 0.6000000238
19781  3.479  -63.652  14.126 0.6000000238
21761  3.122  -61.726  15.973 0.6000000238
16947  6.992  -66.399  15.489 0.6999999881
18797  4.881  -64.418  15.013 0.6999999881
16964  7.545  -66.516  15.013 0.6999999881
16965  6.604  -66.838  14.758 0.6999999881
12705  10.315  -71.618  9.471 0.6999999881
13501  10.111  -71.109  10.665 0.6999999881
14338  10.059  -69.882  11.792 0.8000000119
17978  9.984  -65.211  8.224 0.5000000000
11966  10.279  -72.301  7.969 0.6999999881
17069  10.320  -66.488  7.588 0.6000000238
12738  10.440  -71.270  6.952 0.8000000119
16159  10.426  -67.734  6.927 0.6999999881
14374  11.131  -70.254  8.060 0.8000000119
151413  10.561  -69.845  6.505 0.8000000119
26021  5.125  -56.861  16.240 0.5000000000
26022  4.308  -57.228  15.857 0.6000000238
26033  3.576  -56.702  15.289 0.5000000000
26023  3.293  -57.692  15.769 0.6000000238
25016  3.226  -58.583  16.177 0.6000000238
23921  3.200  -59.545  16.421 0.6000000238
23932  2.026  -59.242  15.251 0.6000000238
23931  2.560  -59.776  15.801 0.5000000000
20795  4.676  -62.353  13.782 0.5000000000
20796  3.844  -62.709  13.727 0.5000000000
158303  6.326  -63.359  15.314 0.6000000238
20797  2.912  -62.005  13.608 0.6000000238
19756  2.957  -63.227  14.452 0.6999999881
22854  2.653  -60.878  15.668 0.6000000238
17879  7.772  -65.817  16.146 0.6000000238
141913  7.816  -66.226  15.640 0.6999999881
17881  5.470  -66.612  15.293 0.6999999881
18798  4.386  -64.722  15.226 0.6999999881
18799  3.921  -64.510  15.028 0.8000000119
20776  3.013  -62.498  15.280 0.6999999881
16946  8.481  -66.217  15.980 0.6999999881
17888  9.118  -66.014  14.161 0.6999999881
16974  9.838  -66.629  14.407 0.6999999881
16975  9.192  -66.371  13.476 0.8000000119
15234  10.744  -69.495  12.384 0.8000000119
15215  9.526  -68.967  12.370 0.8000000119
17059  10.785  -66.320  8.148 0.5000000000
17048  12.485  -66.988  10.144 0.6000000238
13500  11.033  -70.822  10.323 0.8000000119
14347  10.556  -70.631  11.212 0.8000000119
16137  11.048  -66.951  7.809 0.6000000238
17058  11.513  -66.652  8.588 0.6999999881
14373  11.462  -70.144  8.811 0.8000000119
16146  11.050  -67.774  7.488 0.6999999881
14394  11.550  -69.588  8.101 0.6999999881
159785  10.630  -69.087  6.614 0.8000000119
27088  5.014  -56.093  15.993 0.4000000060
26032  4.493  -56.355  15.606 0.5000000000
27098  1.754  -56.481  14.417 0.4000000060
26035  1.809  -57.552  14.730 0.5000000000
23942  1.146  -59.135  14.375 0.5000000000
19768  5.974  -62.756  14.773 0.5000000000
20817  3.363  -61.867  12.921 0.6000000238
21798  2.641  -61.332  12.991 0.6000000238
22855  2.081  -60.271  15.293 0.6000000238
19753  7.636  -63.703  15.835 0.6000000238
21780  1.972  -61.662  14.365 0.6999999881
21771  2.553  -61.652  15.133 0.6999999881
159032  8.526  -65.800  16.293 0.6000000238
16089  10.174  -68.186  13.589 0.8000000119
16118  12.790  -67.709  10.618 0.6999999881
14358  12.146  -69.365  9.964 0.6999999881
14346  11.534  -70.221  10.716 0.8000000119
15233  11.923  -69.467  12.026 0.8000000119
155671  12.156  -68.298  8.491 0.6999999881
27095  4.470  -55.577  15.625 0.4000000060
28900  4.274  -54.893  15.983 0.4000000060
28011  4.075  -54.971  17.069 0.4000000060
160713  1.755  -55.606  14.175 0.5000000000
27096  3.753  -55.676  15.036 0.4000000060
28004  3.868  -55.411  18.049 0.5000000000
25039  0.478  -58.485  13.625 0.5000000000
23975  0.605  -59.597  12.092 0.5000000000
22883  0.812  -59.812  13.278 0.5000000000
24012  1.910  -59.207  11.453 0.5000000000
22882  1.388  -60.477  13.600 0.6999999881
16962  10.128  -66.503  15.421 0.6000000238
15201  10.977  -68.554  13.641 0.8000000119
17038  12.880  -66.808  10.819 0.6000000238
164561  13.089  -68.426  11.938 0.6000000238
16062  12.400  -67.722  14.102 0.6999999881
16077  11.664  -68.232  14.059 0.6999999881
15232  12.673  -68.634  11.365 0.6999999881
166633  2.467  -54.446  18.717 0.3000000119
28023  2.139  -55.309  14.154 0.4000000060
28016  2.556  -54.965  14.483 0.3000000119
28911  3.180  -54.254  14.749 0.4000000060
28906  3.375  -54.243  15.398 0.4000000060
28901  3.296  -54.504  16.425 0.4000000060
28892  3.045  -54.827  17.547 0.5000000000
27116  0.706  -56.005  13.331 0.4000000060
28894  1.376  -53.822  17.642 0.3000000119
26044  0.807  -57.609  13.564 0.4000000060
22921  1.449  -60.140  11.826 0.5000000000
151812  -0.064  -58.139  12.734 0.4000000060
22938  2.698  -60.230  11.289 0.6000000238
27136  0.758  -56.285  12.817 0.4000000060
24011  2.999  -59.605  11.032 0.4000000060
25082  -0.050  -58.685  11.908 0.5000000000
16064  10.663  -67.787  14.272 0.6999999881
15199  12.338  -68.677  12.975 0.6999999881
28888  3.056  -54.846  18.400 0.4000000060
28893  2.327  -54.013  17.004 0.4000000060
29797  0.590  -53.494  17.752 0.3000000119
28036  1.269  -55.614  13.833 0.3000000119
26086  0.736  -57.951  11.956 0.4000000060
25092  2.930  -58.680  10.994 0.4000000060
25080  1.925  -58.306  11.574 0.4000000060
29814  3.319  -53.808  14.865 0.3000000119
29804  3.119  -53.766  15.107 0.3000000119
166834  2.373  -54.123  15.941 0.4000000060
29802  1.698  -53.268  15.810 0.3000000119
29796  1.845  -53.250  17.089 0.3000000119
28924  2.482  -54.281  13.907 0.3000000119
27135  1.583  -56.160  12.722 0.3000000119
27161  3.035  -57.132  11.232 0.3000000119
27147  2.343  -56.677  11.961 0.3000000119
26102  2.911  -57.803  10.787 0.3000000119
29805  2.489  -53.420  15.279 0.3000000119
30766  2.109  -52.811  15.503 0.3000000119
31782  3.173  -52.388  15.142 0.3000000119
28079  2.924  -56.048  12.249 0.3000000119
27146  3.198  -56.495  11.483 0.3000000119
27177  3.686  -57.017  9.859 0.3000000119
28890  0.725  -53.749  18.021 0.3000000119
29828  3.140  -53.359  14.009 0.3000000119
145152  4.408  -52.586  13.529 0.3000000119
144069  3.784  -54.984  10.951 0.3000000119
6253  15.556  -80.296  7.233 0.6000000238
6264  15.398  -80.373  6.359 0.6999999881
6274  15.286  -80.622  5.349 0.6999999881
6286  14.857  -80.767  4.408 0.6999999881
23959  0.439  -59.337  13.483 0.4000000060
22903  1.257  -60.035  12.524 0.6000000238
30760  1.593  -52.820  16.178 0.3000000119
155237  14.702  -83.464  7.625 0.6999999881
4173  14.583  -84.874  12.665 0.6999999881
4224  19.239  -84.150  6.150 0.8000000119
3781  16.326  -85.501  -1.226 0.6000000238
4317  16.921  -85.023  -1.656 0.6999999881
5232  19.976  -83.005  8.299 0.6000000238
6767  12.213  -79.288  14.181 0.6999999881
145736  19.716  -82.977  0.554 0.8000000119
4321  17.378  -84.512  -2.008 0.6999999881
4821  18.570  -83.754  -2.338 0.8000000119
9699  12.526  -76.017  0.716 0.6999999881
6839  16.344  -79.891  6.601 0.5000000000
6314  16.040  -80.391  2.012 0.6000000238
11256  9.853  -73.328  1.799 0.6000000238
8939  15.882  -76.455  0.079 0.6999999881
7412  13.151  -77.596  13.009 0.8000000119
8831  15.564  -77.338  10.323 0.5000000000
8844  15.538  -77.076  9.333 0.6000000238
140199  15.642  -76.258  4.753 0.6000000238
13529  10.835  -70.904  8.089 0.8000000119
3252  20.480  -86.528  7.205 0.4000000060
3236  21.929  -86.495  7.519 0.4000000060
162413  19.446  -87.667  4.720 0.3000000119
2830  19.784  -86.744  6.061 0.4000000060
3253  19.684  -86.643  7.069 0.4000000060
3224  20.860  -86.808  7.940 0.4000000060
2846  22.694  -87.860  3.159 0.4000000060
2429  22.768  -88.391  3.879 0.5000000000
140895  23.221  -88.468  4.987 0.5000000000
139832  22.170  -88.683  3.772 0.3000000119
144457  21.719  -88.788  3.968 0.4000000060
2818  21.391  -86.836  6.193 0.4000000060
145926  21.037  -88.798  3.269 0.3000000119
2829  20.749  -87.128  5.558 0.3000000119
3261  20.496  -86.562  6.544 0.3000000119
2431  20.484  -88.761  3.421 0.3000000119
162709  22.116  -88.347  3.023 0.4000000060
2850  22.413  -87.601  2.400 0.4000000060
3272  23.644  -86.800  3.177 0.5000000000
2447  21.624  -88.026  1.936 0.3000000119
2031  20.763  -88.868  2.500 0.3000000119
141553  19.285  -89.691  2.034 0.4000000060
2051  20.181  -89.140  1.623 0.3000000119
2059  18.345  -89.612  0.486 0.4000000060
2053  18.522  -89.913  0.973 0.4000000060
1703  17.922  -89.960  0.882 0.4000000060
2855  22.779  -86.787  1.957 0.4000000060
3282  22.516  -86.436  1.098 0.4000000060
144679  21.404  -87.466  1.066 0.4000000060
3287  21.514  -86.480  -0.136 0.4000000060
3778  22.789  -85.019  -0.695 0.5000000000
2448  20.784  -88.115  1.085 0.4000000060
141699  20.801  -86.910  -0.442 0.4000000060
2052  19.354  -89.602  1.337 0.4000000060
2454  19.393  -88.832  0.267 0.5000000000
2864  20.141  -87.407  -0.685 0.4000000060
2064  18.793  -89.032  0.057 0.4000000060
2870  15.977  -87.834  -1.589 0.6000000238
2070  16.627  -89.082  -0.634 0.4000000060
165879  23.053  -84.050  -1.512 0.6000000238
4320  21.784  -84.728  -1.824 0.6000000238
161289  20.911  -85.938  -1.322 0.6000000238
3788  21.305  -85.304  -1.543 0.6000000238
3789  20.613  -85.689  -1.714 0.6000000238
3795  20.201  -85.494  -2.123 0.6999999881
2865  19.516  -87.713  -0.759 0.5000000000
3297  19.589  -86.734  -1.692 0.6000000238
166664  19.442  -84.776  -2.497 0.6999999881
140286  21.701  -82.074  -2.605 0.6999999881
5820  20.663  -81.894  -2.529 0.6999999881
141160  21.921  -83.542  -2.474 0.6000000238
5288  21.384  -82.801  -2.565 0.6999999881
5817  19.067  -81.961  -1.703 0.6999999881
5809  19.369  -81.267  -1.112 0.6999999881
5270  20.221  -82.751  1.332 0.6999999881
147085  20.480  -84.295  -2.279 0.6999999881
5291  18.939  -82.483  -2.129 0.6999999881
138123  19.016  -83.266  -2.435 0.6999999881
160921  20.799  -79.513  -2.534 0.5000000000
6943  19.783  -79.754  -2.159 0.6000000238
166487  19.780  -81.351  -2.400 0.6999999881
5816  19.317  -80.942  -1.753 0.6000000238
5799  19.922  -80.878  -0.306 0.6999999881
6346  20.167  -80.095  -0.183 0.6999999881
5289  20.343  -82.799  -2.485 0.6999999881
5786  20.207  -81.459  0.777 0.6999999881
5785  20.456  -81.927  1.466 0.6000000238
6365  19.601  -80.311  -1.265 0.6000000238
6913  20.040  -79.405  -0.924 0.6000000238
6328  20.773  -80.153  1.386 0.6000000238
6904  20.405  -79.249  0.178 0.6000000238
5738  20.797  -81.456  6.506 0.5000000000
3635  13.719  -85.771  12.465 0.6000000238
3648  14.326  -86.023  11.698 0.6000000238
6313  20.975  -80.473  2.190 0.6000000238
5764  20.959  -81.586  3.328 0.6000000238
148877  20.601  -81.033  4.977 0.5000000000
148942  20.751  -81.474  5.645 0.5000000000
4701  12.961  -84.007  14.092 0.6000000238
4700  13.838  -83.884  14.039 0.6000000238
3621  13.133  -85.150  13.100 0.6000000238
6894  20.728  -79.319  1.171 0.6000000238
138477  20.743  -79.963  3.741 0.5000000000
5754  20.872  -81.796  4.210 0.5000000000
5685  11.357  -81.864  11.712 0.6000000238
5684  11.851  -81.585  12.478 0.6000000238
5669  11.691  -82.144  12.560 0.6000000238
5165  12.098  -82.658  13.605 0.6000000238
5164  13.093  -83.156  14.162 0.6000000238
158456  11.968  -80.933  12.981 0.6000000238
5175  12.314  -82.182  13.582 0.6000000238
158430  18.769  -80.940  10.745 0.6000000238
138467  20.777  -79.797  2.845 0.6000000238
6223  11.430  -81.273  11.720 0.6000000238
7443  11.085  -78.161  10.389 0.6000000238
6216  11.592  -80.674  12.236 0.6000000238
7428  11.401  -78.100  11.489 0.6000000238
7414  11.370  -78.684  12.453 0.6000000238
7442  12.392  -77.314  10.976 0.5000000000
162365  11.811  -78.486  13.340 0.6000000238
8084  12.307  -77.633  12.477 0.5000000000
5190  10.271  -82.503  11.489 0.6999999881
6237  10.607  -81.322  10.226 0.6000000238
6796  10.781  -79.114  10.998 0.6000000238
166529  11.850  -77.372  9.575 0.6000000238
8134  12.321  -77.597  9.439 0.6000000238
7502  10.282  -78.686  5.286 0.6000000238
6230  10.662  -80.342  10.568 0.6000000238
6806  10.599  -79.279  10.033 0.6000000238
7466  12.355  -77.931  8.489 0.5000000000
7456  10.591  -78.677  8.774 0.6000000238
7488  12.193  -78.018  6.279 0.6000000238
7489  11.238  -78.011  5.994 0.6000000238
7512  11.859  -78.470  4.794 0.6000000238
6807  10.464  -79.495  9.129 0.6000000238
7465  13.416  -78.610  8.015 0.6000000238
7467  11.324  -77.811  8.155 0.6000000238
7478  12.259  -77.877  7.287 0.5000000000
7487  13.050  -78.120  6.537 0.6000000238
7500  12.056  -78.280  5.513 0.5000000000
6862  12.508  -78.769  4.213 0.5000000000
6840  14.818  -79.946  6.936 0.6000000238
6850  14.558  -79.898  5.897 0.6000000238
6851  13.703  -79.141  5.392 0.6000000238
6300  13.943  -80.182  3.944 0.6000000238
6301  13.248  -80.293  3.039 0.6999999881
6317  12.581  -80.234  2.263 0.6999999881
6333  12.509  -80.711  1.340 0.6999999881
144222  12.434  -80.935  -0.387 0.6999999881
6860  14.304  -80.049  4.918 0.6000000238
144002  14.255  -80.688  3.277 0.6999999881
5800  14.035  -81.242  0.991 0.6999999881
5789  13.760  -81.099  1.497 0.6999999881
6349  13.627  -81.198  0.089 0.6999999881
6384  13.037  -80.889  -1.326 0.6000000238
6331  15.477  -80.546  1.716 0.6000000238
158607  20.348  -80.456  6.676 0.5000000000
5727  20.597  -81.607  8.068 0.5000000000
6826  20.048  -79.374  7.832 0.5000000000
6246  20.140  -80.262  8.472 0.5000000000
6803  19.963  -79.954  9.553 0.6000000238
147596  19.182  -77.054  8.045 0.6000000238
7463  19.885  -78.696  8.443 0.6000000238
141649  19.860  -78.951  9.250 0.6000000238
6795  19.494  -79.602  10.403 0.6000000238
6229  18.834  -80.086  10.989 0.6000000238
8114  19.434  -77.586  9.650 0.5000000000
8103  19.449  -77.921  10.432 0.6000000238
6775  18.478  -79.311  12.310 0.6000000238
8104  19.014  -76.823  11.368 0.6000000238
8082  18.616  -77.426  13.034 0.5000000000
7409  18.570  -78.430  12.709 0.6000000238
6776  18.081  -79.134  13.309 0.6000000238
8785  18.436  -76.567  13.154 0.5000000000
7394  18.004  -78.068  13.723 0.6000000238
8092  15.186  -77.399  12.248 0.5000000000
8786  15.413  -76.890  12.871 0.5000000000
7397  15.429  -78.050  14.527 0.6000000238
8071  17.171  -77.431  14.188 0.6000000238
161816  19.039  -87.916  -0.766 0.6000000238
157504  19.886  -85.778  -2.211 0.6999999881
5716  20.329  -81.739  8.860 0.5000000000
7477  13.467  -78.380  7.140 0.6000000238
5788  14.364  -80.912  1.841 0.6999999881
145843  19.756  -81.293  9.868 0.6000000238
147790  16.924  -78.760  14.418 0.6000000238
8072  15.739  -77.368  14.252 0.6000000238
154272  19.202  -87.174  5.532 0.3000000119
2838  21.107  -88.186  4.558 0.3000000119
2828  21.721  -87.765  5.327 0.4000000060
2032  20.350  -89.041  2.791 0.3000000119
2440  20.856  -88.616  1.834 0.4000000060
2449  20.310  -88.775  1.213 0.4000000060
3286  22.234  -86.158  0.210 0.4000000060
2860  21.146  -87.134  0.329 0.3000000119
3289  21.921  -85.893  -0.599 0.5000000000
3787  22.035  -85.080  -1.471 0.6000000238
2453  20.039  -88.513  0.564 0.5000000000
2863  20.552  -86.684  -1.095 0.5000000000
2458  19.164  -88.347  -0.326 0.5000000000
4818  21.440  -84.251  -2.113 0.6000000238
6399  19.614  -80.594  -2.188 0.6999999881
7455  10.970  -77.961  8.883 0.6000000238
6385  12.384  -80.588  -1.168 0.6000000238
7450  19.667  -78.403  9.807 0.6000000238
8817  18.621  -76.153  10.657 0.5000000000
7438  19.492  -78.744  10.466 0.6000000238
7423  18.868  -78.748  11.774 0.6000000238
8816  19.155  -77.017  10.369 0.5000000000
8091  18.940  -77.720  11.921 0.6000000238
145278  18.531  -75.925  11.729 0.5000000000
8070  17.905  -77.041  13.703 0.5000000000
151785  16.155  -76.246  14.027 0.5000000000
1905  19.975  -89.515  18.266 0.4000000060
1904  20.727  -89.672  18.295 0.4000000060
1556  19.833  -90.281  17.659 0.5000000000
2289  16.958  -88.569  17.686 0.5000000000
2278  15.818  -88.733  17.526 0.5000000000
1910  13.920  -89.515  16.978 0.5000000000
1907  17.386  -88.823  17.155 0.5000000000
2288  17.788  -88.565  18.026 0.5000000000
1903  21.538  -89.906  18.172 0.4000000060
1902  23.057  -89.879  17.944 0.4000000060
1554  21.881  -90.785  17.684 0.5000000000
140707  23.068  -89.302  8.593 0.3000000119
152018  23.022  -90.388  8.170 0.3000000119
2000  21.966  -88.679  8.292 0.3000000119
2380  21.178  -87.910  8.302 0.3000000119
1888  17.401  -88.671  18.507 0.4000000060
1876  16.694  -88.975  18.563 0.5000000000
1889  15.466  -89.421  17.949 0.5000000000
2276  18.245  -88.472  18.833 0.4000000060
1887  18.612  -88.666  18.413 0.4000000060
1884  21.271  -89.066  18.771 0.3000000119
2273  20.876  -88.542  19.418 0.3000000119
1283  24.116  -91.912  16.817 0.4000000060
1882  23.496  -89.014  18.468 0.3000000119
1901  24.155  -89.995  17.779 0.4000000060
1553  22.925  -90.874  17.542 0.5000000000
1881  24.719  -88.969  18.367 0.3000000119
1999  23.971  -89.396  9.216 0.3000000119
1643  23.124  -91.139  8.445 0.3000000119
2379  22.793  -87.888  8.745 0.3000000119
147381  21.914  -87.512  8.478 0.3000000119
2793  21.195  -87.157  8.253 0.3000000119
1874  18.281  -88.846  19.741 0.3000000119
165982  17.076  -89.355  18.907 0.4000000060
2253  19.507  -88.575  20.048 0.3000000119
2270  24.050  -88.272  19.163 0.3000000119
158561  25.335  -91.127  16.921 0.4000000060
1293  24.560  -91.550  16.665 0.4000000060
1900  25.390  -90.114  17.682 0.4000000060
2269  25.285  -88.249  18.959 0.3000000119
1996  25.518  -90.100  10.311 0.4000000060
1634  24.897  -90.749  10.208 0.4000000060
1337  24.712  -91.262  10.708 0.4000000060
142662  24.149  -91.531  10.808 0.4000000060
1331  23.892  -91.482  11.152 0.4000000060
155717  23.062  -91.196  11.292 0.5000000000
2372  24.349  -88.358  9.368 0.3000000119
2378  23.578  -88.312  9.061 0.3000000119
150929  21.921  -86.903  8.296 0.3000000119
146211  21.896  -86.588  6.772 0.3000000119
1532  18.785  -89.517  20.207 0.3000000119
1918  26.764  -90.104  16.986 0.3000000119
1565  26.244  -90.559  16.893 0.3000000119
1579  23.976  -91.285  15.478 0.4000000060
163003  23.305  -91.509  15.199 0.4000000060
150303  25.833  -88.288  19.565 0.3000000119
1879  26.977  -89.369  17.807 0.3000000119
2268  26.627  -88.428  18.809 0.3000000119
1880  26.011  -89.219  18.142 0.3000000119
2359  19.365  -88.628  11.850 0.5000000000
2329  19.426  -88.680  12.827 0.5000000000
2362  28.290  -88.568  11.391 0.3000000119
1987  27.424  -89.631  11.469 0.3000000119
2363  27.917  -88.811  10.916 0.3000000119
1988  26.840  -90.174  11.425 0.3000000119
1633  25.545  -90.887  10.891 0.4000000060
1975  23.673  -89.937  11.589 0.5000000000
1976  21.776  -89.560  11.291 0.5000000000
2365  26.620  -89.471  10.615 0.3000000119
1329  25.399  -90.956  11.348 0.4000000060
144570  24.510  -91.140  11.389 0.4000000060
1611  23.811  -90.918  11.475 0.5000000000
152153  22.822  -90.218  11.400 0.5000000000
2782  24.782  -87.681  9.287 0.3000000119
2791  23.727  -87.172  8.844 0.3000000119
3221  23.170  -86.647  8.227 0.3000000119
2804  23.531  -86.754  7.271 0.3000000119
145626  23.254  -87.386  6.442 0.4000000060
2296  25.980  -89.204  16.401 0.3000000119
1929  23.938  -90.088  15.459 0.4000000060
2258  26.716  -88.374  20.011 0.3000000119
156945  27.500  -88.583  18.379 0.3000000119
2287  27.544  -88.770  17.611 0.3000000119
1586  23.139  -90.628  15.122 0.4000000060
2257  27.340  -88.166  19.358 0.3000000119
155211  21.271  -90.004  14.083 0.4000000060
1947  20.396  -89.490  13.722 0.5000000000
2328  20.230  -88.026  13.189 0.4000000060
148602  19.910  -88.782  13.372 0.5000000000
2751  29.481  -87.171  12.666 0.3000000119
2358  20.113  -88.339  11.602 0.5000000000
2741  19.826  -87.934  12.450 0.5000000000
1959  28.085  -88.703  12.399 0.3000000119
2356  21.822  -87.969  11.232 0.4000000060
2767  21.195  -87.320  11.479 0.5000000000
161356  28.508  -88.284  10.792 0.3000000119
1971  27.215  -90.076  11.972 0.4000000060
1962  26.150  -90.431  12.193 0.4000000060
154806  23.644  -88.829  11.506 0.5000000000
166686  21.542  -88.660  11.254 0.5000000000
2369  26.781  -88.399  10.123 0.3000000119
1609  25.991  -90.831  11.920 0.4000000060
1973  25.396  -90.565  11.955 0.5000000000
1974  24.544  -89.752  11.819 0.5000000000
2789  25.408  -87.503  9.056 0.3000000119
142516  25.391  -87.394  8.108 0.4000000060
153622  25.892  -87.926  7.202 0.3000000119
2803  24.639  -86.939  7.876 0.4000000060
2816  24.312  -86.990  7.298 0.4000000060
3744  13.715  -85.064  2.822 0.5000000000
2827  23.223  -88.175  5.632 0.3000000119
2242  26.685  -88.101  21.393 0.3000000119
2256  27.789  -88.080  18.834 0.3000000119
153058  23.433  -89.100  15.415 0.3000000119
2246  27.100  -88.162  20.378 0.3000000119
160748  22.676  -88.581  15.044 0.3000000119
2327  21.098  -88.081  13.844 0.5000000000
3178  20.626  -86.823  12.216 0.4000000060
2739  20.958  -87.192  13.460 0.3000000119
3644  29.394  -86.047  12.018 0.3000000119
3193  20.736  -86.900  11.859 0.5000000000
163385  28.543  -88.143  12.547 0.3000000119
2765  23.218  -86.974  11.283 0.4000000060
2766  22.124  -87.134  11.307 0.4000000060
2343  27.256  -88.947  12.557 0.4000000060
2344  26.292  -89.362  12.352 0.4000000060
2763  25.384  -88.110  11.978 0.4000000060
2764  24.266  -87.455  11.567 0.4000000060
2368  27.766  -88.249  9.960 0.3000000119
2375  27.511  -87.876  8.874 0.3000000119
2353  25.406  -89.561  12.101 0.4000000060
2354  24.505  -88.573  11.697 0.5000000000
2385  26.663  -87.905  7.664 0.3000000119
2395  26.332  -87.916  7.003 0.4000000060
2396  25.224  -87.904  6.433 0.4000000060
3743  14.634  -85.184  3.123 0.5000000000
2398  23.769  -88.095  6.008 0.4000000060
144113  24.709  -87.986  5.971 0.5000000000
3764  14.174  -85.715  1.231 0.5000000000
2671  27.196  -87.572  20.555 0.3000000119
4684  11.525  -83.540  14.338 0.5000000000
3177  21.125  -86.245  12.189 0.3000000119
149826  21.101  -86.442  13.452 0.3000000119
4159  12.588  -84.606  13.732 0.5000000000
5151  10.449  -82.638  14.618 0.6000000238
3645  28.962  -85.447  11.974 0.3000000119
3161  29.715  -86.372  13.155 0.3000000119
3659  29.313  -85.612  10.994 0.3000000119
2737  29.338  -87.007  13.268 0.3000000119
2753  27.936  -87.039  13.165 0.3000000119
3190  23.284  -85.970  11.530 0.4000000060
3191  22.361  -86.301  11.455 0.4000000060
3672  13.945  -85.870  9.633 0.5000000000
151911  7.792  -81.243  12.196 0.5000000000
2754  27.055  -87.647  12.692 0.3000000119
2755  26.396  -88.238  12.414 0.3000000119
3189  24.835  -86.815  11.814 0.3000000119
3176  25.200  -85.996  12.255 0.3000000119
3685  14.062  -85.118  8.621 0.5000000000
2787  28.630  -87.386  8.667 0.3000000119
2788  27.431  -87.692  7.995 0.3000000119
4747  14.338  -83.570  7.067 0.5000000000
2802  26.925  -87.819  7.435 0.3000000119
4259  14.585  -83.979  4.803 0.5000000000
2815  26.774  -87.593  6.832 0.4000000060
4281  14.910  -84.381  3.881 0.6000000238
2824  26.588  -87.100  6.064 0.4000000060
2825  25.611  -87.441  5.651 0.5000000000
3742  15.567  -84.995  3.264 0.5000000000
3266  25.491  -86.541  4.818 0.4000000060
2826  24.742  -87.836  5.600 0.3000000119
154280  23.800  -88.310  5.452 0.4000000060
3763  15.103  -85.892  1.581 0.6000000238
3747  25.386  -84.789  2.660 0.3000000119
3275  24.855  -85.585  3.065 0.4000000060
3271  24.366  -86.438  3.517 0.4000000060
2414  23.670  -88.368  4.985 0.3000000119
3775  15.098  -86.050  -0.022 0.6000000238
159514  14.043  -86.133  0.235 0.5000000000
4788  24.944  -83.606  2.187 0.3000000119
4294  24.730  -84.657  2.014 0.5000000000
3280  23.856  -85.622  1.961 0.4000000060
3277  23.441  -86.380  2.348 0.4000000060
3783  14.569  -86.213  -0.613 0.6000000238
5259  24.170  -82.922  2.083 0.3000000119
153326  24.531  -84.152  1.805 0.5000000000
167094  24.206  -85.081  1.746 0.4000000060
3281  23.202  -86.038  1.516 0.4000000060
4798  23.673  -83.473  0.743 0.4000000060
4303  23.476  -84.585  0.614 0.5000000000
3285  22.874  -85.765  0.650 0.4000000060
3770  23.057  -85.126  0.192 0.5000000000
5166  11.033  -82.546  13.733 0.6000000238
150172  9.415  -81.951  13.566 0.6000000238
4183  28.178  -84.377  11.701 0.3000000119
3627  29.528  -85.296  12.810 0.3000000119
142485  29.084  -84.729  13.417 0.3000000119
3163  28.463  -86.162  13.587 0.3000000119
5178  9.819  -82.358  12.475 0.6000000238
5179  8.779  -81.788  12.630 0.6000000238
4192  28.723  -85.111  11.290 0.3000000119
3164  27.641  -86.123  13.381 0.3000000119
157337  26.109  -85.896  12.734 0.3000000119
158240  8.557  -81.728  11.632 0.6000000238
4202  28.685  -85.020  9.382 0.3000000119
3174  26.928  -86.507  12.860 0.3000000119
3175  25.953  -87.011  12.370 0.3000000119
5700  8.079  -81.362  10.309 0.6000000238
148406  28.133  -87.330  7.984 0.3000000119
5730  8.548  -81.751  7.438 0.6000000238
149676  8.173  -81.644  8.776 0.6000000238
5731  7.594  -81.324  7.256 0.6000000238
5741  6.954  -80.896  6.372 0.5000000000
3265  26.416  -85.962  4.913 0.4000000060
3270  25.126  -86.025  3.884 0.4000000060
5268  23.617  -82.857  0.093 0.4000000060
4805  23.453  -83.832  0.081 0.5000000000
4715  27.434  -84.053  11.111 0.3000000119
4710  27.822  -83.591  12.105 0.3000000119
4709  28.450  -83.864  12.486 0.3000000119
4705  28.891  -83.766  12.977 0.3000000119
3616  27.964  -85.400  13.752 0.3000000119
4151  27.333  -84.711  13.929 0.3000000119
3618  26.377  -84.924  13.580 0.3000000119
5176  11.454  -82.413  12.756 0.5000000000
4193  28.155  -84.751  10.434 0.3000000119
4191  29.015  -85.325  10.160 0.3000000119
5213  10.085  -82.404  10.045 0.5000000000
5191  9.350  -82.287  11.536 0.6000000238
4194  27.138  -84.328  10.020 0.3000000119
3629  25.549  -85.162  12.865 0.3000000119
5214  9.387  -82.320  9.734 0.6000000238
4203  27.192  -84.146  8.919 0.3000000119
160491  8.953  -82.074  9.021 0.6000000238
3264  27.395  -85.599  5.205 0.3000000119
3259  27.355  -86.343  5.965 0.3000000119
5740  8.142  -81.360  6.620 0.6000000238
6288  8.164  -80.445  4.505 0.6000000238
5225  9.816  -82.073  9.492 0.6000000238
6247  10.168  -80.652  8.706 0.5000000000
6254  9.883  -80.266  7.780 0.6000000238
6255  9.441  -80.967  7.231 0.6000000238
6266  9.237  -80.441  6.195 0.6000000238
6276  8.093  -80.923  5.305 0.6000000238
146877  8.449  -79.929  3.785 0.6000000238
6275  8.721  -80.257  5.260 0.6000000238
6302  8.795  -79.556  2.952 0.5000000000
167177  10.243  -81.223  9.222 0.5000000000
6831  10.199  -79.110  7.501 0.5000000000
6842  9.624  -79.108  5.895 0.5000000000
6865  9.306  -79.488  4.722 0.6000000238
6353  9.313  -79.933  0.307 0.5000000000
6929  10.777  -79.561  -1.270 0.6000000238
6371  10.297  -80.222  -0.661 0.6000000238
152313  8.521  -79.841  -0.684 0.5000000000
6930  9.654  -79.472  -1.358 0.6000000238
6931  8.263  -79.494  -1.942 0.6000000238
146469  10.106  -78.662  6.653 0.5000000000
6872  10.269  -78.817  3.304 0.5000000000
6884  10.578  -78.957  2.567 0.5000000000
6885  9.698  -79.095  2.734 0.6000000238
6318  11.813  -79.990  1.728 0.6000000238
6334  11.017  -79.787  1.149 0.5000000000
6335  9.875  -79.682  1.114 0.5000000000
6351  11.567  -80.497  0.175 0.6000000238
6367  14.144  -80.709  -0.367 0.6000000238
145028  10.908  -80.306  -0.369 0.6000000238
7580  9.370  -78.899  -1.673 0.5000000000
11982  5.474  -72.763  8.276 0.5000000000
7479  10.763  -77.968  7.267 0.5000000000
6853  10.850  -78.567  4.647 0.5000000000
6882  11.859  -79.647  2.440 0.6000000238
14375  5.460  -69.801  9.422 0.5000000000
15290  4.987  -68.432  8.606 0.6000000238
13522  5.784  -70.651  9.627 0.6000000238
11970  6.864  -73.028  8.733 0.6000000238
12722  4.588  -71.191  8.319 0.5000000000
11182  6.701  -73.558  8.341 0.5000000000
10357  6.591  -74.508  7.698 0.5000000000
8991  8.104  -76.745  -1.599 0.5000000000
8271  8.703  -77.649  -1.873 0.5000000000
151856  8.928  -68.456  11.707 0.6000000238
16106  8.585  -67.700  11.416 0.6999999881
15251  8.420  -69.521  11.140 0.6000000238
16119  7.779  -67.737  10.862 0.6999999881
17051  6.704  -66.884  9.787 0.6000000238
17052  6.220  -66.009  9.570 0.6000000238
15271  7.777  -69.379  10.576 0.6000000238
16131  7.058  -67.709  10.087 0.6000000238
14348  9.345  -70.401  11.259 0.6000000238
13513  8.375  -70.898  10.503 0.6000000238
162505  6.711  -69.281  9.681 0.6000000238
16132  6.541  -67.690  9.514 0.5000000000
144250  5.430  -67.194  8.440 0.6000000238
13512  9.285  -71.681  10.297 0.6000000238
13514  7.534  -70.910  10.156 0.6000000238
14361  6.336  -69.847  9.658 0.5000000000
15289  5.653  -68.482  8.880 0.6000000238
12707  8.764  -72.333  10.156 0.6000000238
13515  6.706  -70.696  9.836 0.6000000238
11968  8.753  -73.245  9.098 0.6000000238
12719  7.113  -72.313  9.387 0.6000000238
11969  7.736  -73.229  9.164 0.6000000238
11190  7.807  -74.206  8.124 0.5000000000
9615  6.818  -75.471  6.594 0.5000000000
9630  7.119  -75.635  5.813 0.5000000000
153164  7.363  -75.424  4.255 0.5000000000
9661  7.454  -75.492  3.449 0.5000000000
17050  7.264  -66.852  10.471 0.6000000238
17952  6.693  -65.252  10.909 0.6999999881
12706  9.686  -72.256  9.507 0.5000000000
11189  8.789  -74.074  7.743 0.6000000238
11200  8.887  -74.193  6.609 0.6000000238
10374  7.464  -75.094  7.063 0.5000000000
10373  8.218  -74.473  5.844 0.6000000238
10399  7.597  -74.695  4.518 0.5000000000
152931  7.501  -73.016  3.757 0.6000000238
10409  7.499  -74.560  3.699 0.6000000238
16924  10.494  -66.155  16.249 0.4000000060
140326  6.246  -67.075  14.034 0.6999999881
16066  4.191  -67.778  14.231 0.5000000000
16079  3.802  -67.755  13.817 0.5000000000
16960  11.622  -66.971  15.489 0.6000000238
16961  10.804  -67.161  15.139 0.5000000000
138591  4.950  -67.332  13.400 0.6000000238
16997  4.442  -66.888  12.661 0.5000000000
16959  12.504  -67.049  14.833 0.5000000000
17897  7.920  -65.824  13.322 0.6000000238
16996  5.804  -66.997  13.415 0.8000000119
17931  8.027  -66.032  12.204 0.6999999881
17932  7.300  -65.729  11.771 0.8000000119
17934  5.605  -65.219  11.673 0.6999999881
11208  8.676  -73.492  5.450 0.6000000238
11217  8.021  -73.218  4.551 0.6000000238
16049  2.885  -67.578  15.299 0.5000000000
16925  9.653  -66.076  16.265 0.5000000000
16966  5.751  -67.300  14.474 0.6999999881
16068  2.576  -67.633  14.808 0.5000000000
17877  12.685  -65.491  15.667 0.4000000060
16942  12.258  -66.328  15.570 0.4000000060
16973  12.985  -66.358  13.981 0.4000000060
16991  13.417  -66.436  12.497 0.5000000000
17949  12.670  -65.754  11.073 0.4000000060
17883  4.096  -66.668  16.008 0.5000000000
16952  2.567  -67.354  16.068 0.5000000000
18773  9.719  -64.700  16.514 0.3000000119
18774  8.277  -64.258  16.284 0.3000000119
16950  4.334  -67.264  15.152 0.6000000238
139409  13.121  -64.759  13.112 0.4000000060
17929  12.694  -64.989  11.684 0.4000000060
17976  11.612  -65.934  9.317 0.4000000060
17890  4.451  -65.511  15.633 0.6000000238
17882  4.763  -66.373  15.451 0.6000000238
17950  12.066  -65.294  10.382 0.4000000060
156696  4.224  -65.858  16.268 0.5000000000
17871  3.813  -66.135  16.838 0.5000000000
21768  9.525  -61.625  15.966 0.3000000119
19752  8.463  -63.403  15.902 0.3000000119
20783  7.372  -62.243  14.757 0.3000000119
20784  6.688  -62.212  14.468 0.4000000060
18868  11.376  -64.546  10.180 0.3000000119
17965  11.148  -65.037  9.327 0.4000000060
18870  9.992  -63.876  8.977 0.4000000060
20793  7.062  -61.820  14.284 0.4000000060
19755  3.709  -64.119  15.231 0.6000000238
18765  4.316  -64.408  17.514 0.4000000060
21797  5.336  -61.372  13.631 0.4000000060
23929  9.530  -60.071  15.793 0.3000000119
22853  8.950  -60.630  15.186 0.3000000119
146084  4.157  -63.770  16.439 0.5000000000
20814  4.695  -61.847  13.403 0.4000000060
21818  4.241  -61.860  12.720 0.4000000060
22902  2.143  -60.808  12.074 0.5000000000
21836  4.076  -61.112  12.092 0.4000000060
21837  3.487  -61.015  11.900 0.4000000060
24024  6.301  -59.281  8.818 0.3000000119
151877  5.168  -59.223  9.089 0.3000000119
24026  4.785  -59.784  9.478 0.3000000119
24028  3.190  -59.230  10.017 0.3000000119
26121  4.093  -58.086  9.438 0.3000000119
28002  5.406  -55.418  17.123 0.4000000060
25115  6.510  -58.642  8.156 0.3000000119
3630  24.549  -85.275  12.340 0.3000000119
143430  26.792  -86.362  5.509 0.4000000060
22918  3.942  -60.499  11.176 0.3000000119
12006  7.827  -72.373  4.246 0.6000000238
27998  4.044  -54.892  19.024 0.4000000060
16087  13.429  -67.251  12.490 0.5000000000
22936  4.251  -60.128  10.175 0.3000000119
2837  23.414  -88.072  4.395 0.3000000119
3276  24.113  -85.970  2.722 0.4000000060
6843  9.300  -79.734  5.424 0.5000000000
1885  20.369  -88.959  18.822 0.4000000060
1906  18.293  -88.980  17.592 0.5000000000
1909  14.614  -89.274  17.183 0.5000000000
150625  22.446  -91.751  17.229 0.5000000000
155770  24.273  -90.538  9.498 0.4000000060
2264  19.691  -88.488  19.718 0.4000000060
1552  24.054  -91.158  17.273 0.4000000060
1060  24.031  -92.085  16.166 0.4000000060
1997  24.780  -89.673  9.699 0.4000000060
1345  23.864  -91.573  10.142 0.4000000060
1338  23.345  -91.709  10.594 0.4000000060
1537  17.357  -89.897  19.227 0.3000000119
2259  24.577  -87.996  19.853 0.3000000119
1899  26.402  -90.321  17.280 0.3000000119
1292  25.342  -91.029  16.709 0.4000000060
1306  24.288  -91.718  15.922 0.4000000060
162772  25.977  -89.411  10.380 0.3000000119
2781  25.511  -87.961  9.567 0.4000000060
1928  24.879  -89.924  15.958 0.4000000060
156039  22.094  -90.068  14.702 0.4000000060
140926  22.563  -88.984  11.335 0.5000000000
165753  14.081  -84.309  4.365 0.5000000000
2790  24.627  -87.108  8.545 0.4000000060
2685  28.030  -87.753  18.364 0.3000000119
1937  22.871  -89.581  15.108 0.4000000060
1938  22.177  -89.121  14.674 0.4000000060
1946  21.350  -89.091  14.137 0.5000000000
2756  20.223  -87.353  12.102 0.5000000000
2342  28.031  -88.590  12.652 0.3000000119
2367  28.336  -88.090  10.101 0.3000000119
147575  27.352  -88.203  9.785 0.3000000119
2376  26.994  -87.893  8.853 0.3000000119
3754  14.406  -85.540  2.222 0.6000000238
143792  21.701  -87.565  14.141 0.3000000119
2319  21.930  -88.355  14.360 0.4000000060
142902  23.943  -86.586  11.541 0.3000000119
4241  15.109  -83.698  5.377 0.5000000000
2404  26.046  -87.721  6.432 0.4000000060
3165  21.263  -85.844  13.059 0.3000000119
142355  24.249  -85.976  11.795 0.3000000119
3738  25.660  -85.280  3.392 0.4000000060
3267  24.620  -86.937  4.379 0.4000000060
166154  24.434  -82.244  2.471 0.3000000119
4150  28.284  -84.543  13.748 0.3000000119
5718  9.321  -81.936  8.321 0.6000000238
3269  25.923  -85.582  4.214 0.3000000119
4133  27.457  -83.995  14.105 0.3000000119
4134  26.520  -84.150  14.283 0.3000000119
4740  26.865  -83.562  8.101 0.3000000119
6319  9.263  -79.361  1.990 0.5000000000
6352  10.442  -80.177  0.280 0.6000000238
17021  7.940  -66.346  11.446 0.6999999881
17911  5.968  -65.975  12.585 0.6999999881
17909  7.605  -65.852  12.617 0.6999999881
16978  5.453  -67.621  13.959 0.6000000238
19739  9.202  -63.222  16.189 0.3000000119
20773  8.849  -62.460  15.675 0.3000000119
4279  16.854  -84.509  3.856 0.5000000000
4240  15.982  -83.777  5.253 0.5000000000
6396  22.120  -80.801  -2.568 0.6000000238
138022  12.016  -78.900  3.550 0.4000000060
140281  12.939  -79.449  3.665 0.5000000000
7591  10.358  -78.150  -1.663 0.5000000000
147778  13.424  -79.137  -1.688 0.5000000000
7577  13.029  -78.774  -2.089 0.5000000000
7578  12.166  -78.867  -1.755 0.5000000000
8270  9.874  -77.421  -1.827 0.5000000000
8269  11.167  -77.182  -2.201 0.5000000000
7561  14.573  -79.395  -0.773 0.5000000000
8990  8.822  -76.740  -1.726 0.4000000060
8267  12.959  -77.501  -2.273 0.5000000000
8268  12.233  -77.300  -2.365 0.5000000000
8989  10.498  -76.593  -2.060 0.5000000000
9742  8.401  -74.969  -1.436 0.5000000000
161042  12.592  -76.366  -1.894 0.6000000238
9739  11.407  -75.852  -1.603 0.5000000000
9741  9.265  -75.242  -1.563 0.5000000000
10419  7.413  -74.463  2.738 0.5000000000
9717  11.395  -75.933  -0.075 0.6000000238
10450  7.057  -74.645  0.023 0.5000000000
10434  7.363  -74.558  1.077 0.5000000000
9718  10.628  -75.344  -0.841 0.6000000238
10494  8.234  -74.324  -1.169 0.6000000238
9743  7.801  -74.764  -1.139 0.5000000000
9716  12.054  -76.216  0.347 0.6000000238
10449  10.244  -74.660  0.507 0.6000000238
10470  9.470  -74.273  -0.858 0.6000000238
11284  6.465  -73.237  -0.078 0.6000000238
11270  9.509  -72.979  0.473 0.6000000238
11241  6.230  -72.985  1.606 0.5000000000
11228  6.771  -73.055  2.333 0.5000000000
143482  8.564  -73.459  -0.753 0.6000000238
11302  7.551  -73.985  -0.832 0.6000000238
17967  5.788  -65.058  9.383 0.5000000000
18837  5.298  -64.727  10.816 0.5000000000
17966  6.383  -65.051  10.088 0.5000000000
12014  6.819  -72.306  2.624 0.6000000238
12043  8.885  -72.137  0.093 0.6000000238
12025  6.381  -72.367  1.838 0.6000000238
12060  7.415  -72.462  -0.420 0.6000000238
142620  6.036  -71.798  0.797 0.6000000238
12807  7.405  -71.098  0.279 0.6000000238
22880  5.254  -60.564  13.170 0.3000000119
27080  5.722  -56.306  17.408 0.3000000119
4313  23.190  -84.527  -0.340 0.4000000060
4813  22.822  -83.775  -1.959 0.5000000000
147502  15.140  -87.213  -1.601 0.5000000000
3782  15.530  -85.936  -0.828 0.5000000000
157353  23.013  -82.097  -2.352 0.4000000060
3774  16.173  -85.789  -0.307 0.4000000060
148495  21.804  -79.964  -2.527 0.4000000060
4258  15.492  -83.942  4.544 0.4000000060
154738  16.238  -85.424  2.740 0.4000000060
157048  16.323  -84.858  3.346 0.4000000060
143673  16.191  -85.923  1.785 0.4000000060
144973  15.664  -86.041  0.795 0.4000000060
143745  21.504  -76.682  -2.458 0.4000000060
8266  20.685  -77.633  -2.322 0.4000000060
7559  20.054  -78.773  -1.637 0.4000000060
4765  15.604  -83.587  6.005 0.4000000060
150322  20.899  -77.952  -2.495 0.4000000060
7586  20.496  -78.619  -2.384 0.4000000060
8240  20.403  -77.425  -0.660 0.4000000060
151301  20.538  -78.331  0.808 0.5000000000
12033  9.559  -72.269  1.181 0.5000000000
12024  9.787  -72.449  2.250 0.5000000000
154132  8.357  -70.976  0.314 0.5000000000
13625  9.189  -70.636  0.724 0.5000000000
14499  9.154  -69.756  0.943 0.5000000000
13628  7.069  -70.562  0.662 0.5000000000
15379  8.257  -68.262  1.416 0.5000000000
17022  4.061  -66.392  11.821 0.4000000060
16980  3.248  -67.557  13.173 0.4000000060
14516  8.382  -69.683  0.732 0.5000000000
12791  6.351  -70.836  1.039 0.5000000000
146515  20.397  -80.891  -2.530 0.5000000000
6941  21.475  -78.908  -2.463 0.4000000060
138256  20.280  -78.009  -1.424 0.4000000060
1922  15.360  -89.054  16.732 0.4000000060
1570  14.251  -89.891  16.361 0.4000000060
425  14.272  -95.676  15.089 0.4000000060
165286  16.321  -88.839  16.745 0.4000000060
1921  16.028  -89.282  16.426 0.4000000060
144408  14.779  -94.986  15.144 0.4000000060
1580  15.430  -90.639  15.711 0.4000000060
139723  16.967  -95.192  15.478 0.4000000060
141721  15.550  -93.967  15.207 0.4000000060
606  14.739  -94.073  14.984 0.4000000060
1567  18.001  -89.604  16.887 0.5000000000
1920  16.742  -89.076  16.654 0.5000000000
138459  17.562  -90.459  16.381 0.4000000060
1568  16.032  -90.232  15.916 0.4000000060
817  15.916  -93.231  15.301 0.4000000060
1557  18.845  -89.967  17.292 0.5000000000
1295  19.292  -91.174  16.970 0.5000000000
1566  18.404  -90.535  16.752 0.5000000000
1297  16.749  -90.811  15.936 0.4000000060
1307  16.016  -91.119  15.611 0.4000000060
1296  18.268  -91.552  16.430 0.4000000060
597  19.421  -94.352  16.007 0.4000000060
163824  18.707  -93.804  16.205 0.4000000060
809  17.765  -93.429  15.975 0.4000000060
816  16.310  -92.534  15.474 0.4000000060
1063  15.498  -92.372  15.243 0.4000000060
604  17.400  -94.372  15.681 0.4000000060
605  16.448  -94.162  15.443 0.4000000060
1054  19.266  -92.364  16.548 0.5000000000
149691  17.367  -91.376  16.100 0.4000000060
1062  16.707  -91.797  15.736 0.4000000060
807  20.087  -93.866  16.125 0.5000000000
808  19.374  -93.441  16.303 0.4000000060
1055  18.480  -92.791  16.268 0.4000000060
815  17.028  -92.666  15.733 0.4000000060
828  20.865  -94.079  14.725 0.3000000119
835  20.060  -93.494  13.348 0.3000000119
146657  20.890  -93.453  14.107 0.4000000060
612  20.984  -94.041  15.247 0.3000000119
1075  21.702  -93.180  14.572 0.4000000060
827  21.448  -93.762  14.927 0.4000000060
157126  17.722  -91.818  12.251 0.3000000119
1082  19.259  -92.616  12.888 0.4000000060
1081  20.228  -92.529  13.414 0.4000000060
1080  21.117  -92.482  13.935 0.4000000060
1321  18.603  -90.731  12.818 0.4000000060
1320  19.301  -91.587  13.131 0.4000000060
1319  20.260  -91.377  13.581 0.4000000060
1588  21.699  -90.893  14.353 0.3000000119
596  20.286  -94.139  15.778 0.3000000119
1074  22.394  -92.787  14.998 0.3000000119
813  22.640  -93.076  15.657 0.4000000060
1604  17.787  -90.826  11.846 0.4000000060
1318  21.360  -91.633  14.040 0.3000000119
154057  19.324  -90.741  13.269 0.4000000060
1594  19.001  -90.008  13.155 0.4000000060
1593  19.811  -90.225  13.502 0.4000000060
806  20.909  -93.732  16.256 0.4000000060
814  21.770  -93.600  15.594 0.4000000060
1334  17.305  -91.701  10.934 0.4000000060
1587  22.548  -91.194  14.855 0.3000000119
1615  19.138  -90.074  11.402 0.4000000060
1624  18.675  -90.815  11.045 0.4000000060
1613  20.964  -90.107  11.268 0.4000000060
1979  18.929  -89.360  11.795 0.4000000060
1595  18.606  -89.956  12.694 0.4000000060
167416  20.789  -93.030  16.705 0.4000000060
1053  21.553  -93.216  16.594 0.4000000060
1061  23.401  -92.624  15.900 0.3000000119
144696  22.523  -93.276  16.056 0.4000000060
1313  23.672  -92.112  15.626 0.3000000119
1333  20.721  -91.019  11.228 0.4000000060
1340  21.547  -91.845  11.015 0.4000000060
1612  22.093  -90.631  11.324 0.4000000060
1977  20.799  -88.941  11.267 0.4000000060
1963  18.588  -89.533  12.251 0.4000000060
160313  20.395  -91.353  17.317 0.4000000060
1042  23.560  -92.370  16.589 0.3000000119
1555  20.853  -90.553  17.832 0.4000000060
1294  20.123  -92.236  16.897 0.4000000060
144357  21.420  -91.543  17.350 0.4000000060
158723  21.049  -92.364  17.027 0.4000000060
1044  21.996  -92.504  16.902 0.4000000060
144652  20.783  -78.736  1.763 0.4000000060
1980  18.300  -90.382  11.625 0.4000000060
595  21.024  -93.907  15.744 0.3000000119
601  20.394  -94.290  15.393 0.3000000119
804  23.079  -92.885  16.042 0.3000000119
805  21.758  -93.586  16.143 0.4000000060
826  22.009  -93.366  15.185 0.4000000060
1043  22.901  -92.573  16.776 0.3000000119
1049  23.934  -92.083  16.496 0.4000000060
1050  23.524  -92.499  16.244 0.4000000060
1051  23.039  -92.821  16.331 0.3000000119
1052  22.369  -93.125  16.460 0.4000000060
1056  17.584  -92.257  16.053 0.4000000060
1073  23.050  -92.604  15.512 0.3000000119
1083  18.380  -91.716  12.683 0.4000000060
1282  24.905  -91.444  17.027 0.4000000060
1284  23.428  -91.936  17.071 0.4000000060
1305  24.579  -91.498  16.326 0.4000000060
1314  22.928  -92.106  15.096 0.3000000119
1315  22.171  -91.899  14.573 0.3000000119
1325  17.905  -91.112  12.301 0.4000000060
1326  17.446  -91.520  11.697 0.4000000060
1330  24.682  -91.267  11.193 0.4000000060
1332  22.351  -91.486  11.170 0.5000000000
1549  26.555  -90.428  17.035 0.3000000119
1550  26.015  -90.728  16.950 0.4000000060
1551  25.635  -90.959  17.119 0.4000000060
1569  15.192  -89.817  16.199 0.4000000060
1577  25.583  -90.470  16.488 0.3000000119
1578  24.779  -90.989  15.949 0.4000000060
1592  20.788  -90.582  13.853 0.4000000060
1602  26.423  -90.654  12.103 0.4000000060
1603  18.223  -90.376  12.267 0.4000000060
1610  24.584  -90.674  11.649 0.5000000000
1614  20.025  -90.208  11.237 0.4000000060
1616  17.704  -91.070  11.405 0.4000000060
1622  26.119  -90.695  11.517 0.4000000060
1623  19.679  -90.812  11.070 0.4000000060
1625  17.837  -91.167  10.966 0.4000000060
1635  23.784  -91.167  9.335 0.4000000060
1869  18.931  -88.791  20.035 0.3000000119
1875  17.488  -88.946  19.235 0.4000000060
1878  27.342  -89.082  17.671 0.3000000119
1886  19.476  -88.821  18.700 0.4000000060
1890  14.745  -89.576  17.554 0.5000000000
1898  26.814  -89.866  17.221 0.3000000119
1908  15.299  -89.064  17.537 0.5000000000
1917  27.100  -89.378  17.272 0.3000000119
1919  26.320  -90.031  16.631 0.3000000119
1923  14.692  -89.268  16.821 0.4000000060
1927  25.584  -89.752  16.293 0.3000000119
1948  19.482  -89.375  13.283 0.5000000000
1949  18.918  -89.380  12.814 0.4000000060
1960  27.548  -89.406  12.296 0.3000000119
1961  26.832  -90.155  12.208 0.4000000060
1970  27.824  -89.232  11.845 0.3000000119
1972  26.589  -90.585  11.972 0.4000000060
1978  19.808  -89.287  11.434 0.4000000060
1989  26.213  -90.388  10.904 0.4000000060
2042  20.019  -89.359  2.075 0.3000000119
2057  19.730  -89.171  0.921 0.4000000060
2058  19.055  -89.475  0.650 0.4000000060
2060  17.599  -89.746  0.430 0.4000000060
2245  27.588  -87.834  19.708 0.3000000119
2265  18.820  -88.598  19.508 0.4000000060
2266  18.015  -88.561  19.214 0.3000000119
2267  27.870  -88.446  18.086 0.3000000119
2274  19.977  -88.564  19.354 0.4000000060
2275  19.085  -88.518  19.114 0.4000000060
2277  16.453  -88.646  18.000 0.5000000000
2290  15.248  -88.906  17.134 0.4000000060
2295  27.230  -88.678  17.241 0.3000000119
2299  16.629  -88.646  17.028 0.4000000060
2300  15.914  -88.667  16.967 0.4000000060
2326  28.612  -87.724  13.056 0.3000000119
2330  18.938  -88.955  12.424 0.5000000000
2340  28.969  -87.760  12.264 0.3000000119
2341  28.494  -88.197  12.736 0.3000000119
2345  19.298  -88.492  12.235 0.5000000000
2352  28.419  -88.442  11.999 0.3000000119
2355  22.832  -87.930  11.264 0.4000000060
2357  20.929  -88.071  11.338 0.5000000000
2360  18.884  -88.887  12.072 0.5000000000
2364  27.321  -89.098  10.707 0.3000000119
2370  26.040  -88.509  10.115 0.4000000060
2371  25.303  -88.749  9.791 0.3000000119
2374  28.156  -87.861  9.219 0.3000000119
2377  26.188  -87.663  8.493 0.4000000060
2384  27.109  -87.893  8.047 0.3000000119
2386  25.115  -87.686  7.052 0.3000000119
2397  24.436  -88.019  6.162 0.4000000060
2405  25.313  -87.858  6.162 0.5000000000
2406  24.216  -88.173  5.500 0.4000000060
2407  22.578  -88.326  5.137 0.5000000000
2415  23.087  -88.393  4.603 0.5000000000
2416  22.540  -88.549  4.412 0.5000000000
2417  20.146  -88.239  4.089 0.3000000119
2430  21.531  -88.650  3.270 0.3000000119
2432  19.665  -88.809  3.340 0.3000000119
2439  21.390  -88.518  2.550 0.4000000060
2452  20.454  -87.662  0.189 0.3000000119
2457  19.717  -88.100  -0.165 0.4000000060
2460  17.410  -88.935  -0.488 0.4000000060
2462  18.573  -87.747  -1.063 0.6000000238
2695  27.884  -88.139  17.717 0.3000000119
2736  29.664  -86.974  13.082 0.3000000119
2738  28.810  -86.874  13.433 0.3000000119
2740  20.455  -87.289  12.650 0.4000000060
2752  29.124  -87.637  12.926 0.3000000119
2768  20.428  -87.597  11.726 0.5000000000
2769  19.719  -87.930  11.967 0.5000000000
2779  28.895  -87.518  9.490 0.3000000119
2780  26.118  -87.895  9.524 0.3000000119
2792  22.643  -86.976  8.484 0.3000000119
2801  27.575  -87.366  7.309 0.3000000119
2817  22.391  -87.353  6.067 0.4000000060
2835  24.899  -87.407  5.085 0.3000000119
2836  24.205  -87.901  4.855 0.4000000060
2839  20.052  -87.421  5.029 0.3000000119
2844  23.877  -87.327  4.006 0.3000000119
2845  23.221  -87.649  3.588 0.5000000000
2849  23.049  -87.209  2.760 0.4000000060
2856  22.112  -87.189  1.535 0.4000000060
2859  21.819  -86.777  0.695 0.4000000060
2868  19.292  -87.430  -1.201 0.5000000000
2869  17.307  -87.546  -1.479 0.6000000238
2876  16.616  -87.238  -1.689 0.6999999881
2877  15.894  -87.016  -1.737 0.6000000238
3097  27.658  -87.312  19.828 0.3000000119
3162  29.254  -86.212  13.530 0.3000000119
3166  20.857  -86.576  12.777 0.3000000119
3173  29.779  -86.546  12.866 0.3000000119
3179  14.003  -86.351  11.925 0.6000000238
3192  21.474  -86.558  11.649 0.5000000000
3220  23.916  -86.505  8.057 0.4000000060
3222  22.378  -86.628  8.096 0.3000000119
3223  21.526  -86.679  8.007 0.3000000119
3235  22.953  -86.505  7.791 0.3000000119
3237  21.007  -86.578  7.583 0.4000000060
3238  20.231  -86.815  7.579 0.4000000060
3239  19.506  -87.024  7.425 0.4000000060
3250  22.668  -86.665  6.994 0.3000000119
3251  21.182  -86.423  6.982 0.4000000060
3258  28.132  -85.645  5.944 0.3000000119
3260  26.152  -86.679  5.413 0.4000000060
3290  21.209  -86.217  -0.854 0.4000000060
3295  21.613  -85.601  -1.177 0.6000000238
3296  20.071  -86.067  -1.974 0.6999999881
3299  15.486  -86.574  -1.570 0.5000000000
3300  14.664  -86.863  -1.410 0.5000000000
3303  19.463  -86.062  -2.167 0.6999999881
3305  17.341  -86.374  -2.149 0.6999999881
3306  16.671  -86.509  -1.924 0.6999999881
3614  29.516  -85.459  13.202 0.3000000119
3615  28.870  -85.378  13.630 0.3000000119
3617  26.943  -85.554  13.349 0.3000000119
3620  14.057  -85.113  12.976 0.6999999881
3628  29.309  -84.554  13.095 0.3000000119
3634  14.343  -85.669  12.295 0.6000000238
3647  21.771  -85.842  11.868 0.4000000060
3660  13.820  -86.534  11.235 0.6000000238
3737  26.325  -85.051  3.708 0.3000000119
3740  17.944  -85.183  3.064 0.6000000238
3746  26.196  -84.633  3.196 0.4000000060
3748  24.561  -85.258  2.314 0.5000000000
3749  19.141  -84.973  2.694 0.6999999881
3750  18.441  -85.330  2.443 0.6000000238
3752  16.895  -85.707  2.311 0.4000000060
3753  15.358  -85.609  2.513 0.5000000000
3759  23.530  -85.246  1.176 0.4000000060
3761  18.121  -85.577  1.545 0.6000000238
3771  22.528  -85.547  -0.229 0.4000000060
3772  17.924  -85.263  0.572 0.6000000238
3779  22.260  -85.349  -0.967 0.5000000000
3790  17.033  -85.125  -2.172 0.6999999881
3791  16.523  -85.527  -1.860 0.6000000238
3792  15.929  -85.989  -1.450 0.5000000000
3793  15.065  -86.327  -1.135 0.6000000238
3794  20.847  -84.959  -1.901 0.6999999881
3796  19.510  -85.343  -2.394 0.6999999881
4137  12.043  -84.029  14.085 0.5000000000
4149  28.832  -83.993  13.309 0.3000000119
4157  14.295  -84.372  13.401 0.6999999881
4158  13.541  -84.544  13.653 0.6000000238
4182  28.857  -84.636  12.448 0.3000000119
4195  14.810  -84.578  11.028 0.6999999881
4204  14.649  -84.391  10.075 0.6999999881
4205  14.397  -84.783  9.395 0.6999999881
4225  18.228  -84.244  6.148 0.8000000119
4227  16.438  -83.687  5.983 0.6000000238
4238  18.777  -84.312  5.323 0.6999999881
4253  20.282  -84.221  4.498 0.8000000119
4255  18.182  -84.285  4.545 0.6000000238
4257  16.386  -84.033  4.526 0.5000000000
4276  20.340  -84.155  3.641 0.8000000119
4280  15.923  -84.412  3.880 0.4000000060
4282  13.928  -84.721  3.694 0.5000000000
4293  25.337  -84.126  2.282 0.3000000119
4295  19.829  -84.606  3.086 0.8000000119
4302  24.022  -84.623  1.464 0.5000000000
4310  23.812  -84.100  1.084 0.4000000060
4311  18.469  -84.414  0.233 0.6999999881
4314  22.535  -84.897  -1.245 0.6000000238
4318  22.981  -84.526  -1.146 0.6000000238
4319  22.518  -84.476  -1.667 0.6000000238
4322  22.231  -84.088  -2.138 0.6000000238
4323  20.038  -84.903  -2.375 0.6999999881
4324  17.740  -84.857  -2.399 0.6999999881
4683  12.294  -83.414  14.163 0.6000000238
4685  10.687  -83.289  14.711 0.6000000238
4695  28.175  -83.627  13.672 0.3000000119
4707  14.757  -83.983  12.933 0.6999999881
4711  26.994  -83.299  11.619 0.3000000119
4725  14.412  -84.319  8.517 0.5000000000
4731  18.828  -83.307  8.259 0.8000000119
4733  16.920  -83.099  8.215 0.6999999881
4734  15.254  -83.214  8.327 0.8000000119
4743  18.283  -83.690  7.607 0.6999999881
4745  16.423  -83.216  7.443 0.6999999881
4753  20.497  -83.388  6.505 0.6999999881
4756  17.764  -83.838  6.849 0.6999999881
4757  16.887  -83.470  6.716 0.6000000238
4758  15.266  -83.392  6.652 0.6999999881
4763  20.547  -83.530  5.687 0.6999999881
4764  20.090  -83.921  6.005 0.6999999881
4773  20.636  -83.690  4.919 0.8000000119
4797  24.039  -83.591  1.569 0.3000000119
4799  20.178  -83.204  1.988 0.6999999881
4800  19.874  -83.547  1.205 0.8000000119
4807  18.757  -83.769  -0.437 0.8000000119
4808  23.402  -83.878  -0.940 0.4000000060
4814  18.240  -83.480  -2.015 0.8000000119
4815  17.984  -84.134  -2.234 0.8000000119
4816  23.065  -82.943  -2.128 0.5000000000
4817  22.528  -83.445  -2.315 0.6000000238
4819  20.970  -83.598  -2.367 0.6999999881
4820  19.935  -83.516  -2.448 0.6999999881
5150  11.421  -83.008  14.264 0.5000000000
5167  9.954  -82.255  14.233 0.6000000238
5172  16.018  -81.813  12.059 0.8999999762
5177  10.726  -82.475  12.539 0.5000000000
5187  15.771  -82.371  11.582 0.8000000119
5189  11.151  -82.395  11.883 0.5000000000
5201  10.721  -82.107  11.172 0.6999999881
5202  9.756  -82.466  10.621 0.6000000238
5203  8.863  -81.989  10.623 0.6000000238
5210  16.906  -82.403  9.558 0.8000000119
5211  15.566  -83.181  9.902 0.8000000119
5212  15.158  -83.642  9.888 0.6999999881
5215  8.566  -81.919  9.634 0.6000000238
5220  20.415  -82.292  8.460 0.6000000238
5222  19.173  -82.818  8.961 0.6999999881
5223  17.499  -82.832  8.978 0.8000000119
5226  9.389  -82.023  8.940 0.6000000238
5258  25.305  -82.884  2.638 0.3000000119
5269  20.584  -82.444  2.078 0.8000000119
5278  19.611  -82.449  -0.021 0.8000000119
5283  19.289  -82.181  -0.875 0.6999999881
5287  22.354  -82.681  -2.541 0.6999999881
5290  19.468  -82.804  -2.415 0.6999999881
5656  12.477  -81.591  13.592 0.6000000238
5667  16.543  -81.434  12.720 0.8999999762
5681  18.363  -80.848  11.391 0.6000000238
5694  18.990  -81.426  10.242 0.6999999881
5696  17.468  -81.942  10.116 0.8000000119
5698  10.854  -81.333  11.047 0.6000000238
5699  10.489  -81.985  10.430 0.6000000238
5706  20.111  -80.979  9.246 0.5000000000
5708  10.292  -81.732  9.685 0.5000000000
5717  9.824  -81.589  8.939 0.6000000238
5719  8.872  -82.193  8.194 0.6000000238
5720  7.624  -81.436  8.330 0.6000000238
5728  9.647  -81.343  8.079 0.6000000238
5729  9.151  -81.817  7.662 0.6000000238
5739  8.882  -81.317  6.894 0.6000000238
5747  7.862  -81.199  5.913 0.6000000238
5773  20.864  -81.518  2.337 0.6000000238
5774  15.116  -80.740  2.179 0.6000000238
5775  14.726  -80.810  2.723 0.6999999881
5787  14.772  -80.783  1.356 0.6000000238
5790  13.258  -81.271  0.764 0.6999999881
5810  13.020  -81.315  -0.360 0.6999999881
5818  22.348  -81.670  -2.559 0.6999999881
5819  21.435  -81.281  -2.578 0.6000000238
5821  19.627  -82.097  -2.375 0.6999999881
6198  14.858  -79.861  15.185 0.8000000119
6200  12.864  -80.027  14.927 0.6999999881
6205  17.234  -80.177  13.778 0.6999999881
6208  14.404  -80.671  15.105 0.6999999881
6209  12.380  -80.534  13.889 0.6999999881
6213  18.032  -79.910  12.639 0.6000000238
6214  17.533  -80.426  12.938 0.6999999881
6215  16.933  -80.855  13.330 0.6999999881
6221  18.426  -80.078  11.850 0.6999999881
6228  19.470  -80.593  10.296 0.6000000238
6236  10.490  -80.662  9.615 0.5000000000
6245  20.311  -81.087  8.541 0.5000000000
6252  20.403  -80.823  7.993 0.5000000000
6262  20.527  -81.041  7.344 0.5000000000
6263  15.968  -80.352  6.626 0.6999999881
6265  9.723  -79.793  6.857 0.6000000238
6267  8.499  -80.969  6.037 0.6000000238
6272  16.280  -80.259  6.240 0.6000000238
6273  15.958  -80.600  5.924 0.6999999881
6283  20.846  -80.865  4.012 0.5000000000
6284  16.268  -80.532  4.546 0.6999999881
6285  15.663  -81.008  4.484 0.6999999881
6287  8.744  -79.866  4.436 0.6000000238
6297  20.908  -80.718  3.100 0.6000000238
6298  16.228  -80.392  2.887 0.6000000238
6315  15.758  -80.692  2.536 0.6000000238
6316  13.818  -80.794  2.371 0.6999999881
6329  20.300  -80.673  0.621 0.6999999881
6330  16.156  -79.911  1.572 0.6000000238
6332  13.199  -80.822  1.771 0.6999999881
6345  20.472  -79.903  0.655 0.6000000238
6347  15.149  -80.490  0.930 0.6000000238
6348  14.455  -80.914  0.526 0.6999999881
6350  12.485  -80.907  0.389 0.6999999881
6368  13.236  -81.233  -0.869 0.6000000238
6369  12.751  -81.212  -1.054 0.6999999881
6370  11.944  -80.568  -0.667 0.6000000238
6372  9.218  -79.989  -0.299 0.5000000000
6383  19.478  -80.197  -1.924 0.6000000238
6386  11.175  -80.160  -0.892 0.6000000238
6387  10.030  -79.978  -0.987 0.6000000238
6388  8.934  -79.694  -1.216 0.6000000238
6389  7.966  -79.743  -1.324 0.6000000238
6397  21.120  -80.403  -2.567 0.5000000000
6398  20.200  -80.025  -2.445 0.5000000000
6759  15.188  -79.168  15.117 0.8000000119
6760  14.463  -79.106  15.334 0.8000000119
6764  17.483  -79.422  13.983 0.6000000238
6766  12.801  -78.880  15.064 0.6999999881
6778  11.273  -79.625  12.220 0.6000000238
6785  19.068  -79.152  11.019 0.6000000238
6786  18.738  -79.484  11.575 0.6000000238
6787  10.995  -79.070  11.792 0.6000000238
6813  19.988  -79.449  8.701 0.5000000000
6815  15.826  -79.895  8.856 0.5000000000
6818  10.316  -79.466  8.320 0.5000000000
6825  20.194  -80.243  7.504 0.5000000000
6827  16.070  -80.129  7.240 0.5000000000
6828  15.745  -80.205  8.081 0.5000000000
6829  15.056  -80.215  7.925 0.6000000238
6830  14.226  -79.319  7.499 0.6999999881
6841  13.899  -78.916  6.414 0.6000000238
6852  12.814  -78.649  4.995 0.5000000000
6854  9.960  -79.213  5.027 0.5000000000
6861  13.391  -79.363  4.499 0.6000000238
6863  11.004  -78.626  3.769 0.5000000000
6864  10.033  -78.728  4.174 0.6000000238
6870  12.344  -79.613  2.985 0.5000000000
6871  11.355  -79.050  2.932 0.6000000238
6873  9.274  -79.299  3.744 0.6000000238
6880  21.000  -79.569  1.988 0.6000000238
6881  16.390  -79.755  2.277 0.6000000238
6883  11.197  -79.249  2.063 0.5000000000
6896  10.311  -79.158  1.867 0.5000000000
6905  15.887  -79.641  0.905 0.6000000238
6906  15.482  -80.128  0.467 0.6000000238
6914  15.002  -79.958  -0.359 0.6000000238
6915  14.170  -80.033  -0.964 0.5000000000
6916  13.587  -80.687  -1.078 0.6000000238
6925  19.711  -79.574  -1.812 0.6000000238
6926  13.519  -80.015  -1.375 0.5000000000
6927  12.839  -79.745  -1.526 0.5000000000
6928  11.830  -79.760  -1.332 0.6000000238
6942  20.169  -79.336  -2.342 0.5000000000
7389  14.860  -78.580  15.056 0.6999999881
7395  17.627  -78.727  14.034 0.6000000238
7396  16.398  -77.923  14.407 0.6000000238
7399  13.191  -77.935  14.385 0.8000000119
7411  14.275  -77.632  13.536 0.8000000119
7413  12.310  -77.844  13.351 0.5000000000
7422  19.216  -78.303  11.115 0.6000000238
7424  14.975  -77.684  12.478 0.6999999881
7427  11.795  -77.878  12.478 0.6000000238
7439  15.897  -79.006  10.548 0.5000000000
7441  13.651  -78.087  11.281 0.6000000238
7451  16.021  -79.412  9.781 0.5000000000
7468  10.638  -78.425  8.132 0.6000000238
7475  16.255  -79.469  7.121 0.5000000000
7490  10.318  -78.317  5.913 0.6000000238
7498  16.491  -79.045  5.580 0.5000000000
7499  13.040  -78.372  5.800 0.6000000238
7501  11.068  -78.329  5.335 0.6000000238
7539  20.531  -77.843  1.692 0.4000000060
7551  15.678  -78.767  -0.133 0.6000000238
7574  20.288  -78.226  -2.103 0.4000000060
7575  14.600  -78.729  -0.813 0.6000000238
7576  13.978  -79.332  -1.220 0.5000000000
7579  11.132  -78.783  -1.601 0.5000000000
7581  8.518  -79.013  -2.149 0.5000000000
7587  20.008  -79.036  -2.161 0.6000000238
7588  13.223  -78.385  -2.097 0.5000000000
7589  12.705  -78.076  -2.320 0.5000000000
7590  11.712  -78.000  -2.116 0.5000000000
7592  9.060  -78.290  -1.836 0.5000000000
8083  15.315  -77.214  13.304 0.6000000238
8093  11.971  -77.402  11.655 0.6000000238
8105  15.489  -77.976  11.522 0.6000000238
8106  11.760  -77.292  10.682 0.6000000238
8116  12.081  -77.171  10.093 0.6000000238
8117  11.500  -77.545  9.718 0.6000000238
8132  19.390  -77.280  8.781 0.6000000238
8133  16.055  -78.391  9.137 0.5000000000
8135  11.642  -77.622  9.046 0.5000000000
8158  16.261  -78.368  6.076 0.5000000000
8171  16.151  -78.172  5.197 0.6000000238
8182  15.852  -77.231  4.753 0.6000000238
8193  16.012  -77.290  3.272 0.5000000000
8202  16.221  -78.016  2.842 0.5000000000
8216  16.247  -78.112  1.996 0.6000000238
8217  16.031  -77.393  1.552 0.6000000238
8231  15.928  -77.333  0.603 0.6999999881
8265  21.018  -77.071  -2.505 0.4000000060
8770  17.043  -76.454  14.041 0.5000000000
8771  15.673  -76.775  13.978 0.5000000000
8801  18.767  -76.749  12.335 0.5000000000
8818  15.647  -77.462  11.068 0.5000000000
8854  15.580  -77.195  8.231 0.6000000238
8915  15.773  -76.776  1.981 0.6000000238
8928  16.042  -76.618  1.178 0.6999999881
8940  13.132  -76.228  0.382 0.6999999881
8952  16.058  -75.393  -1.518 0.5000000000
8954  14.228  -76.664  -0.551 0.6999999881
8955  13.370  -76.613  -0.140 0.6999999881
8956  12.689  -76.476  0.159 0.6999999881
8957  12.203  -76.313  -0.633 0.6000000238
8975  13.117  -77.042  -1.842 0.6999999881
8976  7.654  -77.061  -1.483 0.5000000000
8984  21.870  -75.867  -2.593 0.4000000060
8985  21.408  -76.170  -2.399 0.4000000060
8987  12.548  -76.694  -2.276 0.5000000000
8988  11.907  -76.648  -2.360 0.5000000000
8992  7.618  -77.664  -1.897 0.5000000000
9601  6.660  -75.051  7.241 0.5000000000
9616  5.862  -75.437  6.699 0.5000000000
9631  6.282  -75.959  6.027 0.5000000000
9647  15.470  -75.806  4.161 0.6000000238
9648  7.304  -75.480  4.999 0.5000000000
9671  15.693  -76.050  1.911 0.6999999881
9700  11.521  -75.841  0.989 0.6000000238
9701  10.720  -75.403  0.613 0.6000000238
9714  16.268  -75.274  -0.905 0.5000000000
9719  7.583  -75.458  -1.012 0.5000000000
9737  15.798  -75.049  -1.876 0.5000000000
9738  15.256  -75.536  -1.421 0.6999999881
9740  10.306  -75.495  -1.610 0.6000000238
9753  15.791  -74.792  -2.271 0.5000000000
9754  15.446  -74.828  -2.357 0.5000000000
9756  11.977  -76.070  -2.220 0.5000000000
9757  10.979  -76.007  -1.988 0.5000000000
9758  9.757  -76.047  -1.813 0.4000000060
9759  8.676  -75.832  -1.630 0.5000000000
10340  6.953  -74.156  8.182 0.5000000000
10353  15.290  -75.127  7.087 0.5000000000
10355  8.126  -74.614  7.374 0.6000000238
10356  7.261  -74.664  7.688 0.5000000000
10372  15.048  -74.339  6.835 0.5000000000
10386  15.501  -74.217  5.419 0.6000000238
10387  7.686  -74.940  5.359 0.5000000000
10408  15.513  -74.250  3.659 0.5000000000
10431  11.631  -74.558  1.745 0.6000000238
10432  10.921  -74.874  2.057 0.6000000238
10433  10.564  -74.776  1.546 0.6999999881
10446  16.157  -74.666  0.047 0.5000000000
10451  6.551  -73.839  0.407 0.6000000238
10465  16.213  -74.919  -1.587 0.5000000000
10468  13.893  -75.076  -0.284 0.6000000238
10469  10.134  -74.735  -0.420 0.6000000238
10471  7.354  -74.574  -0.795 0.5000000000
10472  6.897  -73.982  -0.441 0.6000000238
10490  14.816  -74.799  -2.200 0.5000000000
10492  9.793  -74.878  -1.234 0.5000000000
10493  8.944  -74.527  -1.389 0.6000000238
10503  16.120  -74.640  -2.154 0.5000000000
10504  15.660  -74.692  -2.469 0.5000000000
10505  15.201  -74.754  -2.547 0.5000000000
11179  9.260  -73.427  8.198 0.6999999881
11180  8.286  -73.715  8.589 0.6000000238
11181  7.382  -73.667  8.577 0.6000000238
11187  14.779  -73.706  7.967 0.5000000000
11207  15.431  -73.401  5.476 0.5000000000
11209  8.074  -74.119  4.896 0.5000000000
11218  7.596  -73.841  4.094 0.5000000000
11227  7.310  -73.618  3.134 0.5000000000
11237  15.505  -73.036  2.841 0.5000000000
11239  10.173  -73.199  2.301 0.6000000238
11240  6.852  -73.726  1.804 0.5000000000
11255  11.100  -74.139  2.317 0.6000000238
11257  6.102  -73.295  1.023 0.5000000000
11269  9.977  -73.947  0.839 0.6000000238
11271  6.233  -73.260  0.462 0.6000000238
11278  16.033  -73.955  -0.358 0.5000000000
11280  9.862  -74.188  -0.142 0.6000000238
11281  9.359  -73.594  -0.379 0.6000000238
11282  7.855  -73.167  -0.731 0.6000000238
11283  7.057  -73.210  -0.559 0.6000000238
11297  16.452  -73.933  -2.067 0.5000000000
11300  8.773  -73.965  -1.010 0.6000000238
11301  8.143  -73.805  -0.913 0.6000000238
11958  9.146  -72.844  9.576 0.5000000000
11959  8.156  -72.756  9.709 0.6000000238
11971  6.015  -72.388  8.862 0.5000000000
11979  14.750  -72.911  7.465 0.5000000000
11980  9.909  -72.811  7.616 0.6999999881
11981  6.163  -73.093  8.222 0.5000000000
11990  9.696  -72.433  6.522 0.6999999881
11991  9.278  -73.266  6.242 0.6000000238
12004  15.518  -72.942  4.193 0.5000000000
12013  7.333  -72.268  3.421 0.6000000238
12022  15.456  -72.452  2.114 0.5000000000
12030  15.607  -72.389  1.262 0.5000000000
12032  11.211  -72.602  2.423 0.5000000000
12034  5.854  -72.480  1.151 0.6000000238
12040  15.667  -72.815  0.367 0.5000000000
12044  6.147  -72.656  0.497 0.6000000238
12058  8.795  -72.878  -0.436 0.6000000238
12059  8.133  -72.435  -0.445 0.6000000238
12061  6.709  -72.538  -0.149 0.6000000238
12081  16.294  -73.405  -2.225 0.5000000000
12708  7.721  -71.959  10.094 0.6000000238
12709  7.069  -71.449  9.796 0.6000000238
12718  10.309  -72.017  8.652 0.6999999881
12720  6.298  -71.511  9.560 0.6000000238
12721  5.381  -71.445  9.041 0.6000000238
12729  10.573  -71.517  7.776 0.8000000119
12731  5.022  -72.116  8.433 0.5000000000
12746  9.288  -71.527  5.680 0.6999999881
12747  8.562  -71.171  5.123 0.6999999881
12756  8.263  -71.744  4.656 0.6999999881
12764  7.621  -71.471  3.977 0.6999999881
12765  6.925  -71.555  3.090 0.6000000238
12776  10.017  -71.719  2.500 0.5000000000
12777  6.569  -71.640  2.192 0.6999999881
12790  9.587  -71.433  1.808 0.5000000000
12805  9.152  -71.458  0.584 0.5000000000
12806  7.929  -71.735  -0.130 0.6000000238
12808  6.615  -71.318  0.492 0.6000000238
12821  7.063  -71.837  0.006 0.6000000238
13502  9.194  -71.011  10.675 0.6000000238
13510  11.198  -70.657  9.486 0.8000000119
13511  10.626  -71.130  9.825 0.8000000119
13521  10.946  -70.892  8.879 0.8000000119
13523  4.970  -70.563  9.088 0.5000000000
13539  10.850  -70.607  7.207 0.8000000119
13540  10.286  -70.654  6.418 0.8000000119
13553  9.608  -70.699  5.867 0.6999999881
13555  8.202  -70.358  4.927 0.6999999881
13567  7.673  -70.574  4.288 0.8000000119
13568  7.248  -69.930  3.985 0.8000000119
13611  9.628  -70.463  1.446 0.5000000000
13626  8.626  -70.231  0.556 0.5000000000
13627  7.898  -70.346  0.492 0.5000000000
14337  11.194  -70.040  11.638 0.8000000119
14349  8.394  -70.252  10.790 0.6000000238
14359  7.695  -70.087  10.338 0.6000000238
14360  7.068  -69.966  9.902 0.6000000238
14435  7.962  -69.499  4.927 0.6000000238
14450  7.279  -69.153  4.398 0.6999999881
14465  6.769  -69.227  2.818 0.6000000238
14484  6.729  -69.371  2.023 0.6000000238
14500  8.067  -69.074  1.051 0.6000000238
14502  6.896  -69.696  1.488 0.6000000238
14517  7.668  -69.840  0.807 0.5000000000
14518  7.003  -70.104  1.080 0.5000000000
15200  11.777  -68.620  13.451 0.6999999881
15212  12.565  -68.852  12.317 0.6999999881
15213  11.527  -69.046  12.904 0.8000000119
15214  10.289  -68.858  13.113 0.8000000119
15235  9.128  -69.355  11.596 0.6000000238
15236  8.437  -68.546  11.262 0.6999999881
15249  12.491  -68.519  10.312 0.6999999881
15250  12.024  -69.414  11.041 0.6999999881
15252  7.857  -68.747  10.885 0.6000000238
15253  7.408  -68.534  10.308 0.6000000238
15270  12.326  -68.414  9.335 0.6999999881
15272  6.748  -68.513  9.680 0.5000000000
15287  12.037  -69.260  8.797 0.6999999881
15288  6.126  -68.996  9.215 0.5000000000
15302  11.673  -68.669  7.783 0.6999999881
15303  10.895  -68.521  7.050 0.8000000119
15313  10.186  -68.415  6.514 0.6999999881
15314  9.389  -68.457  6.113 0.8000000119
15315  8.641  -68.383  5.692 0.6999999881
15334  6.671  -68.384  4.001 0.6999999881
15346  6.716  -68.463  3.141 0.6000000238
15380  7.741  -68.481  1.436 0.6000000238
15381  7.162  -68.901  1.695 0.6000000238
16063  11.649  -67.634  14.771 0.6999999881
16065  4.627  -67.800  13.882 0.5000000000
16067  3.377  -67.592  14.502 0.5000000000
16075  13.080  -67.593  13.312 0.6999999881
16076  12.447  -68.244  13.460 0.6999999881
16078  9.740  -67.313  13.611 0.8000000119
16080  2.913  -67.519  13.991 0.5000000000
16088  13.088  -68.196  12.589 0.6000000238
16090  9.512  -68.126  13.051 0.8000000119
16129  12.443  -67.625  9.765 0.6000000238
16130  12.201  -67.528  8.871 0.6999999881
16136  11.719  -67.613  8.081 0.6999999881
16138  6.146  -68.138  9.076 0.6000000238
16139  5.553  -67.873  8.655 0.6000000238
16140  4.858  -67.706  8.288 0.6000000238
16160  9.594  -67.622  6.483 0.8000000119
16177  7.105  -67.380  4.649 0.6000000238
16178  6.550  -67.485  4.133 0.6000000238
16208  7.984  -66.782  1.996 0.5000000000
16209  7.372  -67.175  2.204 0.6000000238
16210  6.867  -67.753  2.593 0.6999999881
16224  7.877  -67.602  1.662 0.6000000238
16926  8.994  -66.042  16.230 0.6000000238
16927  3.257  -66.801  16.505 0.5000000000
16928  2.496  -66.633  16.821 0.5000000000
16943  11.490  -66.223  16.081 0.4000000060
16944  10.783  -66.649  15.840 0.5000000000
16945  9.368  -66.299  15.910 0.6000000238
16948  6.098  -66.934  15.099 0.6999999881
16949  5.276  -67.226  14.927 0.6999999881
16951  3.435  -67.331  15.717 0.5000000000
16963  8.927  -66.076  15.000 0.6999999881
16967  4.858  -67.676  14.407 0.6000000238
16968  3.836  -67.500  14.845 0.5000000000
16972  13.364  -66.760  13.202 0.5000000000
16977  7.233  -66.261  14.022 0.6000000238
16979  4.078  -67.527  13.243 0.5000000000
16992  13.241  -65.758  12.049 0.5000000000
16993  9.182  -67.005  12.756 0.8000000119
16994  8.608  -66.263  12.758 0.6999999881
16995  6.623  -66.381  13.309 0.6999999881
16998  3.445  -67.115  12.377 0.4000000060
17019  13.303  -66.618  11.714 0.5000000000
17020  8.568  -66.844  11.940 0.6999999881
17039  12.281  -66.109  10.098 0.4000000060
17040  8.218  -67.048  11.233 0.6999999881
17041  7.761  -66.790  10.954 0.6999999881
17049  12.176  -66.773  9.414 0.6000000238
17060  5.969  -67.163  9.119 0.6000000238
17061  5.504  -66.196  8.686 0.6000000238
17070  9.792  -66.355  7.081 0.6000000238
17081  9.384  -66.723  6.626 0.6000000238
17082  8.660  -66.312  6.292 0.6000000238
17093  7.989  -66.635  5.613 0.5000000000
17103  7.241  -66.549  4.797 0.5000000000
17123  6.480  -66.803  3.721 0.5000000000
17867  11.833  -65.516  16.277 0.4000000060
17868  10.085  -65.500  16.446 0.4000000060
17869  9.144  -65.471  16.450 0.5000000000
17870  8.332  -65.175  16.461 0.6000000238
17878  12.217  -65.764  16.024 0.4000000060
17880  6.052  -66.139  15.495 0.6999999881
17887  12.814  -66.045  14.928 0.4000000060
17889  8.304  -66.063  14.303 0.6999999881
17895  13.367  -65.778  13.020 0.4000000060
17898  7.339  -65.892  13.100 0.6999999881
17908  8.141  -65.869  12.866 0.6999999881
17910  6.920  -65.739  12.503 0.6999999881
17912  4.942  -65.939  12.282 0.5000000000
17933  6.456  -65.345  11.747 0.6999999881
17935  4.657  -65.499  11.350 0.4000000060
17951  7.350  -66.107  10.959 0.6000000238
17964  11.707  -65.377  9.840 0.4000000060
17977  10.839  -65.659  8.617 0.5000000000
17986  10.306  -65.889  8.053 0.6000000238
17987  9.721  -65.693  7.521 0.6000000238
17988  8.968  -65.161  7.056 0.5000000000
18033  6.907  -65.878  4.267 0.5000000000
18775  4.289  -65.338  17.002 0.4000000060
18783  7.521  -64.842  16.315 0.6000000238
18784  5.764  -64.968  15.507 0.6999999881
18785  5.103  -65.569  15.339 0.6999999881
18786  4.264  -65.054  15.847 0.5000000000
18836  6.058  -64.756  11.002 0.6999999881
18853  10.684  -63.858  10.080 0.3000000119
18854  6.170  -64.700  10.429 0.5000000000
18855  5.686  -64.418  10.265 0.5000000000
18869  10.642  -64.236  9.496 0.4000000060
18871  5.903  -64.394  9.907 0.5000000000
18887  10.388  -64.714  8.812 0.4000000060
18889  8.975  -63.915  7.838 0.4000000060
19738  9.463  -63.923  16.418 0.3000000119
19754  6.635  -64.139  15.786 0.6000000238
19767  6.971  -62.966  15.181 0.4000000060
19769  5.058  -63.470  14.488 0.6000000238
19770  4.153  -63.990  14.456 0.5000000000
19771  3.373  -63.853  14.346 0.8000000119
19778  5.991  -62.143  14.334 0.5000000000
19779  5.313  -62.574  14.203 0.5000000000
19782  2.958  -63.204  13.895 0.6000000238
20763  9.733  -62.425  16.276 0.3000000119
20764  3.774  -62.692  16.429 0.6000000238
20774  7.940  -62.844  15.310 0.3000000119
20775  3.413  -63.340  15.455 0.6999999881
20785  2.317  -61.734  13.751 0.6999999881
20794  5.403  -61.956  14.043 0.5000000000
20815  4.266  -62.295  13.150 0.5000000000
20816  3.930  -62.273  12.913 0.5000000000
21769  8.878  -61.461  15.370 0.3000000119
21778  8.191  -61.142  15.005 0.3000000119
21781  1.955  -61.115  13.672 0.6000000238
21796  6.319  -61.598  14.145 0.4000000060
21819  3.762  -61.612  12.462 0.4000000060
21820  3.015  -61.287  12.341 0.6000000238
21838  2.705  -60.877  11.853 0.4000000060
22852  9.410  -60.921  15.661 0.3000000119
22860  8.257  -60.368  14.816 0.3000000119
22862  2.056  -61.043  15.038 0.6999999881
22863  1.705  -60.614  14.449 0.6999999881
22881  2.165  -60.507  12.963 0.6000000238
22919  3.113  -60.546  11.447 0.6000000238
22920  2.179  -60.550  11.600 0.6000000238
22937  3.528  -60.180  10.846 0.3000000119
23958  0.943  -59.983  14.164 0.5000000000
23976  0.079  -59.490  12.555 0.5000000000
23992  1.868  -60.120  11.406 0.5000000000
23993  0.976  -59.586  12.017 0.5000000000
23994  -0.018  -59.328  11.887 0.5000000000
24010  3.608  -59.837  10.202 0.3000000119
24025  5.550  -59.491  9.221 0.3000000119
24027  3.891  -59.657  9.581 0.3000000119
24998  4.638  -58.333  17.068 0.5000000000
25026  1.717  -58.451  14.899 0.6000000238
25038  1.304  -58.062  14.131 0.5000000000
25053  -0.114  -58.751  12.979 0.4000000060
25067  -0.201  -58.806  12.318 0.5000000000
25081  0.573  -58.931  11.793 0.5000000000
25105  5.766  -58.930  8.413 0.3000000119
25106  4.381  -59.111  9.229 0.3000000119
25107  3.463  -58.750  9.515 0.3000000119
25108  2.931  -58.421  9.995 0.4000000060
26008  5.324  -57.591  16.999 0.5000000000
26020  5.664  -56.865  16.891 0.5000000000
26034  2.590  -57.164  15.036 0.4000000060
26043  1.262  -57.007  13.958 0.4000000060
26056  0.648  -56.756  13.396 0.4000000060
26057  0.181  -57.793  13.193 0.4000000060
26073  0.682  -57.265  12.564 0.4000000060
26085  2.069  -57.459  11.707 0.3000000119
26087  0.113  -58.089  12.363 0.4000000060
26101  3.065  -57.144  10.217 0.3000000119
26122  3.168  -57.767  9.835 0.3000000119
27087  5.485  -56.133  16.572 0.4000000060
27097  2.639  -56.048  14.732 0.4000000060
27117  0.423  -57.147  12.956 0.4000000060
27148  1.293  -56.893  12.335 0.3000000119
27160  3.470  -56.603  10.717 0.3000000119
28003  4.985  -55.093  17.603 0.4000000060
28010  5.027  -55.441  16.309 0.4000000060
28015  3.843  -54.822  14.982 0.4000000060
28056  1.146  -55.692  13.251 0.3000000119
28077  4.256  -55.330  10.848 0.3000000119
28078  3.625  -55.821  11.185 0.3000000119
28882  3.281  -54.514  19.269 0.4000000060
28889  1.902  -54.456  17.961 0.3000000119
28902  1.777  -53.707  15.972 0.4000000060
28903  1.906  -53.537  15.627 0.3000000119
28907  2.362  -53.796  15.461 0.4000000060
28912  2.613  -54.215  14.357 0.3000000119
30778  3.269  -53.081  14.938 0.3000000119
30794  3.629  -52.871  14.047 0.3000000119
31766  2.205  -52.296  15.791 0.3000000119
138388  14.779  -83.515  6.189 0.5000000000
138590  19.634  -77.833  8.106 0.6000000238
138628  15.451  -75.543  6.260 0.6000000238
138911  6.588  -66.140  3.860 0.5000000000
138941  29.656  -85.941  10.874 0.3000000119
139129  15.336  -72.023  5.688 0.5000000000
139238  15.589  -74.943  3.060 0.5000000000
139453  6.832  -65.962  10.278 0.6000000238
139596  18.521  -76.102  12.631 0.5000000000
139646  15.478  -72.139  4.347 0.5000000000
139692  16.288  -80.356  5.527 0.6000000238
139780  10.403  -69.103  2.211 0.5000000000
139946  16.670  -85.975  0.823 0.6000000238
140278  6.057  -71.683  1.306 0.6000000238
140661  13.266  -67.720  11.600 0.6000000238
141019  15.741  -74.293  1.079 0.5000000000
141032  14.466  -78.921  10.728 0.6000000238
141087  7.626  -80.792  4.835 0.6000000238
141176  20.519  -80.722  5.850 0.5000000000
141478  3.738  -64.084  14.524 0.6000000238
141532  25.177  -90.936  11.545 0.4000000060
141768  4.288  -64.615  16.415 0.5000000000
141795  16.496  -79.772  5.095 0.6000000238
142082  16.431  -80.369  3.713 0.6000000238
142099  8.225  -66.251  15.287 0.6999999881
142260  17.202  -88.320  -0.996 0.6000000238
142477  11.188  -69.526  7.224 0.8000000119
142541  14.036  -82.267  14.556 0.6999999881
142602  20.920  -82.255  5.917 0.6000000238
142703  8.325  -71.569  10.360 0.6000000238
142813  2.386  -58.225  15.530 0.5000000000
143010  5.245  -66.679  12.886 0.6000000238
143221  8.260  -68.991  5.367 0.8000000119
143837  20.838  -81.835  7.329 0.6000000238
143867  15.528  -76.214  13.583 0.5000000000
144047  15.018  -83.433  12.206 0.6999999881
144199  15.834  -78.125  0.142 0.6000000238
144421  6.674  -69.881  2.480 0.6000000238
144542  20.126  -93.158  16.483 0.5000000000
144567  10.257  -82.305  13.371 0.6000000238
144625  8.630  -79.950  -0.112 0.5000000000
144913  7.463  -74.767  2.009 0.5000000000
145413  24.920  -90.857  17.348 0.4000000060
145964  15.515  -71.767  3.595 0.5000000000
145998  19.759  -79.129  9.922 0.6000000238
146099  6.477  -72.007  0.292 0.6000000238
146433  6.438  -71.029  1.749 0.6999999881
146475  3.366  -62.442  13.587 0.5000000000
146565  19.429  -84.174  -2.480 0.6999999881
146574  8.048  -81.737  7.934 0.6000000238
146795  15.433  -75.082  3.946 0.6000000238
146932  15.524  -73.709  4.146 0.5000000000
147033  18.619  -88.438  -0.493 0.6000000238
147361  8.496  -67.041  2.019 0.5000000000
147441  15.595  -76.644  -0.671 0.6999999881
147633  14.736  -82.001  14.341 0.6999999881
147814  8.667  -68.992  1.182 0.5000000000
147914  20.855  -82.899  4.375 0.6999999881
148122  14.630  -83.397  6.943 0.6999999881
148298  7.597  -75.163  6.271 0.5000000000
148348  18.030  -86.294  -2.244 0.6999999881
148857  16.337  -74.309  -1.656 0.5000000000
148907  14.818  -85.962  0.786 0.6000000238
149025  15.612  -75.300  4.801 0.6000000238
149595  13.201  -75.605  0.541 0.6999999881
149980  11.005  -80.247  11.526 0.6000000238
150192  18.617  -89.992  1.434 0.4000000060
150251  2.695  -59.054  15.852 0.6000000238
150395  20.501  -77.292  -1.806 0.4000000060
150555  20.536  -88.646  13.670 0.5000000000
150654  19.160  -89.325  18.004 0.4000000060
150789  8.939  -64.563  16.473 0.3000000119
150853  14.120  -86.014  10.787 0.6000000238
150874  19.703  -78.105  9.018 0.6000000238
150998  9.850  -69.945  5.957 0.6999999881
151100  15.378  -78.277  -0.469 0.6000000238
151700  16.030  -78.351  8.282 0.6000000238
152208  16.020  -77.428  3.975 0.6000000238
152306  11.826  -80.490  0.977 0.6000000238
152459  1.574  -59.872  14.748 0.5000000000
152465  2.525  -62.344  14.494 0.6999999881
152629  21.815  -92.464  14.380 0.3000000119
152635  21.678  -77.791  -2.354 0.4000000060
152750  20.654  -81.042  1.490 0.6000000238
153120  23.092  -91.610  10.988 0.4000000060
153234  7.835  -68.111  5.145 0.6999999881
153279  16.414  -78.641  3.219 0.5000000000
153514  15.679  -79.466  0.046 0.6000000238
153615  2.427  -62.608  13.932 0.6000000238
153896  13.103  -65.118  12.413 0.4000000060
154150  7.223  -69.260  10.055 0.6000000238
154657  21.554  -91.089  11.274 0.4000000060
154702  23.576  -90.379  8.854 0.3000000119
155107  10.774  -78.381  9.475 0.6000000238
155136  15.888  -88.895  18.070 0.5000000000
155153  17.610  -84.403  4.051 0.6000000238
155195  11.405  -77.829  6.639 0.6000000238
155279  18.579  -83.148  -2.138 0.8000000119
155314  8.870  -79.345  -1.689 0.5000000000
155451  5.218  -69.072  8.984 0.5000000000
155702  10.780  -73.369  2.439 0.6000000238
155739  23.144  -91.867  9.988 0.4000000060
155886  9.515  -79.987  -0.671 0.6000000238
155925  16.805  -93.381  15.576 0.4000000060
156023  15.139  -80.955  3.642 0.6999999881
156028  10.648  -71.383  8.560 0.8000000119
156450  14.853  -81.330  14.596 0.8000000119
156490  20.555  -88.318  19.873 0.3000000119
156743  9.558  -76.858  -1.843 0.4000000060
156838  29.779  -85.918  12.940 0.3000000119
156848  11.358  -76.433  -2.236 0.5000000000
156922  17.547  -84.757  3.551 0.6000000238
157058  8.155  -77.407  -1.841 0.5000000000
157243  20.025  -81.751  9.421 0.5000000000
157310  7.141  -74.546  -0.500 0.5000000000
157585  20.802  -87.561  8.165 0.3000000119
157800  13.373  -77.976  -1.396 0.6000000238
158087  11.679  -70.139  9.671 0.8000000119
158297  1.518  -55.423  14.050 0.4000000060
158596  27.848  -84.647  9.468 0.3000000119
158773  16.381  -77.032  14.208 0.5000000000
158819  21.313  -88.253  19.801 0.3000000119
159282  16.325  -88.591  17.431 0.5000000000
159327  9.975  -80.216  -0.299 0.6000000238
159436  16.235  -78.727  6.792 0.5000000000
159473  19.800  -81.671  -0.080 0.8000000119
159537  20.978  -88.675  3.817 0.3000000119
159614  10.261  -82.371  10.705 0.5000000000
159769  7.148  -72.861  3.016 0.6000000238
159776  17.250  -78.170  14.272 0.6000000238
159851  15.540  -78.785  11.048 0.6000000238
159958  22.299  -90.122  17.980 0.4000000060
159962  19.930  -87.127  -1.253 0.5000000000
160064  0.982  -55.858  13.890 0.4000000060
160179  23.912  -87.479  6.629 0.4000000060
160230  18.690  -84.620  -2.489 0.6999999881
160238  15.647  -75.623  2.643 0.5000000000
160523  10.251  -78.980  -1.467 0.5000000000
160712  16.071  -89.357  18.327 0.5000000000
160739  15.950  -91.839  15.424 0.4000000060
161139  19.293  -81.522  -2.061 0.6999999881
161217  10.570  -67.192  7.365 0.6000000238
161274  15.211  -72.277  6.309 0.5000000000
161279  15.528  -72.650  3.524 0.5000000000
161325  4.608  -61.104  12.664 0.4000000060
161554  11.363  -73.340  2.313 0.5000000000
161982  16.747  -89.879  16.254 0.5000000000
162027  12.327  -75.177  1.140 0.6000000238
162203  17.309  -89.515  16.604 0.5000000000
162477  24.350  -91.199  9.975 0.4000000060
162498  10.078  -66.396  16.068 0.5000000000
162514  9.917  -71.349  10.197 0.6999999881
162757  20.301  -86.397  -1.552 0.6000000238
162848  2.775  -62.731  13.831 0.6000000238
162982  20.303  -78.379  -0.502 0.4000000060
163035  11.671  -78.553  4.161 0.4000000060
163171  7.056  -75.995  4.662 0.5000000000
163179  10.684  -78.059  6.484 0.6000000238
163267  27.927  -87.682  8.507 0.3000000119
163305  14.774  -79.731  9.280 0.5000000000
163345  8.115  -74.813  6.666 0.5000000000
163476  23.522  -90.453  17.612 0.5000000000
163513  20.941  -87.601  0.673 0.3000000119
163666  6.683  -70.235  1.336 0.6000000238
163694  8.565  -71.558  0.179 0.6000000238
163804  10.252  -74.078  1.727 0.6000000238
163899  16.369  -82.626  9.325 0.6999999881
164110  20.348  -90.038  18.010 0.5000000000
164311  14.565  -80.750  3.834 0.6999999881
164472  18.873  -84.434  4.741 0.6000000238
164659  19.952  -80.716  9.807 0.6000000238
164700  7.122  -73.660  2.468 0.5000000000
164729  15.503  -72.390  3.928 0.5000000000
164877  15.171  -82.926  12.279 0.6999999881
164883  23.700  -87.917  11.415 0.4000000060
165014  15.793  -73.393  -0.050 0.5000000000
165071  20.084  -81.184  0.271 0.6999999881
165452  12.140  -75.955  -1.912 0.6000000238
165763  8.850  -63.863  16.296 0.3000000119
166033  26.222  -85.374  13.086 0.3000000119
166050  16.187  -80.176  6.682 0.5000000000
166422  8.753  -71.889  5.198 0.6999999881
166494  19.263  -77.537  11.061 0.6000000238
166581  22.007  -88.534  4.639 0.4000000060
166609  27.858  -88.094  12.888 0.3000000119
166667  12.884  -67.136  13.895 0.5000000000
166719  2.538  -60.302  15.735 0.5000000000
166747  19.668  -84.264  5.518 0.8000000119
166766  23.747  -85.437  11.992 0.3000000119
166787  25.765  -87.874  6.644 0.4000000060
166832  6.740  -73.803  1.085 0.5000000000
166863  15.630  -74.732  5.078 0.6000000238
167029  14.476  -85.444  11.217 0.6999999881
167113  9.512  -66.200  14.946 0.6999999881
167125  13.187  -80.571  2.389 0.6999999881
167164  16.133  -73.917  -1.086 0.5000000000
167413  11.491  -79.268  -1.488 0.5000000000
167422  4.945  -54.937  16.801 0.4000000060
167457  15.304  -94.612  15.238 0.4000000060
