#!ascii label  , from subject sub-v1s6x0051373_ses-1 vox2ras=TkReg
837
66276  18.867  -19.999  5.967 0.1428571492
66278  17.774  -19.226  6.449 0.1428571492
67305  18.571  -17.989  4.905 0.1428571492
148496  19.480  -19.903  6.022 0.1428571492
67291  18.967  -18.682  5.207 0.2857142985
66294  18.417  -19.113  5.864 0.1428571492
66292  20.089  -19.134  5.810 0.1428571492
68309  19.615  -17.311  4.113 0.5714285970
67303  20.172  -18.395  4.725 0.1428571492
152615  21.561  -17.366  4.464 0.2857142985
69257  22.801  -16.674  4.315 0.1428571492
69258  21.950  -16.828  4.115 0.2857142985
71445  23.419  -14.294  2.777 0.2857142985
71446  22.576  -14.477  2.528 0.1428571492
70284  22.160  -15.105  2.876 0.2857142985
73649  24.599  -12.323  0.758 0.2857142985
72516  24.668  -13.405  1.972 0.2857142985
74651  24.907  -11.413  0.425 0.2857142985
73665  24.052  -11.964  -0.022 0.2857142985
75737  25.514  -10.385  -1.421 0.2857142985
78921  26.705  -7.884  -3.035 0.8571428657
76744  25.839  -9.443  -2.551 0.4285714328
75726  25.806  -10.462  -0.612 0.2857142985
79962  27.320  -6.084  -4.328 0.7142857313
79952  27.559  -6.400  -3.596 0.7142857313
78929  27.142  -7.101  -3.298 0.7142857313
166971  26.250  -8.655  -3.148 0.7142857313
81972  28.216  -4.292  -4.282 0.8571428657
80953  27.738  -5.125  -4.526 0.5714285970
80954  26.816  -5.710  -5.003 0.8571428657
79953  27.002  -6.895  -4.106 0.7142857313
78939  26.593  -7.618  -4.694 0.7142857313
155225  28.208  -2.145  -4.961 0.4285714328
166076  27.782  -3.527  -5.068 0.7142857313
81974  27.078  -4.693  -5.090 0.8571428657
88146  28.301  0.880  -4.382 0.2857142985
88147  27.719  0.824  -4.858 0.5714285970
160397  27.753  -1.923  -5.375 0.8571428657
85163  27.909  -1.329  -5.032 0.7142857313
83050  27.543  -3.065  -5.376 0.8571428657
89218  28.320  2.546  -4.306 0.1428571492
88132  28.585  1.692  -3.993 0.1428571492
145818  27.935  1.697  -4.834 0.4285714328
86187  27.495  -0.545  -5.031 0.5714285970
85164  27.241  -1.304  -5.421 0.8571428657
145242  27.699  4.996  -4.501 0.1428571492
90219  28.615  3.216  -3.817 0.1428571492
90230  28.147  3.499  -4.493 0.1428571492
145340  27.783  2.712  -5.070 0.4285714328
86188  26.777  -0.419  -5.580 0.8571428657
94137  28.058  7.315  -4.453 0.1428571492
92164  27.995  5.792  -4.213 0.1428571492
92178  27.225  5.630  -4.807 0.1428571492
91207  27.624  4.172  -4.804 0.1428571492
142611  27.336  3.940  -5.568 0.4285714328
89229  27.355  2.077  -5.605 0.5714285970
88157  26.732  1.455  -5.959 0.7142857313
86199  25.642  -0.622  -6.562 0.8571428657
94146  27.140  7.158  -4.902 0.1428571492
95067  27.081  8.041  -5.155 0.1428571492
92179  26.810  5.539  -5.721 0.1428571492
91228  26.808  4.706  -6.223 0.5714285970
89230  26.766  2.354  -6.235 0.8571428657
148206  26.286  0.089  -5.990 0.8571428657
88166  26.098  1.737  -6.621 0.8571428657
143095  27.754  8.931  -5.187 0.1428571492
96042  26.856  8.912  -5.567 0.2857142985
94147  26.537  7.220  -5.688 0.1428571492
93138  26.529  6.305  -6.199 0.8571428657
142712  26.498  4.098  -6.655 0.8571428657
90241  27.285  3.089  -5.831 0.7142857313
90255  26.005  3.564  -6.964 0.8571428657
97065  26.076  10.494  -6.736 0.1428571492
98062  27.320  11.754  -7.075 0.1428571492
96056  26.278  8.899  -6.243 0.4285714328
94155  25.900  7.382  -7.118 0.8571428657
93150  26.125  6.252  -7.128 0.8571428657
91236  25.619  4.702  -7.440 0.8571428657
142617  25.453  3.862  -7.425 0.8571428657
97066  26.058  9.675  -6.475 0.4285714328
92193  25.634  5.971  -7.716 0.8571428657
92192  25.885  5.469  -7.294 0.8571428657
91246  25.209  5.359  -7.971 0.8571428657
98063  26.381  11.283  -7.162 0.1428571492
99004  26.475  12.443  -7.784 0.2857142985
147966  25.274  10.294  -7.948 0.8571428657
97072  25.345  9.836  -7.108 0.8571428657
95078  25.416  8.166  -7.182 0.8571428657
94162  25.437  7.520  -7.689 0.8571428657
95087  24.818  7.900  -8.602 0.8571428657
93170  25.282  6.065  -8.222 0.8571428657
155371  26.480  13.041  -8.097 0.2857142985
99005  25.956  12.331  -8.491 0.7142857313
98069  25.914  11.662  -7.799 0.5714285970
153489  25.357  10.988  -8.219 0.8571428657
96070  24.786  8.659  -8.415 0.8571428657
95088  24.326  8.235  -9.196 0.8571428657
93171  24.958  6.593  -8.734 0.8571428657
98076  25.441  11.889  -9.140 0.8571428657
98077  25.027  11.490  -9.783 0.8571428657
96071  24.219  9.326  -8.994 0.8571428657
97088  24.513  10.167  -10.307 0.7142857313
96079  24.331  9.401  -10.030 0.7142857313
99017  25.387  13.067  -9.623 0.8571428657
150533  24.771  11.939  -10.492 0.8571428657
97084  24.798  10.693  -9.676 0.8571428657
99897  24.754  13.169  -11.266 0.8571428657
165990  24.166  10.405  -10.987 0.7142857313
100795  25.138  14.897  -10.933 0.7142857313
100783  24.993  14.128  -10.990 0.8571428657
100796  24.654  14.688  -11.671 0.8571428657
152885  24.582  13.867  -12.427 0.8571428657
101699  23.858  15.566  -12.916 0.7142857313
98082  24.570  11.052  -10.601 0.8571428657
152196  24.766  13.780  -11.715 0.8571428657
105178  26.592  19.075  -13.285 0.1428571492
101690  24.178  15.802  -11.932 0.8571428657
102607  24.079  16.807  -11.919 0.7142857313
102617  23.938  17.007  -12.703 0.7142857313
100808  24.240  14.764  -12.612 0.8571428657
106015  27.254  19.935  -15.324 0.1428571492
104348  24.937  18.548  -12.806 0.5714285970
104358  24.566  18.892  -13.466 0.5714285970
105204  24.038  19.363  -14.841 0.5714285970
105191  25.211  19.517  -13.910 0.1428571492
106858  27.498  21.564  -16.401 0.1428571492
105213  23.934  20.061  -15.453 0.5714285970
107693  26.195  22.474  -17.060 0.1428571492
108442  26.876  23.678  -17.153 0.1428571492
106028  24.509  21.205  -15.471 0.1428571492
108451  26.224  24.770  -17.938 0.1428571492
106018  24.468  20.385  -15.171 0.5714285970
108443  25.956  23.931  -17.294 0.1428571492
108444  25.035  23.441  -17.411 0.1428571492
109174  26.031  25.803  -19.349 0.1428571492
108452  24.850  24.783  -18.310 0.1428571492
65297  18.527  -20.303  6.733 0.1428571492
65298  17.872  -19.889  6.941 0.1428571492
67290  19.750  -18.926  4.989 0.2857142985
67289  20.507  -18.581  5.351 0.1428571492
68274  21.886  -17.728  5.181 0.2857142985
68275  20.928  -17.808  4.995 0.2857142985
71423  23.907  -14.758  3.246 0.2857142985
71424  23.038  -14.941  3.085 0.2857142985
70264  22.629  -15.465  3.531 0.1428571492
75727  25.005  -10.689  -0.927 0.2857142985
151585  24.473  -11.194  -0.385 0.2857142985
77823  26.512  -8.539  -2.391 0.4285714328
76732  25.825  -9.968  -1.745 0.5714285970
83041  28.154  -3.572  -4.661 0.2857142985
77832  26.261  -8.235  -4.006 0.7142857313
86176  28.576  -0.772  -4.224 0.1428571492
83051  26.730  -3.273  -5.689 0.8571428657
87167  26.718  0.562  -5.682 0.7142857313
163832  27.556  7.658  -4.792 0.1428571492
92187  26.452  5.522  -6.622 0.8571428657
91235  26.230  4.815  -6.875 0.8571428657
90261  25.483  3.044  -7.293 0.8571428657
91237  24.836  4.355  -7.967 0.8571428657
99876  26.122  13.205  -8.913 0.8571428657
100782  25.464  14.631  -10.127 0.8571428657
101689  24.937  15.588  -11.241 0.8571428657
103493  24.521  17.592  -12.420 0.7142857313
104357  25.255  19.145  -13.294 0.2857142985
106017  25.075  20.375  -15.196 0.1428571492
143995  26.935  21.884  -16.502 0.1428571492
109172  27.823  25.373  -20.125 0.1428571492
65279  17.893  -20.665  7.371 0.1428571492
68296  20.243  -17.785  4.343 0.4285714328
150541  20.943  -17.593  4.133 0.4285714328
68308  20.485  -17.263  3.823 0.2857142985
69272  22.241  -16.048  3.991 0.1428571492
71444  24.724  -14.015  2.597 0.2857142985
72517  23.682  -13.497  1.671 0.2857142985
72498  23.044  -13.894  2.157 0.2857142985
73631  24.229  -12.999  1.229 0.2857142985
92163  28.511  5.313  -3.912 0.1428571492
165783  28.616  7.842  -4.283 0.1428571492
96041  27.378  9.696  -5.636 0.1428571492
160723  26.653  9.518  -5.968 0.2857142985
97064  27.630  10.453  -6.174 0.1428571492
151086  26.237  7.572  -6.393 0.8571428657
163454  25.493  1.707  -7.203 0.8571428657
87176  25.547  0.863  -6.952 1.0000000000
98992  27.015  12.372  -7.478 0.1428571492
99861  27.101  13.164  -7.679 0.1428571492
99886  26.587  14.111  -8.983 0.2857142985
95096  23.891  8.061  -10.030 0.8571428657
99887  25.736  13.909  -9.520 0.5714285970
101681  25.623  15.571  -10.499 0.5714285970
102595  25.526  16.373  -10.916 0.5714285970
102596  24.802  16.433  -11.471 0.7142857313
104347  25.890  19.003  -12.651 0.4285714328
103478  26.832  18.081  -11.339 0.2857142985
104346  26.697  19.083  -12.569 0.2857142985
105179  25.947  19.163  -13.203 0.1428571492
105190  25.801  18.894  -14.316 0.1428571492
106016  25.996  19.770  -15.382 0.1428571492
106848  23.814  21.751  -15.841 0.2857142985
106840  26.645  20.577  -15.550 0.1428571492
107694  25.021  22.184  -17.041 0.1428571492
107695  23.945  22.992  -17.548 0.1428571492
107692  27.480  22.622  -16.800 0.1428571492
144713  25.278  25.578  -19.079 0.1428571492
153591  23.729  25.494  -18.221 0.1428571492
144541  25.392  26.599  -19.390 0.1428571492
101671  26.651  15.284  -9.637 0.4285714328
101680  26.467  15.832  -10.113 0.4285714328
102585  26.195  16.382  -10.449 0.4285714328
102594  26.337  17.252  -10.771 0.4285714328
160563  25.503  17.007  -11.274 0.5714285970
103492  25.488  18.097  -12.216 0.5714285970
66293  19.225  -19.326  5.608 0.1428571492
66277  18.310  -19.752  6.340 0.1428571492
67304  19.469  -18.166  4.602 0.4285714328
68276  18.200  -18.250  5.521 0.2857142985
67288  21.374  -18.391  5.533 0.1428571492
68307  21.232  -17.163  3.776 0.1428571492
72497  23.932  -13.845  2.389 0.2857142985
78946  26.432  -7.291  -5.221 0.7142857313
83042  28.107  -2.966  -5.107 0.8571428657
81983  27.212  -3.832  -5.257 0.8571428657
87157  27.865  0.141  -4.637 0.5714285970
88156  27.309  1.150  -5.371 0.5714285970
91219  27.186  4.739  -5.307 0.2857142985
91206  28.276  4.481  -4.246 0.1428571492
95068  26.429  8.150  -5.874 0.5714285970
163433  26.003  2.943  -6.889 0.8571428657
96057  25.485  8.974  -6.702 0.8571428657
139362  25.022  9.534  -8.164 0.8571428657
96065  25.148  8.874  -7.520 0.8571428657
94167  24.708  7.385  -9.049 0.8571428657
97083  25.152  11.166  -9.004 0.8571428657
99896  25.142  13.636  -10.254 0.8571428657
99018  24.924  12.756  -10.381 0.8571428657
105201  26.309  18.965  -15.241 0.1428571492
105192  24.755  19.511  -13.902 0.5714285970
104359  24.143  18.483  -13.891 0.5714285970
106857  28.135  22.017  -16.713 0.1428571492
106029  23.919  21.202  -15.539 0.4285714328
106859  25.889  21.538  -16.633 0.1428571492
108450  27.124  24.376  -17.841 0.1428571492
107702  27.406  23.460  -17.355 0.1428571492
106846  25.626  21.003  -15.642 0.1428571492
106847  24.652  21.951  -15.907 0.1428571492
70262  24.421  -15.306  3.642 0.1428571492
101672  25.958  15.270  -9.843 0.5714285970
160307  23.455  -13.299  0.948 0.5714285970
107685  24.061  21.806  -17.165 0.1428571492
72531  22.776  -13.333  0.382 0.5714285970
72533  21.339  -13.901  -0.120 0.5714285970
71475  20.614  -14.050  0.323 0.2857142985
73667  22.602  -12.925  -1.028 0.5714285970
162596  21.436  -13.548  -0.736 0.5714285970
71464  19.608  -14.587  1.445 0.4285714328
72532  22.096  -13.525  -0.446 0.5714285970
72534  20.068  -13.509  0.258 0.2857142985
72544  20.760  -13.524  -0.432 0.4285714328
143579  24.171  -11.235  -1.412 0.4285714328
73680  23.129  -13.058  -1.788 0.5714285970
73682  21.922  -12.837  -1.680 0.5714285970
74677  21.371  -12.124  -1.796 0.4285714328
74675  23.960  -11.254  -2.339 0.5714285970
74686  23.949  -11.232  -3.356 0.5714285970
73692  22.743  -12.931  -2.243 0.4285714328
74694  23.611  -11.133  -3.699 0.4285714328
75761  24.484  -10.670  -3.731 0.4285714328
157773  21.202  -13.224  -1.130 0.4285714328
163915  20.176  -12.908  -0.127 0.2857142985
73652  19.551  -12.725  0.381 0.2857142985
73693  21.977  -12.392  -2.214 0.4285714328
75750  24.554  -10.709  -2.778 0.7142857313
76768  25.062  -9.420  -4.296 0.7142857313
76785  24.156  -9.155  -5.546 0.4285714328
77857  24.619  -8.200  -6.326 0.7142857313
166251  23.894  -8.119  -6.497 0.5714285970
78957  24.237  -7.332  -6.602 0.7142857313
79985  23.644  -6.882  -6.720 0.2857142985
77833  25.672  -9.022  -3.669 0.5714285970
159199  26.180  -8.273  -4.888 0.5714285970
77850  24.874  -8.867  -6.007 0.7142857313
79975  25.564  -6.517  -5.895 0.7142857313
80974  24.671  -5.624  -6.930 0.7142857313
81997  24.540  -4.955  -7.356 0.7142857313
82009  23.949  -4.730  -7.764 0.7142857313
79996  23.848  -5.524  -7.337 0.4285714328
82010  23.603  -4.684  -8.384 0.4285714328
78947  25.835  -7.314  -5.626 0.5714285970
142240  26.404  -5.017  -5.382 0.5714285970
81996  25.256  -4.711  -6.857 0.5714285970
148183  25.215  -3.723  -6.885 0.7142857313
83067  24.366  -3.321  -7.947 0.7142857313
85183  24.315  -1.656  -7.662 0.7142857313
83078  23.818  -3.511  -8.647 0.7142857313
84129  23.509  -2.938  -8.958 0.5714285970
86219  23.835  -0.841  -8.905 0.5714285970
84098  27.110  -2.289  -5.629 0.7142857313
83059  25.512  -2.953  -6.738 0.5714285970
81995  25.942  -3.756  -6.299 0.5714285970
84107  25.565  -2.101  -6.745 0.7142857313
83066  24.944  -3.172  -7.299 0.7142857313
148208  24.733  -0.915  -7.373 0.8571428657
83079  23.493  -4.177  -8.720 0.4285714328
87196  24.198  -0.031  -8.369 0.7142857313
87205  24.194  0.698  -8.715 0.7142857313
85201  23.179  -1.370  -9.665 0.5714285970
87197  24.023  0.057  -9.081 0.7142857313
84106  26.195  -2.457  -6.218 0.5714285970
84119  24.637  -2.483  -7.558 0.7142857313
145831  24.640  -0.106  -7.699 0.8571428657
87186  24.625  0.652  -8.064 0.8571428657
88199  24.096  1.241  -9.085 0.7142857313
87206  23.930  0.652  -9.489 0.5714285970
89272  23.703  2.117  -9.854 0.2857142985
86209  25.170  -0.171  -6.979 0.7142857313
88189  24.507  1.534  -8.392 0.7142857313
91257  23.584  4.030  -9.693 0.7142857313
88177  25.037  1.267  -7.634 0.7142857313
89258  24.509  2.573  -8.509 0.8571428657
89271  24.157  1.932  -9.167 0.8571428657
92206  24.467  5.322  -9.205 0.8571428657
90271  24.415  3.623  -8.647 0.8571428657
159337  24.041  3.552  -9.363 0.5714285970
91256  24.285  4.393  -9.152 0.8571428657
157954  23.978  5.696  -9.574 0.8571428657
91270  23.043  4.588  -10.166 0.7142857313
90262  24.904  3.290  -7.883 0.8571428657
91247  24.723  4.973  -8.653 0.8571428657
93179  23.834  6.313  -9.787 0.8571428657
93178  24.492  6.120  -9.281 0.8571428657
151922  24.179  7.555  -9.576 0.8571428657
94175  23.757  6.838  -10.181 0.7142857313
144245  24.567  11.694  -11.388 0.7142857313
143932  24.640  11.549  -12.335 0.7142857313
99023  24.818  12.310  -12.143 0.5714285970
97098  24.079  10.786  -12.520 0.7142857313
99033  24.966  11.986  -13.006 0.7142857313
99905  24.822  13.075  -12.294 0.7142857313
99928  23.704  13.828  -14.130 0.7142857313
99046  24.618  12.325  -13.596 0.7142857313
100836  23.278  13.713  -15.283 0.7142857313
100828  22.846  14.594  -15.633 0.7142857313
99948  23.162  12.909  -15.828 0.5714285970
101708  23.549  15.539  -13.868 0.7142857313
101717  22.923  15.568  -14.797 0.7142857313
100837  22.733  13.684  -16.678 0.5714285970
102627  22.731  16.329  -15.292 0.4285714328
101718  22.595  15.446  -16.053 0.5714285970
100845  22.500  14.127  -17.888 0.5714285970
99949  22.313  13.632  -17.353 0.5714285970
102634  22.437  16.178  -16.373 0.5714285970
101736  21.839  15.061  -18.184 0.5714285970
99958  22.263  14.457  -17.972 0.4285714328
99960  20.983  14.169  -16.389 0.5714285970
99950  21.598  13.383  -16.425 0.4285714328
101731  20.484  15.531  -17.143 0.5714285970
100846  21.698  14.736  -18.207 0.5714285970
103521  22.571  17.093  -16.037 0.5714285970
159410  20.308  14.362  -15.454 0.4285714328
99059  19.873  12.306  -14.230 0.4285714328
163662  20.535  15.387  -16.019 0.5714285970
137919  20.617  14.914  -16.149 0.5714285970
157443  20.397  15.441  -14.211 0.4285714328
78920  27.339  -7.379  -2.490 0.2857142985
137871  20.450  16.916  -15.179 0.2857142985
137950  20.499  15.694  -15.091 0.4285714328
101709  20.322  14.907  -13.791 0.2857142985
71474  21.243  -14.251  0.654 0.5714285970
71448  20.829  -14.974  1.933 0.5714285970
73650  23.664  -12.845  0.311 0.4285714328
74663  23.612  -11.888  -0.995 0.5714285970
71476  19.895  -14.110  0.809 0.2857142985
73683  20.912  -12.428  -1.341 0.4285714328
74688  22.395  -11.756  -2.582 0.4285714328
74695  23.096  -11.383  -3.157 0.5714285970
74664  20.051  -11.967  -1.057 0.2857142985
74678  20.653  -11.424  -1.523 0.2857142985
76769  24.319  -9.734  -4.661 0.5714285970
79940  27.763  -6.683  -2.817 0.2857142985
161122  22.821  -8.468  -5.799 0.2857142985
79984  24.123  -6.374  -6.900 0.7142857313
89247  25.088  2.257  -7.715 0.8571428657
147804  24.152  2.800  -9.303 0.7142857313
96085  24.091  9.568  -10.941 0.7142857313
97093  24.156  10.115  -11.700 0.7142857313
158417  23.885  9.404  -11.722 0.7142857313
99937  23.704  12.968  -14.732 0.7142857313
156562  22.581  13.142  -16.527 0.5714285970
99951  20.312  13.561  -15.442 0.2857142985
102618  23.764  16.304  -13.311 0.5714285970
102626  23.478  16.475  -14.311 0.5714285970
103503  23.888  17.533  -14.252 0.5714285970
103514  23.446  17.246  -15.110 0.5714285970
102653  20.939  16.250  -17.846 0.5714285970
103530  20.845  16.947  -17.447 0.2857142985
75751  22.456  -10.887  -3.035 0.4285714328
81984  26.506  -4.232  -5.572 0.7142857313
77840  26.101  -7.915  -5.304 0.5714285970
85171  26.625  -1.402  -6.004 0.7142857313
142588  25.274  -1.060  -6.838 0.7142857313
85172  25.845  -1.394  -6.464 0.7142857313
100817  23.734  14.698  -13.485 0.8571428657
75760  25.055  -10.190  -2.971 0.5714285970
76754  25.099  -9.796  -3.548 0.5714285970
157068  23.903  7.787  -11.074 0.7142857313
79974  26.319  -6.578  -5.393 0.5714285970
144804  22.003  -13.918  0.411 0.4285714328
71463  20.445  -14.537  1.198 0.5714285970
73666  23.258  -12.515  -0.620 0.5714285970
72543  21.967  -13.195  -1.196 0.5714285970
73681  22.800  -13.281  -1.928 0.5714285970
70299  19.894  -15.235  1.747 0.5714285970
154896  20.429  -12.778  -0.809 0.4285714328
74676  23.509  -12.267  -1.972 0.5714285970
74687  23.073  -12.233  -2.617 0.5714285970
74689  21.425  -11.542  -2.222 0.4285714328
75770  24.258  -10.580  -4.274 0.5714285970
75771  23.779  -10.478  -4.478 0.4285714328
76755  24.667  -10.106  -4.133 0.5714285970
76784  24.941  -9.128  -5.182 0.7142857313
77851  24.027  -8.768  -6.255 0.5714285970
78948  23.238  -8.342  -6.321 0.4285714328
77842  22.981  -8.801  -4.972 0.4285714328
76770  23.500  -9.500  -4.891 0.4285714328
154762  25.382  -8.084  -5.836 0.7142857313
78956  25.116  -7.383  -6.222 0.7142857313
78959  22.813  -7.590  -6.447 0.2857142985
79983  24.860  -6.511  -6.539 0.7142857313
80973  25.387  -5.655  -6.332 0.7142857313
82008  24.596  -4.074  -7.450 0.7142857313
81985  25.876  -4.831  -5.935 0.5714285970
84128  24.009  -2.505  -8.299 0.7142857313
164717  23.838  -1.540  -8.282 0.7142857313
85182  25.111  -1.757  -7.246 0.5714285970
86218  24.088  -0.791  -7.920 0.7142857313
88200  23.882  1.314  -9.797 0.5714285970
88212  23.331  1.414  -10.472 0.2857142985
99917  24.688  13.045  -13.072 0.7142857313
99927  24.371  13.056  -13.901 0.7142857313
100827  23.340  14.669  -14.485 0.8571428657
102643  21.851  16.471  -16.984 0.7142857313
102635  20.360  16.323  -16.567 0.5714285970
137872  20.315  14.642  -15.111 0.4285714328
75753  20.826  -10.607  -2.134 0.1428571492
75752  21.683  -10.766  -2.677 0.4285714328
73648  25.518  -12.044  0.920 0.1428571492
144823  25.882  -11.373  0.454 0.1428571492
76731  26.299  -9.497  -1.506 0.1428571492
77810  26.452  -8.951  -1.840 0.1428571492
73647  26.453  -12.016  0.844 0.1428571492
76730  26.908  -9.045  -1.236 0.1428571492
75725  26.537  -10.277  -0.455 0.1428571492
74661  26.291  -10.849  -0.063 0.1428571492
77809  26.903  -8.396  -1.682 0.1428571492
80944  28.509  -5.464  -3.400 0.2857142985
81962  28.613  -4.173  -3.602 0.1428571492
146309  24.045  8.698  -10.544 0.5714285970
109881  24.300  26.668  -17.016 0.1428571492
94180  23.733  7.000  -10.950 0.4285714328
109882  23.578  26.183  -16.648 0.1428571492
149706  24.046  24.142  -18.068 0.1428571492
160572  23.664  8.859  -12.355 0.4285714328
96093  23.772  9.781  -12.444 0.5714285970
97099  23.556  10.178  -13.370 0.4285714328
106862  20.269  21.710  -16.648 0.2857142985
105222  21.097  20.029  -16.684 0.2857142985
103529  21.675  17.517  -16.728 0.2857142985
105221  22.139  19.736  -16.598 0.2857142985
95125  21.348  8.050  -14.039 0.1428571492
98103  24.049  11.289  -14.426 0.5714285970
166638  24.247  12.405  -14.363 0.5714285970
105223  20.078  19.955  -16.224 0.2857142985
103520  23.266  17.884  -15.568 0.4285714328
139761  22.664  9.675  -14.756 0.4285714328
99056  23.334  11.986  -15.078 0.5714285970
142210  20.710  19.279  -16.532 0.2857142985
141492  20.939  10.114  -14.110 0.4285714328
139110  20.945  11.014  -14.454 0.2857142985
137930  20.187  17.995  -15.086 0.1428571492
103531  20.528  16.956  -17.094 0.1428571492
104383  20.092  18.594  -15.944 0.1428571492
97115  19.557  10.760  -14.464 0.1428571492
99073  20.939  12.795  -15.331 0.4285714328
158198  20.317  16.446  -14.156 0.1428571492
103505  19.653  18.371  -14.300 0.1428571492
104361  19.506  19.011  -14.240 0.1428571492
98115  20.188  11.527  -14.418 0.2857142985
163579  20.463  16.547  -13.600 0.2857142985
101692  21.053  15.243  -11.991 0.1428571492
137873  20.202  17.220  -13.756 0.1428571492
103504  19.712  18.158  -13.902 0.1428571492
102609  20.724  16.741  -13.078 0.1428571492
103482  20.799  17.143  -12.352 0.1428571492
103495  20.485  17.776  -13.205 0.1428571492
103481  21.263  17.324  -11.656 0.1428571492
69260  18.171  -16.743  4.102 0.4285714328
70268  17.774  -15.983  2.877 0.2857142985
73630  25.124  -12.687  1.453 0.1428571492
75724  27.190  -10.009  -0.344 0.1428571492
78908  27.533  -7.732  -1.616 0.1428571492
95106  23.618  7.885  -12.251 0.2857142985
103502  24.190  17.905  -13.252 0.4285714328
105220  23.177  19.686  -16.363 0.2857142985
106033  19.738  20.216  -15.743 0.2857142985
151936  21.596  20.491  -16.789 0.2857142985
105194  19.664  19.764  -14.045 0.2857142985
69277  17.814  -16.108  3.745 0.2857142985
70245  23.130  -15.915  4.155 0.1428571492
72496  25.336  -13.746  2.330 0.1428571492
72515  25.662  -13.232  1.901 0.1428571492
80952  28.387  -4.974  -3.850 0.1428571492
96114  19.940  9.739  -14.114 0.1428571492
94185  23.532  7.177  -11.764 0.4285714328
95139  21.757  8.672  -14.492 0.2857142985
99071  22.856  12.478  -15.905 0.5714285970
104372  23.956  18.297  -14.912 0.4285714328
106851  19.819  21.376  -16.231 0.2857142985
150614  20.618  21.125  -16.825 0.2857142985
106041  22.543  20.427  -16.669 0.2857142985
106042  21.742  21.244  -16.808 0.2857142985
155973  21.810  22.629  -16.760 0.2857142985
108445  21.756  24.071  -17.313 0.1428571492
108434  21.839  24.255  -16.250 0.1428571492
109176  23.111  24.966  -17.451 0.1428571492
104360  19.824  18.769  -13.653 0.2857142985
106020  19.815  20.515  -14.785 0.2857142985
108454  22.470  24.078  -17.604 0.1428571492
109897  23.333  26.213  -17.787 0.1428571492
156852  23.201  22.462  -17.539 0.1428571492
107703  22.676  23.410  -17.723 0.1428571492
164669  28.852  -3.493  -3.527 0.2857142985
106850  20.476  22.006  -16.023 0.2857142985
106849  23.155  21.691  -17.151 0.2857142985
107696  22.265  22.782  -17.513 0.1428571492
69259  18.928  -16.683  3.923 0.4285714328
68297  18.757  -17.435  4.359 0.4285714328
80945  28.006  -5.700  -3.857 0.4285714328
104381  23.511  18.835  -15.792 0.2857142985
161598  23.597  21.511  -16.141 0.2857142985
96094  23.513  9.123  -13.324 0.4285714328
98102  24.425  11.739  -13.689 0.5714285970
99047  24.254  11.813  -14.412 0.5714285970
104382  22.531  18.100  -16.083 0.2857142985
101700  20.632  15.149  -12.949 0.2857142985
103522  20.262  17.517  -16.311 0.2857142985
95105  23.872  8.688  -11.460 0.5714285970
99070  23.630  12.222  -14.968 0.5714285970
99072  21.896  12.434  -15.960 0.5714285970
102644  21.115  16.847  -17.505 0.2857142985
104393  21.037  18.036  -17.039 0.2857142985
76721  26.742  -9.658  -0.809 0.1428571492
74650  26.831  -11.471  0.326 0.1428571492
77795  27.458  -8.457  -1.035 0.1428571492
95113  23.540  8.219  -13.150 0.2857142985
106043  19.785  20.754  -16.261 0.2857142985
143729  20.254  20.482  -16.562 0.2857142985
146395  21.527  19.054  -16.496 0.2857142985
104391  22.502  18.942  -16.307 0.2857142985
157229  22.601  8.963  -14.748 0.2857142985
96111  23.031  10.073  -14.473 0.4285714328
104373  19.686  18.930  -14.980 0.1428571492
98114  23.194  11.401  -14.728 0.4285714328
96112  21.921  9.387  -14.729 0.2857142985
98113  23.871  11.521  -14.785 0.5714285970
99057  22.441  12.041  -14.996 0.5714285970
98126  21.202  11.907  -14.884 0.4285714328
78907  28.327  -7.291  -1.221 0.1428571492
93205  23.107  6.789  -12.186 0.2857142985
106861  21.043  21.911  -16.843 0.2857142985
107704  21.903  23.715  -17.889 0.2857142985
109169  22.897  25.389  -16.900 0.1428571492
85191  23.411  -2.085  -9.015 0.4285714328
87219  23.348  0.720  -10.219 0.2857142985
106000  21.720  20.572  -13.209 0.1428571492
106031  19.983  21.344  -15.503 0.1428571492
106832  21.444  21.727  -12.311 0.1428571492
147276  21.659  18.190  -11.635 0.1428571492
105995  21.287  20.990  -12.052 0.1428571492
106008  22.031  20.460  -14.089 0.1428571492
106019  21.451  20.902  -14.673 0.1428571492
104349  21.640  18.689  -12.419 0.1428571492
104338  21.949  19.235  -11.596 0.1428571492
105180  21.655  19.216  -13.017 0.1428571492
160068  21.645  20.226  -11.861 0.1428571492
162994  20.403  19.927  -13.654 0.1428571492
166429  21.798  19.417  -12.342 0.1428571492
105155  22.516  20.195  -10.214 0.1428571492
105994  21.759  21.043  -11.459 0.1428571492
86229  23.306  -0.154  -9.673 0.2857142985
164301  22.237  19.422  -10.784 0.1428571492
105984  22.026  21.514  -10.506 0.1428571492
107674  21.701  22.413  -12.872 0.1428571492
75749  25.337  -10.314  -2.242 0.2857142985
141310  21.209  22.686  -15.111 0.1428571492
106007  22.012  20.969  -14.348 0.1428571492
106841  21.543  22.103  -14.494 0.1428571492
105165  22.110  20.300  -11.130 0.1428571492
104317  22.884  19.315  -9.421 0.1428571492
75738  24.808  -10.774  -1.879 0.4285714328
70285  21.302  -15.411  2.558 0.2857142985
71462  21.380  -14.492  1.523 0.2857142985
71447  21.716  -14.712  2.263 0.1428571492
71461  22.223  -14.219  1.844 0.2857142985
70266  20.955  -16.030  2.960 0.2857142985
70286  20.385  -15.642  2.320 0.4285714328
70265  21.765  -15.697  3.311 0.1428571492
146809  22.716  -13.722  1.249 0.2857142985
96098  23.039  9.535  -14.270 0.2857142985
69288  19.118  -16.066  3.070 0.2857142985
69276  18.227  -16.287  3.249 0.2857142985
70287  19.379  -15.708  2.299 0.2857142985
75762  22.934  -10.639  -3.760 0.2857142985
75772  23.112  -10.266  -4.537 0.2857142985
76771  22.775  -9.591  -4.701 0.2857142985
79997  23.465  -6.167  -6.889 0.1428571492
154570  23.149  -5.657  -7.614 0.1428571492
80986  23.390  -5.277  -8.142 0.2857142985
83092  23.197  -3.464  -9.184 0.1428571492
142604  22.554  0.059  -11.745 0.1428571492
89285  23.026  2.330  -10.567 0.1428571492
140642  23.067  3.596  -10.365 0.1428571492
89286  22.566  3.002  -10.932 0.1428571492
91271  22.804  4.973  -10.970 0.1428571492
94193  22.919  7.166  -12.934 0.1428571492
95123  23.078  8.355  -13.984 0.1428571492
94208  21.595  7.666  -13.785 0.1428571492
94207  22.609  7.689  -13.626 0.1428571492
99938  20.070  13.383  -13.839 0.1428571492
99060  18.955  12.160  -14.116 0.1428571492
137918  19.958  14.078  -14.786 0.1428571492
100819  20.073  14.055  -13.818 0.1428571492
70267  20.058  -16.006  3.011 0.1428571492
92213  23.255  5.611  -10.071 0.2857142985
92226  22.372  5.403  -11.612 0.1428571492
95124  22.229  8.193  -14.260 0.1428571492
68298  17.902  -17.281  4.862 0.2857142985
75763  22.009  -10.205  -3.362 0.2857142985
143733  22.466  -9.800  -4.086 0.2857142985
80997  22.791  -5.398  -8.281 0.1428571492
84142  22.829  -3.178  -10.042 0.1428571492
84154  22.330  -2.616  -10.629 0.1428571492
86243  22.691  -0.935  -10.415 0.1428571492
87246  21.842  0.128  -12.282 0.1428571492
87233  22.271  0.823  -11.885 0.1428571492
88224  21.908  1.570  -11.727 0.1428571492
163613  22.173  2.728  -11.417 0.1428571492
93192  23.341  6.591  -11.397 0.1428571492
94194  21.757  7.376  -12.961 0.1428571492
99048  19.709  12.756  -13.717 0.1428571492
146044  20.155  13.182  -14.538 0.1428571492
76756  21.670  -9.320  -3.610 0.2857142985
69275  19.733  -16.600  3.556 0.2857142985
82022  23.136  -4.799  -8.579 0.1428571492
165793  23.071  2.986  -10.435 0.1428571492
97116  18.780  11.067  -14.537 0.1428571492
92225  23.170  5.821  -11.135 0.1428571492
94192  23.325  7.199  -12.588 0.1428571492
70288  18.299  -15.840  2.468 0.2857142985
76772  22.170  -8.925  -4.431 0.1428571492
90306  22.497  3.981  -11.047 0.1428571492
87234  21.278  0.686  -12.104 0.1428571492
69262  16.587  -16.046  4.918 0.1428571492
69261  17.455  -16.466  4.530 0.1428571492
70235  16.285  -15.578  5.463 0.1428571492
70246  17.227  -15.588  4.320 0.1428571492
71449  18.927  -15.212  1.928 0.1428571492
154976  28.404  -2.831  -4.446 0.1428571492
83027  28.838  -2.728  -3.772 0.1428571492
101679  27.270  15.752  -9.948 0.1428571492
68277  17.437  -17.687  5.598 0.1428571492
70269  17.523  -15.373  3.507 0.1428571492
164179  18.278  -15.322  2.300 0.1428571492
70289  17.754  -15.232  2.671 0.1428571492
72535  19.369  -13.374  0.824 0.1428571492
101670  27.370  15.269  -9.463 0.1428571492
102584  27.209  16.693  -10.398 0.1428571492
73653  18.787  -12.429  1.055 0.1428571492
100761  27.420  14.488  -8.447 0.1428571492
165042  18.050  -17.764  5.270 0.1428571492
155226  28.579  -2.028  -4.216 0.1428571492
72519  19.330  -13.932  1.267 0.1428571492
69238  16.887  -16.914  5.189 0.1428571492
71465  18.863  -14.192  1.752 0.1428571492
67271  20.878  -18.906  6.012 0.1428571492
72518  21.912  -14.167  1.116 0.2857142985
73629  26.060  -12.561  1.423 0.1428571492
73651  22.863  -12.987  -0.282 0.5714285970
73691  23.112  -13.007  -2.202 0.4285714328
74693  24.042  -11.064  -4.113 0.5714285970
75736  26.084  -10.000  -1.011 0.2857142985
76786  23.405  -8.930  -5.802 0.4285714328
77822  26.914  -7.918  -2.186 0.1428571492
77841  25.621  -8.764  -4.582 0.5714285970
78930  26.749  -7.544  -3.850 0.7142857313
78958  23.432  -7.592  -6.614 0.2857142985
79951  28.195  -6.026  -3.160 0.2857142985
79963  26.776  -6.727  -4.821 0.7142857313
80964  26.057  -5.707  -5.635 0.5714285970
81973  27.722  -4.191  -4.831 0.8571428657
83028  28.449  -3.510  -3.980 0.2857142985
83068  23.996  -4.116  -8.231 0.4285714328
84076  29.421  -2.308  -3.387 0.1428571492
84097  27.845  -2.502  -5.371 0.8571428657
84118  25.196  -2.488  -7.155 0.7142857313
84141  23.243  -2.932  -9.570 0.4285714328
84153  23.117  -2.490  -10.048 0.1428571492
85153  28.367  -1.360  -4.518 0.1428571492
85212  22.701  -1.819  -10.342 0.1428571492
86177  28.131  -0.638  -4.590 0.1428571492
86198  26.196  -0.607  -6.211 0.8571428657
87166  27.296  0.283  -5.182 0.5714285970
87175  26.163  0.806  -6.243 0.8571428657
87185  25.001  0.515  -7.475 0.8571428657
87220  23.025  0.742  -11.187 0.1428571492
87247  21.077  0.032  -12.453 0.1428571492
88213  22.705  1.538  -11.261 0.1428571492
89240  26.236  2.530  -6.653 0.8571428657
89246  25.729  2.371  -7.065 0.8571428657
90231  27.612  3.465  -5.139 0.1428571492
90242  26.576  3.214  -6.500 0.8571428657
90254  27.016  3.907  -6.167 0.4285714328
90282  23.539  3.044  -9.924 0.5714285970
91229  25.974  4.237  -7.048 0.8571428657
91286  22.162  4.580  -11.594 0.1428571492
92199  24.890  5.747  -8.699 0.8571428657
93122  27.552  6.456  -4.562 0.1428571492
93137  26.810  6.370  -5.203 0.1428571492
93161  25.560  6.718  -7.788 0.8571428657
93184  23.549  6.392  -10.653 0.4285714328
94154  26.287  6.910  -6.677 0.8571428657
94174  24.308  6.906  -9.519 0.8571428657
94179  23.850  7.357  -10.203 0.7142857313
94206  23.262  7.613  -13.207 0.2857142985
95056  29.279  8.363  -4.227 0.1428571492
95077  25.935  8.186  -6.573 0.8571428657
95082  25.115  8.061  -7.950 0.8571428657
96055  26.764  10.173  -6.196 0.2857142985
97077  24.756  10.289  -8.740 0.8571428657
97104  23.316  10.663  -14.198 0.5714285970
97112  23.511  10.903  -14.513 0.4285714328
97113  22.850  10.565  -14.545 0.4285714328
97114  21.935  10.293  -14.668 0.2857142985
98044  27.029  10.925  -6.617 0.1428571492
98064  25.640  10.791  -7.427 0.5714285970
98088  24.442  10.905  -11.607 0.7142857313
98093  23.898  11.169  -13.551 0.5714285970
98116  19.180  11.573  -14.534 0.1428571492
98117  18.783  11.701  -14.334 0.1428571492
99010  25.628  12.530  -9.205 0.8571428657
99011  25.183  12.274  -9.753 0.8571428657
99049  18.676  12.736  -13.358 0.1428571492
99058  20.314  12.232  -14.476 0.4285714328
99874  27.604  14.053  -7.846 0.1428571492
99875  26.814  13.828  -8.084 0.2857142985
99959  21.733  13.933  -17.721 0.4285714328
100771  27.824  15.005  -8.900 0.1428571492
100772  27.071  14.790  -9.179 0.1428571492
100773  26.176  14.681  -9.494 0.4285714328
100816  24.198  13.878  -13.237 0.7142857313
100818  19.823  14.678  -14.688 0.1428571492
100847  21.113  14.819  -17.356 0.5714285970
100855  22.080  14.457  -18.243 0.4285714328
101701  20.287  14.497  -13.314 0.2857142985
101725  22.281  15.222  -17.487 0.5714285970
101730  20.923  15.402  -17.920 0.5714285970
101737  21.214  15.546  -18.047 0.5714285970
101738  20.601  16.151  -17.683 0.5714285970
102583  28.155  16.772  -10.558 0.1428571492
102608  23.883  16.327  -12.467 0.7142857313
102652  21.457  15.851  -17.752 0.5714285970
103479  25.934  17.762  -11.496 0.5714285970
103480  24.997  17.253  -11.783 0.7142857313
104336  27.244  18.775  -11.932 0.2857142985
104337  26.459  18.644  -11.996 0.2857142985
104371  24.293  19.212  -14.102 0.5714285970
104392  21.775  18.338  -16.473 0.2857142985
104394  20.642  18.049  -16.729 0.1428571492
105181  20.625  19.360  -13.373 0.1428571492
105189  26.682  18.571  -14.476 0.1428571492
105193  21.522  19.916  -13.434 0.1428571492
105202  24.802  19.867  -14.610 0.1428571492
105203  24.456  19.722  -14.632 0.5714285970
105205  19.479  19.890  -14.926 0.2857142985
105214  19.837  19.498  -15.669 0.2857142985
106006  25.430  19.498  -15.000 0.1428571492
106009  20.478  20.334  -14.023 0.1428571492
106030  23.493  20.627  -16.337 0.2857142985
106032  19.740  20.746  -15.599 0.2857142985
106837  21.666  21.650  -13.429 0.1428571492
106860  22.172  22.006  -16.808 0.1428571492
107697  21.866  23.294  -17.320 0.1428571492
107701  27.920  22.806  -17.394 0.1428571492
108453  23.372  24.172  -17.619 0.1428571492
109170  22.047  25.044  -16.606 0.1428571492
109175  24.497  26.284  -18.955 0.1428571492
109177  22.313  24.507  -17.362 0.1428571492
109889  25.201  26.954  -17.627 0.1428571492
109894  25.762  27.070  -19.398 0.1428571492
138148  26.688  25.204  -18.782 0.1428571492
140202  22.100  11.303  -14.618 0.5714285970
141474  19.965  17.570  -14.227 0.1428571492
141734  22.331  12.984  -16.565 0.5714285970
144094  20.556  15.874  -13.461 0.2857142985
146029  23.696  4.978  -9.552 0.7142857313
146413  25.802  0.070  -6.455 0.7142857313
146619  22.354  2.265  -11.318 0.1428571492
146719  25.139  7.331  -8.343 0.8571428657
150087  21.016  21.650  -15.343 0.1428571492
150512  23.861  17.024  -13.574 0.5714285970
151464  19.977  21.182  -16.564 0.2857142985
151942  24.051  8.756  -9.718 0.7142857313
152642  23.442  -11.433  -3.017 0.5714285970
153019  25.543  -8.536  -5.328 0.5714285970
153509  21.755  19.932  -12.748 0.1428571492
153519  22.668  14.548  -16.888 0.5714285970
154320  23.408  -11.890  -2.546 0.5714285970
154766  26.594  11.898  -7.473 0.1428571492
155021  24.915  12.443  -12.891 0.7142857313
156404  18.677  12.213  -13.773 0.1428571492
156689  22.812  21.157  -16.795 0.2857142985
158220  22.689  -7.990  -6.127 0.2857142985
158306  20.333  19.116  -16.199 0.2857142985
159114  20.238  12.877  -14.854 0.1428571492
159353  25.559  11.611  -8.519 0.8571428657
159522  28.149  8.198  -4.681 0.1428571492
160390  24.357  11.731  -12.980 0.5714285970
161585  26.696  21.139  -16.103 0.1428571492
161653  24.620  12.389  -11.122 0.8571428657
162644  23.543  -10.797  -4.214 0.4285714328
163587  24.513  9.981  -9.531 0.8571428657
163856  27.121  4.310  -5.878 0.4285714328
164559  25.450  -1.575  -6.791 0.7142857313
164583  20.822  16.622  -12.377 0.1428571492
165395  19.006  -16.334  3.517 0.2857142985
165466  24.525  4.370  -8.590 0.7142857313
165687  22.871  9.509  -14.670 0.2857142985
165906  26.041  6.784  -7.225 0.8571428657
